0.000000E+00	7.156596E-16	5.360512E-07	0.000000E+00	2.294229E-14	1.795355E-23	8.830033E-13	4.544295E-24	1.712076E-09	9.429749E-11	0.000000E+00	9.993096E-05	2.308027E-22	4.013329E-13	3.908110E-16	2.128319E-14	4.306552E-13	1.695218E-16	2.489760E-14	2.757394E-05	4.436810E-16	1.177475E-13	3.189499E-18	9.191065E-16	8.754950E-14	6.900083E-08	9.999946E-02	2.179897E-12	3.248920E-11	2.140730E-10	2.999979E-04	2.562716E-04	9.994599E-01	1.280428E-04	1.000000E+00	
0.000000E+00	7.430036E-16	5.360421E-07	0.000000E+00	2.333229E-14	1.909907E-23	8.834835E-13	4.834562E-24	1.711166E-09	9.611295E-11	0.000000E+00	9.993094E-05	2.455098E-22	4.175633E-13	4.150963E-16	2.129404E-14	4.388767E-13	1.765885E-16	2.530550E-14	2.755993E-05	4.623481E-16	1.196882E-13	3.323467E-18	9.381409E-16	8.937022E-14	6.902675E-08	9.999946E-02	2.179916E-12	3.250727E-11	2.141835E-10	2.999979E-04	2.615883E-04	9.994493E-01	1.280287E-04	1.000000E+00	
0.000000E+00	7.464534E-16	5.360409E-07	0.000000E+00	2.338098E-14	1.924544E-23	8.835439E-13	4.871652E-24	1.711052E-09	9.633933E-11	0.000000E+00	9.993094E-05	2.473888E-22	4.196111E-13	4.181961E-16	2.129541E-14	4.399020E-13	1.774809E-16	2.535754E-14	2.755818E-05	4.647059E-16	1.199298E-13	3.340387E-18	9.405212E-16	8.959755E-14	6.902778E-08	9.999946E-02	2.179919E-12	3.250955E-11	2.141974E-10	2.999979E-04	2.622521E-04	9.994479E-01	1.280270E-04	1.000000E+00	
0.000000E+00	7.503545E-16	5.360396E-07	0.000000E+00	2.343591E-14	1.941144E-23	8.836122E-13	4.913719E-24	1.710924E-09	9.659463E-11	0.000000E+00	9.993094E-05	2.495199E-22	4.219268E-13	4.217110E-16	2.129696E-14	4.410583E-13	1.784902E-16	2.541654E-14	2.755621E-05	4.673729E-16	1.202022E-13	3.359526E-18	9.432073E-16	8.985400E-14	6.902883E-08	9.999946E-02	2.179922E-12	3.251212E-11	2.142131E-10	2.999979E-04	2.630009E-04	9.994464E-01	1.280250E-04	1.000000E+00	
0.000000E+00	7.547704E-16	5.360382E-07	0.000000E+00	2.349791E-14	1.959998E-23	8.836894E-13	4.961498E-24	1.710780E-09	9.688273E-11	0.000000E+00	9.993094E-05	2.519403E-22	4.245482E-13	4.257021E-16	2.129871E-14	4.423632E-13	1.796331E-16	2.548353E-14	2.755398E-05	4.703927E-16	1.205097E-13	3.381196E-18	9.462408E-16	9.014349E-14	6.902987E-08	9.999946E-02	2.179925E-12	3.251503E-11	2.142309E-10	2.999979E-04	2.638462E-04	9.994448E-01	1.280228E-04	1.000000E+00	
0.000000E+00	7.597744E-16	5.360365E-07	0.000000E+00	2.356796E-14	1.981444E-23	8.837769E-13	5.015845E-24	1.710617E-09	9.720806E-11	0.000000E+00	9.993093E-05	2.546934E-22	4.275186E-13	4.302404E-16	2.130069E-14	4.438369E-13	1.809285E-16	2.555969E-14	2.755147E-05	4.738159E-16	1.208570E-13	3.405760E-18	9.496694E-16	9.047053E-14	6.903091E-08	9.999946E-02	2.179928E-12	3.251832E-11	2.142511E-10	2.999979E-04	2.648011E-04	9.994428E-01	1.280202E-04	1.000000E+00	
0.000000E+00	7.654521E-16	5.360347E-07	0.000000E+00	2.364715E-14	2.005881E-23	8.838761E-13	5.077773E-24	1.710432E-09	9.757574E-11	0.000000E+00	9.993093E-05	2.578303E-22	4.308891E-13	4.354098E-16	2.130294E-14	4.455024E-13	1.823988E-16	2.564643E-14	2.754863E-05	4.777015E-16	1.212497E-13	3.433641E-18	9.535482E-16	9.084030E-14	6.903194E-08	9.999946E-02	2.179932E-12	3.252205E-11	2.142740E-10	2.999979E-04	2.658807E-04	9.994407E-01	1.280174E-04	1.000000E+00	
0.000000E+00	7.719033E-16	5.360326E-07	0.000000E+00	2.373678E-14	2.033780E-23	8.839888E-13	5.148475E-24	1.710224E-09	9.799168E-11	0.000000E+00	9.993093E-05	2.614115E-22	4.347187E-13	4.413092E-16	2.130550E-14	4.473867E-13	1.840700E-16	2.574541E-14	2.754541E-05	4.821182E-16	1.216940E-13	3.465333E-18	9.579408E-16	9.125880E-14	6.903295E-08	9.999946E-02	2.179937E-12	3.252629E-11	2.143000E-10	2.999979E-04	2.671026E-04	9.994382E-01	1.280142E-04	1.000000E+00	
0.000000E+00	7.792449E-16	5.360302E-07	0.000000E+00	2.383833E-14	2.065701E-23	8.841168E-13	5.229373E-24	1.709988E-09	9.846268E-11	0.000000E+00	9.993093E-05	2.655090E-22	4.390770E-13	4.480564E-16	2.130841E-14	4.495205E-13	1.859726E-16	2.585858E-14	2.754177E-05	4.871470E-16	1.221975E-13	3.501417E-18	9.629212E-16	9.173297E-14	6.903392E-08	9.999946E-02	2.179942E-12	3.253110E-11	2.143296E-10	2.999979E-04	2.684870E-04	9.994355E-01	1.280105E-04	1.000000E+00	
0.000000E+00	7.876154E-16	5.360275E-07	0.000000E+00	2.395353E-14	2.102317E-23	8.842626E-13	5.322171E-24	1.709720E-09	9.899665E-11	0.000000E+00	9.993093E-05	2.702090E-22	4.440460E-13	4.557919E-16	2.131172E-14	4.519398E-13	1.881429E-16	2.598831E-14	2.753764E-05	4.928836E-16	1.227685E-13	3.542577E-18	9.685757E-16	9.227089E-14	6.903483E-08	9.999946E-02	2.179947E-12	3.253658E-11	2.143633E-10	2.999979E-04	2.700575E-04	9.994323E-01	1.280064E-04	1.000000E+00	
0.000000E+00	7.971783E-16	5.360244E-07	0.000000E+00	2.408440E-14	2.144437E-23	8.844290E-13	5.428921E-24	1.709416E-09	9.960283E-11	0.000000E+00	9.993093E-05	2.756152E-22	4.497228E-13	4.646853E-16	2.131550E-14	4.546864E-13	1.906237E-16	2.613741E-14	2.753295E-05	4.994414E-16	1.234172E-13	3.589627E-18	9.750053E-16	9.288198E-14	6.903567E-08	9.999946E-02	2.179954E-12	3.254284E-11	2.144018E-10	2.999979E-04	2.718416E-04	9.994288E-01	1.280017E-04	1.000000E+00	
0.000000E+00	8.081294E-16	5.360209E-07	0.000000E+00	2.423330E-14	2.193046E-23	8.846194E-13	5.552121E-24	1.709070E-09	1.002920E-10	0.000000E+00	9.993093E-05	2.818541E-22	4.562237E-13	4.749422E-16	2.131983E-14	4.578095E-13	1.934662E-16	2.630934E-14	2.752761E-05	5.069563E-16	1.241554E-13	3.643543E-18	9.823290E-16	9.357733E-14	6.903641E-08	9.999946E-02	2.179961E-12	3.254999E-11	2.144459E-10	2.999979E-04	2.738716E-04	9.994247E-01	1.279964E-04	1.000000E+00	
0.000000E+00	8.207036E-16	5.360169E-07	0.000000E+00	2.440304E-14	2.249349E-23	8.848376E-13	5.694826E-24	1.708676E-09	1.010770E-10	0.000000E+00	9.993093E-05	2.890801E-22	4.636879E-13	4.868139E-16	2.132479E-14	4.613667E-13	1.967321E-16	2.650827E-14	2.752153E-05	5.155916E-16	1.249967E-13	3.705492E-18	9.906877E-16	9.437001E-14	6.903702E-08	9.999946E-02	2.179970E-12	3.255819E-11	2.144964E-10	2.999979E-04	2.761856E-04	9.994201E-01	1.279903E-04	1.000000E+00	
0.000000E+00	8.351851E-16	5.360123E-07	0.000000E+00	2.459693E-14	2.314837E-23	8.850885E-13	5.860819E-24	1.708227E-09	1.019727E-10	0.000000E+00	9.993093E-05	2.974844E-22	4.722841E-13	5.006109E-16	2.133051E-14	4.654264E-13	2.004961E-16	2.673939E-14	2.751459E-05	5.255453E-16	1.259579E-13	3.776897E-18	1.000249E-15	9.527550E-14	6.903746E-08	9.999946E-02	2.179980E-12	3.256761E-11	2.145546E-10	2.999979E-04	2.788289E-04	9.994148E-01	1.279833E-04	1.000000E+00	
0.000000E+00	8.519221E-16	5.360070E-07	0.000000E+00	2.481893E-14	2.391375E-23	8.853780E-13	6.054831E-24	1.707713E-09	1.029971E-10	0.000000E+00	9.993093E-05	3.073063E-22	4.822185E-13	5.167209E-16	2.133711E-14	4.700700E-13	2.048500E-16	2.700915E-14	2.750665E-05	5.370603E-16	1.270584E-13	3.859497E-18	1.011215E-15	9.631236E-14	6.903769E-08	9.999946E-02	2.179991E-12	3.257848E-11	2.146217E-10	2.999979E-04	2.818555E-04	9.994088E-01	1.279754E-04	1.000000E+00	
0.000000E+00	8.705438E-16	5.360615E-07	0.000000E+00	2.505976E-14	2.480920E-23	8.863226E-13	6.279368E-24	1.702500E-09	1.038365E-10	0.000000E+00	9.993089E-05	3.188652E-22	4.918692E-13	5.334062E-16	2.135257E-14	4.735749E-13	2.097980E-16	2.739446E-14	2.748016E-05	5.499050E-16	1.283807E-13	3.953418E-18	1.022769E-15	9.746073E-14	6.907556E-08	9.999946E-02	2.179975E-12	3.260343E-11	2.147841E-10	2.999979E-04	2.852871E-04	9.994019E-01	1.279489E-04	1.000000E+00	
0.000000E+00	8.931617E-16	5.360545E-07	0.000000E+00	2.535324E-14	2.587249E-23	8.867113E-13	6.548819E-24	1.701825E-09	1.051827E-10	0.000000E+00	9.993089E-05	3.325110E-22	5.052502E-13	5.556460E-16	2.136144E-14	4.796750E-13	2.156944E-16	2.776668E-14	2.746971E-05	5.654979E-16	1.298365E-13	4.065303E-18	1.037304E-15	9.883116E-14	6.907518E-08	9.999946E-02	2.179990E-12	3.261801E-11	2.148745E-10	2.999979E-04	2.892881E-04	9.993940E-01	1.279385E-04	1.000000E+00	
0.000000E+00	9.196660E-16	5.360465E-07	0.000000E+00	2.569248E-14	2.713905E-23	8.871656E-13	6.869802E-24	1.701047E-09	1.067360E-10	0.000000E+00	9.993089E-05	3.487637E-22	5.209278E-13	5.820996E-16	2.137183E-14	4.867149E-13	2.226119E-16	2.820920E-14	2.745765E-05	5.837951E-16	1.315195E-13	4.196581E-18	1.054147E-15	1.004153E-13	6.907437E-08	9.999946E-02	2.180007E-12	3.263504E-11	2.149802E-10	2.999979E-04	2.939127E-04	9.993847E-01	1.279264E-04	1.000000E+00	
0.000000E+00	9.509147E-16	5.360371E-07	0.000000E+00	2.608623E-14	2.866042E-23	8.876997E-13	7.255394E-24	1.700146E-09	1.085353E-10	0.000000E+00	9.993089E-05	3.682840E-22	5.394072E-13	6.138233E-16	2.138407E-14	4.948712E-13	2.307783E-16	2.873957E-14	2.744366E-05	6.054009E-16	1.334731E-13	4.351577E-18	1.073755E-15	1.022542E-13	6.907300E-08	9.999946E-02	2.180027E-12	3.265505E-11	2.151048E-10	2.999979E-04	2.992805E-04	9.993740E-01	1.279124E-04	1.000000E+00	
0.000000E+00	9.880202E-16	5.360261E-07	0.000000E+00	2.654547E-14	3.050577E-23	8.883321E-13	7.723143E-24	1.699097E-09	1.106287E-10	0.000000E+00	9.993089E-05	3.919581E-22	5.613427E-13	6.522298E-16	2.139857E-14	5.043641E-13	2.404894E-16	2.938125E-14	2.742736E-05	6.311005E-16	1.357522E-13	4.535918E-18	1.096705E-15	1.043993E-13	6.907093E-08	9.999946E-02	2.180050E-12	3.267872E-11	2.152524E-10	2.999979E-04	3.055412E-04	9.993615E-01	1.278961E-04	1.000000E+00	
0.000000E+00	1.032446E-15	5.360133E-07	0.000000E+00	2.708412E-14	3.276965E-23	8.890866E-13	8.297042E-24	1.697868E-09	1.130774E-10	0.000000E+00	9.993090E-05	4.209970E-22	5.875939E-13	6.992429E-16	2.141590E-14	5.154709E-13	2.521355E-16	3.016616E-14	2.740827E-05	6.619306E-16	1.384261E-13	4.757025E-18	1.123734E-15	1.069155E-13	6.906795E-08	9.999946E-02	2.180077E-12	3.270695E-11	2.154289E-10	2.999979E-04	3.128846E-04	9.993468E-01	1.278770E-04	1.000000E+00	
0.000000E+00	1.086160E-15	5.359980E-07	0.000000E+00	2.772013E-14	3.558433E-23	8.899954E-13	9.010667E-24	1.696422E-09	1.159592E-10	0.000000E+00	9.993090E-05	4.570945E-22	6.193128E-13	7.575437E-16	2.143681E-14	5.285470E-13	2.662419E-16	3.113875E-14	2.738577E-05	6.992874E-16	1.415842E-13	5.024890E-18	1.155806E-15	1.098870E-13	6.906380E-08	9.999946E-02	2.180109E-12	3.274093E-11	2.156419E-10	2.999979E-04	3.215552E-04	9.993295E-01	1.278545E-04	1.000000E+00	
0.000000E+00	1.151854E-15	5.359798E-07	0.000000E+00	2.847697E-14	3.913942E-23	8.911022E-13	9.912151E-24	1.694706E-09	1.193752E-10	0.000000E+00	9.993091E-05	5.026776E-22	6.580732E-13	8.309565E-16	2.146233E-14	5.440537E-13	2.835303E-16	3.236233E-14	2.735904E-05	7.450899E-16	1.453437E-13	5.353243E-18	1.194200E-15	1.134236E-13	6.905812E-08	9.999946E-02	2.180147E-12	3.278227E-11	2.159017E-10	2.999979E-04	3.318733E-04	9.993089E-01	1.278277E-04	1.000000E+00	
0.000000E+00	1.233315E-15	5.359579E-07	0.000000E+00	2.938604E-14	4.371489E-23	8.924682E-13	1.107259E-23	1.692651E-09	1.234592E-10	0.000000E+00	9.993091E-05	5.613286E-22	7.060793E-13	9.250990E-16	2.149388E-14	5.626027E-13	3.050172E-16	3.392984E-14	2.732700E-05	8.020434E-16	1.498615E-13	5.761430E-18	1.240651E-15	1.176725E-13	6.905045E-08	9.999946E-02	2.180193E-12	3.283326E-11	2.162232E-10	2.999979E-04	3.442670E-04	9.992841E-01	1.277957E-04	1.000000E+00	
0.000000E+00	1.336014E-15	5.359312E-07	0.000000E+00	3.049028E-14	4.973833E-23	8.941813E-13	1.260062E-23	1.690164E-09	1.283922E-10	0.000000E+00	9.993092E-05	6.385161E-22	7.665037E-13	1.048498E-15	2.153353E-14	5.850218E-13	3.321760E-16	3.598214E-14	2.728819E-05	8.740724E-16	1.553524E-13	6.277500E-18	1.297582E-15	1.228349E-13	6.904011E-08	9.999946E-02	2.180248E-12	3.289713E-11	2.166272E-10	2.999979E-04	3.593217E-04	9.992541E-01	1.277569E-04	1.000000E+00	
0.000000E+00	1.468129E-15	5.358982E-07	0.000000E+00	3.184999E-14	5.788925E-23	8.963722E-13	1.466891E-23	1.687115E-09	1.344250E-10	0.000000E+00	9.993094E-05	7.429256E-22	8.440609E-13	1.214604E-15	2.158435E-14	6.124596E-13	3.672146E-16	3.874121E-14	2.724055E-05	9.670629E-16	1.621187E-13	6.943496E-18	1.368477E-15	1.291936E-13	6.902614E-08	9.999946E-02	2.180316E-12	3.297874E-11	2.171451E-10	2.999979E-04	3.778599E-04	9.992170E-01	1.277092E-04	1.000000E+00	
0.000000E+00	1.642383E-15	5.358567E-07	0.000000E+00	3.355269E-14	6.930063E-23	8.992418E-13	1.756552E-23	1.683317E-09	1.419152E-10	0.000000E+00	9.993096E-05	8.890293E-22	9.460354E-13	1.445651E-15	2.165107E-14	6.465588E-13	4.135779E-16	4.257341E-14	2.718111E-05	1.090209E-15	1.705996E-13	7.825041E-18	1.458538E-15	1.371593E-13	6.900714E-08	9.999946E-02	2.180402E-12	3.308551E-11	2.178252E-10	2.999979E-04	4.010750E-04	9.991707E-01	1.276498E-04	1.000000E+00	
0.000000E+00	1.879558E-15	5.358033E-07	0.000000E+00	3.573044E-14	8.597468E-23	9.031168E-13	2.179980E-23	1.678489E-09	1.513922E-10	0.000000E+00	9.993098E-05	1.102381E-21	1.084216E-12	1.780515E-15	2.174137E-14	6.897547E-13	4.769087E-16	4.811835E-14	2.710546E-05	1.258590E-15	1.814598E-13	9.029662E-18	1.575909E-15	1.473524E-13	6.898097E-08	9.999946E-02	2.180512E-12	3.322953E-11	2.187458E-10	2.999979E-04	4.307686E-04	9.991114E-01	1.275741E-04	1.000000E+00	
0.000000E+00	2.215705E-15	5.357327E-07	0.000000E+00	3.859241E-14	1.117157E-22	9.085562E-13	2.834022E-23	1.672191E-09	1.636729E-10	0.000000E+00	9.993102E-05	1.431485E-21	1.278805E-12	2.292090E-15	2.186842E-14	7.458181E-13	5.670244E-16	5.657319E-14	2.700663E-05	1.498482E-15	1.957549E-13	1.074452E-17	1.734103E-15	1.607563E-13	6.894422E-08	9.999946E-02	2.180656E-12	3.343145E-11	2.200415E-10	2.999979E-04	4.697936E-04	9.990334E-01	1.274752E-04	1.000000E+00	
0.000000E+00	2.718417E-15	5.356358E-07	0.000000E+00	4.249113E-14	1.544601E-22	9.165932E-13	3.920900E-23	1.663693E-09	1.800903E-10	0.000000E+00	9.993107E-05	1.977390E-21	1.567061E-12	3.129879E-15	2.205655E-14	8.209236E-13	7.023854E-16	7.038808E-14	2.687305E-05	1.859387E-15	2.152705E-13	1.332169E-17	1.957338E-15	1.790309E-13	6.889115E-08	9.999946E-02	2.180852E-12	3.372946E-11	2.219609E-10	2.999979E-04	5.229601E-04	9.989272E-01	1.273416E-04	1.000000E+00	
0.000000E+00	3.528089E-15	5.354958E-07	0.000000E+00	4.807113E-14	2.329522E-22	9.293308E-13	5.918805E-23	1.651680E-09	2.029752E-10	0.000000E+00	9.993115E-05	2.978326E-21	2.024584E-12	4.638996E-15	2.235534E-14	9.259260E-13	9.214406E-16	9.520454E-14	2.668393E-05	2.444662E-15	2.432875E-13	1.749486E-17	2.293758E-15	2.052154E-13	6.881132E-08	9.999946E-02	2.181133E-12	3.420123E-11	2.250102E-10	2.999979E-04	5.990630E-04	9.987752E-01	1.271524E-04	1.000000E+00	
0.000000E+00	4.981614E-15	5.352778E-07	0.000000E+00	5.665369E-14	3.999569E-22	9.516689E-13	1.017616E-22	1.633522E-09	2.368136E-10	0.000000E+00	9.993128E-05	5.103178E-21	2.826609E-12	7.759876E-15	2.288032E-14	1.081874E-12	1.316683E-15	1.463452E-13	2.639762E-05	3.503784E-15	2.865797E-13	2.503009E-17	2.854553E-15	2.455553E-13	6.868362E-08	9.999946E-02	2.181566E-12	3.502781E-11	2.303700E-10	2.999978E-04	7.161390E-04	9.985413E-01	1.268661E-04	1.000000E+00	
0.000000E+00	8.076810E-15	5.349887E-07	0.000000E+00	7.142427E-14	8.495097E-22	9.980250E-13	2.165051E-22	1.596569E-09	2.900745E-10	0.000000E+00	9.993144E-05	1.080610E-20	4.441908E-12	1.568311E-14	2.395976E-14	1.327773E-12	2.163006E-15	2.758350E-13	2.589694E-05	5.777576E-15	3.620392E-13	4.118102E-17	3.952014E-15	3.150697E-13	6.852181E-08	9.999947E-02	2.182262E-12	3.672439E-11	2.414040E-10	2.999978E-04	9.178940E-04	9.981383E-01	1.263653E-04	1.000000E+00	
0.000000E+00	1.455874E-14	5.343655E-07	0.000000E+00	9.489171E-14	2.112151E-21	1.087818E-12	5.402122E-22	1.550603E-09	3.676929E-10	0.000000E+00	9.993178E-05	2.672541E-20	7.614162E-12	3.647729E-14	2.607396E-14	1.692004E-12	3.940847E-15	6.128582E-13	2.516799E-05	1.059169E-14	4.829262E-13	7.514721E-17	6.139980E-15	4.259950E-13	6.817303E-08	9.999947E-02	2.183442E-12	4.004517E-11	2.630069E-10	2.999978E-04	1.238287E-03	9.974983E-01	1.256361E-04	1.000000E+00	
0.000000E+00	3.061060E-14	5.332899E-07	0.000000E+00	1.359972E-13	6.623426E-21	1.287880E-12	1.703120E-21	1.471897E-09	4.800220E-10	0.000000E+00	9.993232E-05	8.309697E-20	1.449527E-11	1.018901E-13	3.077658E-14	2.228558E-12	8.344791E-15	1.663751E-12	2.396737E-05	2.262801E-14	6.995902E-13	1.594056E-16	1.151013E-14	6.211223E-13	6.763411E-08	9.999947E-02	2.185476E-12	4.744410E-11	3.110761E-10	2.999977E-04	1.800148E-03	9.963757E-01	1.244349E-04	1.000000E+00	
0.000000E+00	7.583852E-14	5.312459E-07	0.000000E+00	2.112053E-13	2.658185E-20	1.755057E-12	6.890761E-21	1.342659E-09	6.259110E-10	0.000000E+00	9.993313E-05	3.289587E-19	2.981138E-11	3.343695E-13	4.174023E-14	2.949044E-12	2.067987E-14	5.350039E-12	2.202583E-05	5.681300E-14	1.112080E-12	3.958161E-16	2.734010E-14	9.796947E-13	6.679864E-08	9.999947E-02	2.189174E-12	6.478326E-11	4.231590E-10	2.999975E-04	2.830107E-03	9.943178E-01	1.224922E-04	1.000000E+00	
0.000000E+00	2.340914E-13	5.259626E-07	0.000000E+00	3.637559E-13	1.475333E-19	2.970093E-12	3.899624E-20	1.166045E-09	8.001422E-10	0.000000E+00	9.993505E-05	1.775931E-18	6.690771E-11	1.345567E-12	7.048440E-14	3.911807E-12	6.303773E-14	2.095572E-11	1.884111E-05	1.781457E-13	1.998632E-12	1.209226E-15	8.966133E-14	1.716816E-12	6.483304E-08	9.999947E-02	2.197397E-12	1.107320E-10	7.167645E-10	2.999971E-04	4.926923E-03	9.901273E-01	1.193042E-04	1.000000E+00	
0.000000E+00	8.559419E-13	5.152736E-07	0.000000E+00	6.788083E-13	1.051384E-18	5.717525E-12	2.831804E-19	8.835251E-10	8.548137E-10	0.000000E+00	9.993703E-05	1.221413E-17	1.335020E-10	5.263782E-12	1.350190E-13	4.376489E-12	2.229026E-13	7.954374E-11	1.439358E-05	6.493449E-13	4.099903E-12	4.282395E-15	3.256890E-13	3.208315E-12	6.273854E-08	9.999948E-02	2.214622E-12	2.161870E-10	1.376485E-09	2.999964E-04	9.298871E-03	9.813879E-01	1.148478E-04	1.000000E+00	
0.000000E+00	3.266596E-12	4.945327E-07	0.000000E+00	1.294577E-12	7.806578E-18	1.051280E-11	2.105182E-18	5.803422E-10	7.135483E-10	0.000000E+00	9.993793E-05	8.796809E-17	2.026668E-10	1.599910E-11	2.455636E-13	3.811204E-12	7.999421E-13	2.360130E-10	9.987786E-06	2.360795E-12	9.248492E-12	1.533695E-14	9.996400E-13	5.873769E-12	6.164872E-08	9.999951E-02	2.252039E-12	4.030115E-10	2.511686E-09	2.999953E-04	1.801366E-02	9.639627E-01	1.104218E-04	1.000000E+00	
0.000000E+00	8.649040E-12	4.808452E-07	0.000000E+00	2.197326E-12	3.654991E-17	1.170451E-11	8.257548E-18	2.793220E-10	3.763936E-10	0.000000E+00	9.992331E-05	4.575465E-16	1.441407E-10	1.772104E-11	2.525598E-13	1.625875E-12	2.064113E-12	2.908836E-10	1.051991E-05	5.003696E-12	2.091275E-11	3.929535E-14	9.892488E-13	8.358261E-12	7.622302E-08	9.999952E-02	2.296818E-12	4.237019E-10	2.616628E-09	2.999958E-04	3.116848E-02	9.376525E-01	1.109249E-04	1.000000E+00	
0.000000E+00	2.960047E-11	4.143374E-07	0.000000E+00	3.652816E-12	1.782675E-16	2.386138E-11	4.741287E-17	2.495251E-10	3.782809E-10	0.000000E+00	9.994091E-05	1.869310E-15	2.501877E-10	6.351035E-11	5.587423E-13	2.421445E-12	5.925860E-12	8.795056E-10	4.056089E-06	1.786007E-11	3.878711E-11	1.106681E-13	5.070856E-12	1.381735E-11	5.804815E-08	9.999959E-02	2.470135E-12	9.614724E-10	5.776493E-09	2.999914E-04	5.370973E-02	8.925765E-01	1.044123E-04	1.000000E+00	
0.000000E+00	5.079219E-11	3.868621E-07	0.000000E+00	4.752336E-12	3.862094E-16	2.718967E-11	9.635124E-17	1.875754E-10	2.915196E-10	0.000000E+00	9.993816E-05	4.098873E-15	2.234286E-10	7.479080E-11	6.223387E-13	1.876919E-12	9.688752E-12	1.049247E-09	3.492368E-06	2.753647E-11	5.903360E-11	1.780989E-13	6.320592E-12	1.628513E-11	6.062777E-08	9.999961E-02	2.600358E-12	1.086426E-09	6.483332E-09	2.999905E-04	7.164381E-02	8.567089E-01	1.038183E-04	1.000000E+00	
0.000000E+00	5.749667E-11	3.917049E-07	0.000000E+00	5.347784E-12	5.429147E-16	2.416082E-11	1.123685E-16	1.394909E-10	2.160460E-10	0.000000E+00	9.992292E-05	6.524552E-15	1.600851E-10	5.379479E-11	5.108309E-13	1.093134E-12	1.175409E-11	8.528084E-10	5.819117E-06	2.696439E-11	7.866952E-11	2.159666E-13	3.829840E-12	1.656902E-11	7.603568E-08	9.999961E-02	2.651013E-12	8.998721E-10	5.384577E-09	2.999922E-04	8.151939E-02	8.369554E-01	1.061344E-04	1.000000E+00	
0.000000E+00	9.177734E-11	3.494149E-07	0.000000E+00	6.244702E-12	8.604589E-16	3.085482E-11	2.027098E-16	1.388330E-10	2.207716E-10	0.000000E+00	9.993712E-05	9.042637E-15	1.975000E-10	9.092725E-11	7.005327E-13	1.525903E-12	1.638712E-11	1.264588E-09	2.654811E-06	4.468718E-11	9.113983E-11	2.930357E-13	8.717758E-12	1.921949E-11	6.144947E-08	9.999965E-02	2.823422E-12	1.244827E-09	7.365086E-09	2.999894E-04	9.747056E-02	8.050562E-01	1.029422E-04	1.000000E+00	
0.000000E+00	1.105516E-10	3.366864E-07	0.000000E+00	6.797378E-12	1.104177E-15	3.185074E-11	2.540549E-16	1.255654E-10	2.008889E-10	0.000000E+00	9.993661E-05	1.156759E-14	1.877897E-10	9.568112E-11	7.210112E-13	1.426014E-12	1.936200E-11	1.326916E-09	2.420734E-06	5.189462E-11	1.047938E-10	3.421992E-13	9.603138E-12	2.016420E-11	6.188686E-08	9.999966E-02	2.918687E-12	1.289538E-09	7.607245E-09	2.999891E-04	1.074825E-01	7.850326E-01	1.026948E-04	1.000000E+00	
0.000000E+00	1.288489E-10	3.259156E-07	0.000000E+00	7.285203E-12	1.354589E-15	3.258636E-11	3.049009E-16	1.153124E-10	1.853449E-10	0.000000E+00	9.993611E-05	1.415400E-14	1.793431E-10	9.937533E-11	7.357397E-13	1.347335E-12	2.223492E-11	1.374831E-09	2.237364E-06	5.864088E-11	1.177050E-10	3.886430E-13	1.038145E-11	2.094656E-11	6.233311E-08	9.999967E-02	3.008993E-12	1.323507E-09	7.787415E-09	2.999889E-04	1.165296E-01	7.669386E-01	1.025002E-04	1.000000E+00	
0.000000E+00	1.473905E-10	3.162831E-07	0.000000E+00	7.740119E-12	1.620671E-15	3.315543E-11	3.569201E-16	1.067465E-10	1.722366E-10	0.000000E+00	9.993557E-05	1.689942E-14	1.715566E-10	1.023539E-10	7.466009E-13	1.279658E-12	2.513930E-11	1.413324E-09	2.085395E-06	6.523337E-11	1.305490E-10	4.346153E-13	1.109070E-11	2.163647E-11	6.282235E-08	9.999968E-02	3.098747E-12	1.350428E-09	7.926443E-09	2.999887E-04	1.251479E-01	7.497021E-01	1.023381E-04	1.000000E+00	
0.000000E+00	1.667850E-10	3.072802E-07	0.000000E+00	8.180709E-12	1.910580E-15	3.360656E-11	4.115614E-16	9.923617E-11	1.606570E-10	0.000000E+00	9.993501E-05	1.988467E-14	1.641762E-10	1.048745E-10	7.547919E-13	1.219304E-12	2.817632E-11	1.445537E-09	1.950686E-06	7.191922E-11	1.437502E-10	4.816563E-13	1.177031E-11	2.227323E-11	6.333247E-08	9.999969E-02	3.191164E-12	1.372654E-09	8.037457E-09	2.999885E-04	1.336667E-01	7.326646E-01	1.021938E-04	1.000000E+00	
0.000000E+00	1.874973E-10	2.986230E-07	0.000000E+00	8.617417E-12	2.231258E-15	3.396159E-11	4.698779E-16	9.245522E-11	1.501360E-10	0.000000E+00	9.993446E-05	2.317507E-14	1.570683E-10	1.070831E-10	7.609231E-13	1.164508E-12	3.142183E-11	1.473099E-09	1.825318E-06	7.887246E-11	1.575856E-10	5.307778E-13	1.244738E-11	2.287794E-11	6.384359E-08	9.999970E-02	3.288493E-12	1.391406E-09	8.127155E-09	2.999884E-04	1.422824E-01	7.154333E-01	1.020592E-04	1.000000E+00	
0.000000E+00	2.096859E-10	2.902803E-07	0.000000E+00	9.054684E-12	2.588549E-15	3.422503E-11	5.321467E-16	8.621579E-11	1.403952E-10	0.000000E+00	9.993385E-05	2.684017E-14	1.500765E-10	1.089035E-10	7.647874E-13	1.112497E-12	3.492747E-11	1.495653E-09	1.711339E-06	8.611072E-11	1.723155E-10	5.825984E-13	1.310230E-11	2.345819E-11	6.441388E-08	9.999971E-02	3.391978E-12	1.406364E-09	8.193605E-09	2.999883E-04	1.510836E-01	6.978312E-01	1.019363E-04	1.000000E+00	
0.000000E+00	2.335813E-10	2.821669E-07	0.000000E+00	9.495227E-12	2.987742E-15	3.440164E-11	5.987042E-16	8.042163E-11	1.313006E-10	0.000000E+00	9.993319E-05	3.093120E-14	1.431947E-10	1.103851E-10	7.665811E-13	1.063031E-12	3.874271E-11	1.513678E-09	1.605309E-06	9.370641E-11	1.880883E-10	6.375791E-13	1.374398E-11	2.402076E-11	6.503194E-08	9.999972E-02	3.502832E-12	1.417908E-09	8.238806E-09	2.999883E-04	1.601322E-01	6.797341E-01	1.018215E-04	1.000000E+00	
0.000000E+00	2.593111E-10	2.742633E-07	0.000000E+00	9.939766E-12	3.433495E-15	3.449235E-11	6.695505E-16	7.501357E-11	1.227702E-10	0.000000E+00	9.993248E-05	3.549622E-14	1.364186E-10	1.115287E-10	7.663280E-13	1.015695E-12	4.290990E-11	1.527211E-09	1.506154E-06	1.016877E-10	2.050320E-10	6.960200E-13	1.437024E-11	2.456884E-11	6.570324E-08	9.999973E-02	3.621931E-12	1.426078E-09	8.262876E-09	2.999883E-04	1.694524E-01	6.610936E-01	1.017138E-04	1.000000E+00	
0.000000E+00	2.870978E-10	2.665056E-07	0.000000E+00	1.038859E-11	3.929708E-15	3.449735E-11	7.447430E-16	6.995723E-11	1.147613E-10	0.000000E+00	9.993175E-05	4.056076E-14	1.297936E-10	1.124125E-10	7.642788E-13	9.711003E-13	4.747269E-11	1.536789E-09	1.410184E-06	1.101384E-10	2.231915E-10	7.581002E-13	1.500057E-11	2.510551E-11	6.639186E-08	9.999973E-02	3.750182E-12	1.431323E-09	8.268187E-09	2.999883E-04	1.790625E-01	6.418736E-01	1.016093E-04	1.000000E+00	
0.000000E+00	3.168430E-10	2.589725E-07	0.000000E+00	1.083991E-11	4.479852E-15	3.441597E-11	8.235795E-16	6.522300E-11	1.072313E-10	0.000000E+00	9.993096E-05	4.617254E-14	1.232963E-10	1.129473E-10	7.601963E-13	9.281467E-13	5.246399E-11	1.541783E-09	1.320249E-06	1.189945E-10	2.426987E-10	8.239101E-13	1.560789E-11	2.562999E-11	6.714434E-08	9.999974E-02	3.887926E-12	1.433169E-09	8.252053E-09	2.999883E-04	1.889330E-01	6.221326E-01	1.015111E-04	1.000000E+00	
0.000000E+00	3.484788E-10	2.516973E-07	0.000000E+00	1.129200E-11	5.086832E-15	3.425001E-11	9.053337E-16	6.079156E-11	1.001555E-10	0.000000E+00	9.993009E-05	5.236797E-14	1.169418E-10	1.131099E-10	7.540711E-13	8.865378E-13	5.791910E-11	1.542078E-09	1.236682E-06	1.282235E-10	2.636433E-10	8.934948E-13	1.617973E-11	2.614261E-11	6.797791E-08	9.999975E-02	4.035538E-12	1.431554E-09	8.214090E-09	2.999883E-04	1.990339E-01	6.019310E-01	1.014194E-04	1.000000E+00	
0.000000E+00	3.821506E-10	2.446268E-07	0.000000E+00	1.174378E-11	5.752162E-15	3.400032E-11	9.895465E-16	5.664914E-11	9.351990E-11	0.000000E+00	9.992918E-05	5.914166E-14	1.107835E-10	1.129918E-10	7.462127E-13	8.470756E-13	6.387878E-11	1.538307E-09	1.156169E-06	1.379012E-10	2.859980E-10	9.667717E-13	1.673897E-11	2.664493E-11	6.885069E-08	9.999976E-02	4.193563E-12	1.433139E-09	8.157191E-09	2.999884E-04	2.093495E-01	5.812998E-01	1.013309E-04	1.000000E+00	
0.000000E+00	4.176384E-10	2.378258E-07	0.000000E+00	1.219283E-11	6.477373E-15	3.367106E-11	1.075032E-15	5.277944E-11	8.730154E-11	0.000000E+00	9.992817E-05	6.652505E-14	1.048173E-10	1.125366E-10	7.365452E-13	8.090751E-13	7.037619E-11	1.530186E-09	1.080645E-06	1.479458E-10	3.098603E-10	1.043689E-12	1.726130E-11	2.713649E-11	6.980175E-08	9.999976E-02	4.362062E-12	1.453878E-09	8.080292E-09	2.999885E-04	2.198277E-01	5.603435E-01	1.012476E-04	1.000000E+00	
0.000000E+00	4.548375E-10	2.313027E-07	0.000000E+00	1.263728E-11	7.262862E-15	3.326677E-11	1.160756E-15	4.916884E-11	8.148298E-11	0.000000E+00	9.992707E-05	7.452295E-14	9.906266E-11	1.117627E-10	7.252104E-13	7.725589E-13	7.744859E-11	1.517947E-09	1.009636E-06	1.583397E-10	3.352578E-10	1.124126E-12	1.774447E-11	2.761786E-11	7.083397E-08	9.999977E-02	4.541171E-12	1.471043E-09	7.984583E-09	2.999886E-04	2.304263E-01	5.391464E-01	1.011690E-04	1.000000E+00	
0.000000E+00	4.937349E-10	2.250350E-07	0.000000E+00	1.307564E-11	8.107549E-15	3.279120E-11	1.245772E-15	4.580399E-11	7.604715E-11	0.000000E+00	9.992592E-05	8.311054E-14	9.354264E-11	1.107251E-10	7.124425E-13	7.378315E-13	8.513536E-11	1.502052E-09	9.417534E-07	1.691122E-10	3.621557E-10	1.207855E-12	1.820013E-11	2.808969E-11	7.193026E-08	9.999977E-02	4.730997E-12	1.484702E-09	7.872250E-09	2.999887E-04	2.411092E-01	5.177806E-01	1.010938E-04	1.000000E+00	
0.000000E+00	5.337958E-10	2.191155E-07	0.000000E+00	1.350531E-11	9.012318E-15	3.225610E-11	1.328424E-15	4.267041E-11	7.097173E-11	0.000000E+00	9.992462E-05	9.234974E-14	8.823941E-11	1.093346E-10	6.981529E-13	7.038961E-13	9.347151E-11	1.482186E-09	8.799921E-07	1.800805E-10	3.907392E-10	1.294929E-12	1.858335E-11	2.855230E-11	7.316575E-08	9.999978E-02	4.931223E-12	1.494284E-09	7.742179E-09	2.999889E-04	2.518052E-01	4.963887E-01	1.010248E-04	1.000000E+00	
0.000000E+00	5.753270E-10	2.134354E-07	0.000000E+00	1.392590E-11	9.972352E-15	3.166153E-11	1.408198E-15	3.975568E-11	6.624191E-11	0.000000E+00	9.992327E-05	1.021321E-13	8.319250E-11	1.077510E-10	6.828240E-13	6.719126E-13	1.025019E-10	1.459432E-09	8.201399E-07	1.914200E-10	4.207932E-10	1.384851E-12	1.894706E-11	2.900652E-11	7.446259E-08	9.999979E-02	5.141951E-12	1.500456E-09	7.599204E-09	2.999891E-04	2.625017E-01	4.749958E-01	1.009580E-04	1.000000E+00	
0.000000E+00	6.177234E-10	2.080808E-07	0.000000E+00	1.433524E-11	1.098789E-14	3.102134E-11	1.483488E-15	3.704567E-11	6.183516E-11	0.000000E+00	9.992177E-05	1.125255E-13	7.837921E-11	1.058902E-10	6.663948E-13	6.409062E-13	1.122665E-10	1.433563E-09	7.650859E-07	2.029322E-10	4.525213E-10	1.477738E-12	1.924567E-11	2.945310E-11	7.590192E-08	9.999979E-02	5.362700E-12	1.502783E-09	7.442595E-09	2.999893E-04	2.731300E-01	4.537392E-01	1.008961E-04	1.000000E+00	
0.000000E+00	6.608757E-10	2.030251E-07	0.000000E+00	1.473247E-11	1.205553E-14	3.034218E-11	1.553406E-15	3.452751E-11	5.773306E-11	0.000000E+00	9.992014E-05	1.234952E-13	7.380627E-11	1.038060E-10	6.491099E-13	6.110841E-13	1.228116E-10	1.405107E-09	7.137985E-07	2.146273E-10	4.858900E-10	1.573376E-12	1.948985E-11	2.989284E-11	7.747893E-08	9.999980E-02	5.593158E-12	1.501535E-09	7.274828E-09	2.999895E-04	2.836566E-01	4.326861E-01	1.008382E-04	1.000000E+00	
0.000000E+00	7.046991E-10	1.982411E-07	0.000000E+00	1.511694E-11	1.317086E-14	2.963023E-11	1.617157E-15	3.218842E-11	5.391685E-11	0.000000E+00	9.991837E-05	1.349933E-13	6.947530E-11	1.015488E-10	6.311939E-13	5.826024E-13	1.341854E-10	1.374562E-09	6.654508E-07	2.265237E-10	5.208493E-10	1.671521E-12	1.969139E-11	3.032626E-11	7.919028E-08	9.999980E-02	5.832888E-12	1.497013E-09	7.098217E-09	2.999897E-04	2.940510E-01	4.118973E-01	1.007833E-04	1.000000E+00	
0.000000E+00	7.487449E-10	1.937589E-07	0.000000E+00	1.548768E-11	1.433285E-14	2.889732E-11	1.673744E-15	3.001592E-11	5.036691E-11	0.000000E+00	9.991642E-05	1.470680E-13	6.537293E-11	9.909882E-11	6.127280E-13	5.550488E-13	1.464418E-10	1.342084E-09	6.210168E-07	2.384966E-10	5.575431E-10	1.772321E-12	1.982898E-11	3.075455E-11	8.108870E-08	9.999981E-02	6.081302E-12	1.489240E-09	6.913645E-09	2.999899E-04	3.042695E-01	3.914604E-01	1.007325E-04	1.000000E+00	
0.000000E+00	7.930726E-10	1.895293E-07	0.000000E+00	1.584460E-11	1.553520E-14	2.814720E-11	1.722738E-15	2.799820E-11	4.706582E-11	0.000000E+00	9.991430E-05	1.596378E-13	6.150051E-11	9.652771E-11	5.939605E-13	5.287521E-13	1.596360E-10	1.308257E-09	5.791476E-07	2.506189E-10	5.958570E-10	1.875454E-12	1.992723E-11	3.117777E-11	8.315762E-08	9.999981E-02	6.337773E-12	1.478702E-09	6.723749E-09	2.999902E-04	3.142953E-01	3.714089E-01	1.006843E-04	1.000000E+00	
0.000000E+00	8.372321E-10	1.855771E-07	0.000000E+00	1.618718E-11	1.677737E-14	2.739122E-11	1.763452E-15	2.612383E-11	4.399529E-11	0.000000E+00	9.991195E-05	1.727720E-13	5.784291E-11	9.381740E-11	5.749619E-13	5.033373E-13	1.738347E-10	1.273234E-09	5.406800E-07	2.627626E-10	6.359663E-10	1.981218E-12	1.996606E-11	3.159717E-11	8.545627E-08	9.999981E-02	6.601572E-12	1.465922E-09	6.529371E-09	2.999904E-04	3.240943E-01	3.518109E-01	1.006396E-04	1.000000E+00	
0.000000E+00	8.811842E-10	1.818710E-07	0.000000E+00	1.651552E-11	1.805434E-14	2.663419E-11	1.795631E-15	2.438211E-11	4.113894E-11	0.000000E+00	9.990935E-05	1.864318E-13	5.439482E-11	9.101372E-11	5.559094E-13	4.789432E-13	1.891064E-10	1.237448E-09	5.048781E-07	2.749555E-10	6.778390E-10	2.089518E-12	1.995983E-11	3.201287E-11	8.799304E-08	9.999982E-02	6.871867E-12	1.451174E-09	6.332471E-09	2.999907E-04	3.336528E-01	3.326939E-01	1.005975E-04	1.000000E+00	
0.000000E+00	9.239829E-10	1.784852E-07	0.000000E+00	1.682905E-11	1.937432E-14	2.589330E-11	1.818673E-15	2.276288E-11	3.847959E-11	0.000000E+00	9.990639E-05	2.008962E-13	5.113320E-11	8.804228E-11	5.367637E-13	4.548100E-13	2.055494E-10	1.200800E-09	4.736798E-07	2.868763E-10	7.219969E-10	2.201558E-12	1.985432E-11	3.242786E-11	9.089739E-08	9.999982E-02	7.147948E-12	1.434265E-09	6.132810E-09	2.999910E-04	3.429315E-01	3.141365E-01	1.005600E-04	1.000000E+00	
0.000000E+00	9.668244E-10	1.752531E-07	0.000000E+00	1.712918E-11	2.071520E-14	2.515547E-11	1.833178E-15	2.125668E-11	3.600456E-11	0.000000E+00	9.990319E-05	2.157350E-13	4.807223E-11	8.509472E-11	5.179230E-13	4.321999E-13	2.232216E-10	1.164293E-09	4.430649E-07	2.990125E-10	7.677263E-10	2.315727E-12	1.975322E-11	3.283793E-11	9.403719E-08	9.999982E-02	7.428457E-12	1.416343E-09	5.934644E-09	2.999912E-04	3.519625E-01	2.960745E-01	1.005230E-04	1.000000E+00	
0.000000E+00	1.009030E-09	1.722273E-07	0.000000E+00	1.741569E-11	2.208164E-14	2.443386E-11	1.838843E-15	1.985460E-11	3.369871E-11	0.000000E+00	9.989964E-05	2.311568E-13	4.519082E-11	8.211513E-11	4.993535E-13	4.105133E-13	2.422354E-10	1.127857E-09	4.145394E-07	3.111335E-10	8.154379E-10	2.433008E-12	1.961785E-11	3.324487E-11	9.752645E-08	9.999983E-02	7.712370E-12	1.397740E-09	5.737804E-09	2.999915E-04	3.607198E-01	2.785599E-01	1.004880E-04	1.000000E+00	
0.000000E+00	1.050325E-09	1.694111E-07	0.000000E+00	1.768887E-11	2.347376E-14	2.373530E-11	1.835707E-15	1.854840E-11	3.154870E-11	0.000000E+00	9.989567E-05	2.472663E-13	4.247651E-11	7.910285E-11	4.811082E-13	3.895914E-13	2.627115E-10	1.091648E-09	3.882954E-07	3.231578E-10	8.653480E-10	2.553999E-12	1.944108E-11	3.364918E-11	1.014361E-07	9.999983E-02	7.998492E-12	1.379330E-09	5.543015E-09	2.999917E-04	3.691948E-01	2.616100E-01	1.004550E-04	1.000000E+00	
0.000000E+00	1.090531E-09	1.667981E-07	0.000000E+00	1.794914E-11	2.489086E-14	2.306491E-11	1.823937E-15	1.733047E-11	2.954229E-11	0.000000E+00	9.989120E-05	2.641581E-13	3.991884E-11	7.606758E-11	4.632490E-13	3.693694E-13	2.847861E-10	1.055846E-09	3.642611E-07	3.350356E-10	9.176525E-10	2.679285E-12	1.922266E-11	3.405088E-11	1.058358E-07	9.999983E-02	8.285478E-12	1.362001E-09	5.351094E-09	2.999920E-04	3.773842E-01	2.452312E-01	1.004239E-04	1.000000E+00	
0.000000E+00	1.129794E-09	1.643550E-07	0.000000E+00	1.819711E-11	2.632672E-14	2.242385E-11	1.803843E-15	1.619387E-11	2.766863E-11	0.000000E+00	9.988619E-05	2.818133E-13	3.751094E-11	7.304472E-11	4.458703E-13	3.499797E-13	3.086021E-10	1.020715E-09	3.418238E-07	3.468340E-10	9.723753E-10	2.809031E-12	1.898127E-11	3.444857E-11	1.107707E-07	9.999984E-02	8.571662E-12	1.346719E-09	5.163182E-09	2.999923E-04	3.852939E-01	2.294118E-01	1.003941E-04	1.000000E+00	
0.000000E+00	1.167608E-09	1.621071E-07	0.000000E+00	1.843310E-11	2.778793E-14	2.182057E-11	1.775616E-15	1.513209E-11	2.591679E-11	0.000000E+00	9.988050E-05	3.005186E-13	3.523932E-11	7.001042E-11	4.289651E-13	3.311433E-13	3.343574E-10	9.862711E-10	3.215436E-07	3.583676E-10	1.030018E-09	2.944662E-12	1.869552E-11	3.484324E-11	1.163788E-07	9.999984E-02	8.855580E-12	1.334152E-09	4.979380E-09	2.999925E-04	3.929175E-01	2.141647E-01	1.003659E-04	1.000000E+00	
0.000000E+00	1.204321E-09	1.600087E-07	0.000000E+00	1.865780E-11	2.926470E-14	2.125391E-11	1.739685E-15	1.413939E-11	2.427797E-11	0.000000E+00	9.987407E-05	3.202095E-13	3.309954E-11	6.701035E-11	4.126313E-13	3.130870E-13	3.622369E-10	9.527917E-10	3.025815E-07	3.697697E-10	1.090554E-09	3.086231E-12	1.839401E-11	3.523228E-11	1.227166E-07	9.999984E-02	9.135070E-12	1.325294E-09	4.800855E-09	2.999927E-04	4.002666E-01	1.994664E-01	1.003385E-04	1.000000E+00	
0.000000E+00	1.239612E-09	1.580715E-07	0.000000E+00	1.887162E-11	3.076083E-14	2.073011E-11	1.696360E-15	1.321040E-11	2.274323E-11	0.000000E+00	9.986674E-05	3.411539E-13	3.108110E-11	6.403377E-11	3.968726E-13	2.956486E-13	3.924948E-10	9.203215E-10	2.852026E-07	3.809134E-10	1.154469E-09	3.235164E-12	1.806574E-11	3.561554E-11	1.299434E-07	9.999984E-02	9.408169E-12	1.320903E-09	4.627805E-09	2.999929E-04	4.073409E-01	1.853180E-01	1.003118E-04	1.000000E+00	
0.000000E+00	1.273019E-09	1.563162E-07	0.000000E+00	1.907494E-11	3.228405E-14	2.025638E-11	1.646000E-15	1.234024E-11	2.130430E-11	0.000000E+00	9.985831E-05	3.637470E-13	2.917377E-11	6.106511E-11	3.816816E-13	2.786468E-13	4.254398E-10	8.888770E-10	2.697460E-07	3.916127E-10	1.222420E-09	3.393421E-12	1.769472E-11	3.599316E-11	1.382649E-07	9.999984E-02	9.672781E-12	1.321762E-09	4.460301E-09	2.999931E-04	4.141390E-01	1.717217E-01	1.002862E-04	1.000000E+00	
0.000000E+00	1.304846E-09	1.547068E-07	0.000000E+00	1.926836E-11	3.382539E-14	1.983275E-11	1.589084E-15	1.152469E-11	1.995470E-11	0.000000E+00	9.984861E-05	3.880413E-13	2.737378E-11	5.813902E-11	3.671281E-13	2.622549E-13	4.613832E-10	8.586692E-10	2.555854E-07	4.019663E-10	1.294591E-09	3.561664E-12	1.730457E-11	3.636189E-11	1.478335E-07	9.999985E-02	9.926022E-12	1.329022E-09	4.299208E-09	2.999933E-04	4.206722E-01	1.586552E-01	1.002608E-04	1.000000E+00	
0.000000E+00	1.334824E-09	1.532519E-07	0.000000E+00	1.945226E-11	3.538836E-14	1.946523E-11	1.526052E-15	1.075984E-11	1.868792E-11	0.000000E+00	9.983739E-05	4.144307E-13	2.567360E-11	5.525152E-11	3.532196E-13	2.463861E-13	5.007315E-10	8.297527E-10	2.428447E-07	4.118485E-10	1.371656E-09	3.741949E-12	1.688920E-11	3.672047E-11	1.589173E-07	9.999985E-02	1.016509E-11	1.343798E-09	4.144744E-09	2.999935E-04	4.269422E-01	1.461153E-01	1.002354E-04	1.000000E+00	
0.000000E+00	1.362875E-09	1.519472E-07	0.000000E+00	1.962705E-11	3.697198E-14	1.915865E-11	1.457399E-15	1.004228E-11	1.749843E-11	0.000000E+00	9.982432E-05	4.432725E-13	2.406778E-11	5.241078E-11	3.399829E-13	2.310429E-13	5.439514E-10	8.022317E-10	2.314231E-07	4.211992E-10	1.454248E-09	3.936252E-12	1.645237E-11	3.706649E-11	1.718229E-07	9.999985E-02	1.038670E-11	1.367511E-09	3.997324E-09	2.999937E-04	4.329530E-01	1.340937E-01	1.002097E-04	1.000000E+00	
0.000000E+00	1.388625E-09	1.508095E-07	0.000000E+00	1.979303E-11	3.858222E-14	1.892098E-11	1.383651E-15	9.368922E-12	1.638096E-11	0.000000E+00	9.980899E-05	4.751842E-13	2.254987E-11	4.961059E-11	3.274208E-13	2.161375E-13	5.916200E-10	7.761516E-10	2.215181E-07	4.298373E-10	1.543334E-09	4.147615E-12	1.598537E-11	3.739836E-11	1.869740E-07	9.999985E-02	1.058745E-11	1.401817E-09	3.857117E-09	2.999938E-04	4.387044E-01	1.225910E-01	1.001833E-04	1.000000E+00	
0.000000E+00	1.412276E-09	1.498177E-07	0.000000E+00	1.995057E-11	4.021028E-14	1.875685E-11	1.305410E-15	8.737221E-12	1.533159E-11	0.000000E+00	9.979093E-05	5.105270E-13	2.111731E-11	4.687372E-11	3.155887E-13	2.017776E-13	6.443753E-10	7.516901E-10	2.127781E-07	4.377972E-10	1.639576E-09	4.378191E-12	1.550488E-11	3.771171E-11	2.048263E-07	9.999985E-02	1.076315E-11	1.449036E-09	3.724839E-09	2.999939E-04	4.442020E-01	1.115957E-01	1.001556E-04	1.000000E+00	
0.000000E+00	1.432720E-09	1.490407E-07	0.000000E+00	2.009977E-11	4.188088E-14	1.868193E-11	1.223322E-15	8.144521E-12	1.434527E-11	0.000000E+00	9.976937E-05	5.506818E-13	1.976128E-11	4.416415E-11	3.044366E-13	1.876926E-13	7.030952E-10	7.287648E-10	2.060755E-07	4.445898E-10	1.744830E-09	4.634031E-12	1.497445E-11	3.800709E-11	2.261517E-07	9.999985E-02	1.091010E-11	1.511673E-09	3.600112E-09	2.999940E-04	4.494357E-01	1.011284E-01	1.001265E-04	1.000000E+00	
0.000000E+00	1.451087E-09	1.483993E-07	0.000000E+00	2.024106E-11	4.355912E-14	1.869808E-11	1.138118E-15	7.589282E-12	1.342039E-11	0.000000E+00	9.974365E-05	5.956413E-13	1.848499E-11	4.154492E-11	2.941034E-13	1.742540E-13	7.686253E-10	7.077684E-10	2.002843E-07	4.506032E-10	1.859368E-09	4.916158E-12	1.444822E-11	3.827554E-11	2.516033E-07	9.999985E-02	1.102282E-11	1.593944E-09	3.484542E-09	2.999941E-04	4.544190E-01	9.116180E-02	1.000944E-04	1.000000E+00	
0.000000E+00	1.465737E-09	1.480031E-07	0.000000E+00	2.037442E-11	4.528407E-14	1.882841E-11	1.050621E-15	7.069088E-12	1.255192E-11	0.000000E+00	9.971246E-05	6.476604E-13	1.727816E-11	3.896270E-11	2.845048E-13	1.610922E-13	8.422512E-10	6.885424E-10	1.967819E-07	4.551157E-10	1.985946E-09	5.234010E-12	1.387275E-11	3.851893E-11	2.824833E-07	9.999985E-02	1.109727E-11	1.700287E-09	3.377406E-09	2.999941E-04	4.591343E-01	8.173115E-02	1.000593E-04	1.000000E+00	
0.000000E+00	1.477170E-09	1.478225E-07	0.000000E+00	2.050010E-11	4.703646E-14	1.908514E-11	9.617213E-16	6.582546E-12	1.173803E-11	0.000000E+00	9.967444E-05	7.077249E-13	1.614133E-11	3.645250E-11	2.757336E-13	1.484031E-13	9.253172E-10	6.713779E-10	1.951348E-07	4.582509E-10	2.125891E-09	5.592521E-12	1.327752E-11	3.873016E-11	3.201407E-07	9.999985E-02	1.112786E-11	1.837601E-09	3.279851E-09	2.999941E-04	4.635860E-01	7.282784E-02	1.000195E-04	1.000000E+00	
0.000000E+00	1.485442E-09	1.478619E-07	0.000000E+00	2.061825E-11	4.880794E-14	1.948828E-11	8.723795E-16	6.128240E-12	1.097651E-11	0.000000E+00	9.962769E-05	7.774941E-13	1.507279E-11	3.402795E-11	2.678492E-13	1.362457E-13	1.019516E-09	6.564944E-10	1.953930E-07	4.599537E-10	2.281242E-09	5.999284E-12	1.267331E-11	3.890373E-11	3.664636E-07	9.999985E-02	1.110927E-11	2.014718E-09	3.192698E-09	2.999940E-04	4.677721E-01	6.445567E-02	9.997304E-05	1.000000E+00	
0.000000E+00	1.477895E-09	1.490802E-07	0.000000E+00	2.072833E-11	5.097739E-14	2.010530E-11	7.844933E-16	5.693706E-12	1.023883E-11	0.000000E+00	9.956712E-05	8.730186E-13	1.400635E-11	3.128200E-11	2.596791E-13	1.222262E-13	1.127951E-09	6.410144E-10	2.100388E-07	4.549185E-10	2.466230E-09	6.510550E-12	1.166834E-11	3.908333E-11	4.265216E-07	9.999985E-02	1.104222E-11	2.235204E-09	3.103356E-09	2.999939E-04	4.715750E-01	5.684985E-02	9.992832E-05	1.000000E+00	
0.000000E+00	1.476510E-09	1.498892E-07	0.000000E+00	2.082899E-11	5.281349E-14	2.091100E-11	7.002474E-16	5.305451E-12	9.583267E-12	0.000000E+00	9.949340E-05	9.734620E-13	1.307397E-11	2.902433E-11	2.537520E-13	1.110422E-13	1.248376E-09	6.313694E-10	2.190058E-07	4.520386E-10	2.661272E-09	7.055617E-12	1.100948E-11	3.915938E-11	4.996544E-07	9.999985E-02	1.090188E-11	2.519402E-09	3.039845E-09	2.999937E-04	4.750893E-01	4.982115E-02	9.986436E-05	1.000000E+00	
0.000000E+00	1.470825E-09	1.511087E-07	0.000000E+00	2.092300E-11	5.469172E-14	2.195294E-11	6.188853E-16	4.939638E-12	8.963330E-12	0.000000E+00	9.939940E-05	1.095131E-12	1.218723E-11	2.682333E-11	2.485826E-13	1.002175E-13	1.387118E-09	6.240071E-10	2.332961E-07	4.469957E-10	2.882614E-09	7.694685E-12	1.032693E-11	3.918632E-11	5.929239E-07	9.999985E-02	1.069958E-11	2.888102E-09	2.985871E-09	2.999934E-04	4.783316E-01	4.333654E-02	9.978586E-05	1.000000E+00	
0.000000E+00	1.460774E-09	1.528232E-07	0.000000E+00	2.101201E-11	5.664761E-14	2.324361E-11	5.403126E-16	4.586432E-12	8.362612E-12	0.000000E+00	9.927788E-05	1.245217E-12	1.132421E-11	2.464133E-11	2.437928E-13	8.960872E-14	1.550011E-09	6.181341E-10	2.548898E-07	4.397281E-10	3.136999E-09	8.455769E-12	9.610074E-12	3.916898E-11	7.135429E-07	9.999985E-02	1.043643E-11	3.381280E-09	2.937210E-09	2.999930E-04	4.813489E-01	3.730186E-02	9.968762E-05	1.000000E+00	
0.000000E+00	1.447025E-09	1.550628E-07	0.000000E+00	2.109598E-11	5.865722E-14	2.481095E-11	4.658305E-16	4.242340E-12	7.775824E-12	0.000000E+00	9.911875E-05	1.431209E-12	1.047995E-11	2.249251E-11	2.392606E-13	7.933826E-14	1.742499E-09	6.136013E-10	2.856032E-07	4.304527E-10	3.429937E-09	9.366827E-12	8.880765E-12	3.909876E-11	8.715228E-07	9.999984E-02	1.010874E-11	4.052182E-09	2.892611E-09	2.999923E-04	4.841318E-01	3.173602E-02	9.956142E-05	1.000000E+00	
0.000000E+00	1.432440E-09	1.576313E-07	0.000000E+00	2.117462E-11	6.062316E-14	2.671332E-11	3.965349E-16	3.908915E-12	7.207310E-12	0.000000E+00	9.890818E-05	1.658736E-12	9.666086E-12	2.045413E-11	2.352243E-13	6.982581E-14	1.971520E-09	6.112455E-10	3.237712E-07	4.203039E-10	3.765662E-09	1.045133E-11	8.210942E-12	3.895863E-11	1.080605E-06	9.999984E-02	9.713247E-12	4.987723E-09	2.855043E-09	2.999914E-04	4.866857E-01	2.662818E-02	9.939155E-05	1.000000E+00	
0.000000E+00	1.407706E-09	1.617183E-07	0.000000E+00	2.124942E-11	6.287908E-14	2.871295E-11	3.351757E-16	3.542166E-12	6.578792E-12	0.000000E+00	9.862043E-05	1.964521E-12	8.762662E-12	1.815094E-11	2.285146E-13	5.945034E-14	2.245931E-09	6.029242E-10	3.945120E-07	4.053304E-10	4.164858E-09	1.182443E-11	7.337251E-12	3.877545E-11	1.366414E-06	9.999984E-02	9.253502E-12	6.269552E-09	2.787530E-09	2.999902E-04	4.889350E-01	2.212966E-02	9.917859E-05	1.000000E+00	
0.000000E+00	1.381457E-09	1.666573E-07	0.000000E+00	2.132009E-11	6.515217E-14	3.068981E-11	2.825342E-16	3.143007E-12	5.897024E-12	0.000000E+00	9.822506E-05	2.356134E-12	7.796701E-12	1.579035E-11	2.191325E-13	4.941824E-14	2.576818E-09	5.886312E-10	4.917911E-07	3.890693E-10	4.629357E-09	1.351387E-11	6.461717E-12	3.850834E-11	1.759188E-06	9.999983E-02	8.727949E-12	8.082853E-09	2.689346E-09	2.999885E-04	4.909327E-01	1.813406E-02	9.888539E-05	1.000000E+00	
0.000000E+00	1.355040E-09	1.725152E-07	0.000000E+00	2.138694E-11	6.744343E-14	3.228307E-11	2.403690E-16	2.693859E-12	5.133744E-12	0.000000E+00	9.767206E-05	2.863627E-12	6.735387E-12	1.333358E-11	2.052111E-13	3.973012E-14	2.978682E-09	5.631573E-10	6.196483E-07	3.719530E-10	5.171385E-09	1.561345E-11	5.575059E-12	3.814181E-11	2.308662E-06	9.999983E-02	8.140623E-12	1.068467E-08	2.537566E-09	2.999861E-04	4.926790E-01	1.464139E-02	9.846605E-05	1.000000E+00	
0.000000E+00	1.321314E-09	1.809981E-07	0.000000E+00	2.145435E-11	7.012864E-14	3.161985E-11	2.130562E-16	2.091416E-12	4.113978E-12	0.000000E+00	9.687644E-05	3.572089E-12	5.345240E-12	1.028179E-11	1.775780E-13	2.889471E-14	3.468461E-09	4.999235E-10	8.146030E-07	3.508794E-10	5.819815E-09	1.835815E-11	4.425153E-12	3.768367E-11	3.099651E-06	9.999982E-02	7.502322E-12	1.420029E-08	2.218110E-09	2.999830E-04	4.941392E-01	1.172068E-02	9.787380E-05	1.000000E+00	
0.000000E+00	1.286310E-09	1.923125E-07	0.000000E+00	2.152429E-11	7.327236E-14	2.739478E-11	2.017138E-16	1.363740E-12	2.887574E-12	0.000000E+00	9.571567E-05	4.564709E-12	3.711131E-12	6.924354E-12	1.352553E-13	1.821585E-14	4.067777E-09	3.926648E-10	1.034198E-06	3.279857E-10	6.589044E-09	2.196270E-11	3.171069E-12	3.709200E-11	4.254279E-06	9.999981E-02	6.821157E-12	1.899693E-08	1.712260E-09	2.999788E-04	4.953494E-01	9.300207E-03	9.694387E-05	1.000000E+00	
0.000000E+00	1.224892E-09	2.169118E-07	0.000000E+00	2.162758E-11	7.889034E-14	1.490898E-11	2.069300E-16	4.245321E-13	1.298729E-12	0.000000E+00	9.394534E-05	6.279031E-12	1.635632E-12	2.890485E-12	6.619608E-14	6.779051E-15	4.786962E-09	1.983940E-10	1.194886E-06	2.926812E-10	7.566331E-09	2.747380E-11	1.581741E-12	3.640365E-11	6.017355E-06	9.999978E-02	6.119995E-12	2.457906E-08	8.534217E-10	2.999743E-04	4.962188E-01	7.561161E-03	9.535873E-05	1.000000E+00	
0.000000E+00	1.154433E-09	2.629642E-07	0.000000E+00	2.179398E-11	8.826976E-14	8.726436E-12	1.950688E-16	7.056334E-14	6.767257E-13	0.000000E+00	9.120838E-05	9.313192E-12	8.271647E-13	1.366286E-12	3.753778E-14	2.614295E-15	5.618532E-09	1.171757E-10	9.455475E-07	2.509688E-10	8.775029E-09	3.616654E-11	8.463073E-13	3.545650E-11	8.738855E-06	9.999974E-02	5.393616E-12	3.803343E-08	4.990824E-10	2.999613E-04	4.968041E-01	6.390803E-03	9.241836E-05	1.000000E+00	
0.000000E+00	1.156642E-09	2.901664E-07	0.000000E+00	2.190435E-11	9.630421E-14	1.004259E-11	1.944012E-16	5.117727E-14	6.443745E-13	0.000000E+00	8.729245E-05	1.295519E-11	7.808276E-13	1.286140E-12	3.890342E-14	2.168842E-15	6.656358E-09	1.312748E-10	7.866320E-07	2.332729E-10	9.989818E-09	4.625866E-11	7.568255E-13	3.401258E-11	1.262120E-05	9.999971E-02	4.633239E-12	6.936709E-08	5.429412E-10	2.999299E-04	4.974481E-01	5.102960E-03	8.837070E-05	1.000000E+00	
0.000000E+00	1.288857E-09	2.589289E-07	0.000000E+00	2.183058E-11	9.874032E-14	1.905393E-11	2.657492E-16	7.489593E-14	7.474905E-13	0.000000E+00	8.195987E-05	1.548757E-11	9.370210E-13	1.729462E-12	5.029258E-14	3.280873E-15	8.008716E-09	1.895744E-10	9.971671E-07	2.539975E-10	1.094301E-08	5.402497E-11	1.143788E-12	3.189480E-11	1.787989E-05	9.999974E-02	3.860916E-12	1.409250E-07	7.423435E-10	2.998581E-04	4.982042E-01	3.590635E-03	8.321757E-05	1.000000E+00	
0.000000E+00	1.354350E-09	2.883931E-07	0.000000E+00	2.194249E-11	1.170025E-13	2.423012E-11	3.264090E-16	5.107171E-14	7.381979E-13	0.000000E+00	7.372610E-05	2.366786E-11	9.263826E-13	1.790594E-12	5.359969E-14	2.962909E-15	9.303616E-09	2.323587E-10	8.400584E-07	2.350527E-10	1.222639E-08	7.330382E-11	1.060799E-12	2.925747E-11	2.596423E-05	9.999971E-02	3.132906E-12	2.877756E-07	8.799101E-10	2.997111E-04	4.984947E-01	3.009743E-03	7.485620E-05	1.000000E+00	
0.000000E+00	9.573793E-10	2.702647E-07	0.000000E+00	2.177106E-11	2.474594E-13	1.928598E-14	1.473780E-16	9.663280E-13	2.013907E-12	0.000000E+00	5.628225E-05	9.919100E-11	2.038226E-12	2.796927E-12	1.217505E-13	1.529423E-15	7.401973E-09	6.708845E-10	1.162198E-09	8.878914E-11	1.439541E-08	2.143810E-10	2.481811E-13	2.339083E-11	4.351657E-05	9.999973E-02	2.279332E-12	1.789446E-07	2.822228E-09	2.998176E-04	4.968576E-01	6.284782E-03	5.655478E-05	1.000000E+00	
0.000000E+00	1.219986E-09	2.603597E-07	0.000000E+00	2.178469E-11	3.471649E-13	3.750375E-14	2.155535E-16	9.330379E-13	2.099023E-12	0.000000E+00	4.396822E-05	1.589105E-10	2.305103E-12	4.049310E-12	1.406410E-13	2.047133E-15	8.306511E-09	1.011102E-09	1.117293E-09	9.732470E-11	1.497356E-08	3.176450E-10	3.620772E-13	2.004563E-11	5.577151E-05	9.999974E-02	1.717542E-12	2.363862E-07	4.079277E-09	2.997585E-04	4.974485E-01	5.103034E-03	4.423107E-05	1.000000E+00	
0.000000E+00	1.693559E-09	2.588189E-07	0.000000E+00	2.182307E-11	5.387899E-13	8.639223E-14	3.872665E-16	9.240521E-13	2.324163E-12	0.000000E+00	3.138484E-05	2.697170E-10	2.794467E-12	6.867073E-12	1.684541E-13	3.185080E-15	8.707575E-09	1.706886E-09	1.103184E-09	1.080219E-10	1.477860E-08	4.948167E-10	5.940764E-13	1.593577E-11	6.831426E-05	9.999974E-02	1.318270E-12	2.765283E-07	6.682220E-09	2.997151E-04	4.978782E-01	4.243573E-03	3.164662E-05	1.000000E+00	
0.000000E+00	2.569510E-09	2.676109E-07	0.000000E+00	2.188964E-11	9.248012E-13	2.400169E-13	8.580373E-16	9.420656E-13	2.784064E-12	0.000000E+00	2.029748E-05	4.839378E-10	3.651943E-12	1.381615E-11	2.096741E-13	5.903469E-15	8.368361E-09	3.261274E-09	1.121968E-09	1.205334E-10	1.378991E-08	8.115702E-10	1.109180E-12	1.159507E-11	7.938978E-05	9.999973E-02	1.195176E-12	2.891429E-07	1.258239E-08	2.996950E-04	4.981781E-01	3.643716E-03	2.056897E-05	1.000000E+00	
0.000000E+00	4.114991E-09	2.705580E-07	0.000000E+00	2.192546E-11	1.726398E-12	7.868090E-13	2.237776E-15	9.957785E-13	3.619547E-12	0.000000E+00	1.218933E-05	9.316277E-10	5.086225E-12	3.176554E-11	2.720841E-13	1.272460E-14	7.537283E-09	6.965734E-09	1.182553E-09	1.365037E-10	1.272091E-08	1.427254E-09	2.320170E-12	8.011510E-12	8.748226E-05	9.999973E-02	1.462041E-12	3.056415E-07	2.674452E-08	2.996606E-04	4.983619E-01	3.276074E-03	1.246540E-05	1.000000E+00	
0.000000E+00	6.188720E-09	2.293308E-07	0.000000E+00	2.179743E-11	3.211585E-12	2.666890E-12	5.741263E-15	1.096861E-12	4.781316E-12	0.000000E+00	7.638936E-06	1.984910E-09	7.001860E-12	6.923377E-11	3.686555E-13	2.667046E-14	7.022557E-09	1.524277E-08	1.300312E-09	1.607193E-10	1.315870E-08	2.781026E-09	4.928891E-12	6.017472E-12	9.191747E-05	9.999977E-02	2.041205E-12	4.184737E-07	5.727453E-08	2.995089E-04	4.984500E-01	3.099773E-03	7.876037E-06	1.000000E+00	
0.000000E+00	7.644286E-09	1.206080E-07	0.000000E+00	2.142803E-11	4.798390E-12	7.590157E-12	1.075530E-14	1.251250E-12	5.727246E-12	0.000000E+00	5.920302E-06	4.444264E-09	8.531121E-12	1.098444E-10	5.194842E-13	4.154740E-14	7.148246E-09	2.993101E-08	1.498664E-09	1.846667E-10	1.621280E-08	5.696310E-09	9.193689E-12	5.348082E-12	9.302343E-05	9.999988E-02	2.472209E-12	1.022564E-06	1.037335E-07	2.988436E-04	4.984861E-01	3.027537E-03	6.050406E-06	1.000000E+00	
0.000000E+00	9.089960E-09	7.501768E-09	0.000000E+00	2.104197E-11	6.399639E-12	1.928842E-11	1.838858E-14	1.435712E-12	6.445068E-12	0.000000E+00	4.842158E-06	1.011404E-08	9.711202E-12	1.557183E-10	7.184675E-13	5.449468E-14	6.707062E-09	5.636101E-08	1.873584E-09	1.978700E-10	1.960157E-08	1.177619E-08	2.104972E-11	4.635521E-12	7.490478E-05	9.999999E-02	2.346191E-12	2.020463E-05	1.741830E-07	2.795646E-04	4.985170E-01	2.965638E-03	4.861051E-06	1.000000E+00	
0.000000E+00	1.912444E-08	1.917666E-09	0.000000E+00	2.103238E-11	1.714445E-11	1.165355E-10	8.785128E-14	1.674013E-12	9.488031E-12	0.000000E+00	1.905104E-06	2.420776E-08	1.474640E-11	5.975565E-10	9.756073E-13	1.592196E-13	3.142299E-09	1.729949E-07	2.810723E-09	2.104393E-10	1.257140E-08	2.518250E-08	1.623237E-10	2.076890E-12	1.827723E-05	1.000000E-01	1.192216E-12	7.975217E-05	5.917401E-07	2.194821E-04	4.985658E-01	2.867223E-03	1.929995E-06	1.000000E+00	
0.000000E+00	3.825265E-08	1.577302E-09	0.000000E+00	2.103516E-11	4.502148E-11	1.128443E-09	3.181310E-13	1.810324E-12	1.523422E-11	0.000000E+00	5.217696E-07	4.386144E-08	2.434236E-11	3.389103E-09	1.137526E-12	7.968275E-13	9.341669E-10	6.218318E-07	3.339469E-09	1.619577E-10	5.035271E-09	4.024882E-08	1.106437E-09	5.790880E-13	2.508436E-06	1.000000E-01	3.289654E-13	9.687840E-05	2.510126E-06	1.999828E-04	4.985773E-01	2.841201E-03	5.697071E-07	1.000000E+00	
0.000000E+00	4.845736E-08	1.535836E-09	0.000000E+00	2.103597E-11	5.592313E-11	7.126058E-09	4.564406E-13	1.808437E-12	1.794655E-11	0.000000E+00	1.979413E-07	5.498712E-08	2.976886E-11	9.222394E-09	1.192811E-12	2.029592E-12	3.450868E-10	1.592503E-06	3.453792E-09	9.010203E-11	2.342676E-09	4.591883E-08	2.979562E-09	1.929989E-13	5.225071E-07	1.000000E-01	8.830825E-14	9.917283E-05	6.934390E-06	1.922738E-04	4.985845E-01	2.820326E-03	2.638108E-07	1.000000E+00	
0.000000E+00	5.152945E-08	1.517937E-09	0.000000E+00	2.103671E-11	4.735557E-11	3.689077E-08	4.267596E-13	1.718438E-12	1.792564E-11	0.000000E+00	8.726371E-08	5.150682E-08	3.200868E-11	1.665266E-08	1.216005E-12	3.656954E-12	1.519116E-10	3.414467E-06	3.449583E-09	4.527211E-11	1.203938E-09	4.201376E-08	4.994432E-09	7.497959E-14	1.377301E-07	1.000000E-01	2.532161E-14	9.967504E-05	1.602539E-05	1.807896E-04	4.986077E-01	2.761244E-03	1.655785E-07	1.000000E+00	
0.000000E+00	5.076166E-08	1.498841E-09	0.000000E+00	2.103765E-11	3.348384E-11	1.434957E-07	3.165829E-13	1.551740E-12	1.615105E-11	0.000000E+00	4.470005E-08	3.964674E-08	3.277372E-11	2.325064E-08	1.223806E-12	6.646072E-12	8.165980E-11	6.083829E-06	3.387561E-09	2.436399E-11	7.218977E-10	3.262752E-08	6.199660E-09	3.550585E-14	4.891145E-08	1.000000E-01	9.053429E-15	9.982705E-05	3.145079E-05	1.623218E-04	4.986446E-01	2.666682E-03	1.299360E-07	1.000000E+00	
0.000000E+00	4.892916E-08	1.479417E-09	0.000000E+00	2.103851E-11	2.414014E-11	3.429314E-07	2.287814E-13	1.371926E-12	1.400637E-11	0.000000E+00	2.858815E-08	3.037174E-08	3.309657E-11	2.763461E-08	1.222903E-12	1.208380E-11	5.550943E-11	8.659194E-06	3.317274E-09	1.593261E-11	5.407503E-10	2.472925E-08	6.581172E-09	2.187873E-14	2.575601E-08	1.000000E-01	4.662120E-15	9.988334E-05	4.907924E-05	1.416581E-04	4.986792E-01	2.574699E-03	1.166529E-07	1.000000E+00	
0.000000E+00	4.773388E-08	1.467268E-09	0.000000E+00	2.103899E-11	2.012759E-11	5.020531E-07	1.889385E-13	1.260560E-12	1.268647E-11	0.000000E+00	2.307583E-08	2.616219E-08	3.327214E-11	2.973136E-08	1.220105E-12	1.661172E-11	4.654735E-11	1.014618E-05	3.275760E-09	1.297695E-11	4.869280E-10	2.096016E-08	6.637089E-09	1.741194E-14	1.925419E-08	1.000000E-01	3.421796E-15	9.990334E-05	6.062292E-05	1.282870E-04	4.986984E-01	2.521818E-03	1.120406E-07	1.000000E+00	
0.000000E+00	4.728796E-08	1.462669E-09	0.000000E+00	2.103917E-11	1.885628E-11	5.640602E-07	1.760578E-13	1.218746E-12	1.219730E-11	0.000000E+00	2.146730E-08	2.478789E-08	3.334101E-11	3.044052E-08	1.218741E-12	1.841260E-11	4.391466E-11	1.068666E-05	3.260655E-09	1.210434E-11	4.758677E-10	1.970650E-08	6.638117E-09	1.612595E-14	1.747458E-08	1.000000E-01	3.082847E-15	9.990937E-05	6.507892E-05	1.231598E-04	4.987052E-01	2.502684E-03	1.106758E-07	1.000000E+00	
0.000000E+00	4.717074E-08	1.461453E-09	0.000000E+00	2.103921E-11	1.853493E-11	5.797612E-07	1.727585E-13	1.207716E-12	1.206901E-11	0.000000E+00	2.107533E-08	2.443309E-08	3.335968E-11	3.062175E-08	1.218358E-12	1.887173E-11	4.326494E-11	1.082777E-05	3.256714E-09	1.188941E-11	4.750291E-10	1.937982E-08	6.636964E-09	1.581214E-14	1.703488E-08	1.000000E-01	2.999455E-15	9.991089E-05	6.626540E-05	1.217991E-04	4.987070E-01	2.497702E-03	1.103413E-07	1.000000E+00	
0.000000E+00	4.714668E-08	1.461203E-09	0.000000E+00	2.103922E-11	1.846837E-11	5.828025E-07	1.720673E-13	1.205452E-12	1.204273E-11	0.000000E+00	2.099643E-08	2.435837E-08	3.336356E-11	3.065868E-08	1.218278E-12	1.896087E-11	4.313133E-11	1.085666E-05	3.255908E-09	1.184544E-11	4.755148E-10	1.931046E-08	6.636657E-09	1.574826E-14	1.694022E-08	1.000000E-01	2.981639E-15	9.991121E-05	6.650955E-05	1.215196E-04	4.987073E-01	2.496682E-03	1.102739E-07	1.000000E+00	
