2.309612E-08	9.125870E-09	2.657390E-10	1.334884E-12	1.013468E-13	2.611716E-14	6.796437E-15	2.034484E-15	5.639790E-16	1.686231E-16	4.810145E-17	1.451323E-17	4.187975E-18	1.302642E-18	3.645827E-19	9.102715E-20	2.563063E-20	6.382730E-21	1.518702E-21	3.606592E-22	8.188967E-23	1.805015E-23	3.623762E-24	7.229752E-25	1.547127E-24	1.676777E-24	1.327609E-24	8.368741E-25	5.602048E-25	1.263995E-24	9.398678E-25	1.156457E-24	7.088389E-26	1.471901E-24	2.009689E-24	1.815213E-24	2.271717E-24	1.984547E-24	6.364404E-25	6.069963E-24	0.000000E+00	
2.310849E-08	9.131323E-09	2.659691E-10	1.346104E-12	1.035000E-13	2.667363E-14	6.941248E-15	2.077818E-15	5.759917E-16	1.722136E-16	4.912565E-17	1.482218E-17	4.277121E-18	1.330368E-18	3.723427E-19	9.296401E-20	2.617622E-20	6.517415E-21	1.551044E-21	3.691427E-22	8.586321E-23	2.004095E-23	4.770829E-24	2.356738E-24	9.196730E-25	4.965911E-25	0.000000E+00	0.000000E+00	0.000000E+00	0.000000E+00	0.000000E+00	0.000000E+00	0.000000E+00	0.000000E+00	0.000000E+00	0.000000E+00	5.204210E-25	2.428429E-25	2.579689E-24	0.000000E+00	8.301493E-24	
2.311005E-08	9.132009E-09	2.659980E-10	1.347506E-12	1.037691E-13	2.674317E-14	6.959343E-15	2.083232E-15	5.774927E-16	1.726623E-16	4.925363E-17	1.486079E-17	4.288261E-18	1.333832E-18	3.733118E-19	9.320768E-20	2.624532E-20	6.535122E-21	1.554790E-21	3.685094E-22	8.370034E-23	1.801582E-23	3.038516E-24	0.000000E+00	0.000000E+00	0.000000E+00	0.000000E+00	0.000000E+00	6.537069E-25	0.000000E+00	0.000000E+00	5.634360E-25	2.027562E-25	1.123338E-24	7.746740E-25	0.000000E+00	1.906292E-24	2.160848E-26	2.110159E-24	1.598926E-24	2.475180E-24	
2.311181E-08	9.132784E-09	2.660306E-10	1.349089E-12	1.040727E-13	2.682162E-14	6.979759E-15	2.089342E-15	5.791863E-16	1.731685E-16	4.939802E-17	1.490434E-17	4.300827E-18	1.337738E-18	3.744052E-19	9.348094E-20	2.632058E-20	6.553616E-21	1.560017E-21	3.707922E-22	8.568630E-23	1.972672E-23	3.576910E-24	1.454028E-25	0.000000E+00	3.592662E-25	0.000000E+00	0.000000E+00	0.000000E+00	1.393444E-25	7.754818E-25	3.916789E-25	2.022513E-25	1.267832E-24	0.000000E+00	0.000000E+00	1.042962E-24	0.000000E+00	0.000000E+00	0.000000E+00	7.726545E-25	
2.311380E-08	9.133661E-09	2.660674E-10	1.350876E-12	1.044154E-13	2.691020E-14	7.002810E-15	2.096240E-15	5.810985E-16	1.737401E-16	4.956105E-17	1.495352E-17	4.315018E-18	1.342152E-18	3.756394E-19	9.378892E-20	2.640910E-20	6.575313E-21	1.564844E-21	3.713415E-22	8.671422E-23	2.046989E-23	6.516067E-24	2.992875E-24	8.907944E-25	8.815047E-25	1.177965E-24	5.252678E-25	3.744123E-25	1.270659E-24	2.938349E-25	0.000000E+00	0.000000E+00	0.000000E+00	0.000000E+00	9.398678E-25	2.361786E-24	0.000000E+00	0.000000E+00	0.000000E+00	2.823945E-24	
2.311606E-08	9.134653E-09	2.661091E-10	1.352895E-12	1.048027E-13	2.701030E-14	7.028857E-15	2.104034E-15	5.832593E-16	1.743859E-16	4.974528E-17	1.500909E-17	4.331054E-18	1.347139E-18	3.770361E-19	9.413706E-20	2.650713E-20	6.600127E-21	1.570100E-21	3.726259E-22	8.529977E-23	1.866730E-23	4.312002E-24	8.203144E-25	1.231885E-25	0.000000E+00	0.000000E+00	0.000000E+00	0.000000E+00	0.000000E+00	0.000000E+00	0.000000E+00	0.000000E+00	7.607396E-25	5.276911E-25	3.473512E-25	1.299235E-24	5.005291E-25	4.941677E-25	2.789614E-24	5.680505E-24	
2.311862E-08	9.135778E-09	2.661564E-10	1.355179E-12	1.052408E-13	2.712350E-14	7.058316E-15	2.112850E-15	5.857030E-16	1.751163E-16	4.995363E-17	1.507195E-17	4.349189E-18	1.352782E-18	3.786165E-19	9.453246E-20	2.661876E-20	6.628870E-21	1.578892E-21	3.762601E-22	8.714356E-23	1.999491E-23	4.612097E-24	1.875293E-24	3.457356E-25	4.113689E-25	0.000000E+00	0.000000E+00	0.000000E+00	0.000000E+00	0.000000E+00	0.000000E+00	0.000000E+00	0.000000E+00	0.000000E+00	0.000000E+00	0.000000E+00	0.000000E+00	0.000000E+00	3.498352E-24	6.830601E-24	
2.312152E-08	9.137055E-09	2.662100E-10	1.357765E-12	1.057367E-13	2.725166E-14	7.091668E-15	2.122830E-15	5.884697E-16	1.759433E-16	5.018951E-17	1.514310E-17	4.369719E-18	1.359164E-18	3.803998E-19	9.497571E-20	2.674199E-20	6.658234E-21	1.583009E-21	3.762432E-22	8.451298E-23	1.754608E-23	2.938753E-24	0.000000E+00	0.000000E+00	0.000000E+00	0.000000E+00	0.000000E+00	0.000000E+00	0.000000E+00	4.143981E-25	1.313977E-24	0.000000E+00	5.899922E-25	0.000000E+00	0.000000E+00	0.000000E+00	0.000000E+00	0.000000E+00	0.000000E+00	0.000000E+00	
2.312482E-08	9.138506E-09	2.662708E-10	1.360696E-12	1.062987E-13	2.739691E-14	7.129467E-15	2.134141E-15	5.916053E-16	1.768805E-16	5.045685E-17	1.522375E-17	4.392989E-18	1.366402E-18	3.824271E-19	9.548318E-20	2.688607E-20	6.694439E-21	1.593298E-21	3.776819E-22	8.613180E-23	1.906231E-23	3.721505E-24	5.957478E-25	2.168926E-25	0.000000E+00	0.000000E+00	0.000000E+00	0.000000E+00	0.000000E+00	0.000000E+00	0.000000E+00	0.000000E+00	0.000000E+00	0.000000E+00	0.000000E+00	5.554591E-25	0.000000E+00	0.000000E+00	0.000000E+00	0.000000E+00	
2.312858E-08	9.140157E-09	2.663399E-10	1.364023E-12	1.069366E-13	2.756176E-14	7.172366E-15	2.146978E-15	5.951639E-16	1.779442E-16	5.076026E-17	1.531527E-17	4.419397E-18	1.374615E-18	3.847257E-19	9.605668E-20	2.704727E-20	6.736444E-21	1.603795E-21	3.826526E-22	8.784270E-23	1.936362E-23	5.276911E-24	1.769472E-24	6.379550E-25	9.883354E-25	3.271564E-26	7.338805E-25	0.000000E+00	0.000000E+00	0.000000E+00	0.000000E+00	0.000000E+00	0.000000E+00	0.000000E+00	0.000000E+00	0.000000E+00	0.000000E+00	0.000000E+00	3.954150E-25	0.000000E+00	
2.313287E-08	9.142041E-09	2.664188E-10	1.367805E-12	1.076616E-13	2.774912E-14	7.221122E-15	2.161568E-15	5.992085E-16	1.791530E-16	5.110509E-17	1.541929E-17	4.449413E-18	1.383949E-18	3.873386E-19	9.671019E-20	2.723161E-20	6.782345E-21	1.615060E-21	3.843938E-22	8.811857E-23	1.945571E-23	4.942889E-24	1.059017E-24	1.213104E-24	0.000000E+00	7.411506E-25	4.959853E-25	1.771087E-25	1.172512E-24	5.179976E-25	0.000000E+00	4.564034E-26	0.000000E+00	1.693337E-25	0.000000E+00	0.000000E+00	9.275490E-25	0.000000E+00	0.000000E+00	1.929920E-24	
2.313777E-08	9.144194E-09	2.665088E-10	1.372112E-12	1.084870E-13	2.796242E-14	7.276630E-15	2.178178E-15	6.038131E-16	1.805293E-16	5.149768E-17	1.553771E-17	4.483581E-18	1.394576E-18	3.903118E-19	9.745027E-20	2.743979E-20	6.832388E-21	1.625308E-21	3.851616E-22	8.775829E-23	1.905827E-23	4.181543E-24	5.969594E-25	4.806372E-25	1.930627E-25	0.000000E+00	1.308626E-25	0.000000E+00	0.000000E+00	0.000000E+00	0.000000E+00	0.000000E+00	0.000000E+00	0.000000E+00	0.000000E+00	0.000000E+00	0.000000E+00	0.000000E+00	1.280959E-24	2.769722E-25	
2.314339E-08	9.146662E-09	2.666117E-10	1.377025E-12	1.094284E-13	2.820571E-14	7.339942E-15	2.197123E-15	6.090652E-16	1.820991E-16	5.194546E-17	1.567279E-17	4.522557E-18	1.406697E-18	3.937045E-19	9.829892E-20	2.767833E-20	6.893382E-21	1.641298E-21	3.903044E-22	9.029234E-23	2.056360E-23	4.078954E-24	0.000000E+00	0.000000E+00	0.000000E+00	0.000000E+00	0.000000E+00	0.000000E+00	0.000000E+00	0.000000E+00	0.000000E+00	0.000000E+00	0.000000E+00	1.335586E-24	4.856859E-25	5.505113E-25	5.614165E-26	9.567305E-25	1.935271E-24	1.819353E-24	
2.314986E-08	9.149497E-09	2.667298E-10	1.382642E-12	1.105045E-13	2.848381E-14	7.412315E-15	2.218780E-15	6.150688E-16	1.838936E-16	5.245733E-17	1.582719E-17	4.567112E-18	1.420552E-18	3.975820E-19	9.926716E-20	2.794976E-20	6.958732E-21	1.656642E-21	3.938632E-22	9.001648E-23	1.929980E-23	3.827326E-24	2.071990E-25	1.252080E-26	0.000000E+00	2.811122E-25	0.000000E+00	1.118188E-24	1.183418E-25	0.000000E+00	0.000000E+00	0.000000E+00	0.000000E+00	0.000000E+00	0.000000E+00	7.795208E-25	0.000000E+00	0.000000E+00	0.000000E+00	7.845695E-25	
2.315731E-08	9.152765E-09	2.668657E-10	1.389082E-12	1.117377E-13	2.880251E-14	7.495252E-15	2.243598E-15	6.219488E-16	1.859500E-16	5.304391E-17	1.600414E-17	4.618166E-18	1.436430E-18	4.020268E-19	1.003758E-19	2.826308E-20	7.038212E-21	1.675608E-21	3.991991E-22	9.212886E-23	2.127728E-23	5.339919E-24	1.395867E-24	7.088389E-25	0.000000E+00	0.000000E+00	0.000000E+00	0.000000E+00	2.992875E-25	0.000000E+00	0.000000E+00	0.000000E+00	0.000000E+00	1.034077E-24	4.616540E-25	0.000000E+00	0.000000E+00	0.000000E+00	0.000000E+00	0.000000E+00	
2.317476E-08	9.160009E-09	2.671207E-10	1.396404E-12	1.130342E-13	2.912332E-14	7.575238E-15	2.266243E-15	6.278837E-16	1.876141E-16	5.348975E-17	1.613093E-17	4.652724E-18	1.446677E-18	4.047973E-19	1.010355E-19	2.844895E-20	7.081908E-21	1.685504E-21	4.014855E-22	9.240835E-23	2.038629E-23	4.329370E-24	9.774302E-25	1.954860E-25	7.144934E-25	4.523644E-25	1.845808E-25	0.000000E+00	1.871860E-24	4.240916E-25	1.449182E-24	1.352448E-24	5.261765E-25	0.000000E+00	2.766693E-26	0.000000E+00	6.003926E-25	0.000000E+00	0.000000E+00	0.000000E+00	
2.318476E-08	9.164388E-09	2.673022E-10	1.404933E-12	1.146661E-13	2.954485E-14	7.684884E-15	2.299034E-15	6.369692E-16	1.903281E-16	5.426350E-17	1.636422E-17	4.720007E-18	1.467593E-18	4.106499E-19	1.024953E-19	2.885819E-20	7.184357E-21	1.708557E-21	4.061735E-22	9.328804E-23	1.923397E-23	3.864484E-24	0.000000E+00	0.000000E+00	0.000000E+00	0.000000E+00	0.000000E+00	0.000000E+00	0.000000E+00	0.000000E+00	0.000000E+00	0.000000E+00	0.000000E+00	0.000000E+00	0.000000E+00	0.000000E+00	0.000000E+00	0.000000E+00	0.000000E+00	0.000000E+00	
2.319645E-08	9.169501E-09	2.675134E-10	1.414808E-12	1.165548E-13	3.003271E-14	7.811784E-15	2.336985E-15	6.474844E-16	1.934691E-16	5.515901E-17	1.663422E-17	4.797883E-18	1.491805E-18	4.174252E-19	1.041868E-19	2.933474E-20	7.303794E-21	1.736582E-21	4.114412E-22	9.410553E-23	1.976388E-23	3.992924E-24	7.993117E-25	7.324668E-25	0.000000E+00	1.746854E-25	6.421959E-26	0.000000E+00	0.000000E+00	0.000000E+00	2.884833E-25	6.666316E-25	5.354662E-25	0.000000E+00	0.000000E+00	0.000000E+00	0.000000E+00	0.000000E+00	1.399805E-24	3.750787E-24	
2.321020E-08	9.175506E-09	2.677608E-10	1.426293E-12	1.187504E-13	3.059981E-14	7.959300E-15	2.381102E-15	6.597079E-16	1.971205E-16	5.620000E-17	1.694809E-17	4.888408E-18	1.519946E-18	4.252992E-19	1.061534E-19	2.988854E-20	7.442157E-21	1.772847E-21	4.223827E-22	9.663796E-23	2.117388E-23	4.338255E-24	0.000000E+00	0.000000E+00	2.685914E-26	1.837730E-25	0.000000E+00	0.000000E+00	1.950821E-25	0.000000E+00	4.705398E-26	2.012416E-25	7.196431E-25	9.939900E-25	0.000000E+00	0.000000E+00	1.622655E-25	1.187457E-25	2.913106E-25	0.000000E+00	
2.322646E-08	9.182603E-09	2.680521E-10	1.439720E-12	1.213157E-13	3.126243E-14	8.131661E-15	2.432648E-15	6.739902E-16	2.013867E-16	5.741632E-17	1.731481E-17	4.994178E-18	1.552827E-18	4.344986E-19	1.084482E-19	3.053481E-20	7.601930E-21	1.809399E-21	4.302826E-22	9.880527E-23	2.212789E-23	4.796678E-24	1.744430E-24	3.839039E-25	9.945958E-25	6.730940E-25	1.366585E-24	1.880140E-25	6.106919E-25	0.000000E+00	6.575440E-25	0.000000E+00	3.296807E-25	0.000000E+00	0.000000E+00	0.000000E+00	6.747096E-25	0.000000E+00	0.000000E+00	1.538241E-24	
2.324587E-08	9.191058E-09	2.683978E-10	1.455512E-12	1.243310E-13	3.204128E-14	8.334257E-15	2.493235E-15	6.907777E-16	2.064013E-16	5.884600E-17	1.774587E-17	5.118505E-18	1.591481E-18	4.453136E-19	1.111478E-19	3.129444E-20	7.790751E-21	1.853145E-21	4.400795E-22	1.015292E-22	2.186576E-23	4.493352E-24	1.250061E-24	7.696253E-25	1.213710E-25	7.896182E-26	1.276314E-25	0.000000E+00	0.000000E+00	0.000000E+00	0.000000E+00	0.000000E+00	0.000000E+00	0.000000E+00	0.000000E+00	0.000000E+00	0.000000E+00	0.000000E+00	0.000000E+00	0.000000E+00	
2.326925E-08	9.201224E-09	2.688116E-10	1.474221E-12	1.279003E-13	3.296322E-14	8.574079E-15	2.564955E-15	7.106500E-16	2.123373E-16	6.053839E-17	1.825613E-17	5.265675E-18	1.637235E-18	4.581161E-19	1.143426E-19	3.219533E-20	8.016377E-21	1.909610E-21	4.544287E-22	1.043952E-22	2.235124E-23	4.046238E-24	3.566409E-25	0.000000E+00	0.000000E+00	0.000000E+00	0.000000E+00	4.959853E-25	0.000000E+00	0.000000E+00	0.000000E+00	4.288374E-25	0.000000E+00	0.000000E+00	0.000000E+00	0.000000E+00	0.000000E+00	2.155799E-25	1.999693E-24	4.854940E-24	
2.329771E-08	9.213580E-09	2.693118E-10	1.496573E-12	1.321609E-13	3.406372E-14	8.860349E-15	2.650564E-15	7.343710E-16	2.194229E-16	6.255854E-17	1.886520E-17	5.441348E-18	1.691849E-18	4.733984E-19	1.181573E-19	3.326838E-20	8.283694E-21	1.971639E-21	4.702663E-22	1.078493E-22	2.519831E-23	5.650920E-24	2.363604E-24	5.072944E-25	0.000000E+00	0.000000E+00	9.842965E-25	1.093147E-24	1.404147E-24	1.528749E-24	2.105009E-24	7.862861E-25	0.000000E+00	5.517230E-25	4.765982E-25	2.665719E-25	3.360421E-25	1.548944E-24	3.254701E-24	7.240557E-24	
2.333283E-08	9.228795E-09	2.699240E-10	1.523551E-12	1.372979E-13	3.539056E-14	9.205503E-15	2.753781E-15	7.629714E-16	2.279658E-16	6.499424E-17	1.959956E-17	5.653156E-18	1.757695E-18	4.918219E-19	1.227546E-19	3.456177E-20	8.605305E-21	2.048084E-21	4.858293E-22	1.104690E-22	2.402661E-23	4.531722E-24	2.968641E-25	0.000000E+00	5.248639E-25	3.412928E-26	0.000000E+00	1.754932E-25	0.000000E+00	0.000000E+00	0.000000E+00	0.000000E+00	0.000000E+00	0.000000E+00	5.954448E-25	7.528636E-25	6.141251E-25	0.000000E+00	0.000000E+00	0.000000E+00	
2.337687E-08	9.247827E-09	2.706845E-10	1.556518E-12	1.435671E-13	3.700984E-14	9.626734E-15	2.879746E-15	7.978757E-16	2.383917E-16	6.796680E-17	2.049578E-17	5.911649E-18	1.838059E-18	5.143092E-19	1.283661E-19	3.614193E-20	8.997451E-21	2.140449E-21	5.081898E-22	1.159790E-22	2.522578E-23	4.858474E-24	9.939900E-25	8.380858E-26	0.000000E+00	0.000000E+00	6.119036E-26	0.000000E+00	1.536827E-25	0.000000E+00	4.277267E-25	0.000000E+00	4.725592E-26	2.115712E-24	2.716307E-24	2.237588E-24	4.554946E-24	4.390762E-24	4.385713E-24	4.892503E-24	
2.343319E-08	9.272097E-09	2.716465E-10	1.597417E-12	1.513328E-13	3.901560E-14	1.014851E-14	3.035776E-15	8.411118E-16	2.513060E-16	7.164890E-17	2.160591E-17	6.231846E-18	1.937601E-18	5.421600E-19	1.353190E-19	3.809989E-20	9.485653E-21	2.257033E-21	5.367869E-22	1.233153E-22	2.776710E-23	7.701504E-24	2.272323E-24	7.304473E-25	1.336494E-24	1.967785E-24	1.719389E-24	1.746854E-24	6.088744E-25	1.113341E-24	1.417880E-24	2.046141E-24	1.506030E-24	2.164079E-24	0.000000E+00	7.047999E-26	1.007722E-24	4.246975E-25	0.000000E+00	0.000000E+00	
2.350697E-08	9.303789E-09	2.728910E-10	1.649124E-12	1.611320E-13	4.154659E-14	1.080694E-14	3.232663E-15	8.956711E-16	2.676022E-16	7.629533E-17	2.300676E-17	6.635897E-18	2.063214E-18	5.773088E-19	1.440906E-19	4.057010E-20	1.010055E-20	2.402555E-21	5.705850E-22	1.295487E-22	2.823279E-23	4.527683E-24	0.000000E+00	0.000000E+00	0.000000E+00	0.000000E+00	0.000000E+00	0.000000E+00	0.000000E+00	0.000000E+00	0.000000E+00	7.247928E-25	1.384356E-25	0.000000E+00	0.000000E+00	0.000000E+00	1.500678E-24	2.647947E-24	3.596701E-24	6.006450E-24	
2.360660E-08	9.346433E-09	2.745476E-10	1.716087E-12	1.737931E-13	4.481667E-14	1.165766E-14	3.487044E-15	9.661647E-16	2.886573E-16	8.229876E-17	2.481671E-17	7.157951E-18	2.225508E-18	6.227205E-19	1.554244E-19	4.376065E-20	1.089557E-20	2.594087E-21	6.173704E-22	1.427674E-22	3.104957E-23	6.658642E-24	0.000000E+00	0.000000E+00	0.000000E+00	0.000000E+00	0.000000E+00	0.000000E+00	0.000000E+00	0.000000E+00	0.000000E+00	0.000000E+00	1.133031E-24	1.762000E-25	0.000000E+00	0.000000E+00	0.000000E+00	0.000000E+00	0.000000E+00	0.000000E+00	
2.374649E-08	9.406065E-09	2.768358E-10	1.805571E-12	1.906639E-13	4.917396E-14	1.279126E-14	3.825999E-15	1.060099E-15	3.167129E-16	9.029846E-17	2.722847E-17	7.853600E-18	2.441769E-18	6.832316E-19	1.705259E-19	4.801286E-20	1.195492E-20	2.846365E-21	6.772505E-22	1.553141E-22	3.445522E-23	6.740633E-24	1.997673E-24	0.000000E+00	4.919463E-25	7.130798E-25	7.663941E-25	3.471493E-25	0.000000E+00	4.398436E-25	1.489167E-24	3.885487E-25	8.614109E-25	3.296707E-24	3.609121E-24	3.434738E-24	2.138734E-24	2.727313E-24	2.387535E-24	0.000000E+00	
2.395327E-08	9.493808E-09	2.801554E-10	1.930342E-12	2.141032E-13	5.522752E-14	1.436624E-14	4.296904E-15	1.190609E-15	3.556909E-16	1.014130E-16	3.057922E-17	8.820111E-18	2.742231E-18	7.673063E-19	1.915103E-19	5.392132E-20	1.342355E-20	3.194276E-21	7.579818E-22	1.738646E-22	3.810362E-23	8.204759E-24	2.237992E-24	7.754818E-25	0.000000E+00	1.577217E-25	0.000000E+00	4.650871E-25	0.000000E+00	7.361019E-25	0.000000E+00	0.000000E+00	0.000000E+00	0.000000E+00	0.000000E+00	4.102582E-25	8.290991E-25	0.000000E+00	6.353296E-25	1.697073E-24	
2.428121E-08	9.632253E-09	2.853102E-10	2.115103E-12	2.486560E-13	6.415095E-14	1.668804E-14	4.991050E-15	1.383005E-15	4.131486E-16	1.177978E-16	3.551867E-17	1.024492E-17	3.185159E-18	8.912481E-19	2.224446E-19	6.263218E-20	1.559363E-20	3.711118E-21	8.817992E-22	2.022000E-22	4.498804E-23	9.286395E-24	1.515421E-24	0.000000E+00	0.000000E+00	0.000000E+00	0.000000E+00	0.000000E+00	0.000000E+00	0.000000E+00	0.000000E+00	0.000000E+00	0.000000E+00	0.000000E+00	0.000000E+00	0.000000E+00	0.000000E+00	8.539388E-25	4.542425E-24	0.000000E+00	
2.485688E-08	9.873949E-09	2.941530E-10	2.414843E-12	3.043979E-13	7.854577E-14	2.043380E-14	6.110799E-15	1.693400E-15	5.058389E-16	1.442317E-16	4.348716E-17	1.254356E-17	3.899716E-18	1.091198E-18	2.723498E-19	7.668221E-20	1.909204E-20	4.542961E-21	1.080287E-21	2.479999E-22	5.448083E-23	1.189678E-23	2.294538E-24	0.000000E+00	0.000000E+00	0.000000E+00	0.000000E+00	0.000000E+00	0.000000E+00	0.000000E+00	0.000000E+00	0.000000E+00	2.718225E-25	0.000000E+00	7.032853E-25	2.126719E-24	0.000000E+00	0.000000E+00	1.326094E-24	3.784412E-24	
2.604076E-08	1.036820E-08	3.119024E-10	2.978174E-12	4.081856E-13	1.052642E-13	2.736731E-14	8.175733E-15	2.263938E-15	6.755600E-16	1.924733E-16	5.798419E-17	1.671405E-17	5.193218E-18	1.452611E-18	3.623658E-19	1.020193E-19	2.539511E-20	6.041932E-21	1.435304E-21	3.286843E-22	7.183951E-23	1.408469E-23	2.541722E-24	1.478262E-25	0.000000E+00	7.056077E-25	1.137777E-24	5.236522E-25	2.089358E-24	8.909963E-25	9.939900E-25	3.247330E-25	0.000000E+00	1.648404E-24	2.867667E-25	6.851099E-25	0.000000E+00	5.911029E-25	8.651469E-25	0.000000E+00	
2.836069E-08	1.133345E-08	3.461864E-10	4.024956E-12	6.005043E-13	1.548798E-13	4.027340E-14	1.202868E-14	3.331540E-15	9.939638E-16	2.832256E-16	8.531522E-17	2.459382E-17	7.641128E-18	2.137389E-18	5.331947E-19	1.501137E-19	3.736473E-20	8.891186E-21	2.114270E-21	4.853171E-22	1.070884E-22	2.321074E-23	3.964651E-24	1.309837E-24	0.000000E+00	6.710745E-25	0.000000E+00	1.930021E-24	2.569793E-24	1.877716E-24	1.568735E-24	6.789505E-25	1.590747E-24	5.561659E-25	4.361076E-25	5.157762E-25	9.014976E-25	0.000000E+00	1.226736E-24	2.935219E-24	
3.352883E-08	1.348475E-08	4.227449E-10	6.380879E-12	1.033297E-12	2.663837E-13	6.925606E-14	2.066557E-14	5.722598E-15	1.705835E-15	4.859146E-16	1.462741E-16	4.215254E-17	1.309071E-17	3.661068E-18	9.130101E-19	2.570346E-19	6.397234E-20	1.521877E-20	3.617390E-21	8.301977E-22	1.824062E-22	3.952574E-23	7.198248E-24	4.471137E-25	6.292712E-25	1.567927E-24	2.504160E-26	2.351891E-24	2.903412E-24	2.373701E-24	1.987778E-24	1.353660E-24	1.138181E-24	0.000000E+00	0.000000E+00	0.000000E+00	1.159790E-24	1.095570E-24	1.410509E-24	0.000000E+00	
4.560399E-08	1.855492E-08	6.086179E-10	1.273773E-11	2.212715E-12	5.696434E-13	1.480014E-13	4.406780E-14	1.219366E-14	3.627315E-15	1.032211E-15	3.102334E-16	8.931662E-17	2.770769E-17	7.744843E-18	1.929847E-18	5.432288E-19	1.351554E-19	3.214602E-20	7.640314E-21	1.753154E-21	3.885301E-22	8.562773E-23	2.201480E-23	8.540801E-24	6.783850E-24	6.304425E-24	4.244551E-24	4.018369E-24	5.644458E-24	3.668594E-24	7.131807E-24	3.217644E-24	7.645766E-25	3.798245E-24	2.131363E-24	3.038314E-24	4.641986E-24	2.556263E-24	1.417678E-25	6.313311E-24	
7.732739E-08	3.220865E-08	1.150728E-09	3.617094E-11	6.676770E-12	1.725783E-12	4.508073E-13	1.347550E-13	3.752759E-14	1.121274E-14	3.209608E-15	9.683590E-16	2.800524E-16	8.713281E-17	2.441494E-17	6.102737E-18	1.718945E-18	4.283193E-19	1.020300E-19	2.426635E-20	5.569006E-21	1.228799E-21	2.645653E-22	5.676608E-23	1.653150E-23	4.634312E-24	1.691520E-24	6.744268E-24	5.503498E-24	8.368741E-25	1.754932E-24	3.225116E-24	0.000000E+00	0.000000E+00	8.590885E-25	5.337900E-24	0.000000E+00	6.220818E-24	1.589576E-23	2.041678E-23	0.000000E+00	
1.485146E-07	6.482050E-08	2.689410E-09	1.289966E-10	2.471039E-11	6.380212E-12	1.670456E-12	4.980257E-13	1.390835E-13	4.147438E-14	1.189329E-14	3.584125E-15	1.037524E-15	3.226223E-16	9.044307E-17	2.261275E-17	6.370353E-18	1.587728E-18	3.783797E-19	8.999229E-20	2.064994E-20	4.542385E-21	9.570350E-22	1.956379E-22	3.640887E-23	1.077274E-23	0.000000E+00	3.027610E-24	2.560706E-24	3.061538E-24	2.988836E-26	1.389405E-25	2.584939E-24	1.139312E-23	7.051230E-24	9.328400E-24	2.881400E-24	5.777340E-24	9.883354E-25	0.000000E+00	0.000000E+00	
2.683346E-07	1.275077E-07	6.597798E-09	4.528597E-10	8.788219E-11	2.244481E-11	5.850108E-12	1.717600E-12	4.771861E-13	1.402244E-13	3.992760E-14	1.189648E-14	3.420701E-15	1.055414E-15	2.947431E-16	7.326280E-17	2.061839E-17	5.125852E-18	1.219185E-18	2.896708E-19	6.643689E-20	1.463805E-20	3.110975E-21	6.428066E-22	1.376642E-22	3.919091E-23	9.435029E-25	8.077936E-25	7.766127E-24	3.021148E-24	2.723880E-24	0.000000E+00	9.998869E-24	0.000000E+00	0.000000E+00	0.000000E+00	0.000000E+00	0.000000E+00	0.000000E+00	1.803157E-23	5.382086E-23	
2.737754E-07	1.407054E-07	8.459938E-09	6.241362E-10	1.071452E-10	2.317759E-11	5.108508E-12	1.199118E-12	2.641451E-13	5.798711E-14	1.203644E-14	2.504096E-15	4.930867E-16	1.057287E-16	2.113749E-17	3.085758E-18	6.141555E-19	9.245826E-20	1.170309E-20	1.813652E-21	2.546941E-22	2.032409E-23	0.000000E+00	0.000000E+00	0.000000E+00	0.000000E+00	0.000000E+00	0.000000E+00	0.000000E+00	0.000000E+00	0.000000E+00	0.000000E+00	0.000000E+00	0.000000E+00	0.000000E+00	0.000000E+00	0.000000E+00	0.000000E+00	0.000000E+00	0.000000E+00	0.000000E+00	
5.648638E-07	3.608083E-07	3.140666E-08	3.448455E-09	6.945704E-10	1.807949E-10	4.909634E-11	1.462232E-11	4.259886E-12	1.276231E-12	3.781967E-13	1.147583E-13	3.396456E-14	1.063804E-14	3.017382E-15	7.645030E-16	2.159901E-16	5.422002E-17	1.303509E-17	3.109750E-18	7.167282E-19	1.584354E-19	3.372934E-20	6.946462E-21	1.351251E-21	2.374461E-22	0.000000E+00	0.000000E+00	0.000000E+00	0.000000E+00	0.000000E+00	0.000000E+00	0.000000E+00	0.000000E+00	0.000000E+00	0.000000E+00	0.000000E+00	0.000000E+00	0.000000E+00	0.000000E+00	1.011826E-22	
6.068029E-07	4.304743E-07	4.278433E-08	5.022093E-09	9.950934E-10	2.526173E-10	6.739819E-11	1.944726E-11	5.556221E-12	1.614608E-12	4.687157E-13	1.388917E-13	4.039955E-14	1.244111E-14	3.495609E-15	8.736953E-16	2.463702E-16	6.148213E-17	1.470662E-17	3.500034E-18	8.052464E-19	1.777865E-19	3.787201E-20	7.790335E-21	1.567649E-21	3.137018E-22	5.237087E-23	3.703572E-23	2.848603E-23	8.041747E-23	3.561400E-23	4.588267E-25	5.824838E-23	1.506050E-23	3.989854E-23	5.175049E-23	9.335186E-23	8.337722E-23	5.437420E-23	1.893371E-22	4.758873E-23	
5.067303E-07	3.547446E-07	3.401828E-08	3.584687E-09	6.211726E-10	1.341921E-10	2.995127E-11	6.947532E-12	1.558837E-12	3.392855E-13	7.139455E-14	1.476893E-14	2.932763E-15	6.253228E-16	1.251322E-16	1.835177E-17	3.641896E-18	5.491808E-19	7.014476E-20	1.088974E-20	1.500092E-21	1.590642E-22	8.814643E-24	0.000000E+00	0.000000E+00	0.000000E+00	0.000000E+00	0.000000E+00	0.000000E+00	0.000000E+00	0.000000E+00	0.000000E+00	0.000000E+00	0.000000E+00	0.000000E+00	0.000000E+00	0.000000E+00	0.000000E+00	1.638852E-23	5.511091E-23	0.000000E+00	
6.447460E-07	5.279990E-07	6.194198E-08	7.987715E-09	1.594063E-09	4.046836E-10	1.090921E-10	3.138096E-11	9.073590E-12	2.635259E-12	7.718829E-13	2.289007E-13	6.697786E-14	2.064997E-14	5.821285E-15	1.460519E-15	4.122827E-16	1.031201E-16	2.473794E-17	5.893597E-18	1.358093E-18	3.002813E-19	6.402501E-20	1.321097E-20	2.690327E-21	5.665541E-22	1.564599E-22	9.396255E-23	4.764043E-23	3.377870E-23	3.407596E-23	1.751296E-23	1.499265E-24	4.544970E-23	0.000000E+00	0.000000E+00	0.000000E+00	1.178700E-22	4.862594E-23	7.857893E-23	1.995573E-23	
6.494606E-07	5.591563E-07	6.923794E-08	9.196530E-09	1.841146E-09	4.676462E-10	1.265761E-10	3.639580E-11	1.057203E-11	3.072027E-12	9.030180E-13	2.680077E-13	7.861338E-14	2.425641E-14	6.847397E-15	1.720859E-15	4.859826E-16	1.216715E-16	2.922241E-17	6.965128E-18	1.606137E-18	3.553240E-19	7.584921E-20	1.568805E-20	3.132468E-21	6.588235E-22	1.133884E-22	7.277897E-23	4.007302E-23	4.701359E-23	2.330969E-23	3.726836E-23	5.809005E-23	5.540171E-23	6.089471E-23	5.430958E-23	2.317721E-23	1.026189E-22	1.075432E-22	2.644361E-22	1.733848E-23	
6.502642E-07	5.844266E-07	7.571373E-08	1.030612E-08	2.069624E-09	5.260242E-10	1.429002E-10	4.108780E-11	1.198423E-11	3.484983E-12	1.027719E-12	3.053034E-13	8.975575E-14	2.771759E-14	7.834465E-15	1.972067E-15	5.571442E-16	1.396133E-16	3.356744E-17	8.004218E-18	1.846737E-18	4.087672E-19	8.726344E-20	1.806042E-20	3.625494E-21	6.900108E-22	1.690744E-22	7.585505E-23	4.698127E-23	6.771895E-23	6.592242E-23	1.197021E-22	8.088922E-23	4.848054E-23	5.769262E-23	3.910690E-23	9.660242E-23	1.975023E-22	2.313036E-22	1.470992E-22	0.000000E+00	
6.483935E-07	6.058726E-07	8.170605E-08	1.136294E-08	2.288256E-09	5.818750E-10	1.585729E-10	4.558734E-11	1.334346E-11	3.882383E-12	1.148024E-12	3.412891E-13	1.005246E-13	3.106349E-14	8.789608E-15	2.215487E-15	6.261204E-16	1.570192E-16	3.778749E-17	9.013846E-18	2.080753E-18	4.608014E-19	9.841490E-20	2.033960E-20	4.087901E-21	7.779246E-22	1.700244E-22	7.793592E-23	5.271984E-23	6.772541E-23	2.188151E-23	6.249091E-24	5.672003E-23	8.969094E-23	2.962341E-23	1.291823E-23	5.428050E-23	9.275086E-23	0.000000E+00	2.081846E-23	1.390633E-22	
6.445151E-07	6.248595E-07	8.747946E-08	1.241039E-08	2.506442E-09	6.377422E-10	1.743386E-10	5.012234E-11	1.472120E-11	4.286320E-12	1.270855E-12	3.781181E-13	1.115810E-13	3.450485E-14	9.773790E-15	2.466936E-15	6.974076E-16	1.750323E-16	4.216115E-17	1.006095E-17	2.323675E-18	5.148129E-19	1.099830E-19	2.276124E-20	4.546521E-21	9.398969E-22	2.072217E-22	2.454400E-23	0.000000E+00	2.525486E-23	3.644765E-24	9.512577E-24	0.000000E+00	0.000000E+00	0.000000E+00	0.000000E+00	0.000000E+00	0.000000E+00	0.000000E+00	0.000000E+00	0.000000E+00	
6.389205E-07	6.421140E-07	9.319737E-08	1.347854E-08	2.731159E-09	6.956048E-10	1.908075E-10	5.488682E-11	1.618093E-11	4.717003E-12	1.402730E-12	4.178579E-13	1.235720E-13	3.825051E-14	1.084800E-14	2.742445E-15	7.755708E-16	1.948204E-16	4.697503E-17	1.121449E-17	2.591504E-18	5.744175E-19	1.227933E-19	2.543971E-20	5.093765E-21	1.026311E-21	2.257945E-22	7.333473E-23	7.311501E-23	4.062879E-23	3.980160E-23	0.000000E+00	0.000000E+00	4.269027E-23	7.650128E-23	2.676382E-23	0.000000E+00	0.000000E+00	0.000000E+00	0.000000E+00	0.000000E+00	
6.315932E-07	6.574161E-07	9.879670E-08	1.455329E-08	2.958413E-09	7.541058E-10	2.075050E-10	5.971249E-11	1.766346E-11	5.154350E-12	1.536887E-12	4.582877E-13	1.357861E-13	4.206631E-14	1.194319E-14	3.023676E-15	8.553760E-16	2.150397E-16	5.189879E-17	1.239481E-17	2.865756E-18	6.355747E-19	1.358850E-19	2.806814E-20	5.568903E-21	1.083710E-21	1.644926E-22	4.349161E-24	0.000000E+00	0.000000E+00	0.000000E+00	0.000000E+00	0.000000E+00	0.000000E+00	0.000000E+00	0.000000E+00	0.000000E+00	1.439165E-23	2.109957E-24	0.000000E+00	0.000000E+00	
6.226836E-07	6.709456E-07	1.043147E-07	1.564294E-08	3.190430E-09	8.139287E-10	2.246555E-10	6.467474E-11	1.919440E-11	5.606828E-12	1.676125E-12	5.003134E-13	1.485109E-13	4.604617E-14	1.308699E-14	3.317967E-15	9.389168E-16	2.362288E-16	5.706542E-17	1.363417E-17	3.153976E-18	6.998124E-19	1.497241E-19	3.101295E-20	6.243611E-21	1.238806E-21	2.418599E-22	5.467793E-23	1.821736E-23	5.391537E-23	3.121314E-23	3.418582E-23	0.000000E+00	0.000000E+00	0.000000E+00	6.181236E-24	0.000000E+00	0.000000E+00	0.000000E+00	9.536165E-23	1.262226E-22	
6.122952E-07	6.826647E-07	1.097304E-07	1.674425E-08	3.426665E-09	8.749398E-10	2.422231E-10	6.976375E-11	2.077087E-11	6.073655E-12	1.820213E-12	5.438707E-13	1.617279E-13	5.018460E-14	1.427791E-14	3.624982E-15	1.026100E-15	2.583658E-16	6.246996E-17	1.493132E-17	3.455781E-18	7.671003E-19	1.641536E-19	3.396543E-20	6.820699E-21	1.311482E-21	2.120814E-22	1.652423E-23	0.000000E+00	0.000000E+00	1.751296E-24	0.000000E+00	8.956815E-24	0.000000E+00	0.000000E+00	0.000000E+00	0.000000E+00	0.000000E+00	0.000000E+00	0.000000E+00	0.000000E+00	
6.005700E-07	6.927960E-07	1.151047E-07	1.787341E-08	3.672041E-09	9.387882E-10	2.607881E-10	7.518307E-11	2.246489E-11	6.579185E-12	1.977384E-12	5.916588E-13	1.763055E-13	5.476750E-14	1.560053E-14	3.967339E-15	1.123379E-15	2.831145E-16	6.852375E-17	1.638583E-17	3.794604E-18	8.427134E-19	1.803790E-19	3.730477E-20	7.502787E-21	1.493772E-21	3.020889E-22	8.350001E-23	4.872611E-23	7.848522E-23	5.675234E-23	2.275393E-23	3.459295E-23	5.405108E-23	0.000000E+00	2.323537E-23	0.000000E+00	5.123673E-23	0.000000E+00	5.339515E-23	0.000000E+00	
5.875920E-07	7.009573E-07	1.203011E-07	1.900152E-08	3.919421E-09	1.003321E-09	2.796464E-10	8.069946E-11	2.419700E-11	7.097453E-12	2.139051E-12	6.409124E-13	1.913661E-13	5.950893E-14	1.697086E-14	4.322830E-15	1.224423E-15	3.088521E-16	7.482811E-17	1.790148E-17	4.147935E-18	9.217289E-19	1.973367E-19	4.083553E-20	8.182755E-21	1.576839E-21	2.868120E-22	2.214001E-23	0.000000E+00	0.000000E+00	0.000000E+00	0.000000E+00	0.000000E+00	0.000000E+00	0.000000E+00	0.000000E+00	0.000000E+00	0.000000E+00	0.000000E+00	0.000000E+00	0.000000E+00	
5.735238E-07	7.070214E-07	1.252432E-07	2.011183E-08	4.164897E-09	1.067419E-09	2.984427E-10	8.620006E-11	2.592930E-11	7.616392E-12	2.301261E-12	6.903768E-13	2.065139E-13	6.428087E-14	1.835138E-14	4.681573E-15	1.326420E-15	3.348587E-16	8.120631E-17	1.943590E-17	4.506066E-18	1.001831E-18	2.146575E-19	4.450150E-20	8.928768E-21	1.776357E-21	3.356156E-22	8.029468E-23	3.669321E-23	1.945167E-23	0.000000E+00	0.000000E+00	5.029000E-23	7.780668E-24	0.000000E+00	0.000000E+00	2.301565E-23	0.000000E+00	0.000000E+00	0.000000E+00	6.910836E-23	
5.609255E-07	7.143209E-07	1.305570E-07	2.131322E-08	4.433080E-09	1.137905E-09	3.192456E-10	9.232968E-11	2.787046E-11	8.201547E-12	2.485009E-12	7.466575E-13	2.238082E-13	6.974551E-14	1.993526E-14	5.094300E-15	1.443801E-15	3.648258E-16	8.856467E-17	2.120721E-17	4.919599E-18	1.094291E-18	2.345624E-19	4.858277E-20	9.753674E-21	1.916901E-21	3.930659E-22	8.260174E-23	5.769585E-23	3.339742E-23	2.994006E-23	6.660743E-23	2.009144E-23	1.877958E-23	0.000000E+00	0.000000E+00	0.000000E+00	0.000000E+00	0.000000E+00	0.000000E+00	1.674653E-22	
5.559839E-07	7.308422E-07	1.377171E-07	2.284592E-08	4.773170E-09	1.227139E-09	3.454446E-10	1.000434E-10	3.030159E-11	8.933486E-12	2.714123E-12	8.167598E-13	2.453089E-13	7.653431E-14	2.190113E-14	5.606067E-15	1.589310E-15	4.019561E-16	9.767736E-17	2.340061E-17	5.431657E-18	1.208847E-18	2.592491E-19	5.377107E-20	1.076252E-20	2.109815E-21	3.993990E-22	6.209671E-23	0.000000E+00	0.000000E+00	0.000000E+00	0.000000E+00	0.000000E+00	0.000000E+00	0.000000E+00	0.000000E+00	8.158715E-23	1.116371E-23	3.712296E-23	1.343167E-22	7.382264E-23	
5.497290E-07	7.452907E-07	1.446813E-07	2.438002E-08	5.117079E-09	1.317735E-09	3.721928E-10	1.079477E-10	3.280475E-11	9.690009E-12	2.951798E-12	8.896814E-13	2.677341E-13	8.362848E-14	2.395865E-14	6.143016E-15	1.742026E-15	4.409755E-16	1.072671E-16	2.571051E-17	5.971280E-18	1.329657E-18	2.852409E-19	5.916294E-20	1.183412E-20	2.315447E-21	4.228573E-22	5.525308E-23	8.058549E-24	0.000000E+00	0.000000E+00	0.000000E+00	6.614214E-23	0.000000E+00	9.732297E-24	1.155468E-23	6.036803E-23	1.703475E-23	1.841058E-22	0.000000E+00	0.000000E+00	
5.422259E-07	7.576742E-07	1.514413E-07	2.591729E-08	5.466541E-09	1.410486E-09	3.998204E-10	1.161703E-10	3.542834E-11	1.048826E-11	3.204033E-12	9.674352E-13	2.917447E-13	9.124885E-14	2.617383E-14	6.723091E-15	1.907067E-15	4.832137E-16	1.176656E-16	2.821757E-17	6.557613E-18	1.461021E-18	3.136638E-19	6.511739E-20	1.306471E-20	2.517317E-21	4.729147E-22	6.708564E-23	0.000000E+00	0.000000E+00	0.000000E+00	2.501575E-23	0.000000E+00	0.000000E+00	0.000000E+00	0.000000E+00	3.722959E-23	1.414964E-22	2.086143E-22	1.253566E-22	4.273680E-22	
5.336710E-07	7.675510E-07	1.577553E-07	2.739621E-08	5.805035E-09	1.500279E-09	4.265950E-10	1.241310E-10	3.797004E-11	1.126150E-11	3.448438E-12	1.042770E-12	3.150170E-13	9.863427E-14	2.832174E-14	7.286172E-15	2.067305E-15	5.242545E-16	1.277794E-16	3.065726E-17	7.128600E-18	1.589046E-18	3.412428E-19	7.087206E-20	1.425214E-20	2.821190E-21	5.393088E-22	1.391861E-22	8.185857E-23	5.544049E-23	3.848975E-23	0.000000E+00	1.866326E-23	2.013668E-23	1.169685E-24	1.132333E-22	1.024864E-22	5.807390E-23	4.359177E-23	1.234955E-22	0.000000E+00	
5.240673E-07	7.753466E-07	1.637938E-07	2.886416E-08	6.147251E-09	1.592091E-09	4.543060E-10	1.324581E-10	4.065545E-11	1.208614E-11	3.711079E-12	1.124246E-12	3.403213E-13	1.067000E-13	3.067416E-14	7.905445E-15	2.243595E-15	5.694930E-16	1.389490E-16	3.335453E-17	7.760514E-18	1.730877E-18	3.718931E-19	7.727073E-20	1.551901E-20	3.012437E-21	4.836809E-22	5.945361E-24	4.673570E-23	2.679290E-23	3.919414E-23	5.193143E-23	0.000000E+00	1.397160E-23	1.452090E-23	0.000000E+00	0.000000E+00	5.586377E-23	0.000000E+00	0.000000E+00	0.000000E+00	
5.136515E-07	7.807146E-07	1.693206E-07	3.025709E-08	6.475469E-09	1.680375E-09	4.810531E-10	1.405113E-10	4.325994E-11	1.288778E-11	3.966905E-12	1.203732E-12	3.650458E-13	1.145890E-13	3.297749E-14	8.512964E-15	2.416580E-15	6.139320E-16	1.499351E-16	3.600946E-17	8.383097E-18	1.870697E-18	4.020977E-19	8.358545E-20	1.678263E-20	3.236732E-21	6.443349E-22	1.305911E-22	7.258510E-23	3.313892E-23	6.848797E-23	3.845097E-24	0.000000E+00	1.747419E-23	7.606184E-24	3.635071E-23	9.923906E-23	6.606459E-23	8.078582E-23	1.993214E-22	1.135273E-22	
5.025364E-07	7.838049E-07	1.743420E-07	3.157522E-08	6.790367E-09	1.765519E-09	5.070069E-10	1.483602E-10	4.581021E-11	1.367604E-11	4.219309E-12	1.282375E-12	3.895687E-13	1.224283E-13	3.526974E-14	9.119063E-15	2.589205E-15	6.583364E-16	1.609284E-16	3.866833E-17	9.007148E-18	2.011014E-18	4.324675E-19	8.986789E-20	1.804037E-20	3.451062E-21	6.405738E-22	6.444254E-23	3.581434E-23	4.158521E-23	4.986348E-23	6.539250E-23	4.248994E-23	1.033782E-22	8.182626E-23	6.680776E-23	1.210269E-22	1.530995E-22	2.721036E-22	3.324523E-22	3.546311E-22	
4.908229E-07	7.847889E-07	1.788787E-07	3.282244E-08	7.093606E-09	1.848209E-09	5.324417E-10	1.561086E-10	4.834513E-11	1.446457E-11	4.473050E-12	1.361766E-12	4.144117E-13	1.303924E-13	3.760301E-14	9.737919E-15	2.765505E-15	7.037545E-16	1.721906E-16	4.139469E-17	9.647684E-18	2.155180E-18	4.636767E-19	9.646037E-20	1.938680E-20	3.783757E-21	6.773317E-22	1.033588E-22	7.696657E-24	6.940562E-24	0.000000E+00	5.218346E-23	0.000000E+00	0.000000E+00	0.000000E+00	0.000000E+00	1.431087E-23	0.000000E+00	0.000000E+00	0.000000E+00	0.000000E+00	
4.787184E-07	7.836494E-07	1.828182E-07	3.396249E-08	7.374601E-09	1.925090E-09	5.561896E-10	1.633608E-10	5.072461E-11	1.520672E-11	4.712341E-12	1.436766E-12	4.379172E-13	1.379361E-13	3.981555E-14	1.032595E-14	2.933069E-15	7.469729E-16	1.829217E-16	4.399458E-17	1.025909E-17	2.292856E-18	4.935636E-19	1.026643E-19	2.067199E-20	4.027051E-21	7.560689E-22	1.353474E-22	2.267638E-23	4.069987E-23	6.232289E-23	3.050229E-24	3.743639E-23	9.276055E-23	1.597493E-23	6.281403E-24	0.000000E+00	0.000000E+00	0.000000E+00	0.000000E+00	0.000000E+00	
4.662777E-07	7.806874E-07	1.862538E-07	3.501835E-08	7.640305E-09	1.998512E-09	5.790968E-10	1.704136E-10	5.305556E-11	1.593873E-11	4.949572E-12	1.511447E-12	4.614064E-13	1.454965E-13	4.203739E-14	1.091831E-14	3.101904E-15	7.905856E-16	1.937680E-16	4.662498E-17	1.087832E-17	2.432501E-18	5.237846E-19	1.090443E-19	2.198217E-20	4.321696E-21	8.086078E-22	1.673231E-22	7.380002E-23	1.740957E-23	0.000000E+00	0.000000E+00	0.000000E+00	0.000000E+00	0.000000E+00	0.000000E+00	0.000000E+00	0.000000E+00	0.000000E+00	0.000000E+00	0.000000E+00	
4.538305E-07	7.761705E-07	1.891487E-07	3.596745E-08	7.882827E-09	2.065763E-09	6.001636E-10	1.769154E-10	5.520995E-11	1.661705E-11	5.169783E-12	1.580885E-12	4.832772E-13	1.525430E-13	4.411042E-14	1.147211E-14	3.259790E-15	8.314177E-16	2.039365E-16	4.909281E-17	1.145977E-17	2.563643E-18	5.522707E-19	1.149994E-19	2.317008E-20	4.485413E-21	8.576312E-22	1.986526E-22	7.348983E-23	7.827843E-23	7.719275E-23	0.000000E+00	0.000000E+00	1.644668E-23	3.316477E-23	0.000000E+00	0.000000E+00	0.000000E+00	0.000000E+00	2.749729E-23	0.000000E+00	
4.413995E-07	7.702833E-07	1.915529E-07	3.682045E-08	8.105267E-09	2.127896E-09	6.197704E-10	1.830003E-10	5.723614E-11	1.725810E-11	5.378590E-12	1.646927E-12	5.041287E-13	1.592742E-13	4.609362E-14	1.200325E-14	3.411260E-15	8.706433E-16	2.137193E-16	5.146941E-17	1.202033E-17	2.690247E-18	5.797547E-19	1.207567E-19	2.433192E-20	4.694664E-21	8.730633E-22	1.725641E-22	4.644490E-23	0.000000E+00	0.000000E+00	0.000000E+00	0.000000E+00	0.000000E+00	6.921175E-23	1.147972E-22	9.472187E-23	4.759197E-23	0.000000E+00	0.000000E+00	0.000000E+00	
4.292746E-07	7.628994E-07	1.932289E-07	3.749653E-08	8.282139E-09	2.176467E-09	6.348835E-10	1.876166E-10	5.875556E-11	1.773397E-11	5.532294E-12	1.695234E-12	5.193049E-13	1.641493E-13	4.752801E-14	1.238716E-14	3.520845E-15	8.990437E-16	2.208123E-16	5.319391E-17	1.242776E-17	2.782467E-18	5.998475E-19	1.249730E-19	2.517262E-20	4.890408E-21	8.934972E-22	1.343070E-22	3.031488E-23	3.806323E-24	0.000000E+00	0.000000E+00	0.000000E+00	0.000000E+00	9.267008E-24	0.000000E+00	0.000000E+00	0.000000E+00	0.000000E+00	0.000000E+00	0.000000E+00	
4.171863E-07	7.547525E-07	1.946547E-07	3.813740E-08	8.456455E-09	2.225603E-09	6.505383E-10	1.925035E-10	6.039203E-11	1.825485E-11	5.702579E-12	1.749294E-12	5.364231E-13	1.696868E-13	4.916319E-14	1.282696E-14	3.646361E-15	9.316307E-16	2.289630E-16	5.517746E-17	1.289662E-17	2.888573E-18	6.230152E-19	1.298751E-19	2.618970E-20	5.110554E-21	9.747677E-22	1.804611E-22	1.698305E-23	0.000000E+00	0.000000E+00	0.000000E+00	0.000000E+00	1.182610E-24	0.000000E+00	0.000000E+00	0.000000E+00	0.000000E+00	0.000000E+00	8.958108E-23	2.124368E-22	
4.054690E-07	7.460060E-07	1.957315E-07	3.869943E-08	8.613121E-09	2.270080E-09	6.648035E-10	1.969788E-10	6.189677E-11	1.873590E-11	5.860260E-12	1.799486E-12	5.523481E-13	1.748465E-13	5.068884E-14	1.323827E-14	3.763783E-15	9.621558E-16	2.366088E-16	5.703978E-17	1.333721E-17	2.988279E-18	6.446543E-19	1.344308E-19	2.709795E-20	5.259033E-21	9.928623E-22	1.466953E-22	5.450345E-23	6.736352E-23	4.452558E-23	2.804659E-23	1.896699E-23	2.466678E-23	8.633051E-23	7.415545E-23	7.791654E-23	4.759520E-23	2.211093E-22	0.000000E+00	0.000000E+00	
3.944121E-07	7.371484E-07	1.965467E-07	3.919157E-08	8.752310E-09	2.309550E-09	6.774491E-10	2.009396E-10	6.322648E-11	1.916091E-11	5.999426E-12	1.843780E-12	5.663977E-13	1.793968E-13	5.203487E-14	1.360160E-14	3.867559E-15	9.891607E-16	2.433813E-16	5.869067E-17	1.372819E-17	3.076981E-18	6.640139E-19	1.385293E-19	2.792284E-20	5.435003E-21	9.742895E-22	1.265392E-22	0.000000E+00	0.000000E+00	0.000000E+00	0.000000E+00	3.605990E-24	4.756935E-23	6.100457E-24	4.760489E-23	0.000000E+00	0.000000E+00	0.000000E+00	6.933131E-23	0.000000E+00	
3.842541E-07	7.286834E-07	1.972215E-07	3.963386E-08	8.877519E-09	2.344733E-09	6.886206E-10	2.044108E-10	6.438346E-11	1.952895E-11	6.119350E-12	1.881840E-12	5.784370E-13	1.832868E-13	5.318483E-14	1.391199E-14	3.956269E-15	1.012259E-15	2.491796E-16	6.010494E-17	1.406357E-17	3.153117E-18	6.806536E-19	1.420200E-19	2.866081E-20	5.586959E-21	1.079613E-21	2.031375E-22	1.357093E-24	4.004071E-23	0.000000E+00	1.615587E-24	1.071457E-23	4.270320E-23	7.503433E-23	2.737128E-23	4.257395E-23	5.558266E-23	8.924503E-23	9.858313E-23	2.440506E-23	
3.751329E-07	7.211631E-07	1.979639E-07	4.007593E-08	9.001625E-09	2.379453E-09	6.995804E-10	2.078049E-10	6.550953E-11	1.988629E-11	6.235442E-12	1.918628E-12	5.900543E-13	1.870360E-13	5.429252E-14	1.421080E-14	4.041681E-15	1.034497E-15	2.547619E-16	6.146658E-17	1.438648E-17	3.226408E-18	6.966434E-19	1.454221E-19	2.938483E-20	5.746204E-21	1.147351E-21	2.477600E-22	9.959772E-23	6.682068E-23	1.742249E-23	1.353862E-23	0.000000E+00	8.026237E-24	0.000000E+00	1.414931E-23	6.567362E-23	0.000000E+00	0.000000E+00	0.000000E+00	1.719663E-22	
3.673307E-07	7.149633E-07	1.988036E-07	4.050850E-08	9.118695E-09	2.411246E-09	7.093142E-10	2.107410E-10	6.645983E-11	2.018198E-11	6.329814E-12	1.948155E-12	5.992741E-13	1.899829E-13	5.515925E-14	1.444341E-14	4.108243E-15	1.051809E-15	2.591057E-16	6.252602E-17	1.463782E-17	3.283494E-18	7.091419E-19	1.480558E-19	2.994088E-20	5.841136E-21	1.095820E-21	2.192739E-22	8.480540E-23	6.526326E-23	3.257024E-23	2.007852E-23	0.000000E+00	4.337528E-23	4.687141E-23	0.000000E+00	0.000000E+00	7.435901E-23	1.133496E-22	1.534000E-22	1.857473E-22	
3.609216E-07	7.106482E-07	2.000005E-07	4.099972E-08	9.247419E-09	2.445834E-09	7.197601E-10	2.138636E-10	6.745947E-11	2.049037E-11	6.427454E-12	1.978528E-12	6.087050E-13	1.929848E-13	5.603955E-14	1.467865E-14	4.175536E-15	1.069276E-15	2.634799E-16	6.359160E-17	1.489035E-17	3.340872E-18	7.216765E-19	1.507191E-19	3.047561E-20	5.930510E-21	1.123344E-21	1.809264E-22	1.231077E-23	1.788132E-23	3.263486E-24	1.594261E-23	0.000000E+00	0.000000E+00	0.000000E+00	5.118503E-23	0.000000E+00	0.000000E+00	0.000000E+00	0.000000E+00	0.000000E+00	
3.561429E-07	7.086419E-07	2.016425E-07	4.155925E-08	9.387624E-09	2.482603E-09	7.305557E-10	2.170147E-10	6.844298E-11	2.078715E-11	6.519532E-12	2.006720E-12	6.173319E-13	1.956975E-13	5.682924E-14	1.488758E-14	4.235317E-15	1.084735E-15	2.673376E-16	6.452944E-17	1.511225E-17	3.391103E-18	7.325842E-19	1.529728E-19	3.088125E-20	5.980736E-21	1.094024E-21	2.080165E-22	7.848522E-23	2.994006E-23	2.093155E-23	0.000000E+00	0.000000E+00	0.000000E+00	0.000000E+00	0.000000E+00	1.555423E-22	4.902661E-23	1.088647E-22	1.160476E-22	1.077370E-22	
3.532724E-07	7.093841E-07	2.037999E-07	4.218869E-08	9.536162E-09	2.519880E-09	7.409389E-10	2.198930E-10	6.929222E-11	2.102988E-11	6.590937E-12	2.027622E-12	6.234574E-13	1.975496E-13	5.735618E-14	1.502268E-14	4.274030E-15	1.094632E-15	2.697837E-16	6.512060E-17	1.525174E-17	3.422650E-18	7.394804E-19	1.544640E-19	3.124377E-20	6.076314E-21	1.146492E-21	2.202110E-22	3.356544E-23	3.470281E-24	0.000000E+00	6.455886E-24	4.639966E-24	2.615959E-23	2.455369E-23	4.483901E-23	1.339839E-22	7.241062E-23	0.000000E+00	1.680986E-22	0.000000E+00	
3.524517E-07	7.135126E-07	2.067478E-07	4.295794E-08	9.711498E-09	2.563149E-09	7.527193E-10	2.230890E-10	7.021013E-11	2.128483E-11	6.663742E-12	2.048347E-12	6.293595E-13	1.992872E-13	5.784135E-14	1.514358E-14	4.308636E-15	1.103367E-15	2.719159E-16	6.563210E-17	1.537164E-17	3.449630E-18	7.452716E-19	1.556127E-19	3.135786E-20	6.079971E-21	1.084550E-21	1.656752E-22	1.243356E-23	0.000000E+00	4.110054E-24	1.454028E-23	0.000000E+00	0.000000E+00	1.740957E-23	0.000000E+00	1.609448E-23	0.000000E+00	0.000000E+00	0.000000E+00	0.000000E+00	
3.539941E-07	7.216426E-07	2.106438E-07	4.389282E-08	9.917278E-09	2.612820E-09	7.658417E-10	2.265370E-10	7.116089E-11	2.153682E-11	6.732005E-12	2.066764E-12	6.343015E-13	2.006555E-13	5.820673E-14	1.522833E-14	4.332849E-15	1.109279E-15	2.733127E-16	6.596029E-17	1.544739E-17	3.466475E-18	7.489300E-19	1.564279E-19	3.159506E-20	6.183408E-21	1.199606E-21	2.481994E-22	7.476291E-23	5.447760E-23	5.239026E-23	0.000000E+00	0.000000E+00	0.000000E+00	4.842238E-23	4.153675E-23	1.965846E-23	0.000000E+00	0.000000E+00	0.000000E+00	0.000000E+00	
3.582405E-07	7.345508E-07	2.157275E-07	4.504202E-08	1.016365E-08	2.671327E-09	7.809445E-10	2.304042E-10	7.219046E-11	2.179787E-11	6.798973E-12	2.083735E-12	6.385135E-13	2.017188E-13	5.846919E-14	1.528079E-14	4.347717E-15	1.112616E-15	2.740309E-16	6.611821E-17	1.548169E-17	3.473705E-18	7.504306E-19	1.566801E-19	3.162557E-20	6.196836E-21	1.147300E-21	2.565035E-22	1.007157E-22	5.073590E-23	3.524565E-23	2.082169E-23	3.404365E-23	0.000000E+00	0.000000E+00	1.162900E-23	1.168651E-22	5.623536E-23	3.565278E-23	6.476243E-23	0.000000E+00	
3.656886E-07	7.531437E-07	2.222159E-07	4.643841E-08	1.045438E-08	2.738757E-09	7.977613E-10	2.345304E-10	7.322334E-11	2.203803E-11	6.853311E-12	2.095274E-12	6.406377E-13	2.020133E-13	5.848750E-14	1.526167E-14	4.341947E-15	1.110407E-15	2.733198E-16	6.592221E-17	1.543134E-17	3.461531E-18	7.476363E-19	1.560929E-19	3.152149E-20	6.147736E-21	1.130058E-21	2.325088E-22	1.338352E-23	8.136097E-24	0.000000E+00	5.945361E-24	2.150023E-23	4.898460E-24	4.394397E-25	0.000000E+00	0.000000E+00	4.677125E-23	0.000000E+00	0.000000E+00	0.000000E+00	
3.768541E-07	7.786777E-07	2.305319E-07	4.817593E-08	1.081134E-08	2.820953E-09	8.180361E-10	2.394392E-10	7.442662E-11	2.230862E-11	6.911270E-12	2.106417E-12	6.422392E-13	2.020407E-13	5.840815E-14	1.520994E-14	4.326546E-15	1.105488E-15	2.718842E-16	6.554334E-17	1.533638E-17	3.439106E-18	7.426468E-19	1.549910E-19	3.128560E-20	6.094538E-21	1.095471E-21	2.102073E-22	5.360518E-23	1.603309E-23	2.926798E-23	6.716319E-23	4.061586E-23	0.000000E+00	0.000000E+00	0.000000E+00	0.000000E+00	3.212433E-23	0.000000E+00	7.609415E-23	0.000000E+00	
3.927137E-07	8.125240E-07	2.408613E-07	5.024947E-08	1.122188E-08	2.911816E-09	8.390916E-10	2.440918E-10	7.539734E-11	2.246613E-11	6.922014E-12	2.100027E-12	6.376540E-13	1.999076E-13	5.766172E-14	1.496975E-14	4.256777E-15	1.086168E-15	2.667889E-16	6.426557E-17	1.502758E-17	3.368029E-18	7.269873E-19	1.517087E-19	3.065042E-20	5.980800E-21	1.138407E-21	2.359016E-22	7.406498E-23	2.689629E-23	1.401683E-23	2.817584E-24	4.800232E-23	1.161930E-23	1.132656E-22	3.107097E-23	0.000000E+00	0.000000E+00	0.000000E+00	0.000000E+00	0.000000E+00	
4.140484E-07	8.569462E-07	2.540801E-07	5.287467E-08	1.174155E-08	3.027471E-09	8.661403E-10	2.501635E-10	7.670369E-11	2.269450E-11	6.946325E-12	2.095594E-12	6.331027E-13	1.976479E-13	5.685010E-14	1.470371E-14	4.178815E-15	1.064432E-15	2.610304E-16	6.281858E-17	1.467723E-17	3.287181E-18	7.090655E-19	1.478586E-19	2.981311E-20	5.780364E-21	1.090069E-21	1.740052E-22	7.754818E-24	7.108583E-26	5.331438E-23	5.496227E-23	3.836696E-23	6.325993E-23	8.092799E-23	0.000000E+00	0.000000E+00	0.000000E+00	1.165194E-22	2.342731E-22	2.781556E-22	
4.426030E-07	9.143635E-07	2.705117E-07	5.604220E-08	1.234851E-08	3.157417E-09	8.945849E-10	2.558738E-10	7.765577E-11	2.274841E-11	6.897368E-12	2.063846E-12	6.189312E-13	1.920451E-13	5.500666E-14	1.414846E-14	4.016757E-15	1.020474E-15	2.496470E-16	5.999416E-17	1.400030E-17	3.132363E-18	6.751841E-19	1.407003E-19	2.829261E-20	5.456342E-21	1.016527E-21	2.112154E-22	8.554857E-23	4.270320E-23	2.767178E-23	0.000000E+00	2.617251E-24	0.000000E+00	0.000000E+00	0.000000E+00	0.000000E+00	0.000000E+00	0.000000E+00	0.000000E+00	0.000000E+00	
4.801864E-07	9.884902E-07	2.912498E-07	5.997272E-08	1.308919E-08	3.312911E-09	9.274243E-10	2.620254E-10	7.848036E-11	2.268977E-11	6.792559E-12	2.009608E-12	5.965265E-13	1.835289E-13	5.225118E-14	1.333610E-14	3.778884E-15	9.564034E-16	2.331689E-16	5.592258E-17	1.302784E-17	2.910715E-18	6.267270E-19	1.304690E-19	2.632433E-20	5.117133E-21	9.512319E-22	1.794077E-22	2.309643E-23	0.000000E+00	0.000000E+00	0.000000E+00	1.117986E-23	0.000000E+00	0.000000E+00	0.000000E+00	0.000000E+00	3.437323E-23	5.557620E-25	0.000000E+00	0.000000E+00	
5.293521E-07	1.084084E-06	3.175423E-07	6.488932E-08	1.400305E-08	3.501551E-09	9.660058E-10	2.687726E-10	7.915088E-11	2.249006E-11	6.617196E-12	1.926837E-12	5.636996E-13	1.713448E-13	4.834755E-14	1.220265E-14	3.445475E-15	8.670402E-16	2.103069E-16	5.029202E-17	1.168700E-17	2.605836E-18	5.601929E-19	1.165089E-19	2.348496E-20	4.543897E-21	8.458180E-22	1.085675E-22	0.000000E+00	0.000000E+00	0.000000E+00	0.000000E+00	0.000000E+00	0.000000E+00	6.854613E-23	1.725447E-23	3.890980E-23	1.105062E-24	2.981275E-22	0.000000E+00	0.000000E+00	
5.967772E-07	1.203168E-06	3.462765E-07	6.947097E-08	1.463524E-08	3.567035E-09	9.529639E-10	2.559633E-10	7.235548E-11	1.966478E-11	5.518871E-12	1.533953E-12	4.293910E-13	1.257164E-13	3.442006E-14	8.375757E-15	2.326655E-15	5.735128E-16	1.366199E-16	3.233648E-17	7.449631E-18	1.649603E-18	3.529813E-19	7.317803E-20	1.480762E-20	2.922933E-21	6.019936E-22	1.999838E-22	8.253712E-23	4.042845E-23	0.000000E+00	8.658255E-23	0.000000E+00	1.845647E-23	0.000000E+00	4.188248E-23	0.000000E+00	0.000000E+00	7.652067E-23	0.000000E+00	3.306138E-23	
6.797461E-07	1.356435E-06	3.858833E-07	7.641629E-08	1.581194E-08	3.776908E-09	9.826380E-10	2.558869E-10	6.959541E-11	1.807372E-11	4.809162E-12	1.260772E-12	3.323213E-13	9.212061E-14	2.400210E-14	5.494393E-15	1.470336E-15	3.477695E-16	7.986320E-17	1.850126E-17	4.185611E-18	9.134561E-19	1.933622E-19	3.983278E-20	8.021067E-21	1.552385E-21	3.073105E-22	9.992083E-23	9.292857E-23	1.547862E-22	6.825533E-23	5.664895E-23	5.191851E-23	1.085287E-22	0.000000E+00	0.000000E+00	0.000000E+00	0.000000E+00	0.000000E+00	8.181333E-24	3.589059E-22	
7.894720E-07	1.555105E-06	4.359847E-07	8.497214E-08	1.720768E-08	4.011564E-09	1.010110E-09	2.528087E-10	6.525713E-11	1.585492E-11	3.867446E-12	9.082275E-13	2.098508E-13	5.052163E-14	1.123990E-14	2.025821E-15	4.371687E-16	7.741982E-17	1.242200E-17	2.140137E-18	3.424451E-19	4.999800E-20	6.909517E-21	8.772509E-22	2.659386E-22	1.348046E-22	1.905876E-22	3.298383E-23	3.213080E-23	0.000000E+00	0.000000E+00	0.000000E+00	0.000000E+00	0.000000E+00	9.630192E-23	6.877231E-23	0.000000E+00	5.663602E-23	0.000000E+00	0.000000E+00	0.000000E+00	
9.404898E-07	1.820352E-06	5.003999E-07	9.552903E-08	1.884798E-08	4.280995E-09	1.044902E-09	2.531493E-10	6.300432E-11	1.471739E-11	3.441129E-12	7.731648E-13	1.707108E-13	3.930839E-14	8.433269E-15	1.433837E-15	3.001970E-16	5.078296E-17	7.704532E-18	1.286127E-18	1.978932E-19	2.762137E-20	3.636751E-21	3.258316E-22	3.500008E-23	0.000000E+00	0.000000E+00	0.000000E+00	0.000000E+00	2.420796E-23	6.906958E-23	0.000000E+00	0.000000E+00	2.199783E-23	0.000000E+00	2.544873E-22	4.870026E-23	1.629287E-22	3.197312E-22	4.997916E-22	3.756692E-22	
1.150033E-06	2.180455E-06	5.856830E-07	1.091132E-07	2.088416E-08	4.600956E-09	1.082481E-09	2.522432E-10	6.006365E-11	1.336415E-11	2.961091E-12	6.275324E-13	1.302275E-13	2.814535E-14	5.718746E-15	8.886081E-16	1.760652E-16	2.743775E-17	3.739048E-18	5.832195E-19	8.214457E-20	1.037807E-20	1.211871E-21	1.342101E-22	0.000000E+00	5.984135E-23	0.000000E+00	1.286266E-22	3.696463E-24	1.314183E-22	7.367077E-23	2.332132E-22	4.667496E-22	1.507407E-22	1.136339E-22	1.152883E-22	0.000000E+00	1.105708E-22	3.317382E-22	9.889978E-23	6.168958E-23	
1.445379E-06	2.681603E-06	7.029973E-07	1.275943E-07	2.364323E-08	5.040068E-09	1.139222E-09	2.542930E-10	5.764625E-11	1.214505E-11	2.532608E-12	5.021065E-13	9.710563E-14	1.951074E-14	3.730572E-15	5.246636E-16	9.806373E-17	1.405086E-17	1.719465E-18	2.528985E-19	3.289656E-20	3.742113E-21	4.208798E-22	1.949044E-23	1.045866E-22	5.609319E-23	1.103769E-23	0.000000E+00	1.169168E-22	0.000000E+00	0.000000E+00	0.000000E+00	0.000000E+00	0.000000E+00	4.588267E-23	2.285862E-22	8.477309E-23	0.000000E+00	0.000000E+00	1.550705E-22	0.000000E+00	
1.871936E-06	3.364375E-06	8.513184E-07	1.487555E-07	2.634164E-08	5.367980E-09	1.150171E-09	2.428128E-10	5.175056E-11	1.020169E-11	1.982034E-12	3.643920E-13	6.517288E-14	1.206165E-14	2.169154E-15	2.734871E-16	4.856461E-17	6.388340E-18	6.936235E-19	9.622840E-20	1.144725E-20	1.242012E-21	1.238186E-22	0.000000E+00	0.000000E+00	3.686641E-22	3.672165E-22	4.618770E-22	5.265005E-22	3.187747E-22	2.287671E-22	1.971016E-22	2.833352E-22	2.063299E-22	7.405851E-23	2.079584E-22	9.290272E-23	0.000000E+00	1.502755E-22	0.000000E+00	3.981324E-22	
2.492190E-06	4.325024E-06	1.052610E-06	1.761889E-07	2.965633E-08	5.741950E-09	1.157173E-09	2.288613E-10	4.532027E-11	8.238870E-12	1.464607E-12	2.438407E-13	3.920703E-14	6.448565E-15	1.053968E-15	1.128688E-16	1.815234E-17	2.065013E-18	1.831117E-19	2.299521E-20	2.293565E-21	1.749487E-22	0.000000E+00	0.000000E+00	2.902887E-22	1.343135E-22	0.000000E+00	2.934423E-22	3.251854E-22	1.424302E-22	0.000000E+00	0.000000E+00	0.000000E+00	1.844871E-22	5.410795E-22	6.058064E-22	3.026706E-22	5.520655E-22	0.000000E+00	8.385802E-22	8.078194E-22	
3.406811E-06	5.694908E-06	1.329467E-06	2.121523E-07	3.375394E-08	6.163210E-09	1.156267E-09	2.114251E-10	3.825493E-11	6.287215E-12	9.990328E-13	1.464869E-13	2.054465E-14	2.895677E-15	4.162778E-16	3.678313E-17	5.212586E-18	5.051300E-19	3.650596E-20	3.909669E-21	2.467066E-22	0.000000E+00	0.000000E+00	0.000000E+00	2.026593E-22	5.916409E-22	0.000000E+00	1.246975E-22	9.414349E-23	1.239737E-22	4.192772E-23	1.978513E-22	9.915828E-23	0.000000E+00	3.034202E-22	3.740407E-23	7.815047E-22	7.342779E-22	0.000000E+00	0.000000E+00	7.215600E-22	
4.728960E-06	7.518527E-06	1.660366E-06	2.482023E-07	3.671461E-08	6.228323E-09	1.073850E-09	1.798414E-10	2.962910E-11	4.418075E-12	6.368291E-13	8.457735E-14	1.074578E-14	1.356021E-15	1.822328E-16	1.414353E-17	1.925953E-18	1.702830E-19	1.056310E-20	8.999725E-22	5.852303E-22	3.498974E-22	5.597945E-22	3.580658E-22	0.000000E+00	0.000000E+00	8.788794E-24	0.000000E+00	4.613600E-22	0.000000E+00	1.504435E-22	7.354153E-22	3.168619E-22	3.658206E-22	5.883322E-22	5.981550E-22	3.528442E-22	0.000000E+00	5.945361E-24	6.606588E-22	3.261547E-21	
6.640520E-06	9.963362E-06	2.062815E-06	2.846390E-07	3.854056E-08	5.964549E-09	9.242178E-10	1.380031E-10	2.001323E-11	2.594692E-12	3.211510E-13	3.592558E-14	3.775804E-15	3.779696E-16	4.108023E-17	2.414153E-18	2.559619E-19	1.700931E-20	1.469073E-21	0.000000E+00	0.000000E+00	3.232208E-22	0.000000E+00	2.680065E-22	8.809474E-23	0.000000E+00	2.062782E-22	1.566473E-22	2.559090E-22	2.595279E-23	0.000000E+00	1.197344E-22	5.531770E-22	6.912128E-22	9.897733E-22	1.119589E-21	0.000000E+00	0.000000E+00	0.000000E+00	0.000000E+00	0.000000E+00	
9.306519E-06	1.262699E-05	2.332796E-06	2.764130E-07	3.164355E-08	4.102570E-09	5.188284E-10	6.231221E-11	7.108716E-12	7.100859E-13	6.626026E-14	5.433567E-15	4.069508E-16	2.710242E-17	1.941501E-18	7.582847E-20	4.680188E-21	0.000000E+00	0.000000E+00	7.374315E-22	3.097791E-22	1.064168E-21	1.997641E-22	8.286282E-22	8.577863E-22	2.975782E-22	0.000000E+00	1.894244E-22	3.323198E-22	4.498829E-22	4.290999E-22	0.000000E+00	0.000000E+00	0.000000E+00	0.000000E+00	0.000000E+00	0.000000E+00	0.000000E+00	0.000000E+00	0.000000E+00	0.000000E+00	
1.594839E-05	1.883081E-05	2.952750E-06	2.748006E-07	2.407598E-08	2.360269E-09	2.189574E-10	1.890061E-11	1.493202E-12	9.920097E-14	5.876079E-15	2.908245E-16	1.249061E-17	4.387151E-19	1.297185E-20	0.000000E+00	0.000000E+00	0.000000E+00	0.000000E+00	0.000000E+00	0.000000E+00	0.000000E+00	0.000000E+00	0.000000E+00	0.000000E+00	0.000000E+00	0.000000E+00	0.000000E+00	0.000000E+00	0.000000E+00	0.000000E+00	0.000000E+00	0.000000E+00	0.000000E+00	0.000000E+00	5.227781E-22	0.000000E+00	0.000000E+00	0.000000E+00	2.372044E-21	0.000000E+00	
3.042459E-05	3.365300E-05	4.863228E-06	3.944288E-07	2.924482E-08	2.399897E-09	1.870288E-10	1.399963E-11	9.990723E-13	6.238816E-14	3.575394E-15	1.740582E-16	7.412776E-18	2.611740E-19	1.189155E-20	3.848044E-21	0.000000E+00	7.725867E-22	2.167213E-22	2.575840E-21	1.831378E-21	1.356576E-21	1.526148E-21	1.646089E-21	1.387182E-21	1.734598E-21	1.845854E-21	0.000000E+00	0.000000E+00	0.000000E+00	0.000000E+00	0.000000E+00	2.371940E-21	0.000000E+00	0.000000E+00	1.252351E-21	0.000000E+00	0.000000E+00	0.000000E+00	0.000000E+00	0.000000E+00	
5.873261E-05	6.996205E-05	1.108859E-05	1.039812E-06	9.192714E-08	9.085201E-09	8.487656E-10	7.362291E-11	5.835081E-12	3.884508E-13	2.303358E-14	1.140832E-15	4.902325E-17	1.732024E-18	5.800190E-20	6.021875E-22	1.048865E-21	0.000000E+00	1.472381E-21	8.999725E-22	2.013358E-21	2.863699E-21	0.000000E+00	0.000000E+00	0.000000E+00	2.112619E-21	3.939861E-21	0.000000E+00	1.036457E-21	9.901352E-22	9.491070E-21	5.317944E-21	4.855550E-21	3.771944E-21	0.000000E+00	3.950201E-21	0.000000E+00	5.164916E-21	0.000000E+00	4.523437E-21	7.512454E-21	
1.265451E-04	1.394704E-04	2.005697E-05	1.580526E-06	1.130242E-07	8.852248E-09	6.524424E-10	4.616052E-11	3.143407E-12	1.903312E-13	1.072280E-14	5.179144E-16	2.197272E-17	7.600930E-19	1.662302E-20	0.000000E+00	7.940934E-22	2.819032E-21	0.000000E+00	2.858736E-21	0.000000E+00	0.000000E+00	3.169756E-21	0.000000E+00	0.000000E+00	0.000000E+00	0.000000E+00	0.000000E+00	0.000000E+00	0.000000E+00	0.000000E+00	0.000000E+00	0.000000E+00	0.000000E+00	8.570418E-21	3.178028E-21	0.000000E+00	0.000000E+00	3.854662E-22	0.000000E+00	0.000000E+00	
1.267341E-04	5.061516E-05	1.588827E-06	6.543231E-09	6.166056E-12	4.069296E-15	1.592422E-18	0.000000E+00	0.000000E+00	0.000000E+00	0.000000E+00	0.000000E+00	0.000000E+00	0.000000E+00	0.000000E+00	0.000000E+00	0.000000E+00	0.000000E+00	0.000000E+00	0.000000E+00	2.216844E-22	0.000000E+00	0.000000E+00	0.000000E+00	0.000000E+00	7.130297E-22	0.000000E+00	0.000000E+00	0.000000E+00	0.000000E+00	2.986122E-22	0.000000E+00	2.015012E-21	0.000000E+00	3.286389E-21	1.770167E-21	5.487516E-21	1.040676E-20	2.280868E-20	2.645117E-20	2.937773E-20	
1.674002E-04	6.687662E-05	2.100685E-06	8.652665E-09	8.156551E-12	5.383694E-15	2.098948E-18	0.000000E+00	0.000000E+00	0.000000E+00	0.000000E+00	0.000000E+00	0.000000E+00	0.000000E+00	0.000000E+00	0.000000E+00	0.000000E+00	0.000000E+00	0.000000E+00	0.000000E+00	0.000000E+00	0.000000E+00	0.000000E+00	0.000000E+00	0.000000E+00	0.000000E+00	0.000000E+00	0.000000E+00	0.000000E+00	0.000000E+00	0.000000E+00	0.000000E+00	0.000000E+00	0.000000E+00	0.000000E+00	0.000000E+00	0.000000E+00	3.714868E-21	0.000000E+00	0.000000E+00	3.108876E-20	
1.958022E-04	7.825565E-05	2.460257E-06	1.013445E-08	9.554380E-12	6.306141E-15	2.469948E-18	7.411538E-22	0.000000E+00	0.000000E+00	3.229313E-21	0.000000E+00	0.000000E+00	9.264423E-22	0.000000E+00	6.617445E-22	3.745474E-21	0.000000E+00	1.833032E-21	2.726387E-21	0.000000E+00	0.000000E+00	0.000000E+00	0.000000E+00	0.000000E+00	0.000000E+00	9.206520E-21	4.263289E-21	1.154744E-20	0.000000E+00	0.000000E+00	0.000000E+00	0.000000E+00	0.000000E+00	3.267363E-22	1.163926E-20	2.532827E-21	0.000000E+00	0.000000E+00	0.000000E+00	0.000000E+00	
2.047015E-04	8.185472E-05	2.576103E-06	1.061154E-08	1.000338E-11	6.601332E-15	2.584298E-18	2.414044E-20	1.858179E-20	1.371135E-20	1.204375E-20	1.567011E-20	9.529121E-21	2.110965E-20	1.449220E-20	1.207022E-20	1.081952E-20	1.134892E-20	1.473705E-20	1.109084E-20	1.111731E-20	1.122650E-20	1.658663E-20	0.000000E+00	1.660648E-20	1.422751E-21	6.129408E-21	7.130297E-21	1.743697E-21	6.207163E-21	1.011146E-20	1.687448E-21	0.000000E+00	0.000000E+00	0.000000E+00	0.000000E+00	0.000000E+00	0.000000E+00	0.000000E+00	0.000000E+00	0.000000E+00	
2.163398E-04	8.656286E-05	2.727591E-06	1.123459E-08	1.058812E-11	6.985051E-15	2.729564E-18	7.305659E-21	0.000000E+00	0.000000E+00	0.000000E+00	0.000000E+00	0.000000E+00	0.000000E+00	0.000000E+00	3.732239E-21	0.000000E+00	0.000000E+00	0.000000E+00	0.000000E+00	4.089581E-21	5.327043E-22	0.000000E+00	3.762017E-21	0.000000E+00	0.000000E+00	0.000000E+00	0.000000E+00	0.000000E+00	0.000000E+00	0.000000E+00	0.000000E+00	2.084495E-22	1.525321E-21	1.233823E-20	1.387761E-20	1.716565E-20	8.713521E-21	4.270651E-20	3.063298E-20	5.211072E-20	
2.961227E-04	1.185925E-04	3.743011E-06	1.541407E-08	1.452000E-11	9.573990E-15	3.733298E-18	4.446923E-21	2.382280E-20	2.646978E-21	1.678184E-20	1.694066E-21	2.797856E-20	1.000558E-20	2.043467E-20	0.000000E+00	0.000000E+00	2.236696E-21	6.564505E-21	1.611348E-20	1.761564E-20	2.394853E-20	1.468411E-20	5.565271E-21	0.000000E+00	0.000000E+00	0.000000E+00	0.000000E+00	0.000000E+00	0.000000E+00	0.000000E+00	0.000000E+00	0.000000E+00	0.000000E+00	0.000000E+00	0.000000E+00	0.000000E+00	0.000000E+00	0.000000E+00	0.000000E+00	0.000000E+00	
7.231024E-04	2.902290E-04	9.194499E-06	3.784451E-08	3.560393E-11	2.344591E-14	9.163202E-18	0.000000E+00	3.430483E-20	0.000000E+00	2.636390E-20	0.000000E+00	1.334077E-20	0.000000E+00	2.514629E-20	4.817500E-21	0.000000E+00	8.629148E-21	1.646420E-20	9.635000E-21	2.936822E-20	3.876499E-20	0.000000E+00	0.000000E+00	0.000000E+00	0.000000E+00	2.287651E-20	2.103024E-20	0.000000E+00	7.444626E-21	1.056806E-20	0.000000E+00	0.000000E+00	0.000000E+00	1.631200E-21	1.258969E-20	1.303637E-20	0.000000E+00	3.182329E-20	1.945926E-19	9.242254E-20	
1.419631E-02	5.809810E-03	1.977059E-04	8.062379E-07	7.425797E-10	4.770869E-13	1.862795E-16	0.000000E+00	0.000000E+00	0.000000E+00	0.000000E+00	0.000000E+00	3.913292E-19	0.000000E+00	0.000000E+00	3.227196E-19	0.000000E+00	0.000000E+00	0.000000E+00	6.606857E-20	2.460631E-19	0.000000E+00	1.685596E-19	6.318866E-19	7.324717E-19	3.648594E-19	6.128283E-19	2.510394E-19	8.265983E-19	0.000000E+00	0.000000E+00	0.000000E+00	2.933910E-19	0.000000E+00	0.000000E+00	0.000000E+00	0.000000E+00	0.000000E+00	0.000000E+00	0.000000E+00	2.138599E-18	
5.557647E-02	2.315807E-02	1.013545E-03	4.079231E-06	3.506286E-09	2.055357E-12	8.196568E-16	2.168404E-19	0.000000E+00	0.000000E+00	0.000000E+00	0.000000E+00	0.000000E+00	0.000000E+00	0.000000E+00	1.995610E-18	4.709503E-19	2.270048E-19	0.000000E+00	8.470329E-20	8.402567E-19	0.000000E+00	0.000000E+00	0.000000E+00	1.438262E-18	9.571472E-19	1.626303E-18	1.038886E-18	1.544565E-18	2.408538E-18	2.212027E-18	0.000000E+00	2.873559E-18	1.737688E-18	0.000000E+00	3.530645E-18	2.047702E-18	0.000000E+00	0.000000E+00	3.927480E-18	6.152000E-18	
6.732846E-02	2.808183E-02	1.461950E-03	6.149216E-06	4.950799E-09	2.680541E-12	1.082196E-15	0.000000E+00	0.000000E+00	0.000000E+00	0.000000E+00	0.000000E+00	0.000000E+00	0.000000E+00	7.420009E-19	1.595810E-18	1.050321E-18	0.000000E+00	0.000000E+00	0.000000E+00	0.000000E+00	4.709503E-19	1.702536E-18	5.064410E-18	4.995800E-18	4.605318E-18	3.253454E-18	4.738302E-18	5.185536E-18	2.994685E-18	3.580832E-18	4.581178E-18	9.105604E-19	4.870016E-18	4.524426E-18	6.451003E-18	6.388746E-18	7.405609E-18	0.000000E+00	1.313515E-17	5.755165E-18	
6.886089E-02	2.872005E-02	1.584692E-03	7.192410E-06	5.514938E-09	2.848043E-12	1.148387E-15	4.933120E-18	4.634964E-18	4.878910E-18	4.214836E-18	6.505213E-19	0.000000E+00	5.217723E-19	1.050321E-19	0.000000E+00	3.869247E-18	1.006275E-18	3.813342E-18	0.000000E+00	0.000000E+00	0.000000E+00	2.380163E-18	2.567357E-18	8.732910E-19	9.876404E-19	1.821121E-18	5.480303E-19	0.000000E+00	0.000000E+00	1.042698E-18	0.000000E+00	2.926922E-18	0.000000E+00	0.000000E+00	4.573978E-20	4.743385E-18	2.992144E-18	0.000000E+00	0.000000E+00	0.000000E+00	
6.918070E-02	2.885170E-02	1.634554E-03	8.081178E-06	5.932285E-09	2.944864E-12	1.178311E-15	6.369688E-18	6.613633E-18	2.019327E-18	4.540097E-18	2.236167E-19	2.981556E-19	1.490778E-19	0.000000E+00	0.000000E+00	2.937510E-18	1.087590E-18	2.353058E-18	0.000000E+00	0.000000E+00	7.724940E-19	0.000000E+00	0.000000E+00	0.000000E+00	0.000000E+00	2.031185E-18	0.000000E+00	6.488272E-19	0.000000E+00	3.405496E-18	3.844683E-18	1.450967E-18	8.269583E-18	4.452005E-18	1.455626E-18	0.000000E+00	2.579639E-18	5.007235E-18	8.558633E-18	1.744422E-17	
6.926956E-02	2.888741E-02	1.660915E-03	9.158071E-06	6.402595E-09	3.041111E-12	1.191484E-15	0.000000E+00	0.000000E+00	0.000000E+00	0.000000E+00	0.000000E+00	0.000000E+00	1.517883E-18	0.000000E+00	2.703729E-18	1.995610E-18	4.563814E-18	4.729832E-18	6.349359E-18	3.281406E-18	3.015437E-18	1.265467E-18	0.000000E+00	0.000000E+00	0.000000E+00	0.000000E+00	0.000000E+00	0.000000E+00	0.000000E+00	0.000000E+00	1.077426E-18	1.787240E-18	0.000000E+00	0.000000E+00	4.349091E-18	0.000000E+00	0.000000E+00	1.705924E-18	0.000000E+00	0.000000E+00	
6.929768E-02	2.889813E-02	1.677073E-03	1.045275E-05	6.953521E-09	3.148558E-12	1.206934E-15	0.000000E+00	0.000000E+00	0.000000E+00	0.000000E+00	0.000000E+00	0.000000E+00	4.201283E-19	6.678008E-18	1.829591E-18	3.615137E-18	2.334423E-18	1.199399E-18	0.000000E+00	2.117582E-19	2.371692E-18	5.471833E-19	5.937701E-19	0.000000E+00	0.000000E+00	0.000000E+00	0.000000E+00	0.000000E+00	0.000000E+00	0.000000E+00	0.000000E+00	0.000000E+00	0.000000E+00	1.304431E-18	0.000000E+00	2.907441E-18	0.000000E+00	1.023555E-17	1.871731E-17	2.303294E-18	
6.930373E-02	2.889990E-02	1.687854E-03	1.184605E-05	7.542946E-09	3.260962E-12	1.228022E-15	0.000000E+00	0.000000E+00	0.000000E+00	0.000000E+00	0.000000E+00	0.000000E+00	0.000000E+00	0.000000E+00	0.000000E+00	1.700842E-18	0.000000E+00	2.000692E-18	0.000000E+00	0.000000E+00	2.500441E-18	0.000000E+00	0.000000E+00	0.000000E+00	0.000000E+00	0.000000E+00	0.000000E+00	0.000000E+00	0.000000E+00	0.000000E+00	0.000000E+00	0.000000E+00	6.280749E-19	0.000000E+00	0.000000E+00	2.587686E-18	3.532551E-18	2.579215E-18	1.096251E-17	1.475235E-17	
6.930201E-02	2.889862E-02	1.695504E-03	1.322715E-05	8.129401E-09	3.371148E-12	1.249543E-15	6.776264E-19	0.000000E+00	3.699840E-18	1.490778E-19	3.930233E-19	0.000000E+00	0.000000E+00	0.000000E+00	0.000000E+00	0.000000E+00	0.000000E+00	0.000000E+00	0.000000E+00	0.000000E+00	3.459283E-18	1.589034E-18	1.966811E-18	0.000000E+00	2.311553E-18	3.461824E-18	4.145379E-18	1.681360E-18	2.231085E-18	0.000000E+00	0.000000E+00	0.000000E+00	0.000000E+00	0.000000E+00	0.000000E+00	0.000000E+00	0.000000E+00	0.000000E+00	0.000000E+00	0.000000E+00	
6.929846E-02	2.889669E-02	1.701200E-03	1.453075E-05	8.688657E-09	3.474802E-12	1.264126E-15	1.626303E-19	2.710505E-19	2.724058E-18	0.000000E+00	0.000000E+00	0.000000E+00	0.000000E+00	0.000000E+00	0.000000E+00	0.000000E+00	0.000000E+00	0.000000E+00	0.000000E+00	0.000000E+00	3.659182E-19	0.000000E+00	0.000000E+00	0.000000E+00	0.000000E+00	0.000000E+00	0.000000E+00	0.000000E+00	0.000000E+00	0.000000E+00	0.000000E+00	0.000000E+00	4.662916E-19	0.000000E+00	0.000000E+00	4.015783E-18	7.859619E-18	5.149113E-18	0.000000E+00	0.000000E+00	
6.929499E-02	2.889489E-02	1.705592E-03	1.572690E-05	9.210206E-09	3.570026E-12	1.279630E-15	0.000000E+00	0.000000E+00	0.000000E+00	1.558541E-18	0.000000E+00	0.000000E+00	0.000000E+00	0.000000E+00	0.000000E+00	1.118083E-19	1.145189E-18	0.000000E+00	0.000000E+00	0.000000E+00	0.000000E+00	7.945169E-19	0.000000E+00	0.000000E+00	0.000000E+00	0.000000E+00	0.000000E+00	1.255303E-18	0.000000E+00	0.000000E+00	0.000000E+00	0.000000E+00	2.504676E-18	6.877908E-19	3.980631E-18	1.042232E-17	5.190194E-18	1.006910E-17	7.742093E-18	0.000000E+00	
