3.024336E-16	4.000037E-21	5.042087E-18	9.642741E-314	1.529422E-314	0.000000E+00	0.000000E+00	
3.024336E-16	4.000029E-21	5.042087E-18	9.602539E-314	1.523028E-314	0.000000E+00	0.000000E+00	
3.024336E-16	4.000028E-21	5.042087E-18	9.597645E-314	1.522250E-314	0.000000E+00	0.000000E+00	
3.024336E-16	4.000027E-21	5.042087E-18	9.592156E-314	1.521377E-314	0.000000E+00	0.000000E+00	
3.024336E-16	4.000026E-21	5.042087E-18	9.586002E-314	1.520399E-314	0.000000E+00	0.000000E+00	
3.024336E-16	4.000025E-21	5.042087E-18	9.579102E-314	1.519301E-314	0.000000E+00	0.000000E+00	
3.024336E-16	4.000024E-21	5.042087E-18	9.571366E-314	1.518071E-314	0.000000E+00	0.000000E+00	
3.024336E-16	4.000022E-21	5.042087E-18	9.562693E-314	1.516692E-314	0.000000E+00	0.000000E+00	
3.024336E-16	4.000020E-21	5.042087E-18	9.552971E-314	1.515146E-314	0.000000E+00	0.000000E+00	
3.024336E-16	4.000018E-21	5.042087E-18	9.542075E-314	1.513413E-314	0.000000E+00	0.000000E+00	
3.024336E-16	4.000016E-21	5.042087E-18	9.529864E-314	1.511471E-314	0.000000E+00	0.000000E+00	
3.024336E-16	4.000013E-21	5.042087E-18	9.516181E-314	1.509295E-314	0.000000E+00	0.000000E+00	
3.024336E-16	4.000011E-21	5.042087E-18	9.500852E-314	1.506857E-314	0.000000E+00	0.000000E+00	
3.024336E-16	4.000007E-21	5.042087E-18	9.483683E-314	1.504127E-314	0.000000E+00	0.000000E+00	
3.024336E-16	4.000004E-21	5.042087E-18	9.464455E-314	1.501069E-314	0.000000E+00	0.000000E+00	
3.024336E-16	4.000000E-21	5.042087E-18	9.442927E-314	1.497646E-314	0.000000E+00	0.000000E+00	
3.024336E-16	3.999995E-21	5.042087E-18	9.418831E-314	1.493814E-314	0.000000E+00	0.000000E+00	
3.024336E-16	3.999990E-21	5.042087E-18	9.391868E-314	1.489527E-314	0.000000E+00	0.000000E+00	
3.024336E-16	3.999984E-21	5.070944E-18	9.361706E-314	1.484730E-314	0.000000E+00	0.000000E+00	
3.024336E-16	3.999978E-21	5.075217E-18	9.327979E-314	1.479367E-314	0.000000E+00	0.000000E+00	
3.024336E-16	3.999971E-21	5.067655E-18	9.290282E-314	1.473373E-314	0.000000E+00	0.000000E+00	
3.024336E-16	3.999963E-21	5.078179E-18	9.248166E-314	1.466676E-314	0.000000E+00	0.000000E+00	
3.024336E-16	3.999954E-21	5.094130E-18	9.201137E-314	1.459198E-314	0.000000E+00	0.000000E+00	
3.024603E-16	3.999944E-21	5.078012E-18	9.148655E-314	1.450852E-314	0.000000E+00	0.000000E+00	
3.024551E-16	3.999932E-21	5.091345E-18	9.090125E-314	1.441546E-314	0.000000E+00	0.000000E+00	
3.024569E-16	3.999919E-21	5.108156E-18	9.024897E-314	1.431174E-314	0.000000E+00	0.000000E+00	
3.024696E-16	3.999905E-21	5.100039E-18	8.952268E-314	1.419626E-314	0.000000E+00	0.000000E+00	
3.024636E-16	3.999889E-21	5.120447E-18	8.871470E-314	1.406779E-314	0.000000E+00	0.000000E+00	
3.024743E-16	3.999871E-21	5.119135E-18	8.781681E-314	1.392504E-314	0.000000E+00	0.000000E+00	
3.024840E-16	3.999851E-21	5.139778E-18	8.682015E-314	1.376658E-314	0.000000E+00	0.000000E+00	
3.024756E-16	3.999828E-21	5.153087E-18	8.571533E-314	1.359093E-314	0.000000E+00	0.000000E+00	
3.024868E-16	3.999803E-21	5.160826E-18	8.449240E-314	1.339651E-314	0.000000E+00	0.000000E+00	
3.024903E-16	3.999774E-21	5.170824E-18	8.314099E-314	1.318168E-314	0.000000E+00	0.000000E+00	
3.025022E-16	3.999742E-21	5.186891E-18	8.165036E-314	1.294472E-314	0.000000E+00	0.000000E+00	
3.025065E-16	3.999706E-21	5.211105E-18	8.000958E-314	1.268391E-314	0.000000E+00	0.000000E+00	
3.025144E-16	3.999666E-21	5.232063E-18	7.820778E-314	1.239752E-314	0.000000E+00	0.000000E+00	
3.025239E-16	3.999621E-21	5.251355E-18	7.623432E-314	1.208386E-314	0.000000E+00	0.000000E+00	
3.025408E-16	3.999570E-21	5.273519E-18	7.407920E-314	1.174136E-314	0.000000E+00	0.000000E+00	
3.025515E-16	3.999513E-21	5.299666E-18	7.173345E-314	1.136859E-314	0.000000E+00	0.000000E+00	
3.025595E-16	3.999449E-21	5.325314E-18	6.918968E-314	1.096439E-314	0.000000E+00	0.000000E+00	
3.025765E-16	3.999377E-21	5.352196E-18	6.644261E-314	1.052793E-314	0.000000E+00	0.000000E+00	
3.025896E-16	3.999297E-21	5.380764E-18	6.348981E-314	1.005884E-314	0.000000E+00	0.000000E+00	
3.026071E-16	3.999207E-21	5.418567E-18	6.033245E-314	9.557316E-315	0.000000E+00	0.000000E+00	
3.026277E-16	3.999105E-21	5.457533E-18	5.697612E-314	9.024264E-315	0.000000E+00	0.000000E+00	
3.026491E-16	3.998992E-21	5.504861E-18	5.343172E-314	8.461432E-315	0.000000E+00	0.000000E+00	
3.026718E-16	3.998865E-21	5.556128E-18	4.971634E-314	7.871556E-315	0.000000E+00	0.000000E+00	
3.027013E-16	3.998722E-21	5.614288E-18	4.585389E-314	7.258455E-315	0.000000E+00	0.000000E+00	
3.027335E-16	3.998561E-21	5.681691E-18	4.187576E-314	6.627136E-315	0.000000E+00	0.000000E+00	
3.027700E-16	3.998382E-21	5.756899E-18	3.782114E-314	5.983842E-315	0.000000E+00	0.000000E+00	
3.028115E-16	3.998180E-21	5.839959E-18	3.373664E-314	5.335993E-315	0.000000E+00	0.000000E+00	
3.028560E-16	3.997954E-21	5.935174E-18	2.967591E-314	4.692122E-315	0.000000E+00	0.000000E+00	
3.029095E-16	3.997700E-21	6.041678E-18	2.569791E-314	4.061597E-315	0.000000E+00	0.000000E+00	
3.029679E-16	3.997416E-21	6.161009E-18	2.186503E-314	3.454320E-315	0.000000E+00	0.000000E+00	
3.030345E-16	3.997097E-21	6.295793E-18	1.824000E-314	2.880235E-315	0.000000E+00	0.000000E+00	
3.031087E-16	3.996740E-21	6.447886E-18	1.488227E-314	2.348752E-315	0.000000E+00	0.000000E+00	
3.031941E-16	3.996339E-21	6.619027E-18	1.184414E-314	1.868132E-315	0.000000E+00	0.000000E+00	
3.032904E-16	3.995889E-21	6.812398E-18	9.166432E-315	1.444802E-315	0.000000E+00	0.000000E+00	
3.033988E-16	3.995385E-21	7.030740E-18	6.874946E-315	1.082792E-315	0.000000E+00	0.000000E+00	
3.035225E-16	3.994821E-21	7.277900E-18	4.977767E-315	7.833166E-316	0.000000E+00	0.000000E+00	
3.036634E-16	3.994188E-21	7.557531E-18	3.464288E-315	5.446255E-316	0.000000E+00	0.000000E+00	
3.038227E-16	3.993479E-21	7.874706E-18	2.306172E-315	3.621642E-316	0.000000E+00	0.000000E+00	
3.040053E-16	3.992684E-21	8.235282E-18	1.460455E-315	2.290732E-316	0.000000E+00	0.000000E+00	
3.042135E-16	3.991794E-21	8.645041E-18	8.744327E-316	1.369683E-316	0.000000E+00	0.000000E+00	
3.044517E-16	3.990797E-21	9.112142E-18	4.915823E-316	7.688198E-317	0.000000E+00	0.000000E+00	
3.047238E-16	3.989681E-21	9.645071E-18	2.574587E-316	4.019654E-317	0.000000E+00	0.000000E+00	
3.050370E-16	3.988431E-21	1.025494E-17	1.245229E-316	1.940399E-317	0.000000E+00	0.000000E+00	
3.053959E-16	3.987033E-21	1.095369E-17	5.507104E-317	8.562933E-318	0.000000E+00	0.000000E+00	
3.058114E-16	3.985468E-21	1.175688E-17	2.202368E-317	3.416098E-318	0.000000E+00	0.000000E+00	
3.062886E-16	3.983718E-21	1.268138E-17	7.864962E-318	1.216597E-318	0.000000E+00	0.000000E+00	
3.068453E-16	3.981762E-21	1.375010E-17	2.472754E-318	3.813248E-319	0.000000E+00	0.000000E+00	
3.074908E-16	3.979576E-21	1.498694E-17	6.736091E-319	0.000000E+00	0.000000E+00	0.000000E+00	
3.082440E-16	3.977135E-21	1.642326E-17	1.561445E-319	0.000000E+00	0.000000E+00	0.000000E+00	
3.091246E-16	3.974410E-21	1.809593E-17	0.000000E+00	0.000000E+00	0.000000E+00	0.000000E+00	
3.101544E-16	3.971371E-21	2.004978E-17	0.000000E+00	0.000000E+00	0.000000E+00	0.000000E+00	
3.113734E-16	3.967983E-21	2.234305E-17	0.000000E+00	0.000000E+00	0.000000E+00	0.000000E+00	
3.128087E-16	3.964210E-21	2.504043E-17	0.000000E+00	0.000000E+00	0.000000E+00	0.000000E+00	
3.145089E-16	3.960011E-21	2.822868E-17	0.000000E+00	0.000000E+00	0.000000E+00	0.000000E+00	
3.165449E-16	3.955345E-21	3.201813E-17	0.000000E+00	0.000000E+00	0.000000E+00	0.000000E+00	
3.189806E-16	3.950164E-21	3.653879E-17	0.000000E+00	0.000000E+00	0.000000E+00	0.000000E+00	
3.219188E-16	3.944419E-21	4.196391E-17	0.000000E+00	0.000000E+00	0.000000E+00	0.000000E+00	
3.254859E-16	3.938060E-21	4.851217E-17	0.000000E+00	0.000000E+00	0.000000E+00	0.000000E+00	
3.298400E-16	3.931033E-21	5.646436E-17	0.000000E+00	0.000000E+00	0.000000E+00	0.000000E+00	
3.351992E-16	3.923283E-21	6.619065E-17	0.000000E+00	0.000000E+00	0.000000E+00	0.000000E+00	
3.418527E-16	3.914754E-21	7.817778E-17	0.000000E+00	0.000000E+00	0.000000E+00	0.000000E+00	
3.501938E-16	3.905393E-21	9.307421E-17	0.000000E+00	0.000000E+00	0.000000E+00	0.000000E+00	
3.607429E-16	3.895147E-21	1.117487E-16	0.000000E+00	0.000000E+00	0.000000E+00	0.000000E+00	
3.742368E-16	3.883972E-21	1.353954E-16	0.000000E+00	0.000000E+00	0.000000E+00	0.000000E+00	
3.913409E-16	4.368854E-22	0.000000E+00	0.000000E+00	0.000000E+00	0.000000E+00	3.825783E-17	
0.000000E+00	5.824793E-22	2.939844E-18	2.816818E-17	0.000000E+00	0.000000E+00	0.000000E+00	
0.000000E+00	3.825783E-17	0.000000E+00	5.824701E-22	2.939844E-18	3.160511E-17	0.000000E+00	
0.000000E+00	0.000000E+00	0.000000E+00	3.825783E-17	0.000000E+00	5.824689E-22	2.939844E-18	
3.546139E-17	0.000000E+00	0.000000E+00	0.000000E+00	0.000000E+00	3.825783E-17	0.000000E+00	
5.824677E-22	2.939844E-18	3.978825E-17	0.000000E+00	0.000000E+00	0.000000E+00	0.000000E+00	
3.825783E-17	0.000000E+00	5.824663E-22	2.939844E-18	4.464294E-17	0.000000E+00	0.000000E+00	
0.000000E+00	0.000000E+00	3.825783E-17	0.000000E+00	5.824647E-22	2.939844E-18	5.009012E-17	
0.000000E+00	0.000000E+00	0.000000E+00	0.000000E+00	3.825783E-17	4.211378E-32	5.824629E-22	
2.939844E-18	5.620173E-17	0.000000E+00	0.000000E+00	0.000000E+00	0.000000E+00	3.825783E-17	
0.000000E+00	5.824609E-22	2.939844E-18	6.305915E-17	0.000000E+00	0.000000E+00	0.000000E+00	
0.000000E+00	3.825783E-17	0.000000E+00	5.824586E-22	2.939844E-18	7.075316E-17	0.000000E+00	
0.000000E+00	0.000000E+00	0.000000E+00	3.825783E-17	6.004204E-32	5.824561E-22	2.939844E-18	
7.938594E-17	0.000000E+00	0.000000E+00	0.000000E+00	0.000000E+00	3.825783E-17	6.704680E-32	
5.824532E-22	2.939844E-18	8.907210E-17	0.000000E+00	0.000000E+00	0.000000E+00	0.000000E+00	
3.825783E-17	0.000000E+00	5.824501E-22	2.939844E-18	9.993994E-17	0.000000E+00	0.000000E+00	
0.000000E+00	0.000000E+00	3.825783E-17	0.000000E+00	5.824465E-22	2.939844E-18	1.121335E-16	
0.000000E+00	0.000000E+00	0.000000E+00	0.000000E+00	3.825783E-17	0.000000E+00	5.824425E-22	
2.939844E-18	1.258151E-16	0.000000E+00	0.000000E+00	0.000000E+00	0.000000E+00	3.825783E-17	
0.000000E+00	5.824380E-22	2.939844E-18	1.411655E-16	0.000000E+00	0.000000E+00	0.000000E+00	
0.000000E+00	3.825783E-17	1.200331E-31	5.824329E-22	2.939844E-18	1.583888E-16	0.000000E+00	
0.000000E+00	0.000000E+00	0.000000E+00	3.825783E-17	0.000000E+00	5.824273E-22	2.939844E-18	
1.777132E-16	0.000000E+00	0.000000E+00	0.000000E+00	0.000000E+00	3.825783E-17	0.000000E+00	
5.824209E-22	2.939844E-18	1.993949E-16	0.000000E+00	0.000000E+00	0.000000E+00	0.000000E+00	
3.825783E-17	0.000000E+00	5.824138E-22	2.939844E-18	2.237215E-16	0.000000E+00	0.000000E+00	
0.000000E+00	0.000000E+00	3.825783E-17	0.000000E+00	5.824058E-22	2.939844E-18	2.510152E-16	
0.000000E+00	0.000000E+00	0.000000E+00	0.000000E+00	3.825783E-17	0.000000E+00	5.823968E-22	
2.939844E-18	2.816383E-16	0.000000E+00	0.000000E+00	0.000000E+00	0.000000E+00	3.825783E-17	
2.391558E-31	5.823868E-22	2.939844E-18	3.159960E-16	0.000000E+00	0.000000E+00	0.000000E+00	
0.000000E+00	3.825783E-17	0.000000E+00	5.823755E-22	2.939844E-18	3.545435E-16	0.000000E+00	
0.000000E+00	0.000000E+00	0.000000E+00	3.825783E-17	0.000000E+00	5.823628E-22	2.939844E-18	
3.977914E-16	0.000000E+00	0.000000E+00	0.000000E+00	0.000000E+00	3.825783E-17	6.756235E-31	
5.823486E-22	2.939844E-18	4.460087E-16	0.000000E+00	0.000000E+00	0.000000E+00	0.000000E+00	
3.825783E-17	0.000000E+00	5.823326E-22	2.939844E-18	5.004199E-16	0.000000E+00	0.000000E+00	
0.000000E+00	0.000000E+00	3.825783E-17	0.000000E+00	5.823148E-22	2.939844E-18	5.614605E-16	
