0.000000E+00	2.241275E-15	5.447266E-07	0.000000E+00	3.876052E-14	1.426951E-22	3.163407E-12	3.470920E-23	1.057584E-09	1.023548E-10	0.000000E+00	9.985754E-05	3.549580E-21	7.771213E-13	1.402005E-15	3.942380E-14	4.278420E-13	6.838269E-16	1.795021E-13	2.452060E-05	1.583213E-15	2.955656E-13	2.259527E-17	2.166742E-15	1.638859E-13	1.423413E-07	9.999946E-02	2.175178E-12	1.148874E-10	4.007971E-10	2.999983E-04	4.891111E-04	9.989973E-01	1.249240E-04	1.000000E+00	
0.000000E+00	2.419642E-15	5.446846E-07	0.000000E+00	4.021493E-14	1.607292E-22	3.169492E-12	3.909952E-23	1.056234E-09	1.060296E-10	0.000000E+00	9.985748E-05	3.997480E-21	8.374578E-13	1.572111E-15	3.949710E-14	4.428990E-13	7.396931E-16	1.849025E-13	2.449157E-05	1.713811E-15	3.050384E-13	2.445605E-17	2.252166E-15	1.704956E-13	1.423974E-07	9.999946E-02	2.175190E-12	1.151094E-10	4.015480E-10	2.999983E-04	5.088255E-04	9.989579E-01	1.248949E-04	1.000000E+00	
0.000000E+00	2.442880E-15	5.446792E-07	0.000000E+00	4.040039E-14	1.631330E-22	3.170282E-12	3.968476E-23	1.056062E-09	1.064964E-10	0.000000E+00	9.985748E-05	4.057173E-21	8.452995E-13	1.594718E-15	3.950663E-14	4.448123E-13	7.469747E-16	1.856192E-13	2.448787E-05	1.730839E-15	3.062444E-13	2.469864E-17	2.263137E-15	1.713385E-13	1.423986E-07	9.999946E-02	2.175192E-12	1.151382E-10	4.016456E-10	2.999983E-04	5.113395E-04	9.989528E-01	1.248912E-04	1.000000E+00	
0.000000E+00	2.469363E-15	5.446731E-07	0.000000E+00	4.061067E-14	1.658875E-22	3.171182E-12	4.035537E-23	1.055868E-09	1.070252E-10	0.000000E+00	9.985748E-05	4.125572E-21	8.542308E-13	1.620603E-15	3.951748E-14	4.469798E-13	7.552738E-16	1.864397E-13	2.448368E-05	1.750248E-15	3.076117E-13	2.497514E-17	2.275598E-15	1.722943E-13	1.423996E-07	9.999946E-02	2.175194E-12	1.151711E-10	4.017567E-10	2.999983E-04	5.141899E-04	9.989471E-01	1.248870E-04	1.000000E+00	
0.000000E+00	2.499604E-15	5.446662E-07	0.000000E+00	4.084941E-14	1.690523E-22	3.172208E-12	4.112591E-23	1.055646E-09	1.076250E-10	0.000000E+00	9.985748E-05	4.204158E-21	8.644229E-13	1.650322E-15	3.952987E-14	4.494384E-13	7.647518E-16	1.873812E-13	2.447892E-05	1.772416E-15	3.091642E-13	2.529095E-17	2.289774E-15	1.733793E-13	1.424003E-07	9.999946E-02	2.175196E-12	1.152085E-10	4.018835E-10	2.999983E-04	5.174262E-04	9.989407E-01	1.248822E-04	1.000000E+00	
0.000000E+00	2.534215E-15	5.446583E-07	0.000000E+00	4.112087E-14	1.726997E-22	3.173382E-12	4.201397E-23	1.055395E-09	1.083061E-10	0.000000E+00	9.985748E-05	4.294723E-21	8.760787E-13	1.684541E-15	3.954403E-14	4.522309E-13	7.756009E-16	1.884649E-13	2.447352E-05	1.797793E-15	3.109297E-13	2.565245E-17	2.305929E-15	1.746131E-13	1.424007E-07	9.999946E-02	2.175199E-12	1.152513E-10	4.020286E-10	2.999983E-04	5.211060E-04	9.989333E-01	1.248768E-04	1.000000E+00	
0.000000E+00	2.573930E-15	5.446494E-07	0.000000E+00	4.143008E-14	1.769181E-22	3.174727E-12	4.304107E-23	1.055109E-09	1.090810E-10	0.000000E+00	9.985748E-05	4.399461E-21	8.894420E-13	1.724075E-15	3.956026E-14	4.554079E-13	7.880519E-16	1.897164E-13	2.446736E-05	1.826921E-15	3.129408E-13	2.606737E-17	2.324379E-15	1.760186E-13	1.424008E-07	9.999946E-02	2.175202E-12	1.153004E-10	4.021948E-10	2.999983E-04	5.252976E-04	9.989249E-01	1.248707E-04	1.000000E+00	
0.000000E+00	2.619636E-15	5.446391E-07	0.000000E+00	4.178298E-14	1.818162E-22	3.176272E-12	4.423370E-23	1.054783E-09	1.099640E-10	0.000000E+00	9.985748E-05	4.521069E-21	9.048058E-13	1.769925E-15	3.957892E-14	4.590287E-13	8.023836E-16	1.911671E-13	2.446034E-05	1.860452E-15	3.152364E-13	2.654499E-17	2.345498E-15	1.776226E-13	1.424004E-07	9.999946E-02	2.175205E-12	1.153568E-10	4.023860E-10	2.999983E-04	5.300815E-04	9.989154E-01	1.248636E-04	1.000000E+00	
0.000000E+00	2.672413E-15	5.446274E-07	0.000000E+00	4.218665E-14	1.875293E-22	3.178054E-12	4.562483E-23	1.054410E-09	1.109722E-10	0.000000E+00	9.985748E-05	4.662903E-21	9.225264E-13	1.823332E-15	3.960045E-14	4.631638E-13	8.189358E-16	1.928559E-13	2.445231E-05	1.899183E-15	3.178627E-13	2.709665E-17	2.369738E-15	1.794574E-13	1.423995E-07	9.999946E-02	2.175209E-12	1.154218E-10	4.026064E-10	2.999983E-04	5.355536E-04	9.989044E-01	1.248556E-04	1.000000E+00	
0.000000E+00	2.733593E-15	5.446140E-07	0.000000E+00	4.264959E-14	1.942279E-22	3.180117E-12	4.725598E-23	1.053983E-09	1.121262E-10	0.000000E+00	9.985748E-05	4.829190E-21	9.430410E-13	1.885855E-15	3.962537E-14	4.678975E-13	8.381269E-16	1.948317E-13	2.444311E-05	1.944097E-15	3.208754E-13	2.773633E-17	2.397646E-15	1.815617E-13	1.423979E-07	9.999946E-02	2.175213E-12	1.154970E-10	4.028617E-10	2.999983E-04	5.418294E-04	9.988919E-01	1.248464E-04	1.000000E+00	
0.000000E+00	2.804822E-15	5.445985E-07	0.000000E+00	4.318206E-14	2.021287E-22	3.182513E-12	4.917995E-23	1.053493E-09	1.134505E-10	0.000000E+00	9.985749E-05	5.025303E-21	9.668898E-13	1.959468E-15	3.965433E-14	4.733309E-13	8.604762E-16	1.971562E-13	2.443254E-05	1.996411E-15	3.243415E-13	2.848136E-17	2.429892E-15	1.839821E-13	1.423954E-07	9.999946E-02	2.175218E-12	1.155844E-10	4.031584E-10	2.999983E-04	5.490480E-04	9.988775E-01	1.248358E-04	1.000000E+00	
0.000000E+00	2.888178E-15	5.445807E-07	0.000000E+00	4.379662E-14	2.115118E-22	3.185311E-12	5.146498E-23	1.052927E-09	1.149750E-10	0.000000E+00	9.985749E-05	5.258187E-21	9.947502E-13	2.046714E-15	3.968817E-14	4.795868E-13	8.866374E-16	1.999091E-13	2.442035E-05	2.057660E-15	3.283432E-13	2.935356E-17	2.467304E-15	1.867758E-13	1.423918E-07	9.999946E-02	2.175224E-12	1.156864E-10	4.035050E-10	2.999983E-04	5.573795E-04	9.988608E-01	1.248236E-04	1.000000E+00	
0.000000E+00	2.986297E-15	5.445600E-07	0.000000E+00	4.450870E-14	2.227434E-22	3.188597E-12	5.420036E-23	1.052273E-09	1.167359E-10	0.000000E+00	9.985749E-05	5.536921E-21	1.027478E-12	2.150904E-15	3.972792E-14	4.868152E-13	9.174409E-16	2.031936E-13	2.440625E-05	2.129794E-15	3.329817E-13	3.038067E-17	2.510917E-15	1.900129E-13	1.423870E-07	9.999946E-02	2.175231E-12	1.158062E-10	4.039121E-10	2.999983E-04	5.670334E-04	9.988415E-01	1.248095E-04	1.000000E+00	
0.000000E+00	3.102581E-15	5.445359E-07	0.000000E+00	4.533754E-14	2.363117E-22	3.192479E-12	5.750502E-23	1.051513E-09	1.187784E-10	0.000000E+00	9.985750E-05	5.873598E-21	1.066174E-12	2.276431E-15	3.977492E-14	4.952017E-13	9.539593E-16	2.071467E-13	2.438985E-05	2.215333E-15	3.383832E-13	3.159852E-17	2.562045E-15	1.937810E-13	1.423805E-07	9.999946E-02	2.175239E-12	1.159478E-10	4.043935E-10	2.999983E-04	5.782704E-04	9.988191E-01	1.247931E-04	1.000000E+00	
0.000000E+00	3.241493E-15	5.445076E-07	0.000000E+00	4.630743E-14	2.528793E-22	3.197102E-12	6.154048E-23	1.050626E-09	1.211587E-10	0.000000E+00	9.985751E-05	6.284636E-21	1.112272E-12	2.429223E-15	3.983092E-14	5.049785E-13	9.975999E-16	2.119530E-13	2.437068E-05	2.317585E-15	3.447076E-13	3.305414E-17	2.622378E-15	1.981906E-13	1.423720E-07	9.999946E-02	2.175248E-12	1.161164E-10	4.049671E-10	2.999983E-04	5.914202E-04	9.987928E-01	1.247739E-04	1.000000E+00	
0.000000E+00	3.408984E-15	5.444743E-07	0.000000E+00	4.744945E-14	2.733639E-22	3.202654E-12	6.653048E-23	1.049583E-09	1.239479E-10	0.000000E+00	9.985752E-05	6.792763E-21	1.167672E-12	2.617447E-15	3.989822E-14	5.164398E-13	1.050240E-15	2.178663E-13	2.434816E-05	2.440966E-15	3.521594E-13	3.481028E-17	2.694127E-15	2.033830E-13	1.423609E-07	9.999946E-02	2.175259E-12	1.163188E-10	4.056566E-10	2.999983E-04	6.069044E-04	9.987618E-01	1.247513E-04	1.000000E+00	
0.000000E+00	3.613178E-15	5.444348E-07	0.000000E+00	4.880417E-14	2.990706E-22	3.209393E-12	7.279323E-23	1.048350E-09	1.272377E-10	0.000000E+00	9.985753E-05	7.430287E-21	1.234951E-12	2.852637E-15	3.997997E-14	5.299649E-13	1.114445E-15	2.252444E-13	2.432150E-05	2.591510E-15	3.610061E-13	3.695266E-17	2.780254E-15	2.095430E-13	1.423466E-07	9.999946E-02	2.175272E-12	1.165645E-10	4.064940E-10	2.999983E-04	6.252731E-04	9.987251E-01	1.247246E-04	1.000000E+00	
0.000000E+00	3.865446E-15	5.443873E-07	0.000000E+00	5.042564E-14	3.319100E-22	3.217676E-12	8.079470E-23	1.046881E-09	1.311488E-10	0.000000E+00	9.985755E-05	8.244498E-21	1.317685E-12	3.151560E-15	4.008051E-14	5.460540E-13	1.193803E-15	2.346066E-13	2.428967E-05	2.777673E-15	3.716050E-13	3.960137E-17	2.884824E-15	2.169166E-13	1.423280E-07	9.999946E-02	2.175288E-12	1.168664E-10	4.075241E-10	2.999983E-04	6.472601E-04	9.986812E-01	1.246928E-04	1.000000E+00	
0.000000E+00	4.182325E-15	5.443297E-07	0.000000E+00	5.238863E-14	3.747964E-22	3.228014E-12	9.124582E-23	1.045115E-09	1.358460E-10	0.000000E+00	9.985758E-05	9.307481E-21	1.421033E-12	3.539586E-15	4.020614E-14	5.653911E-13	1.293540E-15	2.467360E-13	2.425128E-05	3.011768E-15	3.844511E-13	4.293117E-17	3.013644E-15	2.258443E-13	1.423037E-07	9.999946E-02	2.175307E-12	1.172433E-10	4.088111E-10	2.999983E-04	6.738797E-04	9.986280E-01	1.246544E-04	1.000000E+00	
0.000000E+00	4.589536E-15	5.442583E-07	0.000000E+00	5.480421E-14	4.324772E-22	3.241190E-12	1.053052E-22	1.042978E-09	1.415728E-10	0.000000E+00	9.985761E-05	1.073660E-20	1.552970E-12	4.057773E-15	4.036648E-14	5.889905E-13	1.421780E-15	2.628948E-13	2.420432E-05	3.312969E-15	4.002796E-13	4.721397E-17	3.175630E-15	2.368321E-13	1.422712E-07	9.999946E-02	2.175330E-12	1.177238E-10	4.104539E-10	2.999983E-04	7.066384E-04	9.985625E-01	1.246074E-04	1.000000E+00	
0.000000E+00	5.133112E-15	5.441654E-07	0.000000E+00	5.786596E-14	5.137610E-22	3.258564E-12	1.251244E-22	1.040406E-09	1.487609E-10	0.000000E+00	9.985765E-05	1.274945E-20	1.727799E-12	4.782152E-15	4.057850E-14	6.186589E-13	1.593066E-15	2.854017E-13	2.414557E-05	3.715649E-15	4.203682E-13	5.293644E-17	3.386727E-15	2.507632E-13	1.422245E-07	9.999946E-02	2.175362E-12	1.183586E-10	4.126259E-10	2.999983E-04	7.481611E-04	9.984795E-01	1.245486E-04	1.000000E+00	
0.000000E+00	5.924638E-15	5.440291E-07	0.000000E+00	6.204453E-14	6.403395E-22	3.283313E-12	1.560093E-22	1.037474E-09	1.585070E-10	0.000000E+00	9.985773E-05	1.588124E-20	1.980735E-12	5.901488E-15	4.088267E-14	6.590202E-13	1.842631E-15	3.199489E-13	2.406822E-05	4.303294E-15	4.477968E-13	6.127759E-17	3.686177E-15	2.697903E-13	1.421433E-07	9.999946E-02	2.175410E-12	1.192681E-10	4.157406E-10	2.999983E-04	8.048229E-04	9.983663E-01	1.244712E-04	1.000000E+00	
0.000000E+00	7.378825E-15	5.437596E-07	0.000000E+00	6.903936E-14	8.960430E-22	3.327031E-12	2.185104E-22	1.035000E-09	1.748943E-10	0.000000E+00	9.985794E-05	2.219672E-20	2.444477E-12	8.151944E-15	4.142877E-14	7.274159E-13	2.301400E-15	3.885629E-13	2.394964E-05	5.387237E-15	4.936214E-13	7.661878E-17	4.221032E-15	3.017090E-13	1.419388E-07	9.999946E-02	2.175516E-12	1.208974E-10	4.213259E-10	2.999982E-04	8.996301E-04	9.981768E-01	1.243526E-04	1.000000E+00	
0.000000E+00	1.181639E-14	5.429359E-07	0.000000E+00	8.684121E-14	1.835420E-21	3.455257E-12	4.491286E-22	1.036525E-09	2.167459E-10	0.000000E+00	9.985868E-05	4.529937E-20	3.852416E-12	1.635689E-14	4.305898E-14	9.049162E-13	3.702402E-15	6.354299E-13	2.367977E-05	8.722705E-15	6.100102E-13	1.235120E-16	5.804730E-15	3.833592E-13	1.411881E-07	9.999946E-02	2.175872E-12	1.257510E-10	4.379791E-10	2.999982E-04	1.140838E-03	9.976946E-01	1.240827E-04	1.000000E+00	
0.000000E+00	3.774632E-14	5.397889E-07	0.000000E+00	1.529310E-13	1.064353E-20	4.182302E-12	2.640012E-21	1.042624E-09	3.593597E-10	0.000000E+00	9.986165E-05	2.589212E-19	1.154058E-11	8.890166E-14	5.228222E-14	1.533559E-12	1.188017E-14	2.790918E-12	2.265484E-05	2.859393E-14	1.048266E-12	3.979198E-16	1.543579E-14	6.902803E-13	1.381977E-07	9.999946E-02	2.177306E-12	1.532475E-10	5.322532E-10	2.999979E-04	2.038014E-03	9.959013E-01	1.230577E-04	1.000000E+00	
0.000000E+00	2.278883E-13	5.314885E-07	0.000000E+00	3.660343E-13	1.610136E-19	8.306851E-12	4.096652E-20	9.401451E-10	6.253897E-10	0.000000E+00	9.986744E-05	3.783963E-18	4.951651E-11	9.626994E-13	1.039589E-13	2.818192E-12	7.079909E-14	2.805925E-11	1.921160E-05	1.775032E-13	2.587422E-12	2.386301E-15	1.045701E-13	1.692264E-12	1.322394E-07	9.999947E-02	2.180908E-12	3.093349E-10	1.060993E-09	2.999970E-04	4.951803E-03	9.900772E-01	1.196122E-04	1.000000E+00	
0.000000E+00	1.447267E-12	5.127607E-07	0.000000E+00	8.916022E-13	2.598998E-18	2.144258E-11	6.756765E-19	6.707044E-10	7.138335E-10	0.000000E+00	9.987319E-05	5.826566E-17	1.370750E-10	6.953797E-12	2.670823E-13	3.474807E-12	4.270474E-13	1.951093E-10	1.352364E-05	1.116901E-12	7.281435E-12	1.447735E-14	7.066010E-13	4.086488E-12	1.259730E-07	9.999949E-02	2.188886E-12	8.179183E-10	2.732082E-09	2.999947E-04	1.225517E-02	9.754761E-01	1.139111E-04	1.000000E+00	
0.000000E+00	6.292007E-12	4.820410E-07	0.000000E+00	1.810331E-12	2.286839E-17	4.145590E-11	5.862738E-18	4.192519E-10	5.560565E-10	0.000000E+00	9.987375E-05	4.988148E-16	2.006073E-10	2.180127E-11	5.090915E-13	2.880790E-12	1.707501E-12	6.018583E-10	9.143252E-06	4.471720E-12	1.855958E-11	5.775175E-14	2.331332E-12	7.691896E-12	1.246092E-07	9.999952E-02	2.206679E-12	1.606495E-09	5.230498E-09	2.999913E-04	2.543024E-02	9.491304E-01	1.095003E-04	1.000000E+00	
0.000000E+00	1.954182E-11	4.410697E-07	0.000000E+00	3.112348E-12	1.164107E-16	6.373490E-11	2.877950E-17	2.697901E-10	3.961543E-10	0.000000E+00	9.987238E-05	2.495999E-15	2.181588E-10	4.284438E-11	7.719144E-13	2.219181E-12	4.810631E-12	1.171399E-09	6.374583E-06	1.230884E-11	4.050954E-11	1.607201E-13	5.063848E-12	1.177787E-11	1.250436E-07	9.999956E-02	2.247640E-12	2.499260E-09	7.985640E-09	2.999873E-04	4.504441E-02	9.099048E-01	1.066890E-04	1.000000E+00	
0.000000E+00	4.414442E-11	3.998927E-07	0.000000E+00	4.573500E-12	3.633531E-16	8.227072E-11	8.532686E-17	1.883928E-10	2.901739E-10	0.000000E+00	9.987023E-05	7.712602E-15	2.072198E-10	6.257295E-11	9.839038E-13	1.774646E-12	9.985295E-12	1.701066E-09	4.776262E-06	2.455472E-11	7.311929E-11	3.268525E-13	8.284574E-12	1.533031E-11	1.263824E-07	9.999960E-02	2.316125E-12	3.251054E-09	1.026497E-08	2.999839E-04	6.844785E-02	8.630995E-01	1.050472E-04	1.000000E+00	
0.000000E+00	7.706486E-11	3.659503E-07	0.000000E+00	5.927538E-12	7.796207E-16	9.472859E-11	1.732439E-16	1.438208E-10	2.268887E-10	0.000000E+00	9.986816E-05	1.644439E-14	1.889897E-10	7.687783E-11	1.120967E-12	1.507960E-12	1.643940E-11	2.082054E-09	3.851795E-06	3.865815E-11	1.111804E-10	5.251720E-13	1.127243E-11	1.794740E-11	1.278770E-07	9.999963E-02	2.402542E-12	3.762781E-09	1.179295E-08	2.999815E-04	9.153510E-02	8.169259E-01	1.040867E-04	1.000000E+00	
0.000000E+00	1.099171E-10	3.421126E-07	0.000000E+00	6.977439E-12	1.261737E-15	1.017689E-10	2.672142E-16	1.194266E-10	1.907582E-10	0.000000E+00	9.986648E-05	2.651111E-14	1.734506E-10	8.549847E-11	1.194725E-12	1.353144E-12	2.267640E-11	2.309870E-09	3.324706E-06	5.125208E-11	1.464752E-10	7.081504E-13	1.353377E-11	1.965325E-11	1.292052E-07	9.999966E-02	2.486863E-12	4.056332E-09	1.265478E-08	2.999802E-04	1.104237E-01	7.791493E-01	1.035341E-04	1.000000E+00	
0.000000E+00	1.412852E-10	3.243239E-07	0.000000E+00	7.818331E-12	1.768803E-15	1.059937E-10	3.593783E-16	1.039323E-10	1.672940E-10	0.000000E+00	9.986518E-05	3.704528E-14	1.610840E-10	9.109094E-11	1.236864E-12	1.251886E-12	2.857170E-11	2.455286E-09	2.968861E-06	6.240562E-11	1.787971E-10	8.737263E-13	1.532269E-11	2.086503E-11	1.302703E-07	9.999968E-02	2.567068E-12	4.237116E-09	1.317513E-08	2.999794E-04	1.262118E-01	7.475734E-01	1.031591E-04	1.000000E+00	
0.000000E+00	1.700938E-10	3.107644E-07	0.000000E+00	8.497216E-12	2.268402E-15	1.085258E-10	4.446021E-16	9.329405E-11	1.509545E-10	0.000000E+00	9.986408E-05	4.738731E-14	1.512525E-10	9.474933E-11	1.260356E-12	1.179819E-12	3.400246E-11	2.549007E-09	2.715957E-06	7.209352E-11	2.078798E-10	1.020273E-12	1.672890E-11	2.175993E-11	1.312095E-07	9.999969E-02	2.641203E-12	4.348897E-09	1.348837E-08	2.999789E-04	1.394068E-01	7.211837E-01	1.028916E-04	1.000000E+00	
0.000000E+00	1.963871E-10	3.000583E-07	0.000000E+00	9.058402E-12	2.749332E-15	1.100527E-10	5.221070E-16	8.549590E-11	1.388617E-10	0.000000E+00	9.986311E-05	5.731386E-14	1.432811E-10	9.721416E-11	1.273055E-12	1.125211E-12	3.900706E-11	2.611076E-09	2.525340E-06	8.057252E-11	2.341697E-10	1.150504E-12	1.785820E-11	2.245171E-11	1.320670E-07	9.999970E-02	2.709626E-12	4.419319E-09	1.367836E-08	2.999786E-04	1.506291E-01	6.987393E-01	1.026893E-04	1.000000E+00	
0.000000E+00	2.207117E-10	2.912505E-07	0.000000E+00	9.537905E-12	3.213581E-15	1.109639E-10	5.931453E-16	7.942816E-11	1.293862E-10	0.000000E+00	9.986222E-05	6.687309E-14	1.365987E-10	9.892656E-11	1.279266E-12	1.081379E-12	4.369866E-11	2.653326E-09	2.373631E-06	8.816337E-11	2.584150E-10	1.268600E-12	1.879416E-11	2.301272E-11	1.328780E-07	9.999971E-02	2.773788E-12	4.464227E-09	1.379265E-08	2.999784E-04	1.604515E-01	6.790945E-01	1.025279E-04	1.000000E+00	
0.000000E+00	2.437265E-10	2.837034E-07	0.000000E+00	9.962340E-12	3.668779E-15	1.114745E-10	6.595017E-16	7.445277E-11	1.215742E-10	0.000000E+00	9.986137E-05	7.622710E-14	1.307887E-10	1.001427E-10	1.281292E-12	1.044352E-12	4.820693E-11	2.682565E-09	2.246875E-06	9.515545E-11	2.813774E-10	1.378612E-12	1.959640E-11	2.348875E-11	1.336678E-07	9.999972E-02	2.835406E-12	4.492501E-09	1.385755E-08	2.999783E-04	1.693310E-01	6.613358E-01	1.023928E-04	1.000000E+00	
0.000000E+00	2.660399E-10	2.769968E-07	0.000000E+00	1.035058E-11	4.124113E-15	1.117021E-10	7.228486E-16	7.018940E-11	1.148503E-10	0.000000E+00	9.986053E-05	8.556776E-14	1.255632E-10	1.010100E-10	1.280350E-12	1.011689E-12	5.265370E-11	2.702676E-09	2.136495E-06	1.017817E-10	3.037264E-10	1.483940E-12	2.030546E-11	2.390904E-11	1.344547E-07	9.999972E-02	2.896108E-12	4.509078E-09	1.388746E-08	2.999782E-04	1.776093E-01	6.447792E-01	1.022749E-04	1.000000E+00	
0.000000E+00	2.881608E-10	2.708544E-07	0.000000E+00	1.071574E-11	4.588536E-15	1.117100E-10	7.845394E-16	6.640479E-11	1.088589E-10	0.000000E+00	9.985969E-05	9.508031E-14	1.207267E-10	1.016125E-10	1.277067E-12	9.818459E-13	5.714603E-11	2.715853E-09	2.037100E-06	1.082206E-10	3.260195E-10	1.587278E-12	2.094804E-11	2.429248E-11	1.352525E-07	9.999973E-02	2.957320E-12	4.516667E-09	1.389014E-08	2.999782E-04	1.855352E-01	6.289276E-01	1.021685E-04	1.000000E+00	
0.000000E+00	3.104955E-10	2.650948E-07	0.000000E+00	1.106683E-11	5.070106E-15	1.115309E-10	8.455776E-16	6.295307E-11	1.033762E-10	0.000000E+00	9.985883E-05	1.049304E-13	1.161486E-10	1.019973E-10	1.271751E-12	9.538271E-13	6.177626E-11	2.723311E-09	1.945247E-06	1.146057E-10	3.487132E-10	1.690700E-12	2.154119E-11	2.465141E-11	1.360714E-07	9.999973E-02	3.020265E-12	4.516714E-09	1.386962E-08	2.999783E-04	1.932861E-01	6.134258E-01	1.020700E-04	1.000000E+00	
0.000000E+00	3.334611E-10	2.595612E-07	0.000000E+00	1.141042E-11	5.576080E-15	1.111906E-10	9.068765E-16	5.974571E-11	9.826746E-11	0.000000E+00	9.985800E-05	1.152436E-13	1.117634E-10	1.022347E-10	1.264818E-12	9.274510E-13	6.663096E-11	2.726372E-09	1.856350E-06	1.210810E-10	3.721390E-10	1.795828E-12	2.211471E-11	2.499451E-11	1.368755E-07	9.999974E-02	3.086019E-12	4.510945E-09	1.383074E-08	2.999783E-04	2.009995E-01	5.979991E-01	1.019748E-04	1.000000E+00	
0.000000E+00	3.570885E-10	2.542615E-07	0.000000E+00	1.174944E-11	6.111941E-15	1.106725E-10	9.683612E-16	5.671598E-11	9.342702E-11	0.000000E+00	9.985709E-05	1.261773E-13	1.074719E-10	1.022397E-10	1.255708E-12	9.012811E-13	7.176734E-11	2.723869E-09	1.774100E-06	1.276228E-10	3.966927E-10	1.903736E-12	2.263309E-11	2.532584E-11	1.377653E-07	9.999975E-02	3.155404E-12	4.497524E-09	1.376788E-08	2.999784E-04	2.087346E-01	5.825290E-01	1.018864E-04	1.000000E+00	
0.000000E+00	3.816580E-10	2.491060E-07	0.000000E+00	1.208687E-11	6.682996E-15	1.099905E-10	1.030445E-15	5.383224E-11	8.880802E-11	0.000000E+00	9.985614E-05	1.378156E-13	1.032658E-10	1.020688E-10	1.244754E-12	8.755926E-13	7.725573E-11	2.716716E-09	1.694840E-06	1.343300E-10	4.225874E-10	2.015345E-12	2.312016E-11	2.564961E-11	1.386972E-07	9.999975E-02	3.229240E-12	4.477722E-09	1.368464E-08	2.999785E-04	2.165606E-01	5.668772E-01	1.018010E-04	1.000000E+00	
0.000000E+00	4.072887E-10	2.440692E-07	0.000000E+00	1.242408E-11	7.293389E-15	1.091438E-10	1.093087E-15	5.107214E-11	8.437653E-11	0.000000E+00	9.985514E-05	1.502417E-13	9.912728E-11	1.017229E-10	1.231947E-12	8.502130E-13	8.315453E-11	2.704934E-09	1.618033E-06	1.412360E-10	4.500409E-10	2.131265E-12	2.357591E-11	2.596807E-11	1.396767E-07	9.999976E-02	3.308212E-12	4.451546E-09	1.358089E-08	2.999787E-04	2.245103E-01	5.509777E-01	1.017182E-04	1.000000E+00	
0.000000E+00	4.340519E-10	2.391394E-07	0.000000E+00	1.276157E-11	7.946415E-15	1.081317E-10	1.156071E-15	4.842262E-11	8.011305E-11	0.000000E+00	9.985410E-05	1.635215E-13	9.504933E-11	1.012010E-10	1.217285E-12	8.250412E-13	8.951856E-11	2.688512E-09	1.543380E-06	1.483610E-10	4.792386E-10	2.251894E-12	2.399877E-11	2.628262E-11	1.407090E-07	9.999976E-02	3.392927E-12	4.418981E-09	1.345649E-08	2.999789E-04	2.325993E-01	5.347998E-01	1.016376E-04	1.000000E+00	
0.000000E+00	4.619881E-10	2.343110E-07	0.000000E+00	1.309932E-11	8.644526E-15	1.069547E-10	1.219051E-15	4.587678E-11	7.600785E-11	0.000000E+00	9.985300E-05	1.777005E-13	9.103337E-11	1.005060E-10	1.200803E-12	8.000612E-13	9.640073E-11	2.667496E-09	1.470562E-06	1.557193E-10	5.103325E-10	2.377457E-12	2.438805E-11	2.659415E-11	1.417951E-07	9.999977E-02	3.483924E-12	4.380122E-09	1.331163E-08	2.999791E-04	2.408300E-01	5.183385E-01	1.015589E-04	1.000000E+00	
0.000000E+00	4.910574E-10	2.295962E-07	0.000000E+00	1.343668E-11	9.389369E-15	1.056137E-10	1.281484E-15	4.343071E-11	7.205565E-11	0.000000E+00	9.985184E-05	1.928196E-13	8.708130E-11	9.962896E-11	1.182490E-12	7.751660E-13	1.038499E-10	2.641788E-09	1.400003E-06	1.632986E-10	5.434724E-10	2.508039E-12	2.473581E-11	2.690315E-11	1.429509E-07	9.999977E-02	3.581674E-12	4.334866E-09	1.314596E-08	2.999793E-04	2.491899E-01	5.016188E-01	1.014825E-04	1.000000E+00	
0.000000E+00	5.212372E-10	2.249964E-07	0.000000E+00	1.377293E-11	1.018179E-14	1.041139E-10	1.342823E-15	4.108353E-11	6.825623E-11	0.000000E+00	9.985062E-05	2.088906E-13	8.320340E-11	9.857846E-11	1.162449E-12	7.504266E-13	1.119166E-10	2.611564E-09	1.331417E-06	1.711010E-10	5.787631E-10	2.643593E-12	2.504204E-11	2.720995E-11	1.441749E-07	9.999978E-02	3.686594E-12	4.283515E-09	1.296036E-08	2.999796E-04	2.576632E-01	4.846722E-01	1.014081E-04	1.000000E+00	
0.000000E+00	5.524558E-10	2.205210E-07	0.000000E+00	1.410704E-11	1.102184E-14	1.024623E-10	1.402422E-15	3.883512E-11	6.461040E-11	0.000000E+00	9.984932E-05	2.259150E-13	7.940926E-11	9.735900E-11	1.140777E-12	7.258686E-13	1.206498E-10	2.576969E-09	1.264873E-06	1.791143E-10	6.162994E-10	2.783972E-12	2.530371E-11	2.751475E-11	1.454730E-07	9.999978E-02	3.799037E-12	4.226339E-09	1.275559E-08	2.999799E-04	2.662258E-01	4.675472E-01	1.013358E-04	1.000000E+00	
0.000000E+00	5.846172E-10	2.161793E-07	0.000000E+00	1.443791E-11	1.190884E-14	1.006681E-10	1.459601E-15	3.668568E-11	6.111941E-11	0.000000E+00	9.984795E-05	2.438806E-13	7.570882E-11	9.597733E-11	1.117597E-12	7.015280E-13	1.300981E-10	2.538213E-09	1.200456E-06	1.873226E-10	6.561602E-10	2.928948E-12	2.551818E-11	2.781770E-11	1.468516E-07	9.999978E-02	3.919299E-12	4.163702E-09	1.253275E-08	2.999803E-04	2.748490E-01	4.503008E-01	1.012657E-04	1.000000E+00	
0.000000E+00	6.176038E-10	2.119806E-07	0.000000E+00	1.476438E-11	1.284138E-14	9.874309E-11	1.513669E-15	3.463542E-11	5.778449E-11	0.000000E+00	9.984649E-05	2.627619E-13	7.211179E-11	9.444253E-11	1.093058E-12	6.774484E-13	1.403100E-10	2.495569E-09	1.138261E-06	1.957061E-10	6.984068E-10	3.078226E-12	2.568335E-11	2.811892E-11	1.483178E-07	9.999979E-02	4.047609E-12	4.096059E-09	1.229320E-08	2.999806E-04	2.835012E-01	4.329965E-01	1.011979E-04	1.000000E+00	
0.000000E+00	6.512910E-10	2.079303E-07	0.000000E+00	1.508535E-11	1.381746E-14	9.670079E-11	1.563975E-15	3.268413E-11	5.460612E-11	0.000000E+00	9.984489E-05	2.825196E-13	6.862718E-11	9.276717E-11	1.067330E-12	6.536893E-13	1.513352E-10	2.449378E-09	1.078305E-06	2.042462E-10	7.430827E-10	3.231463E-12	2.579881E-11	2.841856E-11	1.498773E-07	9.999979E-02	4.184135E-12	4.066674E-09	1.203860E-08	2.999810E-04	2.921501E-01	4.156987E-01	1.011323E-04	1.000000E+00	
0.000000E+00	6.855154E-10	2.040391E-07	0.000000E+00	1.539971E-11	1.483458E-14	9.455639E-11	1.609877E-15	3.083102E-11	5.158373E-11	0.000000E+00	9.984317E-05	3.031160E-13	6.526162E-11	9.096050E-11	1.040580E-12	6.302656E-13	1.632222E-10	2.399970E-09	1.020825E-06	2.129126E-10	7.902327E-10	3.388311E-12	2.586164E-11	2.871685E-11	1.515442E-07	9.999980E-02	4.328987E-12	4.056240E-09	1.177057E-08	2.999813E-04	3.007610E-01	3.984769E-01	1.010692E-04	1.000000E+00	
0.000000E+00	7.201413E-10	2.003099E-07	0.000000E+00	1.570655E-11	1.588967E-14	9.232636E-11	1.650846E-15	2.907489E-11	4.871606E-11	0.000000E+00	9.984133E-05	3.244927E-13	6.202181E-11	8.903971E-11	1.013009E-12	6.072508E-13	1.760223E-10	2.347787E-09	9.657460E-07	2.216877E-10	8.398697E-10	3.548382E-12	2.587395E-11	2.901398E-11	1.533241E-07	9.999980E-02	4.482200E-12	4.039781E-09	1.149121E-08	2.999817E-04	3.093026E-01	3.813938E-01	1.010086E-04	1.000000E+00	
0.000000E+00	7.548445E-10	1.967731E-07	0.000000E+00	1.600469E-11	1.698052E-14	9.002879E-11	1.686254E-15	2.741331E-11	4.599946E-11	0.000000E+00	9.983934E-05	3.466762E-13	5.890680E-11	8.699381E-11	9.846992E-13	5.844574E-13	1.897796E-10	2.292966E-09	9.142286E-07	2.304843E-10	8.921165E-10	3.711552E-12	2.581845E-11	2.931074E-11	1.552704E-07	9.999980E-02	4.643831E-12	4.017049E-09	1.120134E-08	2.999821E-04	3.177336E-01	3.645319E-01	1.009516E-04	1.000000E+00	
0.000000E+00	7.897250E-10	1.933876E-07	0.000000E+00	1.629396E-11	1.810208E-14	8.767988E-11	1.716006E-15	2.584481E-11	4.343260E-11	0.000000E+00	9.983722E-05	3.694914E-13	5.592810E-11	8.487958E-11	9.560214E-13	5.622916E-13	2.045586E-10	2.236413E-09	8.645031E-07	2.393748E-10	9.468132E-10	3.877135E-12	2.572487E-11	2.960667E-11	1.573316E-07	9.999981E-02	4.813671E-12	3.989053E-09	1.090493E-08	2.999825E-04	3.260417E-01	3.479158E-01	1.008964E-04	1.000000E+00	
0.000000E+00	8.247169E-10	1.901434E-07	0.000000E+00	1.657389E-11	1.924979E-14	8.529512E-11	1.739881E-15	2.436649E-11	4.101131E-11	0.000000E+00	9.983500E-05	3.928299E-13	5.308787E-11	8.272028E-11	9.271856E-13	5.408526E-13	2.204179E-10	2.178634E-09	8.162696E-07	2.483670E-10	1.003893E-09	4.044642E-12	2.560226E-11	2.990173E-11	1.595043E-07	9.999981E-02	4.991499E-12	3.956280E-09	1.060428E-08	2.999829E-04	3.342052E-01	3.315888E-01	1.008428E-04	1.000000E+00	
0.000000E+00	8.594361E-10	1.870763E-07	0.000000E+00	1.684363E-11	2.042178E-14	8.289311E-11	1.757507E-15	2.297439E-11	3.872913E-11	0.000000E+00	9.983259E-05	4.167635E-13	5.037923E-11	8.049651E-11	8.982205E-13	5.198644E-13	2.374041E-10	2.119677E-09	7.709831E-07	2.573500E-10	1.063510E-09	4.214192E-12	2.542838E-11	3.019703E-11	1.618635E-07	9.999981E-02	5.177229E-12	3.918546E-09	1.029979E-08	2.999833E-04	3.421873E-01	3.156245E-01	1.007920E-04	1.000000E+00	
0.000000E+00	8.938133E-10	1.841737E-07	0.000000E+00	1.710301E-11	2.161394E-14	8.048911E-11	1.768884E-15	2.166515E-11	3.658103E-11	0.000000E+00	9.983000E-05	4.412123E-13	4.780270E-11	7.823217E-11	8.693278E-13	4.994324E-13	2.555799E-10	2.060050E-09	7.282134E-07	2.663280E-10	1.125609E-09	4.385470E-12	2.521293E-11	3.049266E-11	1.644117E-07	9.999982E-02	5.370538E-12	3.876473E-09	9.993733E-09	2.999837E-04	3.499726E-01	3.000540E-01	1.007438E-04	1.000000E+00	
0.000000E+00	9.277262E-10	1.814319E-07	0.000000E+00	1.735188E-11	2.282285E-14	7.809789E-11	1.774049E-15	2.043498E-11	3.456115E-11	0.000000E+00	9.982719E-05	4.661373E-13	4.535599E-11	7.594120E-11	8.406559E-13	4.795764E-13	2.750084E-10	2.000140E-09	6.879028E-07	2.752827E-10	1.190174E-09	4.558327E-12	2.495935E-11	3.078892E-11	1.671693E-07	9.999982E-02	5.571077E-12	3.830562E-09	9.687850E-09	2.999841E-04	3.575452E-01	2.849088E-01	1.006980E-04	1.000000E+00	
0.000000E+00	9.610642E-10	1.788462E-07	0.000000E+00	1.759018E-11	2.404528E-14	7.573300E-11	1.773124E-15	1.927996E-11	3.266333E-11	0.000000E+00	9.982415E-05	4.915091E-13	4.303588E-11	7.363641E-11	8.123376E-13	4.603099E-13	2.957561E-10	1.940301E-09	6.499828E-07	2.841976E-10	1.257194E-09	4.732681E-12	2.467123E-11	3.108608E-11	1.701597E-07	9.999982E-02	5.778437E-12	3.781784E-09	9.383725E-09	2.999845E-04	3.648926E-01	2.702142E-01	1.006545E-04	1.000000E+00	
0.000000E+00	9.937287E-10	1.764115E-07	0.000000E+00	1.781796E-11	2.527828E-14	7.340671E-11	1.766298E-15	1.819610E-11	3.088128E-11	0.000000E+00	9.982085E-05	5.173097E-13	4.083845E-11	7.132941E-11	7.844887E-13	4.416408E-13	3.178945E-10	1.880853E-09	6.143764E-07	2.930570E-10	1.326660E-09	4.908525E-12	2.435222E-11	3.138436E-11	1.734091E-07	9.999982E-02	5.992149E-12	3.730532E-09	9.082778E-09	2.999850E-04	3.720052E-01	2.559890E-01	1.006132E-04	1.000000E+00	
0.000000E+00	1.025633E-09	1.741225E-07	0.000000E+00	1.803536E-11	2.651921E-14	7.112999E-11	1.753819E-15	1.717938E-11	2.920861E-11	0.000000E+00	9.981727E-05	5.435339E-13	3.875921E-11	6.903047E-11	7.572086E-13	4.235715E-13	3.415001E-10	1.822083E-09	5.810001E-07	3.018467E-10	1.398570E-09	5.085931E-12	2.400592E-11	3.168395E-11	1.769474E-07	9.999983E-02	6.211684E-12	3.677194E-09	8.786264E-09	2.999854E-04	3.788767E-01	2.422460E-01	1.005740E-04	1.000000E+00	
0.000000E+00	1.056703E-09	1.719734E-07	0.000000E+00	1.824258E-11	2.776578E-14	6.891252E-11	1.735981E-15	1.622585E-11	2.763900E-11	0.000000E+00	9.981335E-05	5.701906E-13	3.679327E-11	6.674856E-11	7.305812E-13	4.060996E-13	3.666560E-10	1.764242E-09	5.497666E-07	3.105529E-10	1.472931E-09	5.265051E-12	2.363583E-11	3.198500E-11	1.808090E-07	9.999983E-02	6.436455E-12	3.622330E-09	8.495267E-09	2.999858E-04	3.855031E-01	2.289931E-01	1.005367E-04	1.000000E+00	
0.000000E+00	1.086874E-09	1.699587E-07	0.000000E+00	1.843990E-11	2.901603E-14	6.676276E-11	1.713109E-15	1.533161E-11	2.616620E-11	0.000000E+00	9.980907E-05	5.973046E-13	3.493545E-11	6.449132E-11	7.046748E-13	3.892182E-13	3.934525E-10	1.707547E-09	5.205858E-07	3.191624E-10	1.549765E-09	5.446125E-12	2.324525E-11	3.228759E-11	1.850329E-07	9.999983E-02	6.665820E-12	3.566500E-09	8.210710E-09	2.999862E-04	3.918832E-01	2.162331E-01	1.005012E-04	1.000000E+00	
0.000000E+00	1.116090E-09	1.680725E-07	0.000000E+00	1.862763E-11	3.026834E-14	6.468807E-11	1.685549E-15	1.449292E-11	2.478417E-11	0.000000E+00	9.980438E-05	6.249170E-13	3.318043E-11	6.226516E-11	6.795446E-13	3.729163E-13	4.219886E-10	1.652183E-09	4.933676E-07	3.276624E-10	1.629109E-09	5.629482E-12	2.283727E-11	3.259174E-11	1.896641E-07	9.999983E-02	6.899072E-12	3.510256E-09	7.933368E-09	2.999866E-04	3.980174E-01	2.039648E-01	1.004675E-04	1.000000E+00	
0.000000E+00	1.144307E-09	1.663097E-07	0.000000E+00	1.880610E-11	3.152146E-14	6.269477E-11	1.653658E-15	1.370612E-11	2.348702E-11	0.000000E+00	9.979922E-05	6.530878E-13	3.152279E-11	6.007524E-11	6.552326E-13	3.571797E-13	4.523740E-10	1.598303E-09	4.680225E-07	3.360397E-10	1.711022E-09	5.815551E-12	2.241471E-11	3.289742E-11	1.947543E-07	9.999983E-02	7.135448E-12	3.454149E-09	7.663868E-09	2.999870E-04	4.039081E-01	1.921833E-01	1.004352E-04	1.000000E+00	
0.000000E+00	1.171369E-09	1.646764E-07	0.000000E+00	1.897563E-11	3.277662E-14	6.078998E-11	1.617780E-15	1.296767E-11	2.226886E-11	0.000000E+00	9.979352E-05	6.820017E-13	2.995605E-11	5.791795E-11	6.317435E-13	3.419262E-13	4.847280E-10	1.545965E-09	4.447455E-07	3.442376E-10	1.795702E-09	6.005237E-12	2.197256E-11	3.320509E-11	2.003879E-07	9.999984E-02	7.374280E-12	3.398655E-09	7.402429E-09	2.999874E-04	4.095561E-01	1.808874E-01	1.004047E-04	1.000000E+00	
0.000000E+00	1.197480E-09	1.631445E-07	0.000000E+00	1.913675E-11	3.402892E-14	5.897507E-11	1.578304E-15	1.227446E-11	2.112490E-11	0.000000E+00	9.978725E-05	7.115499E-13	2.847717E-11	5.581251E-11	6.091547E-13	3.272721E-13	5.191928E-10	1.495418E-09	4.228600E-07	3.523293E-10	1.883028E-09	6.198431E-12	2.152871E-11	3.351341E-11	2.065843E-07	9.999984E-02	7.614359E-12	3.345300E-09	7.150037E-09	2.999878E-04	4.149733E-01	1.700530E-01	1.003750E-04	1.000000E+00	
0.000000E+00	1.222489E-09	1.617219E-07	0.000000E+00	1.928978E-11	3.528024E-14	5.725594E-11	1.535553E-15	1.162324E-11	2.004971E-11	0.000000E+00	9.978029E-05	7.419660E-13	2.707968E-11	5.375245E-11	5.874491E-13	3.131229E-13	5.559203E-10	1.446665E-09	4.026037E-07	3.602539E-10	1.973269E-09	6.396284E-12	2.107683E-11	3.382272E-11	2.134508E-07	9.999984E-02	7.854887E-12	3.295437E-09	6.906657E-09	2.999881E-04	4.201623E-01	1.596750E-01	1.003464E-04	1.000000E+00	
0.000000E+00	1.246372E-09	1.604049E-07	0.000000E+00	1.943513E-11	3.653055E-14	5.563640E-11	1.489858E-15	1.101109E-11	1.903852E-11	0.000000E+00	9.977257E-05	7.734034E-13	2.575857E-11	5.173918E-11	5.666336E-13	2.994558E-13	5.950846E-10	1.399769E-09	3.839033E-07	3.679935E-10	2.066615E-09	6.599694E-12	2.061856E-11	3.413269E-11	2.210822E-07	9.999984E-02	8.094822E-12	3.250496E-09	6.672499E-09	2.999884E-04	4.251298E-01	1.497399E-01	1.003187E-04	1.000000E+00	
0.000000E+00	1.269102E-09	1.591904E-07	0.000000E+00	1.957318E-11	3.778014E-14	5.411996E-11	1.441532E-15	1.043524E-11	1.808678E-11	0.000000E+00	9.976395E-05	8.060479E-13	2.450895E-11	4.977331E-11	5.467087E-13	2.862460E-13	6.368860E-10	1.354779E-09	3.666919E-07	3.755282E-10	2.163305E-09	6.809723E-12	2.015520E-11	3.444287E-11	2.295907E-07	9.999984E-02	8.333047E-12	3.211851E-09	6.447695E-09	2.999888E-04	4.298833E-01	1.402329E-01	1.002917E-04	1.000000E+00	
0.000000E+00	1.290656E-09	1.580758E-07	0.000000E+00	1.970432E-11	3.902950E-14	5.271009E-11	1.390869E-15	9.893088E-12	1.719026E-11	0.000000E+00	9.975431E-05	8.401207E-13	2.332619E-11	4.785490E-11	5.276707E-13	2.734682E-13	6.815527E-10	1.311730E-09	3.509117E-07	3.828352E-10	2.263634E-09	7.027602E-12	1.968775E-11	3.475273E-11	2.391089E-07	9.999984E-02	8.568348E-12	3.180858E-09	6.232322E-09	2.999891E-04	4.344305E-01	1.311387E-01	1.002652E-04	1.000000E+00	
0.000000E+00	1.311006E-09	1.570595E-07	0.000000E+00	1.982895E-11	4.027937E-14	5.141035E-11	1.338148E-15	9.382235E-12	1.634501E-11	0.000000E+00	9.974349E-05	8.758850E-13	2.220585E-11	4.598344E-11	5.095125E-13	2.610964E-13	7.293490E-10	1.270648E-09	3.365136E-07	3.898883E-10	2.367964E-09	7.254768E-12	1.921694E-11	3.506165E-11	2.497947E-07	9.999984E-02	8.799413E-12	3.158901E-09	6.026410E-09	2.999893E-04	4.387790E-01	1.224416E-01	1.002389E-04	1.000000E+00	
0.000000E+00	1.330125E-09	1.561406E-07	0.000000E+00	1.994741E-11	4.153070E-14	5.022460E-11	1.283628E-15	8.900431E-12	1.554730E-11	0.000000E+00	9.973129E-05	9.136536E-13	2.114372E-11	4.415800E-11	4.922244E-13	2.491041E-13	7.805803E-10	1.231553E-09	3.234593E-07	3.966576E-10	2.476732E-09	7.492894E-12	1.874319E-11	3.536887E-11	2.618371E-07	9.999984E-02	9.024815E-12	3.147438E-09	5.829958E-09	2.999896E-04	4.429369E-01	1.141259E-01	1.002128E-04	1.000000E+00	
0.000000E+00	1.347978E-09	1.553191E-07	0.000000E+00	2.006007E-11	4.278462E-14	4.915719E-11	1.227555E-15	8.445601E-12	1.479373E-11	0.000000E+00	9.971749E-05	9.537969E-13	2.013587E-11	4.237730E-11	4.757958E-13	2.374652E-13	8.356012E-10	1.194462E-09	3.117226E-07	4.031083E-10	2.590464E-09	7.743923E-12	1.826668E-11	3.567351E-11	2.754636E-07	9.999984E-02	9.242998E-12	3.148067E-09	5.642941E-09	2.999898E-04	4.469115E-01	1.061767E-01	1.001864E-04	1.000000E+00	
0.000000E+00	1.364525E-09	1.545962E-07	0.000000E+00	2.016724E-11	4.404244E-14	4.821317E-11	1.170164E-15	8.015815E-12	1.408110E-11	0.000000E+00	9.970180E-05	9.967559E-13	1.917856E-11	4.063977E-11	4.602147E-13	2.261536E-13	8.948261E-10	1.159388E-09	3.012912E-07	4.092007E-10	2.709788E-09	8.010129E-12	1.778736E-11	3.597454E-11	2.909496E-07	9.999985E-02	9.452267E-12	3.162598E-09	5.465322E-09	2.999900E-04	4.507103E-01	9.857902E-02	1.001596E-04	1.000000E+00	
0.000000E+00	1.379720E-09	1.539741E-07	0.000000E+00	2.026924E-11	4.530563E-14	4.739849E-11	1.111678E-15	7.609293E-12	1.340645E-11	0.000000E+00	9.968389E-05	1.043056E-12	1.826829E-11	3.894362E-11	4.454692E-13	2.151434E-13	9.587402E-10	1.126345E-09	2.921694E-07	4.148892E-10	2.835454E-09	8.294172E-12	1.730492E-11	3.627079E-11	3.086314E-07	9.999985E-02	9.650768E-12	3.193144E-09	5.297057E-09	2.999902E-04	4.543402E-01	9.131925E-02	1.001320E-04	1.000000E+00	
0.000000E+00	1.393602E-09	1.534486E-07	0.000000E+00	2.036637E-11	4.657321E-14	4.671974E-11	1.052311E-15	7.224491E-12	1.276728E-11	0.000000E+00	9.966337E-05	1.093196E-12	1.740239E-11	3.729071E-11	4.315639E-13	2.044397E-13	1.027914E-09	1.095392E-09	2.842436E-07	4.201592E-10	2.968227E-09	8.598722E-12	1.682317E-11	3.656041E-11	3.288975E-07	9.999985E-02	9.836313E-12	3.242345E-09	5.138278E-09	2.999903E-04	4.578089E-01	8.438184E-02	1.001030E-04	1.000000E+00	
0.000000E+00	1.405919E-09	1.530405E-07	0.000000E+00	2.045886E-11	4.785200E-14	4.618676E-11	9.922991E-16	6.859685E-12	1.216059E-11	0.000000E+00	9.963967E-05	1.148188E-12	1.657655E-11	3.567117E-11	4.184557E-13	1.939566E-13	1.103019E-09	1.066464E-09	2.778379E-07	4.248769E-10	3.109400E-09	8.928364E-12	1.633264E-11	3.684282E-11	3.523042E-07	9.999985E-02	1.000700E-11	3.313111E-09	4.988603E-09	2.999905E-04	4.611194E-01	7.776089E-02	1.000725E-04	1.000000E+00	
0.000000E+00	1.416690E-09	1.527491E-07	0.000000E+00	2.054697E-11	4.914137E-14	4.580928E-11	9.318632E-16	6.513558E-12	1.158424E-11	0.000000E+00	9.961218E-05	1.208823E-12	1.578848E-11	3.408672E-11	4.061501E-13	1.837017E-13	1.184850E-09	1.039630E-09	2.728906E-07	4.290122E-10	3.260100E-09	9.287036E-12	1.583683E-11	3.711575E-11	3.794636E-07	9.999985E-02	1.016025E-11	3.409421E-09	4.848172E-09	2.999905E-04	4.642781E-01	7.144345E-02	1.000398E-04	1.000000E+00	
0.000000E+00	1.425829E-09	1.525836E-07	0.000000E+00	2.063093E-11	5.044332E-14	4.559975E-11	8.712422E-16	6.184774E-12	1.103597E-11	0.000000E+00	9.958009E-05	1.276215E-12	1.503540E-11	3.253497E-11	3.946363E-13	1.736518E-13	1.274352E-09	1.014915E-09	2.695174E-07	4.324897E-10	3.421800E-09	9.679967E-12	1.533463E-11	3.737720E-11	4.111731E-07	9.999985E-02	1.029342E-11	3.536195E-09	4.716956E-09	2.999906E-04	4.672894E-01	6.542089E-02	1.000042E-04	1.000000E+00	
0.000000E+00	1.433223E-09	1.525571E-07	0.000000E+00	2.071093E-11	5.176046E-14	4.557310E-11	8.106941E-16	5.872033E-12	1.051359E-11	0.000000E+00	9.954237E-05	1.351758E-12	1.431449E-11	3.101281E-11	3.838996E-13	1.637800E-13	1.372648E-09	9.923447E-10	2.679059E-07	4.352193E-10	3.596266E-09	1.011352E-11	1.482404E-11	3.762498E-11	4.484473E-07	9.999985E-02	1.040367E-11	3.699730E-09	4.594879E-09	2.999905E-04	4.701566E-01	5.968658E-02	9.996485E-05	1.000000E+00	
0.000000E+00	1.438569E-09	1.527016E-07	0.000000E+00	2.078713E-11	5.310112E-14	4.574643E-11	7.505209E-16	5.573756E-12	1.001432E-11	0.000000E+00	9.949768E-05	1.437499E-12	1.362172E-11	2.951051E-11	3.738865E-13	1.540130E-13	1.481078E-09	9.718474E-10	2.685674E-07	4.370274E-10	3.785851E-09	1.059646E-11	1.429571E-11	3.785747E-11	4.926379E-07	9.999985E-02	1.048821E-11	3.907918E-09	4.481445E-09	2.999905E-04	4.728802E-01	5.423940E-02	9.992096E-05	1.000000E+00	
0.000000E+00	1.441985E-09	1.530160E-07	0.000000E+00	2.085974E-11	5.446081E-14	4.613974E-11	6.910066E-16	5.288951E-12	9.536609E-12	0.000000E+00	9.944438E-05	1.535167E-12	1.295574E-11	2.803333E-11	3.646156E-13	1.443931E-13	1.601258E-09	9.535520E-10	2.714997E-07	4.379097E-10	3.992684E-09	1.113673E-11	1.375765E-11	3.807064E-11	5.453436E-07	9.999985E-02	1.054334E-11	4.171854E-09	4.376956E-09	2.999903E-04	4.754648E-01	4.907006E-02	9.987091E-05	1.000000E+00	
0.000000E+00	1.443372E-09	1.535213E-07	0.000000E+00	2.092890E-11	5.584132E-14	4.677647E-11	6.324917E-16	5.016251E-12	9.078167E-12	0.000000E+00	9.938030E-05	1.647351E-12	1.231362E-11	2.657810E-11	3.560567E-13	1.349022E-13	1.735130E-09	9.374711E-10	2.771100E-07	4.377700E-10	4.219642E-09	1.174546E-11	1.320865E-11	3.826111E-11	6.087220E-07	9.999985E-02	1.056552E-11	4.505743E-09	4.281180E-09	2.999901E-04	4.779117E-01	4.417624E-02	9.981295E-05	1.000000E+00	
0.000000E+00	1.442510E-09	1.542547E-07	0.000000E+00	2.099476E-11	5.724862E-14	4.768108E-11	5.753695E-16	4.753805E-12	8.635819E-12	0.000000E+00	9.930254E-05	1.777601E-12	1.169100E-11	2.513650E-11	3.481305E-13	1.254914E-13	1.885046E-09	9.235015E-10	2.861523E-07	4.364579E-10	4.470352E-09	1.243726E-11	1.264253E-11	3.842574E-11	6.856609E-07	9.999985E-02	1.055122E-11	4.927731E-09	4.193337E-09	2.999898E-04	4.802203E-01	3.955908E-02	9.974496E-05	1.000000E+00	
0.000000E+00	1.440277E-09	1.551531E-07	0.000000E+00	2.105741E-11	5.865237E-14	4.889721E-11	5.199365E-16	4.502069E-12	8.210875E-12	0.000000E+00	9.920768E-05	1.927798E-12	1.109175E-11	2.373688E-11	3.410027E-13	1.163693E-13	2.053930E-09	9.122199E-10	2.977632E-07	4.342838E-10	4.747324E-09	1.322188E-11	1.209337E-11	3.855577E-11	7.795389E-07	9.999984E-02	1.049518E-11	5.465521E-09	4.115453E-09	2.999893E-04	4.823986E-01	3.520256E-02	9.966260E-05	1.000000E+00	
0.000000E+00	1.435960E-09	1.563101E-07	0.000000E+00	2.111698E-11	6.007534E-14	5.045226E-11	4.667380E-16	4.257660E-12	7.797322E-12	0.000000E+00	9.909041E-05	2.104454E-12	1.050660E-11	2.235044E-11	3.344276E-13	1.073523E-13	2.245274E-09	9.031232E-10	3.138287E-07	4.308855E-10	5.056392E-09	1.412451E-11	1.153371E-11	3.864966E-11	8.956295E-07	9.999984E-02	1.039460E-11	6.151706E-09	4.044893E-09	2.999887E-04	4.844394E-01	3.112091E-02	9.956254E-05	1.000000E+00	
0.000000E+00	1.429500E-09	1.577511E-07	0.000000E+00	2.117194E-11	6.147097E-14	5.244739E-11	4.178078E-16	4.024546E-12	7.401879E-12	0.000000E+00	9.894401E-05	2.311993E-12	9.945119E-12	2.100266E-11	3.287152E-13	9.859651E-14	2.457923E-09	8.972175E-10	3.354554E-07	4.260874E-10	5.398987E-09	1.516066E-11	1.097875E-11	3.868680E-11	1.040631E-06	9.999984E-02	1.023850E-11	6.997145E-09	3.985594E-09	2.999880E-04	4.862822E-01	2.743525E-02	9.943920E-05	1.000000E+00	
0.000000E+00	1.418548E-09	1.598145E-07	0.000000E+00	2.122465E-11	6.297709E-14	5.471759E-11	3.725236E-16	3.782125E-12	6.988905E-12	0.000000E+00	9.875742E-05	2.568916E-12	9.355347E-12	1.955307E-11	3.221556E-13	8.931232E-14	2.700971E-09	8.900480E-10	3.697790E-07	4.188991E-10	5.790692E-09	1.639635E-11	1.031671E-11	3.868705E-11	1.225512E-06	9.999984E-02	1.003492E-11	8.080037E-09	3.917674E-09	2.999870E-04	4.879752E-01	2.404920E-02	9.928897E-05	1.000000E+00	
0.000000E+00	1.404811E-09	1.624237E-07	0.000000E+00	2.127602E-11	6.456945E-14	5.718215E-11	3.306747E-16	3.524195E-12	6.549134E-12	0.000000E+00	9.851770E-05	2.885087E-12	8.728834E-12	1.801930E-11	3.142779E-13	7.975268E-14	2.984201E-09	8.804596E-10	4.170565E-07	4.100223E-10	6.239597E-09	1.786980E-11	9.590838E-12	3.864361E-11	1.463080E-06	9.999984E-02	9.781792E-12	9.504053E-09	3.835504E-09	2.999856E-04	4.895581E-01	2.088342E-02	9.909911E-05	1.000000E+00	
0.000000E+00	1.389943E-09	1.654801E-07	0.000000E+00	2.132584E-11	6.620041E-14	5.979630E-11	2.930357E-16	3.249553E-12	6.081605E-12	0.000000E+00	9.820674E-05	3.271885E-12	8.068107E-12	1.643693E-11	3.048770E-13	7.024144E-14	3.316433E-09	8.679922E-10	4.769256E-07	4.000804E-10	6.752654E-09	1.962302E-11	8.846194E-12	3.854081E-11	1.771295E-06	9.999983E-02	9.473691E-12	1.141343E-08	3.736675E-09	2.999838E-04	4.910315E-01	1.793649E-02	9.885105E-05	1.000000E+00	
0.000000E+00	1.374533E-09	1.690136E-07	0.000000E+00	2.137403E-11	6.787046E-14	6.239995E-11	2.607364E-16	2.952522E-12	5.577307E-12	0.000000E+00	9.779773E-05	3.749370E-12	7.363045E-12	1.479767E-11	2.931578E-13	6.083979E-14	3.708367E-09	8.504496E-10	5.511547E-07	3.892170E-10	7.340485E-09	2.172451E-11	8.082337E-12	3.836655E-11	2.176736E-06	9.999983E-02	9.107823E-12	1.401499E-08	3.611802E-09	2.999814E-04	4.923874E-01	1.522462E-02	9.851977E-05	1.000000E+00	
0.000000E+00	1.357646E-09	1.733272E-07	0.000000E+00	2.142117E-11	6.965742E-14	6.438676E-11	2.356394E-16	2.613050E-12	5.002549E-12	0.000000E+00	9.725005E-05	4.354673E-12	6.569062E-12	1.300846E-11	2.766546E-13	5.122281E-14	4.172529E-09	8.204649E-10	6.472403E-07	3.768939E-10	8.019383E-09	2.429029E-11	7.233387E-12	3.811265E-11	2.719725E-06	9.999983E-02	8.684750E-12	1.757349E-08	3.431008E-09	2.999780E-04	4.936107E-01	1.277793E-02	9.807245E-05	1.000000E+00	
0.000000E+00	1.336744E-09	1.791842E-07	0.000000E+00	2.146919E-11	7.174189E-14	6.397707E-11	2.209767E-16	2.183147E-12	4.276474E-12	0.000000E+00	9.650140E-05	5.155764E-12	5.579580E-12	1.085220E-11	2.495066E-13	4.064823E-14	4.722879E-09	7.594345E-10	7.811253E-07	3.618631E-10	8.813131E-09	2.751512E-11	6.159455E-12	3.777281E-11	3.462284E-06	9.999982E-02	8.208627E-12	2.233017E-08	3.121338E-09	2.999736E-04	4.946842E-01	1.063086E-02	9.746351E-05	1.000000E+00	
0.000000E+00	1.317445E-09	1.861240E-07	0.000000E+00	2.151733E-11	7.406911E-14	6.093500E-11	2.173137E-16	1.700633E-12	3.464702E-12	0.000000E+00	9.546954E-05	6.199791E-12	4.491204E-12	8.588546E-12	2.140300E-13	3.049161E-14	5.378506E-09	6.720386E-10	9.274334E-07	3.461647E-10	9.728542E-09	3.153232E-11	5.043825E-12	3.730630E-11	4.485919E-06	9.999981E-02	7.676205E-12	2.900301E-08	2.708205E-09	2.999675E-04	4.956250E-01	8.748963E-03	9.658485E-05	1.000000E+00	
0.000000E+00	1.305385E-09	1.934814E-07	0.000000E+00	2.156398E-11	7.667043E-14	5.670175E-11	2.238968E-16	1.246049E-12	2.703411E-12	0.000000E+00	9.403370E-05	7.552921E-12	3.485504E-12	6.589847E-12	1.775616E-13	2.216535E-14	6.161251E-09	5.791715E-10	1.049665E-06	3.315525E-10	1.077051E-08	3.652347E-11	4.085701E-12	3.666874E-11	5.909689E-06	9.999981E-02	7.087416E-12	3.925842E-08	2.281094E-09	2.999577E-04	4.964424E-01	7.114058E-03	9.527856E-05	1.000000E+00	
0.000000E+00	1.301926E-09	2.015349E-07	0.000000E+00	2.160996E-11	7.988258E-14	5.192418E-11	2.421763E-16	8.493249E-13	2.042616E-12	0.000000E+00	9.200694E-05	9.365936E-12	2.622662E-12	4.935557E-12	1.431064E-13	1.571090E-14	7.089871E-09	4.894685E-10	1.136732E-06	3.176512E-10	1.195239E-08	4.286519E-11	3.292708E-12	3.581848E-11	7.917567E-06	9.999980E-02	6.449774E-12	5.603224E-08	1.877591E-09	2.999415E-04	4.971300E-01	5.738922E-03	9.334691E-05	1.000000E+00	
0.000000E+00	1.305263E-09	2.121418E-07	0.000000E+00	2.166114E-11	8.451027E-14	4.539784E-11	2.757331E-16	4.938955E-13	1.453624E-12	0.000000E+00	8.910609E-05	1.197076E-11	1.859351E-12	3.500910E-12	1.087472E-13	1.046321E-14	8.171787E-09	3.948436E-10	1.185136E-06	3.023602E-10	1.329502E-08	5.131621E-11	2.562185E-12	3.470525E-11	1.078761E-05	9.999979E-02	5.775824E-12	8.442286E-08	1.471063E-09	2.999136E-04	4.976786E-01	4.641658E-03	9.050504E-05	1.000000E+00	
0.000000E+00	1.324947E-09	2.248233E-07	0.000000E+00	2.171700E-11	9.128226E-14	4.151276E-11	3.262199E-16	2.536578E-13	1.063658E-12	0.000000E+00	8.496269E-05	1.578130E-11	1.358119E-12	2.590783E-12	8.492617E-14	7.223176E-15	9.400472E-09	3.332659E-10	1.176053E-06	2.871898E-10	1.476353E-08	6.269828E-11	2.068979E-12	3.321733E-11	1.487518E-05	9.999978E-02	5.069635E-12	1.375601E-07	1.202183E-09	2.998608E-04	4.981080E-01	3.782846E-03	8.636525E-05	1.000000E+00	
0.000000E+00	1.373554E-09	2.384665E-07	0.000000E+00	2.177488E-11	1.015275E-13	4.379545E-11	4.045624E-16	1.280288E-13	8.777927E-13	0.000000E+00	7.912043E-05	2.150729E-11	1.123337E-12	2.218397E-12	7.453229E-14	5.762454E-15	1.073036E-08	3.244408E-10	1.126687E-06	2.731658E-10	1.627116E-08	7.825512E-11	1.831986E-12	3.121240E-11	2.060891E-05	9.999976E-02	4.339545E-12	2.432445E-07	1.129850E-09	2.997552E-04	4.984368E-01	3.125178E-03	8.048730E-05	1.000000E+00	
0.000000E+00	1.454840E-09	2.570717E-07	0.000000E+00	2.184789E-11	1.192894E-13	5.196721E-11	5.209897E-16	6.584314E-14	8.124642E-13	0.000000E+00	7.108145E-05	3.119043E-11	1.044392E-12	2.181611E-12	7.272090E-14	5.110152E-15	1.202080E-08	3.635564E-10	1.014948E-06	2.561503E-10	1.773638E-08	1.016369E-10	1.687535E-12	2.857730E-11	2.843279E-05	9.999974E-02	3.605386E-12	4.555786E-07	1.224000E-09	2.995427E-04	4.986595E-01	2.679881E-03	7.235524E-05	1.000000E+00	
0.000000E+00	1.608681E-09	2.700953E-07	0.000000E+00	2.190267E-11	1.494254E-13	7.203187E-11	7.195012E-16	5.202593E-14	8.617614E-13	0.000000E+00	6.069455E-05	4.758938E-11	1.121488E-12	2.592884E-12	8.060098E-14	5.426820E-15	1.308475E-08	4.844194E-10	8.869103E-07	2.408136E-10	1.885237E-08	1.368108E-10	1.722228E-12	2.516488E-11	3.839045E-05	9.999973E-02	2.886997E-12	8.826063E-07	1.582683E-09	2.991152E-04	4.988208E-01	2.357411E-03	6.185346E-05	1.000000E+00	
0.000000E+00	1.728129E-09	3.199059E-07	0.000000E+00	2.207158E-11	2.296055E-13	5.539463E-11	7.418896E-16	4.886063E-14	9.082770E-13	0.000000E+00	4.785152E-05	9.611443E-11	1.168339E-12	2.889596E-12	8.663108E-14	3.239053E-15	1.316674E-08	6.577809E-10	4.351987E-07	1.941278E-10	2.012115E-08	2.298966E-10	1.205174E-12	2.126003E-11	5.064988E-05	9.999968E-02	2.231578E-12	1.464762E-06	2.183171E-09	2.985323E-04	4.987406E-01	2.518339E-03	4.860860E-05	1.000000E+00	
0.000000E+00	1.645393E-09	2.028761E-07	0.000000E+00	2.162921E-11	5.294032E-13	1.284179E-13	3.808173E-16	9.645090E-13	2.366492E-12	0.000000E+00	3.209931E-05	3.353253E-10	2.831617E-12	6.816334E-12	2.047925E-13	3.174411E-15	9.835047E-09	2.216108E-09	1.155040E-09	1.083480E-10	2.143211E-08	6.497723E-10	7.198351E-13	1.629541E-11	6.743109E-05	9.999980E-02	1.612967E-12	4.372249E-07	7.952717E-09	2.995526E-04	4.978627E-01	4.274602E-03	3.230514E-05	1.000000E+00	
0.000000E+00	2.377868E-09	2.033066E-07	0.000000E+00	2.166401E-11	8.542665E-13	3.186427E-13	7.682492E-16	9.872255E-13	2.765044E-12	0.000000E+00	2.186506E-05	5.646578E-10	3.583087E-12	1.263180E-11	2.498425E-13	5.456313E-15	9.419740E-09	3.942862E-09	1.180497E-09	1.194639E-10	2.015008E-08	1.009205E-09	1.256116E-12	1.230813E-11	7.763841E-05	9.999980E-02	1.348808E-12	4.652580E-07	1.395984E-08	2.995168E-04	4.981490E-01	3.701900E-03	2.207210E-05	1.000000E+00	
0.000000E+00	3.637736E-09	2.020251E-07	0.000000E+00	2.168472E-11	1.491368E-12	9.232741E-13	1.813991E-15	1.043659E-12	3.468716E-12	0.000000E+00	1.386724E-05	1.009795E-09	4.806598E-12	2.658613E-11	3.167445E-13	1.078319E-14	8.453071E-09	7.778738E-09	1.246413E-09	1.330897E-10	1.849981E-08	1.661796E-09	2.440654E-12	8.790143E-12	8.561040E-05	9.999980E-02	1.433183E-12	4.925867E-07	2.745867E-08	2.994721E-04	4.983375E-01	3.324982E-03	1.407436E-05	1.000000E+00	
0.000000E+00	5.461620E-09	1.678972E-07	0.000000E+00	2.158263E-11	2.690777E-12	2.856589E-12	4.489893E-15	1.142701E-12	4.507826E-12	0.000000E+00	8.794048E-06	1.974699E-09	6.536119E-12	5.675124E-11	4.153624E-13	2.204795E-14	7.608496E-09	1.611017E-08	1.365130E-09	1.532430E-10	1.809677E-08	2.992518E-09	4.965911E-12	6.504346E-12	9.051549E-05	9.999983E-02	1.864940E-12	6.596184E-07	5.618466E-08	2.992680E-04	4.984401E-01	3.119712E-03	8.969032E-06	1.000000E+00	
0.000000E+00	7.134113E-09	7.527869E-08	0.000000E+00	2.127057E-11	4.300227E-12	7.848061E-12	9.175151E-15	1.284206E-12	5.530094E-12	0.000000E+00	6.422004E-06	4.164509E-09	8.202651E-12	9.821486E-11	5.568904E-13	3.720086E-14	7.381470E-09	3.120027E-08	1.552061E-09	1.778880E-10	2.046090E-08	5.813599E-09	9.376568E-12	5.522554E-12	9.175290E-05	9.999992E-02	2.324128E-12	1.787078E-06	1.025976E-07	2.980790E-04	4.984867E-01	3.026386E-03	6.506304E-06	1.000000E+00	
0.000000E+00	9.483545E-09	5.186049E-09	0.000000E+00	2.103490E-11	6.648262E-12	2.072460E-11	1.919757E-14	1.446850E-12	6.501288E-12	0.000000E+00	4.622467E-06	8.969282E-09	9.817539E-12	1.649587E-10	7.333714E-13	5.572394E-14	6.351464E-09	6.008255E-08	1.954997E-09	1.962475E-10	2.182725E-08	1.145623E-08	2.524217E-11	4.395115E-12	6.598912E-05	9.999999E-02	2.176875E-12	2.933957E-05	1.857669E-07	2.704143E-04	4.985244E-01	2.950786E-03	4.639531E-06	1.000000E+00	
0.000000E+00	1.894699E-08	1.914237E-09	0.000000E+00	2.103233E-11	1.672460E-11	1.093453E-10	8.111801E-14	1.665089E-12	9.407161E-12	0.000000E+00	1.931980E-06	1.974102E-08	1.461580E-11	5.841360E-10	9.671013E-13	1.556138E-13	3.139749E-09	1.689358E-07	2.797137E-09	2.084651E-10	1.412248E-08	2.269738E-08	1.588815E-10	2.082558E-12	1.811078E-05	1.000000E-01	1.175705E-12	7.989715E-05	5.783647E-07	2.193546E-04	4.985670E-01	2.864758E-03	1.956657E-06	1.000000E+00	
0.000000E+00	3.637588E-08	1.586750E-09	0.000000E+00	2.103501E-11	4.135953E-11	8.564016E-10	2.735744E-13	1.801873E-12	1.467459E-11	0.000000E+00	5.964047E-07	3.505676E-08	2.337143E-11	2.881553E-09	1.124803E-12	6.832765E-13	1.051673E-09	5.442966E-07	3.308588E-09	1.689207E-10	6.104224E-09	3.557846E-08	9.367788E-10	6.602606E-13	2.998970E-06	1.000000E-01	3.741664E-13	9.632568E-05	2.171642E-06	2.009528E-04	4.985776E-01	2.841167E-03	6.417685E-07	1.000000E+00	
0.000000E+00	4.700317E-08	1.540390E-09	0.000000E+00	2.103583E-11	5.431491E-11	4.746663E-09	4.171347E-13	1.816158E-12	1.762576E-11	0.000000E+00	2.398146E-07	4.672397E-08	2.894037E-11	7.760053E-09	1.184282E-12	1.728144E-12	4.147407E-10	1.323849E-06	3.442685E-09	1.025420E-10	2.940682E-09	4.215259E-08	2.529398E-09	2.384428E-13	6.930108E-07	1.000000E-01	1.132233E-13	9.897225E-05	5.683218E-06	1.940008E-04	4.985820E-01	2.827134E-03	3.023203E-07	1.000000E+00	
0.000000E+00	5.115733E-08	1.522827E-09	0.000000E+00	2.103647E-11	4.998545E-11	2.250985E-08	4.292001E-13	1.754141E-12	1.816321E-11	0.000000E+00	1.097897E-07	4.938729E-08	3.156488E-11	1.443534E-08	1.211053E-12	3.106167E-12	1.880127E-10	2.770154E-06	3.459109E-09	5.509643E-11	1.528189E-09	4.155037E-08	4.451768E-09	9.685194E-14	1.944255E-07	1.000000E-01	3.525123E-14	9.959857E-05	1.268869E-05	1.848786E-04	4.985990E-01	2.783188E-03	1.849985E-07	1.000000E+00	
0.000000E+00	5.130742E-08	1.506260E-09	0.000000E+00	2.103729E-11	3.785812E-11	8.888595E-08	3.496415E-13	1.619940E-12	1.693585E-11	0.000000E+00	5.602950E-08	4.243021E-08	3.257905E-11	2.102127E-08	1.222253E-12	5.194155E-12	9.948155E-11	5.035652E-06	3.414528E-09	2.999347E-11	8.829885E-10	3.513008E-08	5.870925E-09	4.541290E-14	6.773832E-08	1.000000E-01	1.257829E-14	9.979175E-05	2.507205E-05	1.698958E-04	4.986301E-01	2.704062E-03	1.392968E-07	1.000000E+00	
0.000000E+00	4.971122E-08	1.487382E-09	0.000000E+00	2.103817E-11	2.729615E-11	2.473582E-07	2.580464E-13	1.445668E-12	1.488908E-11	0.000000E+00	3.369487E-08	3.329204E-08	3.297875E-11	2.602657E-08	1.223937E-12	9.444275E-12	6.361435E-11	7.631730E-06	3.345814E-09	1.860164E-11	6.092424E-10	2.731423E-08	6.483041E-09	2.607495E-14	3.218496E-08	1.000000E-01	5.888322E-15	9.986631E-05	4.169861E-05	1.502761E-04	4.986656E-01	2.611373E-03	1.208761E-07	1.000000E+00	
0.000000E+00	4.821098E-08	1.472143E-09	0.000000E+00	2.103880E-11	2.157302E-11	4.337070E-07	2.031358E-13	1.305104E-12	1.321208E-11	0.000000E+00	2.503692E-08	2.763840E-08	3.320144E-11	2.893280E-08	1.221387E-12	1.465053E-11	4.969343E-11	9.560138E-06	3.292165E-09	1.402368E-11	5.099680E-10	2.229409E-08	6.625182E-09	1.898037E-14	2.141518E-08	1.000000E-01	3.834943E-15	9.989639E-05	5.594878E-05	1.336916E-04	4.986909E-01	2.542636E-03	1.136906E-07	1.000000E+00	
0.000000E+00	4.746681E-08	1.464521E-09	0.000000E+00	2.103910E-11	1.934652E-11	5.383606E-07	1.809884E-13	1.235562E-12	1.239363E-11	0.000000E+00	2.209011E-08	2.531130E-08	3.331313E-11	3.015976E-08	1.219310E-12	1.766432E-11	4.492409E-11	1.047040E-05	3.266702E-09	1.244033E-11	4.816043E-10	2.018381E-08	6.638751E-09	1.662041E-14	1.813675E-08	1.000000E-01	3.209271E-15	9.990708E-05	6.327902E-05	1.252299E-04	4.987025E-01	2.510336E-03	1.112055E-07	1.000000E+00	
0.000000E+00	4.721976E-08	1.461962E-09	0.000000E+00	2.103919E-11	1.866717E-11	5.730671E-07	1.741104E-13	1.212333E-12	1.212269E-11	0.000000E+00	2.123790E-08	2.457818E-08	3.335186E-11	3.054618E-08	1.218520E-12	1.867590E-11	4.353204E-11	1.076877E-05	3.258362E-09	1.197800E-11	4.758689E-10	1.951313E-08	6.637512E-09	1.594156E-14	1.721116E-08	1.000000E-01	3.032994E-15	9.991027E-05	6.576820E-05	1.223693E-04	4.987063E-01	2.499784E-03	1.104801E-07	1.000000E+00	
0.000000E+00	4.715725E-08	1.461313E-09	0.000000E+00	2.103922E-11	1.849731E-11	5.814475E-07	1.723672E-13	1.206447E-12	1.205428E-11	0.000000E+00	2.103105E-08	2.439074E-08	3.336186E-11	3.064246E-08	1.218313E-12	1.892116E-11	4.318937E-11	1.084397E-05	3.256262E-09	1.186459E-11	4.754438E-10	1.934046E-08	6.636794E-09	1.577610E-14	1.698019E-08	1.000000E-01	2.989191E-15	9.991107E-05	6.640222E-05	1.216425E-04	4.987072E-01	2.497130E-03	1.103035E-07	1.000000E+00	
0.000000E+00	4.714454E-08	1.461181E-09	0.000000E+00	2.103922E-11	1.846220E-11	5.830539E-07	1.720027E-13	1.205251E-12	1.204040E-11	0.000000E+00	2.098945E-08	2.435134E-08	3.336391E-11	3.066196E-08	1.218271E-12	1.896825E-11	4.311895E-11	1.085923E-05	3.255837E-09	1.184141E-11	4.757018E-10	1.930389E-08	6.636628E-09	1.574243E-14	1.693033E-08	1.000000E-01	2.979808E-15	9.991124E-05	6.653123E-05	1.214948E-04	4.987074E-01	2.496592E-03	1.102679E-07	1.000000E+00	
