8.147123E-08	3.243298E-08	9.741943E-10	8.259919E-12	5.620399E-13	1.304298E-13	3.090338E-14	8.127859E-15	1.956630E-15	4.897385E-16	1.144804E-16	2.762463E-17	6.286179E-18	1.576125E-18	3.566634E-19	6.561878E-20	1.496436E-20	2.829580E-21	4.975556E-22	9.537780E-23	1.785547E-23	4.093090E-24	1.481493E-24	1.172916E-24	0.000000E+00	0.000000E+00	0.000000E+00	0.000000E+00	0.000000E+00	0.000000E+00	0.000000E+00	0.000000E+00	7.702312E-25	0.000000E+00	4.651073E-24	9.314264E-24	3.572063E-24	9.305984E-24	1.374481E-23	8.481227E-24	1.191778E-23	
8.161737E-08	3.250476E-08	9.780330E-10	8.491090E-12	5.857874E-13	1.359484E-13	3.221101E-14	8.471409E-15	2.039324E-15	5.104063E-16	1.193067E-16	2.878654E-17	6.549932E-18	1.642041E-18	3.715211E-19	6.832829E-20	1.558004E-20	2.941404E-21	5.129958E-22	9.853951E-23	1.478989E-23	0.000000E+00	0.000000E+00	0.000000E+00	0.000000E+00	0.000000E+00	0.000000E+00	3.452106E-24	0.000000E+00	7.520558E-25	1.913259E-24	2.574640E-24	1.048718E-24	0.000000E+00	0.000000E+00	0.000000E+00	0.000000E+00	0.000000E+00	2.097638E-24	0.000000E+00	0.000000E+00	
8.163637E-08	3.251406E-08	9.785274E-10	8.520667E-12	5.888247E-13	1.366542E-13	3.237826E-14	8.515346E-15	2.049900E-15	5.130493E-16	1.199239E-16	2.893510E-17	6.583662E-18	1.650474E-18	3.734291E-19	6.868295E-20	1.566154E-20	2.962651E-21	5.205284E-22	1.052676E-22	2.272323E-23	9.484304E-24	4.406514E-24	5.134336E-24	1.928607E-24	2.886246E-24	2.742459E-25	0.000000E+00	0.000000E+00	0.000000E+00	0.000000E+00	0.000000E+00	0.000000E+00	0.000000E+00	7.449876E-25	0.000000E+00	1.565302E-24	0.000000E+00	0.000000E+00	0.000000E+00	0.000000E+00	
8.165800E-08	3.252465E-08	9.790893E-10	8.554230E-12	5.922709E-13	1.374551E-13	3.256801E-14	8.565197E-15	2.061899E-15	5.160481E-16	1.206241E-16	2.910367E-17	6.621919E-18	1.660034E-18	3.755786E-19	6.907348E-20	1.575039E-20	2.977222E-21	5.214978E-22	9.929883E-23	1.754932E-23	2.317560E-24	0.000000E+00	5.464723E-25	0.000000E+00	0.000000E+00	1.736756E-24	2.788503E-24	8.819086E-24	7.285894E-24	5.850849E-24	4.810007E-24	9.138569E-24	6.270901E-24	6.109545E-24	3.290547E-24	3.319830E-24	3.394752E-24	0.000000E+00	0.000000E+00	0.000000E+00	
8.168270E-08	3.253672E-08	9.797290E-10	8.592372E-12	5.961868E-13	1.383651E-13	3.278363E-14	8.621842E-15	2.075534E-15	5.194556E-16	1.214198E-16	2.929520E-17	6.665389E-18	1.670901E-18	3.780356E-19	6.952170E-20	1.585331E-20	2.997447E-21	5.228646E-22	1.031577E-22	1.716884E-23	5.632745E-24	1.863580E-24	0.000000E+00	2.080068E-25	3.614876E-25	6.215971E-25	0.000000E+00	4.545051E-24	7.932533E-25	4.862917E-25	0.000000E+00	1.167868E-24	0.000000E+00	1.864791E-24	4.697723E-24	4.136711E-24	0.000000E+00	0.000000E+00	0.000000E+00	0.000000E+00	
8.171093E-08	3.255051E-08	9.804586E-10	8.635787E-12	6.006436E-13	1.394007E-13	3.302904E-14	8.686312E-15	2.091052E-15	5.233336E-16	1.223253E-16	2.951317E-17	6.714862E-18	1.683262E-18	3.808217E-19	7.003580E-20	1.597101E-20	3.025287E-21	5.329927E-22	1.054324E-22	2.131363E-23	6.929253E-24	5.063250E-24	5.601644E-24	6.608559E-24	2.309482E-24	3.311954E-24	1.171301E-25	1.575197E-24	0.000000E+00	0.000000E+00	2.206690E-24	0.000000E+00	0.000000E+00	0.000000E+00	0.000000E+00	7.529242E-24	7.896788E-24	1.265792E-23	0.000000E+00	1.056695E-24	
8.174331E-08	3.256631E-08	9.812925E-10	8.685300E-12	6.057257E-13	1.405817E-13	3.330887E-14	8.759824E-15	2.108747E-15	5.277556E-16	1.233579E-16	2.976170E-17	6.771273E-18	1.697354E-18	3.839939E-19	7.061286E-20	1.610209E-20	3.047947E-21	5.359064E-22	1.053880E-22	2.161009E-23	3.146356E-24	0.000000E+00	0.000000E+00	0.000000E+00	9.269431E-25	9.956056E-25	4.236877E-25	4.103591E-25	2.045333E-24	0.000000E+00	1.704444E-25	3.926886E-24	7.155435E-24	0.000000E+00	0.000000E+00	0.000000E+00	0.000000E+00	0.000000E+00	6.306848E-25	0.000000E+00	
8.178054E-08	3.258445E-08	9.822480E-10	8.741887E-12	6.115331E-13	1.419312E-13	3.362863E-14	8.843826E-15	2.128967E-15	5.328085E-16	1.245377E-16	3.004569E-17	6.835725E-18	1.713460E-18	3.876252E-19	7.127732E-20	1.625251E-20	3.077506E-21	5.415553E-22	1.088970E-22	2.332746E-23	5.874275E-24	1.183418E-24	4.174677E-24	1.900334E-24	4.326946E-24	7.966056E-24	4.601192E-24	5.810863E-24	0.000000E+00	2.457308E-24	3.929916E-24	7.768955E-25	0.000000E+00	0.000000E+00	0.000000E+00	0.000000E+00	0.000000E+00	0.000000E+00	0.000000E+00	0.000000E+00	
8.182347E-08	3.260535E-08	9.833458E-10	8.806719E-12	6.181855E-13	1.434770E-13	3.399492E-14	8.940048E-15	2.152129E-15	5.385964E-16	1.258892E-16	3.037097E-17	6.909541E-18	1.731907E-18	3.917846E-19	7.203810E-20	1.642195E-20	3.103383E-21	5.431038E-22	1.045358E-22	2.096547E-23	4.425901E-24	0.000000E+00	0.000000E+00	2.876553E-24	5.606087E-25	0.000000E+00	3.247330E-24	0.000000E+00	0.000000E+00	1.738776E-25	0.000000E+00	3.519960E-25	0.000000E+00	0.000000E+00	4.786177E-25	5.629311E-24	1.156195E-23	2.801226E-24	0.000000E+00	1.188204E-23	
8.187319E-08	3.262950E-08	9.846113E-10	8.881207E-12	6.258272E-13	1.452528E-13	3.441569E-14	9.050579E-15	2.178735E-15	5.452448E-16	1.274416E-16	3.074460E-17	6.994339E-18	1.753088E-18	3.965565E-19	7.290761E-20	1.661885E-20	3.141390E-21	5.492011E-22	1.097517E-22	1.870284E-23	2.045333E-24	0.000000E+00	1.630127E-24	2.930675E-24	2.800620E-24	6.545551E-24	6.667124E-24	3.936378E-24	9.995638E-24	7.312753E-24	5.227030E-24	3.783907E-24	1.849847E-24	3.732612E-24	2.062297E-24	0.000000E+00	5.987164E-24	5.779763E-25	0.000000E+00	8.930461E-24	
8.193099E-08	3.265754E-08	9.860753E-10	8.967067E-12	6.346336E-13	1.472991E-13	3.490058E-14	9.177952E-15	2.209394E-15	5.529061E-16	1.292304E-16	3.117512E-17	7.092034E-18	1.777498E-18	4.020529E-19	7.391048E-20	1.684721E-20	3.183796E-21	5.614198E-22	1.102291E-22	2.275554E-23	6.545551E-24	1.226231E-24	1.415254E-24	4.043007E-24	0.000000E+00	2.252128E-24	6.971258E-25	0.000000E+00	6.438115E-25	0.000000E+00	1.506535E-25	0.000000E+00	0.000000E+00	0.000000E+00	1.477454E-24	0.000000E+00	0.000000E+00	0.000000E+00	0.000000E+00	8.562713E-24	
8.199852E-08	3.269024E-08	9.877765E-10	9.066409E-12	6.448201E-13	1.496661E-13	3.546146E-14	9.325282E-15	2.244859E-15	5.617675E-16	1.312995E-16	3.167307E-17	7.205029E-18	1.805720E-18	4.084122E-19	7.506829E-20	1.710372E-20	3.227623E-21	5.624586E-22	1.087637E-22	2.111330E-23	4.316849E-24	1.396675E-24	0.000000E+00	0.000000E+00	0.000000E+00	4.362085E-26	0.000000E+00	0.000000E+00	0.000000E+00	0.000000E+00	0.000000E+00	0.000000E+00	0.000000E+00	2.046949E-24	4.428930E-24	4.300693E-24	5.611742E-24	0.000000E+00	0.000000E+00	0.000000E+00	
8.207787E-08	3.272857E-08	9.897627E-10	9.181846E-12	6.566537E-13	1.524158E-13	3.611303E-14	9.496428E-15	2.286056E-15	5.720611E-16	1.337029E-16	3.225145E-17	7.336273E-18	1.838509E-18	4.158033E-19	7.642110E-20	1.741146E-20	3.289587E-21	5.793520E-22	1.131501E-22	1.959465E-23	0.000000E+00	0.000000E+00	0.000000E+00	2.370874E-25	0.000000E+00	0.000000E+00	0.000000E+00	0.000000E+00	0.000000E+00	1.836923E-24	1.149086E-24	0.000000E+00	2.702877E-24	3.870139E-24	2.499919E-24	4.563024E-24	8.587855E-24	1.390839E-23	3.947283E-23	2.868556E-23	
8.217172E-08	3.277381E-08	9.920952E-10	9.316666E-12	6.704697E-13	1.556261E-13	3.687373E-14	9.696236E-15	2.334152E-15	5.840782E-16	1.365087E-16	3.292661E-17	7.489471E-18	1.876775E-18	4.244243E-19	7.799617E-20	1.777084E-20	3.356016E-21	5.928688E-22	1.200042E-22	2.463770E-23	5.767646E-24	0.000000E+00	1.018628E-23	1.102719E-23	8.980241E-24	8.721343E-24	1.271063E-23	9.837310E-24	1.080020E-23	1.050939E-23	9.166438E-24	9.597395E-24	1.166696E-23	8.283923E-24	1.295055E-23	4.217692E-24	4.293827E-24	1.219768E-25	1.628169E-23	3.314680E-24	
8.228356E-08	3.282756E-08	9.948529E-10	9.475060E-12	6.866953E-13	1.593962E-13	3.776711E-14	9.930881E-15	2.390635E-15	5.981900E-16	1.398035E-16	3.371940E-17	7.669340E-18	1.921693E-18	4.345419E-19	7.984151E-20	1.818552E-20	3.430833E-21	6.009079E-22	1.153287E-22	1.837811E-23	0.000000E+00	0.000000E+00	0.000000E+00	0.000000E+00	0.000000E+00	0.000000E+00	0.000000E+00	0.000000E+00	0.000000E+00	0.000000E+00	8.067838E-25	0.000000E+00	0.000000E+00	2.367441E-24	0.000000E+00	0.000000E+00	0.000000E+00	0.000000E+00	1.462510E-24	2.097436E-24	
8.241804E-08	3.289201E-08	9.981388E-10	9.662452E-12	7.058828E-13	1.638544E-13	3.882356E-14	1.020835E-14	2.457427E-15	6.148763E-16	1.436993E-16	3.465673E-17	7.881994E-18	1.974798E-18	4.465023E-19	8.201673E-20	1.867549E-20	3.524922E-21	6.167148E-22	1.201779E-22	2.149781E-23	5.018014E-24	0.000000E+00	4.294231E-24	2.148731E-25	2.842626E-24	3.978787E-24	1.034784E-24	8.033507E-24	0.000000E+00	0.000000E+00	4.063606E-24	2.568380E-24	0.000000E+00	0.000000E+00	0.000000E+00	0.000000E+00	0.000000E+00	4.944706E-24	6.734777E-24	0.000000E+00	
8.258147E-08	3.297006E-08	1.002091E-09	9.886009E-12	7.287617E-13	1.691702E-13	4.008324E-14	1.053917E-14	2.537065E-15	6.347709E-16	1.483441E-16	3.577419E-17	8.135497E-18	2.038103E-18	4.607609E-19	8.462328E-20	1.926727E-20	3.634961E-21	6.391053E-22	1.223920E-22	2.361504E-23	3.920222E-24	0.000000E+00	2.483965E-25	0.000000E+00	0.000000E+00	0.000000E+00	0.000000E+00	0.000000E+00	0.000000E+00	0.000000E+00	0.000000E+00	0.000000E+00	0.000000E+00	2.296153E-25	5.069107E-24	7.639708E-25	3.090618E-24	3.164127E-24	0.000000E+00	5.443519E-24	
8.278259E-08	3.306575E-08	1.006900E-09	1.015543E-11	7.563186E-13	1.755728E-13	4.160050E-14	1.093763E-14	2.632985E-15	6.587320E-16	1.539383E-16	3.711999E-17	8.440795E-18	2.114334E-18	4.779268E-19	8.775060E-20	1.997143E-20	3.761562E-21	6.560786E-22	1.265966E-22	2.077726E-23	2.754576E-24	0.000000E+00	0.000000E+00	0.000000E+00	0.000000E+00	2.240012E-24	0.000000E+00	0.000000E+00	0.000000E+00	3.657891E-24	4.681972E-24	5.998877E-24	5.073347E-24	5.954448E-24	3.298423E-24	5.407370E-24	2.134595E-25	0.000000E+00	0.000000E+00	0.000000E+00	
8.303404E-08	3.318488E-08	1.012835E-09	1.048437E-11	7.899399E-13	1.833844E-13	4.345175E-14	1.142378E-14	2.750029E-15	6.879703E-16	1.607654E-16	3.876247E-17	8.813445E-18	2.207395E-18	4.988873E-19	9.157676E-20	2.084375E-20	3.929596E-21	6.858725E-22	1.335388E-22	2.520801E-23	4.606039E-24	5.312050E-24	2.517489E-24	1.484321E-24	9.047288E-25	0.000000E+00	1.225423E-24	7.056077E-25	4.330581E-24	3.317406E-24	2.159838E-24	2.785070E-24	4.318464E-24	0.000000E+00	3.411716E-24	7.799045E-24	2.809910E-24	0.000000E+00	8.239898E-24	2.313793E-23	
8.335523E-08	3.333633E-08	1.020308E-09	1.089344E-11	8.317218E-13	1.930927E-13	4.575288E-14	1.202815E-14	2.895573E-15	7.243376E-16	1.692611E-16	4.080758E-17	9.277818E-18	2.323456E-18	5.250596E-19	9.636105E-20	2.192651E-20	4.133633E-21	7.234082E-22	1.445442E-22	3.104593E-23	8.989935E-24	7.082734E-24	4.337448E-24	6.366625E-24	1.583679E-24	0.000000E+00	1.669709E-24	0.000000E+00	0.000000E+00	0.000000E+00	0.000000E+00	1.855906E-24	3.301452E-24	4.612097E-24	1.415658E-25	0.000000E+00	0.000000E+00	1.967785E-24	0.000000E+00	1.714340E-24	
8.378027E-08	3.353574E-08	1.030043E-09	1.141908E-11	8.853778E-13	2.055647E-13	4.871062E-14	1.280546E-14	3.082948E-15	7.712162E-16	1.802323E-16	4.345512E-17	9.880966E-18	2.474742E-18	5.593345E-19	1.026783E-19	2.336797E-20	4.405671E-21	7.707344E-22	1.496454E-22	2.950385E-23	5.362941E-24	3.988885E-24	2.514661E-24	3.928300E-24	6.489814E-24	7.865082E-24	1.127397E-23	9.222175E-24	6.141251E-24	4.468916E-24	9.533984E-24	6.989030E-24	2.651784E-24	1.375269E-24	0.000000E+00	0.000000E+00	0.000000E+00	0.000000E+00	0.000000E+00	0.000000E+00	
8.439042E-08	3.382046E-08	1.043786E-09	1.215044E-11	9.600415E-13	2.229460E-13	5.284002E-14	1.389349E-14	3.346116E-15	8.373726E-16	1.958183E-16	4.725055E-17	1.075585E-17	2.696991E-18	6.104874E-19	1.123671E-19	2.564147E-20	4.853728E-21	8.542805E-22	1.684597E-22	3.222208E-23	4.621387E-24	5.219154E-24	0.000000E+00	1.498457E-24	0.000000E+00	0.000000E+00	1.403541E-24	2.556667E-25	0.000000E+00	2.504362E-24	3.971517E-24	8.979029E-24	1.322156E-24	5.101822E-24	3.938801E-24	3.016705E-24	3.278228E-24	1.674899E-23	8.611685E-24	2.750921E-23	
8.548614E-08	3.432846E-08	1.067971E-09	1.341595E-11	1.089496E-12	2.532184E-13	6.006976E-14	1.581297E-14	3.814929E-15	9.568531E-16	2.244892E-16	5.440644E-17	1.245664E-17	3.143034E-18	7.171299E-19	1.338611E-19	3.096930E-20	5.991818E-21	1.087447E-21	2.211472E-22	4.552482E-23	1.349419E-23	2.916943E-24	4.569688E-24	3.991712E-24	3.782897E-24	3.311550E-24	2.941984E-24	2.942792E-24	3.081732E-25	3.830961E-24	0.000000E+00	9.154321E-25	2.069365E-24	9.671308E-25	0.000000E+00	3.244503E-24	9.614763E-25	0.000000E+00	9.623447E-24	2.740278E-23	
8.876602E-08	3.582882E-08	1.137327E-09	1.690739E-11	1.447898E-12	3.377605E-13	8.046278E-14	2.130469E-14	5.180267E-15	1.313327E-15	3.127300E-16	7.731066E-17	1.815465E-17	4.704636E-18	1.108888E-18	2.185568E-19	5.313050E-20	1.102114E-20	2.189596E-21	4.703103E-22	1.026544E-22	2.321679E-23	7.306493E-24	5.231271E-24	0.000000E+00	4.248994E-25	8.619157E-25	0.000000E+00	3.959804E-24	6.548782E-24	0.000000E+00	1.520873E-24	3.889122E-24	9.468956E-24	1.084402E-23	1.819757E-24	4.112477E-24	0.000000E+00	1.436479E-23	1.296125E-23	3.227660E-23	
1.074823E-07	4.421894E-08	1.507650E-09	3.435993E-11	3.248164E-12	7.681486E-13	1.859282E-13	5.029642E-14	1.257851E-14	3.308589E-15	8.268354E-16	2.169985E-16	5.467982E-17	1.516514E-17	3.850003E-18	8.466700E-19	2.238350E-19	5.150549E-20	1.140919E-20	2.613301E-21	5.818254E-22	1.234648E-22	3.050229E-23	1.432945E-23	2.799005E-24	3.633455E-24	4.962276E-24	5.827019E-24	6.190526E-24	1.241579E-23	8.724574E-24	1.191374E-23	1.325589E-23	9.942323E-24	4.508902E-24	0.000000E+00	0.000000E+00	0.000000E+00	0.000000E+00	0.000000E+00	2.396966E-23	
2.124882E-07	9.281925E-08	3.843346E-09	1.620607E-10	1.663772E-11	3.998967E-12	9.886406E-13	2.737220E-13	7.080032E-14	1.932039E-14	5.064833E-15	1.397736E-15	3.722817E-16	1.081843E-16	2.874276E-17	6.707400E-18	1.838580E-18	4.411168E-19	1.015526E-19	2.375902E-20	5.370034E-21	1.177988E-21	2.643391E-22	6.448939E-23	1.856148E-23	9.554582E-24	3.984038E-24	5.879122E-24	1.922064E-23	9.177343E-24	1.696609E-23	2.632195E-23	6.010792E-24	2.300273E-23	8.883306E-24	9.622437E-24	0.000000E+00	0.000000E+00	6.285038E-24	2.612808E-24	0.000000E+00	
5.342833E-07	2.670819E-07	1.534757E-08	1.056896E-09	1.122106E-10	2.707646E-11	6.784097E-12	1.883844E-12	4.966962E-13	1.366655E-13	3.656178E-14	1.021706E-14	2.772215E-15	8.147738E-16	2.192361E-16	5.194273E-17	1.434988E-17	3.475764E-18	8.076899E-19	1.897124E-19	4.308685E-20	9.400759E-21	1.972871E-21	4.060261E-22	9.072168E-23	1.484078E-23	9.328400E-24	7.037498E-24	3.089003E-24	0.000000E+00	0.000000E+00	4.215713E-23	4.062717E-23	1.777146E-25	0.000000E+00	4.225891E-23	5.316897E-24	0.000000E+00	6.090279E-23	1.266871E-22	1.279755E-22	
9.663055E-07	5.880573E-07	4.724707E-08	4.285999E-09	4.546855E-10	1.078230E-10	2.686937E-11	7.247301E-12	1.892062E-12	5.029190E-13	1.315618E-13	3.540554E-14	9.333714E-15	2.659711E-15	6.992089E-16	1.606358E-16	4.362135E-17	1.036234E-17	2.368940E-18	5.511873E-19	1.242464E-19	2.703903E-20	5.727644E-21	1.121625E-21	2.035058E-22	3.810847E-23	0.000000E+00	0.000000E+00	0.000000E+00	0.000000E+00	4.655476E-23	0.000000E+00	0.000000E+00	0.000000E+00	0.000000E+00	2.986897E-23	0.000000E+00	3.428922E-23	1.177327E-22	2.869800E-22	1.903679E-22	
1.346922E-06	1.028398E-06	1.103579E-07	1.192549E-08	1.262537E-09	2.948430E-10	7.330735E-11	1.925218E-11	4.994595E-12	1.284973E-12	3.290916E-13	8.510826E-14	2.172089E-14	5.965250E-15	1.521098E-15	3.353392E-16	8.861575E-17	2.042781E-17	4.548001E-18	1.041320E-18	2.317703E-19	4.981512E-20	1.033769E-20	2.122016E-21	3.319838E-22	1.663409E-23	0.000000E+00	0.000000E+00	1.552902E-23	0.000000E+00	0.000000E+00	0.000000E+00	0.000000E+00	0.000000E+00	0.000000E+00	0.000000E+00	0.000000E+00	2.245666E-23	4.666785E-23	2.807309E-22	3.230754E-22	
1.560902E-06	1.466409E-06	1.964985E-07	2.392231E-08	2.538708E-09	5.865069E-10	1.458728E-10	3.759922E-11	9.731714E-12	2.446956E-12	6.174189E-13	1.547909E-13	3.845056E-14	1.021706E-14	2.528873E-15	5.346497E-16	1.368580E-16	3.043433E-17	6.549731E-18	1.467422E-18	3.206775E-19	6.796718E-20	1.410998E-20	2.871557E-21	5.369953E-22	4.678740E-23	0.000000E+00	0.000000E+00	0.000000E+00	0.000000E+00	3.612453E-24	0.000000E+00	0.000000E+00	0.000000E+00	1.432056E-22	0.000000E+00	1.165937E-22	0.000000E+00	0.000000E+00	8.172286E-23	0.000000E+00	
1.632812E-06	1.803492E-06	2.837085E-07	3.753232E-08	4.007947E-09	9.200682E-10	2.292290E-10	5.846877E-11	1.514184E-11	3.761203E-12	9.421761E-13	2.320478E-13	5.673304E-14	1.475888E-14	3.580294E-15	7.351079E-16	1.835202E-16	3.963418E-17	8.281657E-18	1.818187E-18	3.902000E-19	8.142409E-20	1.665360E-20	3.328756E-21	7.402362E-22	9.153270E-23	4.080327E-23	0.000000E+00	0.000000E+00	0.000000E+00	0.000000E+00	0.000000E+00	0.000000E+00	0.000000E+00	0.000000E+00	0.000000E+00	3.951080E-23	5.843902E-23	3.411474E-22	6.538346E-22	0.000000E+00	
1.633010E-06	2.014489E-06	3.526352E-07	4.928035E-08	5.298648E-09	1.212211E-09	3.025276E-10	7.676711E-11	1.990646E-11	4.917727E-12	1.228427E-12	2.999860E-13	7.279019E-14	1.872695E-14	4.494477E-15	9.084217E-16	2.234599E-16	4.741746E-17	9.725979E-18	2.106452E-18	4.465921E-19	9.217069E-20	1.877333E-20	3.770884E-21	7.211981E-22	8.987834E-23	8.499281E-23	0.000000E+00	4.267735E-23	0.000000E+00	0.000000E+00	0.000000E+00	0.000000E+00	0.000000E+00	0.000000E+00	0.000000E+00	0.000000E+00	0.000000E+00	0.000000E+00	0.000000E+00	2.407613E-22	
1.608901E-06	2.152892E-06	4.076227E-07	5.931557E-08	6.423898E-09	1.467814E-09	3.672441E-10	9.305962E-11	2.420870E-11	5.980286E-12	1.497422E-12	3.657535E-13	8.890973E-14	2.287097E-14	5.494552E-15	1.113013E-15	2.739503E-16	5.823152E-17	1.197354E-17	2.595507E-18	5.511898E-19	1.140433E-19	2.319665E-20	4.697093E-21	9.055043E-22	2.721553E-22	1.351923E-22	1.820185E-22	1.548766E-22	0.000000E+00	0.000000E+00	0.000000E+00	0.000000E+00	0.000000E+00	6.675606E-23	0.000000E+00	1.188297E-22	0.000000E+00	3.304263E-22	7.211205E-22	1.048787E-21	
1.576816E-06	2.243822E-06	4.509538E-07	6.767558E-08	7.378024E-09	1.685137E-09	4.226194E-10	1.070894E-10	2.794879E-11	6.915317E-12	1.737643E-12	4.256026E-13	1.039023E-13	2.681181E-14	6.469309E-15	1.319992E-15	3.265730E-16	6.992760E-17	1.450081E-17	3.159531E-18	6.744288E-19	1.401339E-19	2.856306E-20	5.628111E-21	1.153193E-21	3.311695E-22	1.361746E-22	1.652164E-22	1.932113E-22	1.458035E-22	6.139231E-23	0.000000E+00	0.000000E+00	2.204307E-23	2.669208E-22	0.000000E+00	6.262016E-24	0.000000E+00	0.000000E+00	0.000000E+00	0.000000E+00	
1.543320E-06	2.304955E-06	4.856589E-07	7.469192E-08	8.191742E-09	1.871046E-09	4.702635E-10	1.192385E-10	3.121530E-11	7.741345E-12	1.952682E-12	4.800832E-13	1.178068E-13	3.053488E-14	7.408433E-15	1.525087E-15	3.798331E-16	8.206576E-17	1.718980E-17	3.768923E-18	8.094100E-19	1.688286E-19	3.467471E-20	6.970832E-21	1.415745E-21	2.464610E-22	3.670614E-24	0.000000E+00	0.000000E+00	0.000000E+00	8.013312E-24	2.066659E-23	1.277348E-22	3.149684E-22	9.071845E-23	1.919447E-22	0.000000E+00	1.386174E-23	0.000000E+00	7.670032E-22	0.000000E+00	
1.510450E-06	2.347159E-06	5.142766E-07	8.071887E-08	8.900990E-09	2.033588E-09	5.121330E-10	1.299805E-10	3.412528E-11	8.484812E-12	2.148457E-12	5.303983E-13	1.308477E-13	3.407914E-14	8.316190E-15	1.727550E-15	4.332101E-16	9.444303E-17	1.997759E-17	4.406979E-18	9.521554E-19	1.996745E-19	4.089372E-20	8.043401E-21	1.456071E-21	1.710971E-22	5.162124E-23	0.000000E+00	0.000000E+00	0.000000E+00	0.000000E+00	0.000000E+00	0.000000E+00	0.000000E+00	3.321001E-23	0.000000E+00	0.000000E+00	8.005557E-23	0.000000E+00	7.924132E-23	7.599205E-22	
1.478514E-06	2.376832E-06	5.386534E-07	8.604709E-08	9.536565E-09	2.179684E-09	5.499407E-10	1.397359E-10	3.678570E-11	9.170804E-12	2.330906E-12	5.778673E-13	1.433101E-13	3.750765E-14	9.204996E-15	1.929040E-15	4.869289E-16	1.070583E-16	2.285330E-17	5.069895E-18	1.101328E-18	2.321381E-19	4.791312E-20	9.483988E-21	1.821814E-21	6.397725E-23	2.221755E-23	6.408065E-23	4.851931E-23	0.000000E+00	0.000000E+00	0.000000E+00	2.617251E-23	0.000000E+00	0.000000E+00	0.000000E+00	0.000000E+00	0.000000E+00	0.000000E+00	0.000000E+00	0.000000E+00	
1.447232E-06	2.397683E-06	5.600492E-07	9.089129E-08	1.012192E-08	2.314634E-09	5.850125E-10	1.488342E-10	3.928197E-11	9.819900E-12	2.505073E-12	6.236713E-13	1.554683E-13	4.088685E-14	1.008977E-14	2.132265E-15	5.415826E-16	1.200183E-16	2.583396E-17	5.760804E-18	1.257508E-18	2.661483E-19	5.503013E-20	1.101220E-20	2.034270E-21	2.191641E-22	0.000000E+00	0.000000E+00	0.000000E+00	0.000000E+00	0.000000E+00	0.000000E+00	0.000000E+00	0.000000E+00	0.000000E+00	0.000000E+00	0.000000E+00	0.000000E+00	0.000000E+00	0.000000E+00	0.000000E+00	
1.416195E-06	2.411831E-06	5.792919E-07	9.540137E-08	1.067384E-08	2.442252E-09	6.183131E-10	1.575181E-10	4.167800E-11	1.044785E-11	2.674933E-12	6.687778E-13	1.675584E-13	4.427719E-14	1.098502E-14	2.340184E-15	5.978960E-16	1.334782E-16	2.895222E-17	6.486299E-18	1.422400E-18	3.022349E-19	6.273146E-20	1.272442E-20	2.451841E-21	4.467292E-22	8.548395E-23	3.068323E-23	0.000000E+00	0.000000E+00	0.000000E+00	5.628706E-23	8.071473E-23	9.874469E-23	0.000000E+00	3.876763E-23	0.000000E+00	1.935473E-22	4.088663E-22	4.859104E-22	1.603955E-23	
1.385024E-06	2.420463E-06	5.969057E-07	9.967718E-08	1.120382E-08	2.565165E-09	6.505125E-10	1.659582E-10	4.401945E-11	1.106617E-11	2.843465E-12	7.139386E-13	1.797712E-13	4.772965E-14	1.190356E-14	2.555594E-15	6.565903E-16	1.476015E-16	3.224416E-17	7.254957E-18	1.597279E-18	3.407293E-19	7.097727E-20	1.457373E-20	2.832551E-21	7.594035E-22	2.443931E-22	1.505339E-22	3.298512E-22	1.781282E-22	0.000000E+00	0.000000E+00	0.000000E+00	8.666009E-23	7.199703E-23	8.779747E-23	0.000000E+00	0.000000E+00	0.000000E+00	0.000000E+00	0.000000E+00	
1.353454E-06	2.424803E-06	6.134981E-07	1.038517E-07	1.173028E-08	2.688345E-09	6.831372E-10	1.746267E-10	4.646113E-11	1.172336E-11	3.026332E-12	7.640923E-13	1.936449E-13	5.173211E-14	1.298809E-14	2.815499E-15	7.284256E-16	1.651403E-16	3.638365E-17	8.228430E-18	1.820297E-18	3.897257E-19	8.124938E-20	1.646472E-20	3.273852E-21	7.031294E-22	1.639239E-22	0.000000E+00	3.980807E-24	1.154175E-23	0.000000E+00	9.131298E-23	0.000000E+00	0.000000E+00	0.000000E+00	0.000000E+00	7.703119E-24	0.000000E+00	7.683732E-23	1.814627E-23	0.000000E+00	
1.321200E-06	2.423898E-06	6.286120E-07	1.078118E-07	1.223442E-08	2.805978E-09	7.141866E-10	1.828473E-10	4.876479E-11	1.234042E-11	3.196843E-12	8.105250E-13	2.063973E-13	5.538691E-14	1.397277E-14	3.050185E-15	7.929780E-16	1.808411E-16	4.007911E-17	9.095629E-18	2.018441E-18	4.331327E-19	9.040254E-20	1.824223E-20	3.514329E-21	5.543532E-22	0.000000E+00	0.000000E+00	0.000000E+00	4.934649E-23	0.000000E+00	0.000000E+00	1.651906E-22	1.073525E-22	9.044703E-23	2.089924E-23	0.000000E+00	0.000000E+00	0.000000E+00	0.000000E+00	0.000000E+00	
1.288201E-06	2.418574E-06	6.426417E-07	1.116488E-07	1.273012E-08	2.922067E-09	7.449593E-10	1.910415E-10	5.107394E-11	1.296380E-11	3.370381E-12	8.581868E-13	2.195923E-13	5.919522E-14	1.500526E-14	3.298215E-15	8.615105E-16	1.975954E-16	4.404084E-17	1.002822E-17	2.232423E-18	4.806830E-19	1.007050E-19	2.057666E-20	4.202000E-21	9.700761E-22	3.189169E-22	7.233953E-23	1.233404E-22	1.074559E-22	7.955151E-23	1.313666E-22	1.002698E-22	0.000000E+00	2.136452E-23	1.895407E-23	0.000000E+00	0.000000E+00	0.000000E+00	0.000000E+00	7.444626E-24	
1.254416E-06	2.408883E-06	6.555842E-07	1.153619E-07	1.321747E-08	3.036665E-09	7.754765E-10	1.992176E-10	5.339163E-11	1.359460E-11	3.547326E-12	9.072069E-13	2.332723E-13	6.317101E-14	1.608977E-14	3.560728E-15	9.343551E-16	2.154889E-16	4.828986E-17	1.103007E-17	2.462642E-18	5.313031E-19	1.113460E-19	2.256603E-20	4.469800E-21	7.640564E-22	2.031892E-22	1.393412E-22	0.000000E+00	0.000000E+00	9.596588E-23	1.452994E-22	0.000000E+00	0.000000E+00	0.000000E+00	0.000000E+00	0.000000E+00	5.494870E-22	3.948107E-22	3.452639E-22	5.801961E-22	
1.219871E-06	2.394846E-06	6.673926E-07	1.189394E-07	1.369523E-08	3.149514E-09	8.056777E-10	2.073627E-10	5.571508E-11	1.423240E-11	3.727652E-12	9.576064E-13	2.474508E-13	6.732025E-14	1.722840E-14	3.838389E-15	1.011716E-15	2.345789E-16	5.284132E-17	1.210565E-17	2.709843E-18	5.859802E-19	1.230866E-19	2.489095E-20	4.773039E-21	6.985670E-22	0.000000E+00	0.000000E+00	0.000000E+00	0.000000E+00	0.000000E+00	0.000000E+00	0.000000E+00	0.000000E+00	0.000000E+00	0.000000E+00	0.000000E+00	7.134433E-24	0.000000E+00	3.479458E-22	2.074543E-22	
1.184640E-06	2.376540E-06	6.780210E-07	1.223690E-07	1.416228E-08	3.260464E-09	8.355561E-10	2.154859E-10	5.805029E-11	1.487994E-11	3.912466E-12	1.009794E-12	2.622689E-13	7.169101E-14	1.843592E-14	4.135241E-15	1.094792E-15	2.551810E-16	5.777488E-17	1.327495E-17	2.979901E-18	6.459079E-19	1.359555E-19	2.779893E-20	5.532934E-21	9.901869E-22	1.055819E-22	1.440070E-22	6.065560E-23	1.711230E-22	3.027740E-22	1.508312E-22	1.121864E-22	2.112800E-22	8.945829E-23	6.676899E-23	8.122526E-23	0.000000E+00	0.000000E+00	0.000000E+00	0.000000E+00	
1.148853E-06	2.353936E-06	6.873179E-07	1.256088E-07	1.461269E-08	3.367962E-09	8.646423E-10	2.234448E-10	6.035114E-11	1.552298E-11	4.097219E-12	1.062350E-12	2.772877E-13	7.614489E-14	1.967201E-14	4.440877E-15	1.180565E-15	2.765237E-16	6.290112E-17	1.449102E-17	3.260806E-18	7.080290E-19	1.491538E-19	3.041784E-20	5.860833E-21	1.039831E-21	1.473286E-22	0.000000E+00	0.000000E+00	0.000000E+00	0.000000E+00	0.000000E+00	4.946282E-23	0.000000E+00	3.635717E-23	0.000000E+00	0.000000E+00	5.928559E-23	1.006834E-22	0.000000E+00	5.354056E-23	
1.112658E-06	2.327238E-06	6.952488E-07	1.286447E-07	1.504505E-08	3.471831E-09	8.929357E-10	2.312541E-10	6.262660E-11	1.616547E-11	4.283493E-12	1.115852E-12	2.927062E-13	8.074955E-14	2.095743E-14	4.760953E-15	1.270714E-15	2.990480E-16	6.833122E-17	1.578235E-17	3.559788E-18	7.746891E-19	1.636714E-19	3.361481E-20	6.755584E-21	1.307023E-21	3.037175E-22	7.632034E-23	4.974716E-23	7.582920E-23	7.316671E-23	9.387207E-23	2.439213E-22	0.000000E+00	0.000000E+00	6.320177E-23	0.000000E+00	1.888944E-23	2.119650E-23	6.712377E-22	6.885438E-22	
1.076230E-06	2.296639E-06	7.017444E-07	1.314512E-07	1.545590E-08	3.571268E-09	9.202257E-10	2.388584E-10	6.486134E-11	1.680336E-11	4.470192E-12	1.170010E-12	3.084468E-13	8.548343E-14	2.228653E-14	5.094191E-15	1.364890E-15	3.226716E-16	7.404575E-17	1.714351E-17	3.875425E-18	8.449826E-19	1.788099E-19	3.702065E-20	7.497203E-21	1.585111E-21	4.418695E-22	1.595683E-22	1.887523E-22	6.506293E-23	2.642454E-22	1.283422E-22	1.480589E-22	1.168522E-22	0.000000E+00	0.000000E+00	0.000000E+00	0.000000E+00	0.000000E+00	0.000000E+00	5.635039E-22	
1.039756E-06	2.262397E-06	7.067536E-07	1.340045E-07	1.584182E-08	3.665474E-09	9.462991E-10	2.462002E-10	6.703910E-11	1.743222E-11	4.656072E-12	1.224479E-12	3.244142E-13	9.031920E-14	2.365193E-14	5.438839E-15	1.462606E-15	3.472763E-16	8.001776E-17	1.856842E-17	4.206026E-18	9.184386E-19	1.944003E-19	3.975058E-20	7.967481E-21	1.585408E-21	1.655266E-22	0.000000E+00	0.000000E+00	0.000000E+00	0.000000E+00	0.000000E+00	0.000000E+00	0.000000E+00	3.004992E-23	0.000000E+00	0.000000E+00	0.000000E+00	0.000000E+00	0.000000E+00	2.613761E-22	
1.003427E-06	2.224829E-06	7.102485E-07	1.362842E-07	1.619965E-08	3.753694E-09	9.709496E-10	2.532226E-10	6.914326E-11	1.804734E-11	4.839779E-12	1.278873E-12	3.404976E-13	9.522410E-14	2.504453E-14	5.792674E-15	1.563235E-15	3.727068E-16	8.620976E-17	2.004843E-17	4.550347E-18	9.953184E-19	2.110099E-19	4.347411E-20	8.797298E-21	1.922755E-21	3.851818E-22	2.889058E-22	1.544760E-22	4.643844E-23	1.149781E-22	1.663409E-23	3.842512E-23	1.438519E-22	2.922339E-22	1.684993E-22	2.164241E-22	1.124449E-24	7.712167E-23	0.000000E+00	0.000000E+00	
9.776943E-07	2.207494E-06	7.197975E-07	1.397453E-07	1.670268E-08	3.876152E-09	1.004606E-09	2.626524E-10	7.192092E-11	1.884456E-11	5.074086E-12	1.347215E-12	3.604537E-13	1.012548E-13	2.674376E-14	6.220790E-15	1.684413E-15	4.031897E-16	9.360424E-17	2.181256E-17	4.959870E-18	1.086545E-18	2.306301E-19	4.754937E-20	9.366683E-21	1.587411E-21	3.296961E-22	0.000000E+00	0.000000E+00	9.163610E-23	0.000000E+00	0.000000E+00	0.000000E+00	0.000000E+00	0.000000E+00	5.919511E-24	0.000000E+00	1.773010E-22	7.273244E-22	1.210553E-21	1.247686E-21	
9.575066E-07	2.199945E-06	7.322657E-07	1.438046E-07	1.728231E-08	4.016934E-09	1.043141E-09	2.734113E-10	7.507647E-11	1.974646E-11	5.338115E-12	1.423956E-12	3.827953E-13	1.079928E-13	2.863892E-14	6.697457E-15	1.819160E-15	4.370533E-16	1.018136E-16	2.377065E-17	5.414710E-18	1.187773E-18	2.524285E-19	5.201948E-20	1.037711E-20	2.004840E-21	2.946831E-22	8.846955E-23	1.809716E-22	2.826631E-23	2.929383E-22	3.246684E-22	1.582112E-22	0.000000E+00	2.666817E-22	1.500363E-22	1.224938E-22	3.183224E-22	5.407047E-22	0.000000E+00	0.000000E+00	
9.368099E-07	2.188680E-06	7.432318E-07	1.476002E-07	1.783560E-08	4.152235E-09	1.080414E-09	2.839024E-10	7.817582E-11	2.064030E-11	5.601830E-12	1.501220E-12	4.054430E-13	1.148616E-13	3.057956E-14	7.188234E-15	1.958236E-15	4.721117E-16	1.103355E-16	2.580607E-17	5.887648E-18	1.293330E-18	2.749995E-19	5.674663E-20	1.128830E-20	2.210123E-21	4.986090E-22	1.444981E-22	0.000000E+00	1.728420E-22	1.440328E-22	2.218653E-22	1.943874E-22	1.729712E-22	3.353700E-22	2.401990E-22	7.432347E-23	2.774222E-22	2.873289E-22	7.111104E-22	5.285167E-22	
9.158078E-07	2.173673E-06	7.523979E-07	1.510297E-07	1.834480E-08	4.276838E-09	1.114699E-09	2.935569E-10	8.102282E-11	2.146169E-11	5.843753E-12	1.572048E-12	4.261818E-13	1.211464E-13	3.235418E-14	7.637201E-15	2.085370E-15	5.041650E-16	1.181316E-16	2.766846E-17	6.320909E-18	1.390070E-18	2.958767E-19	6.106397E-20	1.228280E-20	2.506538E-21	4.907120E-22	2.045850E-22	1.311986E-22	0.000000E+00	0.000000E+00	2.469910E-23	1.589092E-23	5.178280E-23	0.000000E+00	1.572289E-23	0.000000E+00	0.000000E+00	0.000000E+00	0.000000E+00	0.000000E+00	
8.944915E-07	2.155490E-06	7.600997E-07	1.541840E-07	1.882636E-08	4.396032E-09	1.147871E-09	3.030212E-10	8.384913E-11	2.228864E-11	6.090500E-12	1.645199E-12	4.478336E-13	1.277654E-13	3.423608E-14	8.117008E-15	2.221765E-15	5.387007E-16	1.265613E-16	2.968600E-17	6.790860E-18	1.495051E-18	3.184410E-19	6.585350E-20	1.322028E-20	2.716758E-21	5.973795E-22	3.017141E-22	7.819442E-24	0.000000E+00	0.000000E+00	4.328481E-23	0.000000E+00	5.874275E-24	0.000000E+00	0.000000E+00	4.439633E-24	0.000000E+00	1.844548E-22	1.750586E-22	2.043136E-22	
8.729346E-07	2.134440E-06	7.664221E-07	1.570779E-07	1.928315E-08	4.510875E-09	1.180344E-09	3.124466E-10	8.671135E-11	2.314081E-11	6.348931E-12	1.722969E-12	4.711477E-13	1.349651E-13	3.629919E-14	8.647511E-15	2.373215E-15	5.772250E-16	1.360001E-16	3.195009E-17	7.319303E-18	1.613095E-18	3.438988E-19	7.098163E-20	1.421492E-20	2.919301E-21	6.012311E-22	1.921902E-22	0.000000E+00	1.778438E-22	2.086692E-22	0.000000E+00	1.649902E-22	9.952663E-23	5.211884E-23	1.415771E-22	1.837504E-22	5.083283E-23	3.020825E-22	0.000000E+00	4.383217E-22	
8.513740E-07	2.110554E-06	7.710589E-07	1.595968E-07	1.969380E-08	4.614830E-09	1.209887E-09	3.210803E-10	8.934543E-11	2.393029E-11	6.589411E-12	1.795679E-12	4.930244E-13	1.417408E-13	3.824520E-14	9.149531E-15	2.516660E-15	6.137752E-16	1.449703E-16	3.410375E-17	7.822316E-18	1.725735E-18	3.680972E-19	7.608410E-20	1.523008E-20	3.006478E-21	6.245860E-22	1.987689E-22	7.873725E-23	3.472866E-23	1.379065E-22	7.519589E-23	5.163416E-24	1.819151E-23	1.027384E-22	1.580820E-22	1.137503E-22	2.181818E-22	8.817875E-23	0.000000E+00	0.000000E+00	
8.298860E-07	2.084221E-06	7.741405E-07	1.617634E-07	2.006152E-08	4.708907E-09	1.236857E-09	3.290451E-10	9.179554E-11	2.467188E-11	6.817005E-12	1.864996E-12	5.140012E-13	1.482675E-13	4.012627E-14	9.636925E-15	2.656143E-15	6.493973E-16	1.537313E-16	3.620935E-17	8.314702E-18	1.836029E-18	3.919554E-19	8.100099E-20	1.620946E-20	3.135596E-21	4.961016E-22	6.034541E-23	2.742621E-23	3.966590E-23	0.000000E+00	0.000000E+00	0.000000E+00	0.000000E+00	1.337318E-22	0.000000E+00	2.092767E-22	2.677286E-22	4.324410E-22	7.344588E-22	4.437501E-22	
8.085729E-07	2.055774E-06	7.757318E-07	1.635783E-07	2.038524E-08	4.792732E-09	1.261121E-09	3.362925E-10	9.404439E-11	2.535958E-11	7.029681E-12	1.930245E-12	5.338610E-13	1.544746E-13	4.192133E-14	1.010403E-14	2.790020E-15	6.836636E-16	1.621762E-16	3.824132E-17	8.790393E-18	1.942778E-18	4.149579E-19	8.580019E-20	1.730524E-20	3.338307E-21	5.905682E-22	3.726190E-23	4.363378E-23	3.974344E-23	0.000000E+00	0.000000E+00	1.609771E-23	4.301339E-23	0.000000E+00	1.763575E-22	2.898363E-23	0.000000E+00	1.519298E-23	1.905359E-22	0.000000E+00	
7.876238E-07	2.025793E-06	7.760082E-07	1.650672E-07	2.066706E-08	4.866663E-09	1.282735E-09	3.428243E-10	9.608860E-11	2.599112E-11	7.226411E-12	1.991025E-12	5.524601E-13	1.603119E-13	4.361479E-14	1.054648E-14	2.916996E-15	7.162312E-16	1.702181E-16	4.017819E-17	9.244266E-18	2.044547E-18	4.370056E-19	9.048805E-20	1.810435E-20	3.474159E-21	6.321857E-22	3.176891E-23	0.000000E+00	0.000000E+00	0.000000E+00	0.000000E+00	0.000000E+00	0.000000E+00	0.000000E+00	0.000000E+00	4.995395E-24	4.677448E-23	2.895132E-22	4.705171E-22	0.000000E+00	
7.670945E-07	1.994538E-06	7.750412E-07	1.662358E-07	2.090661E-08	4.930484E-09	1.301603E-09	3.486019E-10	9.791337E-11	2.656109E-11	7.405296E-12	2.046689E-12	5.695862E-13	1.657092E-13	4.518553E-14	1.095853E-14	3.035400E-15	7.466627E-16	1.777472E-16	4.199316E-17	9.670000E-18	2.140267E-18	4.578378E-19	9.481568E-20	1.909660E-20	3.684379E-21	6.280757E-22	1.054655E-22	0.000000E+00	8.574244E-23	3.618915E-23	9.917120E-23	1.257767E-22	0.000000E+00	0.000000E+00	0.000000E+00	0.000000E+00	1.623148E-22	2.344669E-22	3.183030E-22	5.766224E-22	
7.470333E-07	1.962262E-06	7.729099E-07	1.670925E-07	2.110396E-08	4.984074E-09	1.317655E-09	3.535926E-10	9.950544E-11	2.706448E-11	7.564527E-12	2.096614E-12	5.850319E-13	1.705975E-13	4.661264E-14	1.133447E-14	3.143562E-15	7.745209E-16	1.846533E-16	4.365973E-17	1.006113E-17	2.228136E-18	4.766022E-19	9.862105E-20	1.969159E-20	3.670950E-21	5.026802E-22	3.970467E-23	3.465111E-23	0.000000E+00	0.000000E+00	0.000000E+00	0.000000E+00	0.000000E+00	0.000000E+00	0.000000E+00	0.000000E+00	0.000000E+00	5.498812E-23	4.224502E-22	4.193095E-22	
7.275191E-07	1.929301E-06	7.697379E-07	1.676568E-07	2.126064E-08	5.027652E-09	1.330909E-09	3.577875E-10	1.008582E-10	2.749802E-11	7.702785E-12	2.140306E-12	5.986257E-13	1.749177E-13	4.787794E-14	1.166921E-14	3.239992E-15	7.994115E-16	1.908368E-16	4.515369E-17	1.041235E-17	2.307321E-18	4.939457E-19	1.024710E-19	2.067856E-20	4.062077E-21	8.994555E-22	2.118875E-22	1.142026E-22	1.392636E-22	1.831817E-22	2.268801E-22	9.494482E-23	9.561691E-23	3.361714E-22	2.432234E-22	5.827229E-22	4.999596E-22	3.873402E-22	2.969449E-22	7.162221E-22	
7.086253E-07	1.895984E-06	7.656561E-07	1.679512E-07	2.137862E-08	5.061550E-09	1.341410E-09	3.611855E-10	1.019671E-10	2.785907E-11	7.818908E-12	2.177319E-12	6.102079E-13	1.786142E-13	4.896410E-14	1.195789E-14	3.323252E-15	8.209525E-16	1.962008E-16	4.645092E-17	1.071774E-17	2.376244E-18	5.087979E-19	1.056637E-19	2.128125E-20	4.170438E-21	8.127696E-22	2.124174E-22	5.379259E-23	1.066804E-22	8.342892E-23	4.230900E-23	2.368451E-22	2.439020E-22	0.000000E+00	0.000000E+00	0.000000E+00	0.000000E+00	0.000000E+00	7.206811E-23	2.447679E-22	
6.904217E-07	1.862631E-06	7.608011E-07	1.680009E-07	2.146030E-08	5.086192E-09	1.349233E-09	3.637924E-10	1.028297E-10	2.814550E-11	7.911881E-12	2.207241E-12	6.196295E-13	1.816344E-13	4.985462E-14	1.219581E-14	3.391957E-15	8.387741E-16	2.006505E-16	4.752840E-17	1.097180E-17	2.433462E-18	5.213604E-19	1.082461E-19	2.180383E-20	4.289177E-21	9.530284E-22	2.739777E-22	1.455579E-22	1.698305E-22	9.848619E-23	5.226747E-23	1.002246E-22	2.599738E-22	1.074495E-22	0.000000E+00	0.000000E+00	0.000000E+00	6.759617E-23	4.286540E-22	8.660516E-22	
6.729744E-07	1.829554E-06	7.553132E-07	1.678332E-07	2.150840E-08	5.102090E-09	1.354471E-09	3.656200E-10	1.034449E-10	2.835560E-11	7.980808E-12	2.229698E-12	6.267505E-13	1.839282E-13	5.053367E-14	1.237844E-14	3.444765E-15	8.525181E-16	2.040943E-16	4.836352E-17	1.116893E-17	2.478120E-18	5.309913E-19	1.102773E-19	2.220406E-20	4.422392E-21	8.731279E-22	2.436176E-22	1.685380E-22	1.700502E-22	1.241870E-22	1.416741E-22	3.717789E-23	1.609900E-22	1.590125E-22	1.753558E-22	1.818505E-22	7.480815E-23	1.642341E-22	0.000000E+00	0.000000E+00	
6.564088E-07	1.797059E-06	7.492516E-07	1.674430E-07	2.151899E-08	5.107559E-09	1.356432E-09	3.664052E-10	1.037132E-10	2.845403E-11	8.013279E-12	2.240505E-12	6.301989E-13	1.850425E-13	5.086507E-14	1.246895E-14	3.470940E-15	8.593838E-16	2.058318E-16	4.878617E-17	1.126945E-17	2.500767E-18	5.358405E-19	1.111565E-19	2.233768E-20	4.305876E-21	8.538960E-22	1.293245E-22	8.160654E-23	1.342230E-22	2.127405E-23	5.914988E-23	0.000000E+00	0.000000E+00	2.500929E-23	0.000000E+00	1.946847E-22	5.918219E-23	9.802736E-23	0.000000E+00	0.000000E+00	
6.408246E-07	1.765886E-06	7.431242E-07	1.669731E-07	2.151512E-08	5.109184E-09	1.357241E-09	3.668365E-10	1.038681E-10	2.851690E-11	8.034472E-12	2.247779E-12	6.325527E-13	1.858097E-13	5.109510E-14	1.253278E-14	3.489440E-15	8.642739E-16	2.070802E-16	4.909088E-17	1.134227E-17	2.517450E-18	5.395720E-19	1.120601E-19	2.263958E-20	4.552156E-21	9.680210E-22	2.103107E-22	1.795240E-23	8.264051E-23	0.000000E+00	0.000000E+00	0.000000E+00	0.000000E+00	0.000000E+00	0.000000E+00	0.000000E+00	0.000000E+00	0.000000E+00	0.000000E+00	1.784351E-22	
6.265174E-07	1.736794E-06	7.371891E-07	1.664647E-07	2.149879E-08	5.106653E-09	1.356555E-09	3.667404E-10	1.038336E-10	2.851489E-11	8.033516E-12	2.247722E-12	6.325364E-13	1.858020E-13	5.109379E-14	1.253443E-14	3.489863E-15	8.644633E-16	2.071554E-16	4.911106E-17	1.134796E-17	2.518818E-18	5.398378E-19	1.118729E-19	2.248082E-20	4.327176E-21	7.522949E-22	1.893080E-22	3.489668E-24	0.000000E+00	0.000000E+00	0.000000E+00	5.375382E-23	0.000000E+00	4.813803E-23	1.007739E-22	2.945538E-23	0.000000E+00	7.880188E-23	4.843530E-23	6.733412E-22	
6.137142E-07	1.710536E-06	7.318013E-07	1.659984E-07	2.147987E-08	5.102159E-09	1.354909E-09	3.662469E-10	1.036417E-10	2.845518E-11	8.011955E-12	2.240624E-12	6.301928E-13	1.850221E-13	5.085954E-14	1.247282E-14	3.471806E-15	8.598222E-16	2.060200E-16	4.883713E-17	1.128434E-17	2.504719E-18	5.369050E-19	1.113347E-19	2.231294E-20	4.262565E-21	7.708677E-22	1.741344E-22	0.000000E+00	0.000000E+00	0.000000E+00	0.000000E+00	0.000000E+00	3.858022E-23	0.000000E+00	0.000000E+00	0.000000E+00	0.000000E+00	1.017497E-22	0.000000E+00	0.000000E+00	
6.026313E-07	1.687833E-06	7.273067E-07	1.656532E-07	2.146809E-08	5.097850E-09	1.352820E-09	3.654791E-10	1.033216E-10	2.834407E-11	7.971026E-12	2.226672E-12	6.255314E-13	1.834615E-13	5.038745E-14	1.234597E-14	3.434605E-15	8.501539E-16	2.036202E-16	4.825519E-17	1.114785E-17	2.473989E-18	5.301767E-19	1.099561E-19	2.213356E-20	4.297656E-21	8.717967E-22	8.594924E-23	7.513126E-23	0.000000E+00	0.000000E+00	0.000000E+00	0.000000E+00	0.000000E+00	6.615506E-23	8.011373E-23	3.344265E-23	6.895326E-24	0.000000E+00	0.000000E+00	1.650128E-22	
5.934833E-07	1.669392E-06	7.240481E-07	1.655083E-07	2.147310E-08	5.095830E-09	1.350784E-09	3.645520E-10	1.028994E-10	2.818668E-11	7.911535E-12	2.205905E-12	6.185131E-13	1.810961E-13	4.966783E-14	1.215065E-14	3.377216E-15	8.351626E-16	1.998777E-16	4.734602E-17	1.093426E-17	2.426299E-18	5.200042E-19	1.079530E-19	2.181878E-20	4.260420E-21	9.015881E-22	2.483351E-22	9.765901E-23	3.188523E-23	0.000000E+00	0.000000E+00	0.000000E+00	0.000000E+00	8.820460E-23	1.723638E-22	2.968027E-22	2.949674E-22	3.610514E-22	2.772477E-22	2.425061E-22	
5.864929E-07	1.655935E-06	7.223726E-07	1.656434E-07	2.150458E-08	5.098174E-09	1.349278E-09	3.635709E-10	1.023971E-10	2.798658E-11	7.833723E-12	2.178168E-12	6.090335E-13	1.778802E-13	4.868446E-14	1.188188E-14	3.298072E-15	8.144164E-16	1.946794E-16	4.608134E-17	1.063616E-17	2.359080E-18	5.053785E-19	1.048222E-19	2.104424E-20	3.997893E-21	7.005057E-22	5.334022E-23	0.000000E+00	4.960499E-23	0.000000E+00	0.000000E+00	0.000000E+00	0.000000E+00	0.000000E+00	0.000000E+00	0.000000E+00	2.161009E-23	2.623907E-22	5.577491E-22	6.620159E-22	
5.819024E-07	1.648222E-06	7.226416E-07	1.661414E-07	2.157240E-08	5.106945E-09	1.348754E-09	3.626297E-10	1.018314E-10	2.774538E-11	7.737098E-12	2.143043E-12	5.969017E-13	1.737393E-13	4.741240E-14	1.153233E-14	3.194907E-15	7.873006E-16	1.878678E-16	4.442224E-17	1.024474E-17	2.270713E-18	4.861721E-19	1.007253E-19	2.019688E-20	3.821187E-21	5.939674E-22	4.068695E-23	0.000000E+00	0.000000E+00	0.000000E+00	0.000000E+00	0.000000E+00	0.000000E+00	0.000000E+00	0.000000E+00	0.000000E+00	6.914713E-23	9.659919E-23	0.000000E+00	0.000000E+00	
5.799865E-07	1.647087E-06	7.252427E-07	1.670899E-07	2.168681E-08	5.124231E-09	1.349648E-09	3.618105E-10	1.012134E-10	2.746230E-11	7.620254E-12	2.099792E-12	5.818174E-13	1.685625E-13	4.581562E-14	1.109172E-14	3.064557E-15	7.529658E-16	1.792266E-16	4.231594E-17	9.747264E-18	2.158343E-18	4.618267E-19	9.563181E-20	1.918470E-20	3.713046E-21	7.903452E-22	2.353070E-22	1.488150E-22	2.666882E-22	1.424689E-22	2.859977E-22	9.413057E-23	2.253615E-22	3.162286E-22	4.212094E-22	3.440554E-22	4.480992E-22	4.869121E-22	5.716594E-22	6.512012E-22	
5.810688E-07	1.653478E-06	7.306043E-07	1.685842E-07	2.185873E-08	5.152174E-09	1.352379E-09	3.611803E-10	1.005463E-10	2.713345E-11	7.480582E-12	2.047241E-12	5.633336E-13	1.621903E-13	4.384319E-14	1.054574E-14	2.902650E-15	7.102471E-16	1.684603E-16	3.969041E-17	9.126870E-18	2.018366E-18	4.313873E-19	8.934466E-20	1.789663E-20	3.451282E-21	5.692424E-22	3.431507E-23	4.743364E-23	6.358951E-23	0.000000E+00	0.000000E+00	0.000000E+00	0.000000E+00	0.000000E+00	8.640806E-23	1.088841E-22	1.332149E-22	1.080699E-22	2.645976E-22	0.000000E+00	
5.855410E-07	1.668509E-06	7.392145E-07	1.707311E-07	2.210001E-08	5.193019E-09	1.357348E-09	3.607884E-10	9.982401E-11	2.675095E-11	7.313921E-12	1.983656E-12	5.408135E-13	1.543997E-13	4.142485E-14	9.874944E-15	2.703243E-15	6.575677E-16	1.551716E-16	3.644860E-17	8.360525E-18	1.845153E-18	3.938894E-19	8.147925E-20	1.633113E-20	3.126639E-21	5.962809E-22	6.432622E-23	6.736352E-23	1.063961E-22	1.212143E-22	2.449230E-22	3.781120E-23	3.180122E-23	2.016253E-22	1.706189E-22	2.204307E-23	1.908138E-22	6.221303E-23	2.637834E-22	2.176939E-22	
5.938588E-07	1.693546E-06	7.517168E-07	1.736811E-07	2.242960E-08	5.250984E-09	1.365575E-09	3.608823E-10	9.910640E-11	2.632825E-11	7.123085E-12	1.909536E-12	5.143268E-13	1.451964E-13	3.855775E-14	9.077862E-15	2.465569E-15	5.946919E-16	1.392966E-16	3.257498E-17	7.444454E-18	1.638198E-18	3.489434E-19	7.206237E-20	1.444151E-20	2.756941E-21	4.357691E-22	4.257395E-23	0.000000E+00	0.000000E+00	0.000000E+00	0.000000E+00	0.000000E+00	0.000000E+00	0.000000E+00	0.000000E+00	0.000000E+00	0.000000E+00	0.000000E+00	0.000000E+00	0.000000E+00	
6.066931E-07	1.730195E-06	7.686536E-07	1.775225E-07	2.285141E-08	5.325094E-09	1.376166E-09	3.610257E-10	9.820441E-11	2.579314E-11	6.881405E-12	1.815566E-12	4.807638E-13	1.335484E-13	3.492879E-14	8.070157E-15	2.164520E-15	5.150571E-16	1.191962E-16	2.767197E-17	6.285340E-18	1.376287E-18	2.922595E-19	6.025947E-20	1.207302E-20	2.414114E-21	3.599270E-22	0.000000E+00	0.000000E+00	0.000000E+00	0.000000E+00	0.000000E+00	0.000000E+00	0.000000E+00	0.000000E+00	0.000000E+00	0.000000E+00	0.000000E+00	5.780571E-23	0.000000E+00	0.000000E+00	
6.247954E-07	1.780546E-06	7.909323E-07	1.824554E-07	2.338864E-08	5.420028E-09	1.390081E-09	3.613935E-10	9.713853E-11	2.514248E-11	6.585214E-12	1.699893E-12	4.393992E-13	1.191986E-13	3.045476E-14	6.829066E-15	1.792774E-15	4.167144E-16	9.438120E-17	2.162102E-17	4.855100E-18	1.053230E-18	2.221065E-19	4.552538E-20	9.053595E-21	1.663021E-21	3.025025E-22	2.608204E-23	2.751668E-23	0.000000E+00	0.000000E+00	2.475079E-23	4.999273E-23	4.119101E-23	2.118616E-22	0.000000E+00	2.453689E-22	2.162366E-22	9.039533E-23	3.394930E-22	1.144973E-21	
6.491767E-07	1.847233E-06	8.195948E-07	1.886906E-07	2.406218E-08	5.539038E-09	1.407605E-09	3.618890E-10	9.582208E-11	2.433440E-11	6.217012E-12	1.555935E-12	3.879563E-13	1.013822E-13	2.489954E-14	5.291173E-15	1.330848E-15	2.945502E-16	6.357606E-17	1.411380E-17	3.081798E-18	6.532566E-19	1.355997E-19	2.760340E-20	5.611076E-21	1.101637E-21	2.230156E-22	5.883322E-23	2.340663E-23	0.000000E+00	0.000000E+00	1.099569E-22	0.000000E+00	0.000000E+00	0.000000E+00	2.055996E-22	2.735900E-22	4.027659E-22	2.132252E-22	7.483400E-24	2.032861E-22	
6.811635E-07	1.933642E-06	8.559426E-07	1.964842E-07	2.489615E-08	5.685469E-09	1.428828E-09	3.622944E-10	9.411135E-11	2.330443E-11	5.750752E-12	1.374069E-12	3.231428E-13	7.900336E-14	1.792610E-14	3.366606E-15	7.510722E-16	1.413187E-16	2.497733E-17	4.714557E-18	8.626886E-19	1.523929E-19	2.697449E-20	4.760786E-21	8.629562E-22	1.222289E-22	7.513126E-23	0.000000E+00	5.156954E-24	1.077144E-22	1.871367E-22	1.370923E-22	1.953116E-22	3.528507E-22	2.787211E-23	7.572580E-23	7.043960E-25	4.901691E-22	0.000000E+00	0.000000E+00	0.000000E+00	
7.231702E-07	2.044411E-06	9.008414E-07	2.058246E-07	2.586750E-08	5.857216E-09	1.457166E-09	3.655437E-10	9.379753E-11	2.291049E-11	5.565529E-12	1.306167E-12	3.009414E-13	7.194105E-14	1.593711E-14	2.872818E-15	6.169220E-16	1.090987E-16	1.753912E-17	3.010449E-18	4.809461E-19	7.006649E-20	9.607496E-21	1.371750E-21	3.322681E-22	6.994846E-23	2.060197E-23	4.276782E-23	8.314458E-23	1.815015E-22	1.218153E-22	1.248267E-22	4.935296E-23	7.657883E-23	0.000000E+00	0.000000E+00	6.203855E-23	3.639142E-22	1.427016E-22	5.272695E-22	5.626250E-22	
7.771296E-07	2.185261E-06	9.570088E-07	2.173540E-07	2.705169E-08	6.065094E-09	1.491488E-09	3.696683E-10	9.359952E-11	2.253859E-11	5.393092E-12	1.246108E-12	2.826126E-13	6.652541E-14	1.455612E-14	2.573405E-15	5.473730E-16	9.539978E-17	1.507208E-17	2.562251E-18	4.045599E-19	5.820924E-20	7.871296E-21	9.802607E-22	8.874097E-23	0.000000E+00	0.000000E+00	0.000000E+00	0.000000E+00	0.000000E+00	0.000000E+00	0.000000E+00	0.000000E+00	0.000000E+00	0.000000E+00	0.000000E+00	0.000000E+00	0.000000E+00	0.000000E+00	0.000000E+00	2.206246E-22	
8.461462E-07	2.363857E-06	1.027286E-06	2.316142E-07	2.849753E-08	6.314963E-09	1.531347E-09	3.739221E-10	9.308452E-11	2.200011E-11	5.157524E-12	1.165745E-12	2.584105E-13	5.945256E-14	1.275592E-14	2.187942E-15	4.571275E-16	7.768408E-17	1.190521E-17	1.987124E-18	3.069638E-19	4.331048E-20	5.931040E-21	1.026195E-21	3.889558E-22	2.385382E-22	3.142382E-22	1.861415E-22	3.557006E-22	2.997237E-22	2.398307E-22	2.556505E-22	1.860381E-22	3.987398E-22	5.332472E-22	2.639029E-22	2.763106E-22	3.029678E-22	4.277235E-22	1.222547E-21	2.839362E-22	
9.344935E-07	2.590138E-06	1.115008E-06	2.491668E-07	3.024400E-08	6.608986E-09	1.575386E-09	3.774862E-10	9.190875E-11	2.117792E-11	4.821806E-12	1.054289E-12	2.254177E-13	4.994341E-14	1.034320E-14	1.679110E-15	3.369909E-16	5.420240E-17	7.744363E-18	1.231108E-18	1.789172E-19	2.339960E-20	2.849741E-21	2.021681E-22	1.039146E-22	2.018838E-23	1.356318E-22	0.000000E+00	4.499087E-23	0.000000E+00	0.000000E+00	0.000000E+00	1.798859E-22	0.000000E+00	1.046513E-22	0.000000E+00	0.000000E+00	0.000000E+00	0.000000E+00	1.639369E-22	5.057628E-22	
1.048338E-06	2.879009E-06	1.225586E-06	2.710553E-07	3.241223E-08	6.980483E-09	1.636216E-09	3.852658E-10	9.203604E-11	2.078001E-11	4.631021E-12	9.901619E-13	2.069184E-13	4.479278E-14	9.108881E-15	1.433672E-15	2.833325E-16	4.443596E-17	6.140099E-18	9.574620E-19	1.355929E-19	1.721487E-20	2.060895E-21	1.739664E-22	0.000000E+00	0.000000E+00	1.430764E-22	1.261192E-22	3.645282E-22	2.295685E-22	2.755416E-22	2.058387E-22	3.232854E-22	1.870979E-22	0.000000E+00	2.438503E-22	9.379453E-23	4.393815E-22	6.790765E-22	1.195799E-21	9.167423E-22	
1.195584E-06	3.248384E-06	1.364840E-06	2.982112E-07	3.504959E-08	7.421801E-09	1.705448E-09	3.932156E-10	9.178060E-11	2.020794E-11	4.384708E-12	9.114166E-13	1.850751E-13	3.892083E-14	7.739943E-15	1.174466E-15	2.281945E-16	3.485414E-17	4.659948E-18	7.155128E-19	9.910404E-20	1.219823E-20	1.552411E-21	1.722862E-22	7.237830E-24	0.000000E+00	3.771427E-23	3.052296E-22	1.762670E-22	7.007771E-23	0.000000E+00	0.000000E+00	0.000000E+00	0.000000E+00	0.000000E+00	0.000000E+00	0.000000E+00	0.000000E+00	0.000000E+00	2.744301E-22	2.593340E-22	
1.380077E-06	3.704659E-06	1.533636E-06	3.304865E-07	3.809092E-08	7.908492E-09	1.774159E-09	3.983767E-10	9.017163E-11	1.917129E-11	3.997621E-12	7.942492E-13	1.536065E-13	3.067284E-14	5.824860E-15	8.219344E-16	1.519975E-16	2.171066E-17	2.665736E-18	3.888502E-19	5.040037E-20	6.048913E-21	6.654151E-22	2.122752E-22	6.878524E-23	0.000000E+00	0.000000E+00	1.562079E-22	8.499281E-23	3.624085E-23	8.543225E-23	0.000000E+00	2.101168E-22	0.000000E+00	3.910367E-22	0.000000E+00	3.156857E-22	2.007335E-22	0.000000E+00	0.000000E+00	0.000000E+00	
1.625789E-06	4.292682E-06	1.741258E-06	3.682069E-07	4.137803E-08	8.385252E-09	1.829020E-09	3.987895E-10	8.741822E-11	1.795364E-11	3.609397E-12	6.895800E-13	1.280431E-13	2.448701E-14	4.496040E-15	5.978758E-16	1.071573E-16	1.454414E-17	1.661870E-18	2.325894E-19	2.821896E-20	2.830147E-21	1.600077E-22	1.276443E-22	0.000000E+00	2.791735E-23	0.000000E+00	0.000000E+00	0.000000E+00	0.000000E+00	0.000000E+00	0.000000E+00	0.000000E+00	0.000000E+00	0.000000E+00	0.000000E+00	0.000000E+00	0.000000E+00	0.000000E+00	0.000000E+00	9.397547E-22	
1.956931E-06	5.068047E-06	2.007461E-06	4.150669E-07	4.526604E-08	8.907201E-09	1.875947E-09	3.939291E-10	8.279713E-11	1.623651E-11	3.106130E-12	5.623201E-13	9.876839E-14	1.781403E-14	3.127206E-15	3.867580E-16	6.690728E-17	8.620621E-18	9.217626E-19	1.258991E-19	1.488367E-20	1.644797E-21	3.817439E-22	2.974231E-22	2.265958E-22	0.000000E+00	0.000000E+00	0.000000E+00	0.000000E+00	0.000000E+00	0.000000E+00	0.000000E+00	0.000000E+00	0.000000E+00	0.000000E+00	0.000000E+00	0.000000E+00	0.000000E+00	0.000000E+00	0.000000E+00	0.000000E+00	
2.410375E-06	6.109127E-06	2.356775E-06	4.750687E-07	5.011816E-08	9.546008E-09	1.934146E-09	3.894743E-10	7.806913E-11	1.451698E-11	2.618029E-12	4.430391E-13	7.228382E-14	1.199506E-14	1.958233E-15	2.151126E-16	3.422289E-17	3.925273E-18	3.577788E-19	4.446489E-20	4.620321E-21	6.383766E-22	2.845501E-22	3.686124E-23	0.000000E+00	0.000000E+00	0.000000E+00	0.000000E+00	0.000000E+00	0.000000E+00	2.168506E-22	0.000000E+00	5.505921E-23	9.649579E-23	3.244099E-22	3.896538E-22	6.208766E-22	8.708661E-22	6.237071E-22	6.557733E-22	1.811513E-21	
3.042398E-06	7.529225E-06	2.821538E-06	5.527710E-07	5.623278E-08	1.033879E-08	2.010765E-09	3.877450E-10	7.417383E-11	1.312739E-11	2.251026E-12	3.616119E-13	5.603500E-14	8.805205E-15	1.388921E-15	1.435279E-16	2.249654E-17	2.496961E-18	2.168218E-19	2.687313E-20	2.700538E-21	2.010049E-22	0.000000E+00	0.000000E+00	0.000000E+00	1.355025E-22	0.000000E+00	4.144692E-22	2.618027E-22	3.752815E-22	0.000000E+00	0.000000E+00	2.796904E-22	4.328998E-22	1.494870E-22	5.312050E-23	1.004999E-21	8.607848E-24	7.131589E-22	3.230838E-21	2.021940E-21	
3.932606E-06	9.474719E-06	3.437255E-06	6.516330E-07	6.355675E-08	1.119544E-08	2.066514E-09	3.758036E-10	6.712961E-11	1.098258E-11	1.721136E-12	2.486261E-13	3.420280E-14	4.671839E-15	6.466393E-16	5.542925E-17	7.409777E-18	6.780844E-19	4.585000E-20	5.257353E-21	3.668546E-22	3.928074E-22	0.000000E+00	1.866326E-22	6.035317E-22	4.880366E-23	8.304376E-22	2.306800E-22	0.000000E+00	0.000000E+00	7.220253E-22	9.188426E-22	3.654587E-22	1.497197E-22	5.664378E-22	0.000000E+00	0.000000E+00	0.000000E+00	0.000000E+00	0.000000E+00	0.000000E+00	
5.195321E-06	1.208408E-05	4.202986E-06	7.628984E-07	7.059082E-08	1.181513E-08	2.059508E-09	3.529399E-10	5.928154E-11	9.110480E-12	1.344749E-12	1.833671E-13	2.389268E-14	3.079951E-15	4.152878E-16	3.351913E-17	4.508253E-18	4.036178E-19	2.532765E-20	2.062782E-21	0.000000E+00	0.000000E+00	0.000000E+00	0.000000E+00	0.000000E+00	0.000000E+00	0.000000E+00	3.332504E-22	0.000000E+00	0.000000E+00	2.522901E-23	0.000000E+00	0.000000E+00	0.000000E+00	0.000000E+00	0.000000E+00	0.000000E+00	0.000000E+00	0.000000E+00	0.000000E+00	0.000000E+00	
7.022273E-06	1.574080E-05	5.239405E-06	9.066991E-07	7.904283E-08	1.242431E-08	2.004574E-09	3.144807E-10	4.757653E-11	6.476413E-12	8.313618E-13	9.613495E-14	1.039141E-14	1.067960E-15	1.146482E-16	7.090859E-18	7.190644E-19	4.770847E-20	2.177553E-21	0.000000E+00	0.000000E+00	0.000000E+00	3.647867E-22	1.166325E-21	1.131997E-21	1.104286E-21	1.326798E-21	6.244180E-22	1.684657E-21	1.476104E-21	5.166777E-22	4.492625E-22	1.661961E-21	1.444568E-21	1.114367E-21	1.236687E-21	1.492130E-21	0.000000E+00	0.000000E+00	0.000000E+00	0.000000E+00	
9.894230E-06	2.134500E-05	6.792810E-06	1.118259E-06	9.200814E-08	1.367371E-08	2.078244E-09	3.071999E-10	4.386544E-11	5.653553E-12	6.918779E-13	7.681461E-14	8.018476E-15	7.936194E-16	8.472829E-17	5.036134E-18	5.235292E-19	3.428912E-20	7.312277E-22	2.940627E-22	1.294538E-22	1.989369E-22	9.986138E-22	0.000000E+00	0.000000E+00	0.000000E+00	0.000000E+00	1.316044E-21	2.061644E-21	3.127777E-22	2.821513E-21	1.072543E-21	2.917363E-21	1.900137E-21	3.341706E-21	2.275160E-21	1.173252E-21	1.022344E-21	6.316558E-22	6.876973E-22	0.000000E+00	
1.465571E-05	3.048987E-05	9.300406E-06	1.455632E-06	1.124849E-07	1.561269E-08	2.184258E-09	2.942124E-10	3.781806E-11	4.350549E-12	4.730710E-13	4.663186E-14	4.346261E-15	3.838678E-16	3.790341E-17	2.081627E-18	2.116805E-19	1.458319E-20	1.730462E-21	1.010401E-21	1.761481E-21	5.943293E-22	0.000000E+00	9.334733E-22	1.647330E-21	1.519944E-21	7.380519E-22	2.536136E-21	1.538142E-21	1.584878E-21	0.000000E+00	0.000000E+00	0.000000E+00	2.755132E-21	2.416815E-21	3.858177E-21	6.581773E-21	5.060691E-21	9.047805E-21	1.821142E-21	2.285293E-21	
2.311728E-05	4.591942E-05	1.327842E-05	1.947539E-06	1.396140E-07	1.795568E-08	2.307930E-09	2.836532E-10	3.288985E-11	3.360287E-12	3.176269E-13	2.637433E-14	1.993827E-15	1.338540E-16	9.441001E-18	3.797487E-19	2.387409E-20	2.182102E-21	0.000000E+00	8.842561E-22	3.634632E-21	2.929047E-21	0.000000E+00	0.000000E+00	2.067952E-23	0.000000E+00	0.000000E+00	4.293481E-21	1.153090E-21	0.000000E+00	0.000000E+00	0.000000E+00	0.000000E+00	0.000000E+00	0.000000E+00	0.000000E+00	0.000000E+00	1.952146E-22	0.000000E+00	0.000000E+00	0.000000E+00	
3.951450E-05	7.467318E-05	2.039212E-05	2.774328E-06	1.818591E-07	2.129766E-08	2.475240E-09	2.754733E-10	2.910610E-11	2.740877E-12	2.427640E-13	1.921684E-14	1.403696E-15	9.140115E-17	6.437043E-18	2.539047E-19	1.775130E-20	4.582581E-21	4.686805E-21	4.466775E-23	2.430257E-21	0.000000E+00	0.000000E+00	0.000000E+00	7.560431E-22	3.296315E-21	4.287277E-21	2.842193E-21	1.113799E-21	4.331945E-21	2.569637E-21	0.000000E+00	1.242012E-21	6.009054E-21	3.670200E-21	5.164502E-21	0.000000E+00	3.176994E-21	0.000000E+00	0.000000E+00	0.000000E+00	
7.319851E-05	1.315650E-04	3.395087E-05	4.251082E-06	2.504967E-07	2.581206E-08	2.540295E-09	2.299915E-10	1.868956E-11	1.275715E-12	7.656501E-14	3.834507E-15	1.661023E-16	5.915268E-18	1.907677E-19	1.045556E-21	8.668853E-22	0.000000E+00	0.000000E+00	0.000000E+00	2.632089E-21	0.000000E+00	0.000000E+00	8.574554E-21	4.301339E-22	1.115039E-21	0.000000E+00	0.000000E+00	0.000000E+00	0.000000E+00	2.817377E-21	0.000000E+00	0.000000E+00	0.000000E+00	0.000000E+00	0.000000E+00	0.000000E+00	0.000000E+00	0.000000E+00	0.000000E+00	0.000000E+00	
1.471836E-04	2.441094E-04	5.760526E-05	6.323773E-06	3.241505E-07	2.955152E-08	2.639063E-09	2.227188E-10	1.731716E-11	1.149591E-12	6.792226E-14	3.373577E-15	1.451589E-16	5.122299E-18	1.503351E-19	0.000000E+00	0.000000E+00	0.000000E+00	0.000000E+00	0.000000E+00	0.000000E+00	0.000000E+00	0.000000E+00	0.000000E+00	0.000000E+00	5.446157E-21	0.000000E+00	4.142521E-21	0.000000E+00	0.000000E+00	8.316474E-21	8.371068E-22	1.137870E-20	0.000000E+00	9.323980E-21	0.000000E+00	0.000000E+00	0.000000E+00	0.000000E+00	5.054735E-20	6.798928E-20	
3.037730E-04	4.673312E-04	1.016130E-04	9.469821E-06	3.902890E-07	2.703268E-08	1.749292E-09	1.061506E-10	6.162088E-12	3.319851E-13	1.734265E-14	8.120280E-16	3.404172E-17	1.209404E-18	6.236280E-20	3.263724E-20	1.375105E-20	2.594038E-20	2.335958E-20	1.290402E-21	1.038939E-21	1.461794E-20	4.096198E-21	3.728930E-20	5.439540E-21	5.244656E-20	2.874618E-20	2.862376E-20	2.792231E-20	6.278301E-20	2.403456E-20	3.412947E-20	3.733893E-21	3.780877E-20	2.775356E-20	6.018401E-20	6.680145E-20	7.035006E-20	2.156294E-20	0.000000E+00	0.000000E+00	
6.422942E-04	7.138410E-04	1.034725E-04	5.036389E-06	1.122004E-07	5.251110E-09	2.657939E-10	1.221908E-11	4.694889E-13	1.381215E-14	3.250768E-16	5.807681E-18	7.565063E-20	0.000000E+00	0.000000E+00	2.128170E-20	0.000000E+00	1.834356E-20	2.496100E-20	2.069937E-20	5.975553E-20	7.027726E-20	8.671500E-20	7.948213E-20	9.343832E-20	5.765780E-20	9.523165E-20	7.680868E-20	7.259337E-20	1.022594E-19	9.328943E-20	5.210245E-20	1.225617E-19	9.509268E-20	1.453356E-19	4.705996E-20	1.561750E-19	2.176875E-19	2.346314E-19	2.406467E-19	2.738084E-19	
3.084200E-04	1.245209E-04	4.263482E-06	2.055295E-08	1.749542E-11	1.050949E-14	4.015783E-18	0.000000E+00	0.000000E+00	0.000000E+00	0.000000E+00	0.000000E+00	0.000000E+00	0.000000E+00	0.000000E+00	2.150670E-21	0.000000E+00	0.000000E+00	0.000000E+00	0.000000E+00	0.000000E+00	7.199780E-21	6.590975E-21	0.000000E+00	0.000000E+00	6.099630E-21	2.365737E-21	2.721424E-21	0.000000E+00	1.150277E-20	2.949726E-21	1.353764E-20	1.468742E-20	0.000000E+00	0.000000E+00	0.000000E+00	6.749794E-21	0.000000E+00	1.941227E-20	0.000000E+00	0.000000E+00	
3.280915E-04	1.325940E-04	4.550525E-06	2.192833E-08	1.866008E-11	1.120284E-14	4.312351E-18	0.000000E+00	5.505714E-21	0.000000E+00	0.000000E+00	0.000000E+00	1.062762E-20	0.000000E+00	6.829203E-21	1.396281E-21	0.000000E+00	0.000000E+00	0.000000E+00	0.000000E+00	8.043504E-21	1.187831E-21	0.000000E+00	6.617445E-21	0.000000E+00	0.000000E+00	0.000000E+00	0.000000E+00	0.000000E+00	0.000000E+00	0.000000E+00	0.000000E+00	0.000000E+00	0.000000E+00	0.000000E+00	0.000000E+00	0.000000E+00	0.000000E+00	0.000000E+00	0.000000E+00	2.748225E-20	
3.472343E-04	1.404941E-04	4.834936E-06	2.328626E-08	1.980575E-11	1.188170E-14	4.633588E-18	1.323489E-20	9.793818E-21	1.159376E-20	1.768181E-20	1.802592E-20	8.285041E-21	1.668920E-20	6.511566E-21	0.000000E+00	1.620612E-20	0.000000E+00	1.007837E-20	3.914219E-21	1.883325E-20	5.823352E-22	1.281799E-20	1.538556E-20	0.000000E+00	0.000000E+00	0.000000E+00	0.000000E+00	7.944243E-21	1.715573E-21	5.116939E-21	8.844215E-21	0.000000E+00	1.452777E-20	9.638308E-21	5.978861E-21	9.813671E-21	3.853752E-20	1.324151E-20	9.338869E-21	0.000000E+00	
4.647481E-04	1.883338E-04	6.505206E-06	3.130512E-08	2.660534E-11	1.594306E-14	6.099696E-18	0.000000E+00	0.000000E+00	0.000000E+00	0.000000E+00	0.000000E+00	0.000000E+00	0.000000E+00	0.000000E+00	0.000000E+00	0.000000E+00	1.128936E-20	1.647744E-21	2.501394E-21	0.000000E+00	0.000000E+00	0.000000E+00	0.000000E+00	0.000000E+00	0.000000E+00	0.000000E+00	0.000000E+00	6.088049E-22	0.000000E+00	0.000000E+00	1.240275E-20	5.259214E-21	2.247615E-20	5.082198E-21	0.000000E+00	0.000000E+00	0.000000E+00	0.000000E+00	0.000000E+00	1.581900E-20	
1.257681E-03	5.114878E-04	1.782301E-05	8.559429E-08	7.259993E-11	4.338506E-14	1.681191E-17	0.000000E+00	0.000000E+00	0.000000E+00	0.000000E+00	0.000000E+00	2.948733E-20	0.000000E+00	1.913765E-20	9.632353E-20	9.722350E-20	8.803849E-20	7.661678E-20	6.788175E-20	3.982378E-20	5.181459E-20	3.287547E-20	3.730254E-20	1.086981E-19	8.260556E-20	9.430521E-20	1.194449E-19	9.613162E-20	7.825129E-20	7.577967E-20	1.084566E-19	2.109641E-20	9.497688E-20	0.000000E+00	5.158298E-21	0.000000E+00	5.181128E-20	1.914592E-20	1.152941E-19	1.244460E-19	
2.047121E-02	8.530683E-03	3.361009E-04	1.574236E-06	1.302003E-09	7.479694E-13	2.924263E-16	0.000000E+00	0.000000E+00	0.000000E+00	1.753358E-19	0.000000E+00	0.000000E+00	0.000000E+00	1.383628E-18	1.114060E-18	0.000000E+00	0.000000E+00	5.124549E-20	0.000000E+00	0.000000E+00	0.000000E+00	0.000000E+00	7.570357E-19	5.982170E-20	0.000000E+00	1.315548E-19	6.060521E-19	1.477014E-20	0.000000E+00	0.000000E+00	0.000000E+00	3.834148E-19	0.000000E+00	0.000000E+00	0.000000E+00	0.000000E+00	1.534268E-18	2.058661E-18	4.549520E-18	0.000000E+00	
5.550959E-02	2.322970E-02	1.152530E-03	5.322226E-06	4.181247E-09	2.213131E-12	8.761641E-16	0.000000E+00	0.000000E+00	0.000000E+00	1.050321E-18	0.000000E+00	0.000000E+00	0.000000E+00	1.868555E-18	0.000000E+00	0.000000E+00	0.000000E+00	0.000000E+00	2.558040E-19	8.273394E-19	3.049319E-19	0.000000E+00	0.000000E+00	1.267797E-18	1.504860E-18	0.000000E+00	0.000000E+00	0.000000E+00	0.000000E+00	1.025333E-18	4.107157E-18	3.364627E-18	3.648330E-18	3.450124E-18	2.910617E-18	0.000000E+00	2.765616E-18	2.937563E-18	5.600529E-18	9.410748E-18	
6.686330E-02	2.792140E-02	1.533468E-03	7.506190E-06	5.611908E-09	2.807371E-12	1.113435E-15	0.000000E+00	0.000000E+00	4.086087E-18	2.310706E-18	1.800792E-18	1.687290E-18	3.134022E-19	6.606857E-20	4.418124E-18	2.468678E-18	0.000000E+00	0.000000E+00	0.000000E+00	0.000000E+00	0.000000E+00	1.788087E-18	0.000000E+00	0.000000E+00	0.000000E+00	0.000000E+00	1.225657E-18	3.776708E-19	1.409039E-18	0.000000E+00	3.699416E-18	3.327463E-18	0.000000E+00	0.000000E+00	0.000000E+00	0.000000E+00	0.000000E+00	8.983473E-18	0.000000E+00	3.477758E-18	
6.868145E-02	2.864597E-02	1.636079E-03	8.754839E-06	6.242157E-09	2.987584E-12	1.187039E-15	1.164840E-17	1.028298E-17	3.703228E-18	3.300040E-18	2.447925E-18	5.409152E-18	2.368304E-18	1.974434E-18	1.267161E-18	6.852497E-19	3.014590E-18	2.799867E-18	2.307741E-18	3.565162E-18	3.800002E-18	1.261020E-18	1.781522E-18	2.049184E-18	2.905111E-18	5.399729E-18	6.219022E-18	5.781106E-18	6.815651E-18	6.063168E-18	7.108618E-18	6.708713E-18	9.917909E-18	5.172830E-18	0.000000E+00	2.446443E-18	0.000000E+00	1.621698E-18	5.806093E-18	6.794634E-18	
6.910754E-02	2.880511E-02	1.676103E-03	9.814405E-06	6.714453E-09	3.094881E-12	1.201906E-15	2.093865E-18	0.000000E+00	1.829591E-18	5.116079E-19	0.000000E+00	0.000000E+00	0.000000E+00	0.000000E+00	0.000000E+00	0.000000E+00	0.000000E+00	1.072767E-18	0.000000E+00	6.799557E-19	0.000000E+00	3.896352E-20	3.076847E-18	1.276055E-18	0.000000E+00	0.000000E+00	0.000000E+00	0.000000E+00	0.000000E+00	0.000000E+00	1.231904E-18	0.000000E+00	3.015861E-18	3.849341E-18	3.173091E-18	1.766117E-18	3.871205E-18	0.000000E+00	0.000000E+00	0.000000E+00	
6.923694E-02	2.884845E-02	1.695643E-03	1.070888E-05	7.096240E-09	3.174409E-12	1.223481E-15	3.943785E-18	5.458280E-18	0.000000E+00	0.000000E+00	0.000000E+00	0.000000E+00	0.000000E+00	0.000000E+00	0.000000E+00	0.000000E+00	0.000000E+00	0.000000E+00	0.000000E+00	0.000000E+00	0.000000E+00	0.000000E+00	0.000000E+00	0.000000E+00	0.000000E+00	1.101460E-18	0.000000E+00	0.000000E+00	0.000000E+00	0.000000E+00	0.000000E+00	0.000000E+00	0.000000E+00	0.000000E+00	0.000000E+00	0.000000E+00	3.398561E-18	0.000000E+00	0.000000E+00	0.000000E+00	
6.928609E-02	2.886300E-02	1.705861E-03	1.135277E-05	7.366875E-09	3.229167E-12	1.228753E-15	2.574980E-19	4.428288E-18	4.573978E-19	0.000000E+00	0.000000E+00	0.000000E+00	7.284483E-20	0.000000E+00	0.000000E+00	0.000000E+00	0.000000E+00	0.000000E+00	0.000000E+00	3.582949E-19	0.000000E+00	0.000000E+00	0.000000E+00	0.000000E+00	0.000000E+00	0.000000E+00	1.213057E-18	0.000000E+00	2.845290E-18	2.410550E-18	0.000000E+00	0.000000E+00	0.000000E+00	0.000000E+00	0.000000E+00	0.000000E+00	0.000000E+00	0.000000E+00	0.000000E+00	0.000000E+00	
6.930588E-02	2.886876E-02	1.710107E-03	1.164106E-05	7.487754E-09	3.253562E-12	1.236736E-15	0.000000E+00	0.000000E+00	0.000000E+00	2.266660E-18	1.548376E-18	4.616330E-18	2.331035E-18	5.912290E-19	0.000000E+00	0.000000E+00	0.000000E+00	4.942437E-19	3.299193E-19	0.000000E+00	0.000000E+00	0.000000E+00	2.581333E-19	1.878507E-18	2.277036E-18	0.000000E+00	5.374636E-18	0.000000E+00	2.875042E-18	2.720458E-18	6.283608E-18	3.785496E-18	1.557376E-18	0.000000E+00	0.000000E+00	0.000000E+00	0.000000E+00	5.185695E-18	4.366561E-18	0.000000E+00	
6.931379E-02	2.887319E-02	1.708656E-03	1.143687E-05	7.404069E-09	3.237595E-12	1.229146E-15	0.000000E+00	0.000000E+00	0.000000E+00	4.252105E-19	9.317362E-19	6.691560E-19	0.000000E+00	1.572940E-18	2.498747E-19	0.000000E+00	0.000000E+00	0.000000E+00	9.419006E-19	0.000000E+00	0.000000E+00	5.459127E-19	0.000000E+00	0.000000E+00	2.160569E-18	5.278921E-18	6.250997E-18	4.129180E-18	2.687212E-18	4.826394E-18	4.579060E-18	1.098178E-18	6.289961E-18	3.613284E-18	3.255253E-18	7.609956E-18	9.878204E-18	9.032230E-18	6.276197E-18	8.181385E-18	
6.931912E-02	2.888266E-02	1.697946E-03	1.053026E-05	7.027926E-09	3.164065E-12	1.220419E-15	1.558541E-19	0.000000E+00	0.000000E+00	0.000000E+00	0.000000E+00	0.000000E+00	0.000000E+00	0.000000E+00	0.000000E+00	0.000000E+00	0.000000E+00	0.000000E+00	0.000000E+00	0.000000E+00	0.000000E+00	0.000000E+00	0.000000E+00	0.000000E+00	0.000000E+00	0.000000E+00	0.000000E+00	0.000000E+00	0.000000E+00	0.000000E+00	0.000000E+00	0.000000E+00	0.000000E+00	0.000000E+00	0.000000E+00	0.000000E+00	0.000000E+00	6.750800E-18	0.000000E+00	9.497357E-19	
6.933103E-02	2.891399E-02	1.657360E-03	8.679928E-06	6.243298E-09	3.006709E-12	1.186280E-15	0.000000E+00	1.985445E-18	3.388132E-21	1.866861E-18	0.000000E+00	4.218224E-19	5.110997E-18	3.687981E-18	5.514184E-19	0.000000E+00	0.000000E+00	0.000000E+00	1.666961E-18	0.000000E+00	0.000000E+00	2.755822E-18	2.401762E-18	3.923245E-18	0.000000E+00	4.137227E-18	2.515264E-18	1.718947E-18	1.973375E-18	1.837214E-18	0.000000E+00	0.000000E+00	1.613174E-18	0.000000E+00	0.000000E+00	1.772416E-19	0.000000E+00	0.000000E+00	0.000000E+00	0.000000E+00	
7.053704E-02	2.841771E-02	9.519095E-04	4.577138E-06	3.932156E-09	2.385810E-12	9.221682E-16	3.144186E-18	1.761829E-18	2.127747E-18	5.136408E-18	3.699840E-18	7.152346E-18	7.165899E-18	0.000000E+00	3.423707E-18	3.743886E-19	1.484002E-18	0.000000E+00	0.000000E+00	0.000000E+00	0.000000E+00	0.000000E+00	0.000000E+00	0.000000E+00	0.000000E+00	0.000000E+00	0.000000E+00	0.000000E+00	9.224189E-19	6.140989E-20	2.055749E-18	5.684862E-18	4.423841E-18	0.000000E+00	0.000000E+00	0.000000E+00	0.000000E+00	2.062313E-18	0.000000E+00	2.635331E-18	
