1.003499E+02
1.003475E+02
1.003472E+02
1.003469E+02
1.003465E+02
1.003461E+02
1.003456E+02
1.003450E+02
1.003444E+02
1.003437E+02
1.003429E+02
1.003420E+02
1.003409E+02
1.003397E+02
1.003383E+02
1.003366E+02
1.003347E+02
1.003326E+02
1.003303E+02
1.003285E+02
1.003306E+02
1.003535E+02
1.004786E+02
1.010888E+02
1.035459E+02
1.074366E+02
1.083652E+02
1.056461E+02
1.035589E+02
1.022793E+02
1.016458E+02
1.013599E+02
1.013809E+02
1.014890E+02
1.016351E+02
1.017973E+02
1.019671E+02
1.021420E+02
1.023223E+02
1.025090E+02
1.027641E+02
1.029614E+02
1.031697E+02
1.033902E+02
1.036236E+02
1.038762E+02
1.041337E+02
1.044056E+02
1.046918E+02
1.049917E+02
1.053043E+02
1.056315E+02
1.059648E+02
1.063083E+02
1.066016E+02
1.070074E+02
1.073200E+02
1.076827E+02
1.080381E+02
1.083831E+02
1.087142E+02
1.090277E+02
1.093196E+02
1.095856E+02
1.098209E+02
1.100207E+02
1.101794E+02
1.102594E+02
1.103195E+02
1.103189E+02
1.102500E+02
1.101046E+02
1.098736E+02
1.095471E+02
1.091145E+02
1.085640E+02
1.078829E+02
1.070577E+02
1.060964E+02
1.049382E+02
1.035895E+02
1.020336E+02
1.002499E+02
9.817881E+01
9.585764E+01
9.327705E+01
9.040572E+01
8.743431E+01
8.422711E+01
8.084025E+01
7.680273E+01
7.244467E+01
6.806409E+01
6.373172E+01
5.926488E+01
5.427679E+01
4.945614E+01
4.530421E+01
4.142403E+01
3.729457E+01
3.322939E+01
2.941982E+01
2.483563E+01
2.058275E+01
1.157350E+01
2.725000E+00
2.725000E+00
2.725000E+00
2.725000E+00
2.725000E+00
2.725000E+00
2.725000E+00
2.725000E+00
2.725000E+00
2.725000E+00
2.725000E+00
2.725000E+00
2.725000E+00
2.725000E+00
2.725000E+00
2.725000E+00
2.725000E+00
