0.000000E+00	0.000000E+00	0.000000E+00	0.000000E+00	0.000000E+00	0.000000E+00	1.258925E+04
2.157385E-08	2.157385E-08	2.728900E-08	0.000000E+00	0.000000E+00	0.000000E+00	1.258925E+04
2.285218E-08	2.285218E-08	2.890598E-08	0.000000E+00	0.000000E+00	0.000000E+00	1.258925E+04
2.420627E-08	2.420627E-08	3.061877E-08	0.000000E+00	0.000000E+00	0.000000E+00	1.258925E+04
2.564056E-08	2.564056E-08	3.243303E-08	0.000000E+00	0.000000E+00	0.000000E+00	1.258925E+04
2.715986E-08	2.715986E-08	3.435481E-08	0.000000E+00	0.000000E+00	0.000000E+00	1.258925E+04
2.876919E-08	2.876919E-08	3.639047E-08	0.000000E+00	0.000000E+00	0.000000E+00	1.258925E+04
3.047388E-08	3.047388E-08	3.854675E-08	0.000000E+00	0.000000E+00	0.000000E+00	1.258925E+04
3.227958E-08	3.227958E-08	4.083079E-08	0.000000E+00	0.000000E+00	0.000000E+00	1.258925E+04
3.419223E-08	3.419223E-08	4.325013E-08	0.000000E+00	0.000000E+00	0.000000E+00	1.258925E+04
3.621826E-08	3.621826E-08	4.581288E-08	0.000000E+00	0.000000E+00	0.000000E+00	1.258925E+04
3.836433E-08	3.836433E-08	4.852747E-08	0.000000E+00	0.000000E+00	0.000000E+00	1.258925E+04
4.063757E-08	4.063757E-08	5.140291E-08	0.000000E+00	0.000000E+00	0.000000E+00	1.258925E+04
4.304551E-08	4.304551E-08	5.444874E-08	0.000000E+00	0.000000E+00	0.000000E+00	1.258925E+04
4.559607E-08	4.559607E-08	5.767497E-08	0.000000E+00	0.000000E+00	0.000000E+00	1.258925E+04
4.829783E-08	4.829783E-08	6.109245E-08	0.000000E+00	0.000000E+00	0.000000E+00	1.258925E+04
5.115967E-08	5.115967E-08	6.471243E-08	0.000000E+00	0.000000E+00	0.000000E+00	1.258925E+04
5.419106E-08	5.419106E-08	6.854687E-08	0.000000E+00	0.000000E+00	0.000000E+00	1.258925E+04
5.740209E-08	5.740209E-08	7.260853E-08	0.000000E+00	0.000000E+00	0.000000E+00	1.258925E+04
6.080333E-08	6.080333E-08	7.691080E-08	0.000000E+00	0.000000E+00	0.000000E+00	1.258925E+04
6.440616E-08	6.440616E-08	8.146807E-08	0.000000E+00	0.000000E+00	0.000000E+00	1.258925E+04
6.822250E-08	6.822250E-08	8.629540E-08	0.000000E+00	0.000000E+00	0.000000E+00	1.258925E+04
7.226495E-08	7.226495E-08	9.140873E-08	0.000000E+00	0.000000E+00	0.000000E+00	1.258925E+04
7.654694E-08	7.654694E-08	9.682507E-08	0.000000E+00	0.000000E+00	0.000000E+00	1.258925E+04
8.108254E-08	8.108254E-08	1.025622E-07	0.000000E+00	0.000000E+00	0.000000E+00	1.258925E+04
8.588704E-08	8.588704E-08	1.086395E-07	0.000000E+00	0.000000E+00	0.000000E+00	1.258925E+04
9.097620E-08	9.097620E-08	1.150768E-07	0.000000E+00	0.000000E+00	0.000000E+00	1.258925E+04
9.636688E-08	9.636688E-08	1.218955E-07	0.000000E+00	0.000000E+00	0.000000E+00	1.258925E+04
1.020770E-07	1.020770E-07	1.291183E-07	0.000000E+00	0.000000E+00	0.000000E+00	1.258925E+04
1.081253E-07	1.081253E-07	1.367689E-07	0.000000E+00	0.000000E+00	0.000000E+00	1.258925E+04
1.145322E-07	1.145322E-07	1.448730E-07	0.000000E+00	0.000000E+00	0.000000E+00	1.258925E+04
1.213187E-07	1.213187E-07	1.534573E-07	0.000000E+00	0.000000E+00	0.000000E+00	1.258925E+04
1.285073E-07	1.285073E-07	1.625503E-07	0.000000E+00	0.000000E+00	0.000000E+00	1.258925E+04
1.361218E-07	1.361218E-07	1.721820E-07	0.000000E+00	0.000000E+00	0.000000E+00	1.258925E+04
1.441875E-07	1.441875E-07	1.823843E-07	0.000000E+00	0.000000E+00	0.000000E+00	1.258925E+04
1.527311E-07	1.527311E-07	1.931913E-07	0.000000E+00	0.000000E+00	0.000000E+00	1.258925E+04
1.617811E-07	1.617811E-07	2.046387E-07	0.000000E+00	0.000000E+00	0.000000E+00	1.258925E+04
1.713672E-07	1.713672E-07	2.167643E-07	0.000000E+00	0.000000E+00	0.000000E+00	1.258925E+04
1.815214E-07	1.815214E-07	2.296084E-07	0.000000E+00	0.000000E+00	0.000000E+00	1.258925E+04
1.922771E-07	1.922771E-07	2.432134E-07	0.000000E+00	0.000000E+00	0.000000E+00	1.258925E+04
2.036702E-07	2.036702E-07	2.576247E-07	0.000000E+00	0.000000E+00	0.000000E+00	1.258925E+04
2.157385E-07	2.157385E-07	2.728900E-07	0.000000E+00	0.000000E+00	0.000000E+00	1.258925E+04
2.285218E-07	2.285218E-07	2.890598E-07	0.000000E+00	0.000000E+00	0.000000E+00	1.258925E+04
2.420627E-07	2.420627E-07	3.061877E-07	0.000000E+00	0.000000E+00	0.000000E+00	1.258925E+04
2.564056E-07	2.564056E-07	3.243303E-07	0.000000E+00	0.000000E+00	0.000000E+00	1.258925E+04
2.715986E-07	2.715986E-07	3.435481E-07	0.000000E+00	0.000000E+00	0.000000E+00	1.258925E+04
2.876920E-07	2.876920E-07	3.639047E-07	0.000000E+00	0.000000E+00	0.000000E+00	1.258925E+04
3.047388E-07	3.047388E-07	3.854675E-07	0.000000E+00	0.000000E+00	0.000000E+00	1.258925E+04
3.227958E-07	3.227958E-07	4.083079E-07	0.000000E+00	0.000000E+00	0.000000E+00	1.258925E+04
3.419223E-07	3.419223E-07	4.325013E-07	0.000000E+00	0.000000E+00	0.000000E+00	1.258925E+04
3.621826E-07	3.621826E-07	4.581288E-07	0.000000E+00	0.000000E+00	0.000000E+00	1.258925E+04
3.836433E-07	3.836433E-07	4.852747E-07	0.000000E+00	0.000000E+00	0.000000E+00	1.258925E+04
4.063757E-07	4.063757E-07	5.140291E-07	0.000000E+00	0.000000E+00	0.000000E+00	1.258925E+04
4.304551E-07	4.304551E-07	5.444874E-07	0.000000E+00	0.000000E+00	0.000000E+00	1.258925E+04
4.559608E-07	4.559608E-07	5.767499E-07	0.000000E+00	0.000000E+00	0.000000E+00	1.258925E+04
4.829783E-07	4.829783E-07	6.109245E-07	0.000000E+00	0.000000E+00	0.000000E+00	1.258925E+04
5.115966E-07	5.115966E-07	6.471242E-07	0.000000E+00	0.000000E+00	0.000000E+00	1.258925E+04
5.419106E-07	5.419106E-07	6.854687E-07	0.000000E+00	0.000000E+00	0.000000E+00	1.258925E+04
5.740209E-07	5.740209E-07	7.260853E-07	0.000000E+00	0.000000E+00	0.000000E+00	1.258925E+04
6.080333E-07	6.080333E-07	7.691080E-07	0.000000E+00	0.000000E+00	0.000000E+00	1.258925E+04
6.440616E-07	6.440616E-07	8.146807E-07	0.000000E+00	0.000000E+00	0.000000E+00	1.258925E+04
6.822250E-07	6.822250E-07	8.629540E-07	0.000000E+00	0.000000E+00	0.000000E+00	1.258925E+04
7.226495E-07	7.226495E-07	9.140873E-07	0.000000E+00	0.000000E+00	0.000000E+00	1.258925E+04
7.654694E-07	7.654694E-07	9.682507E-07	0.000000E+00	0.000000E+00	0.000000E+00	1.258925E+04
8.108254E-07	8.108254E-07	1.025622E-06	0.000000E+00	0.000000E+00	0.000000E+00	1.258925E+04
8.588704E-07	8.588704E-07	1.086395E-06	0.000000E+00	0.000000E+00	0.000000E+00	1.258925E+04
9.097615E-07	9.097615E-07	1.150767E-06	0.000000E+00	0.000000E+00	0.000000E+00	1.258925E+04
9.636688E-07	9.636688E-07	1.218955E-06	0.000000E+00	0.000000E+00	0.000000E+00	1.258925E+04
1.020770E-06	1.020770E-06	1.291183E-06	0.000000E+00	0.000000E+00	0.000000E+00	1.258925E+04
1.081253E-06	1.081253E-06	1.367689E-06	0.000000E+00	0.000000E+00	0.000000E+00	1.258925E+04
1.145322E-06	1.145322E-06	1.448730E-06	0.000000E+00	0.000000E+00	0.000000E+00	1.258925E+04
1.213187E-06	1.213187E-06	1.534573E-06	0.000000E+00	0.000000E+00	0.000000E+00	1.258925E+04
1.285073E-06	1.285073E-06	1.625503E-06	0.000000E+00	0.000000E+00	0.000000E+00	1.258925E+04
1.361219E-06	1.361219E-06	1.721821E-06	0.000000E+00	0.000000E+00	0.000000E+00	1.258925E+04
1.441874E-06	1.441874E-06	1.823843E-06	0.000000E+00	0.000000E+00	0.000000E+00	1.258925E+04
1.527312E-06	1.527312E-06	1.931913E-06	0.000000E+00	0.000000E+00	0.000000E+00	1.258925E+04
1.617811E-06	1.617811E-06	2.046387E-06	0.000000E+00	0.000000E+00	0.000000E+00	1.258925E+04
1.713672E-06	1.713672E-06	2.167643E-06	0.000000E+00	0.000000E+00	0.000000E+00	1.258925E+04
1.815214E-06	1.815214E-06	2.296084E-06	0.000000E+00	0.000000E+00	0.000000E+00	1.258925E+04
1.922770E-06	1.922770E-06	2.432133E-06	0.000000E+00	0.000000E+00	0.000000E+00	1.258925E+04
2.036702E-06	2.036702E-06	2.576247E-06	0.000000E+00	0.000000E+00	0.000000E+00	1.258925E+04
2.157385E-06	2.157385E-06	2.728900E-06	0.000000E+00	0.000000E+00	0.000000E+00	1.258925E+04
2.285219E-06	2.285219E-06	2.890599E-06	0.000000E+00	0.000000E+00	0.000000E+00	1.258925E+04
2.420626E-06	2.420626E-06	3.061876E-06	0.000000E+00	0.000000E+00	0.000000E+00	1.258925E+04
2.564057E-06	2.564057E-06	3.243304E-06	0.000000E+00	0.000000E+00	0.000000E+00	1.258925E+04
2.715986E-06	2.715986E-06	3.435481E-06	0.000000E+00	0.000000E+00	0.000000E+00	1.258925E+04
2.876919E-06	2.876919E-06	3.639047E-06	0.000000E+00	0.000000E+00	0.000000E+00	1.258925E+04
3.047388E-06	3.047388E-06	3.854675E-06	0.000000E+00	0.000000E+00	0.000000E+00	1.258925E+04
3.227956E-06	3.227956E-06	4.083077E-06	0.000000E+00	0.000000E+00	0.000000E+00	1.258925E+04
3.419225E-06	3.419225E-06	4.325015E-06	0.000000E+00	0.000000E+00	0.000000E+00	1.258925E+04
3.621826E-06	3.621826E-06	4.581287E-06	0.000000E+00	0.000000E+00	0.000000E+00	1.258925E+04
3.836433E-06	3.836433E-06	4.852747E-06	0.000000E+00	0.000000E+00	0.000000E+00	1.258925E+04
4.063757E-06	4.063757E-06	5.140291E-06	0.000000E+00	0.000000E+00	0.000000E+00	1.258925E+04
4.304549E-06	4.304549E-06	5.444871E-06	0.000000E+00	0.000000E+00	0.000000E+00	1.258925E+04
4.559610E-06	4.559610E-06	5.767501E-06	0.000000E+00	0.000000E+00	0.000000E+00	1.258925E+04
4.829783E-06	4.829783E-06	6.109245E-06	0.000000E+00	0.000000E+00	0.000000E+00	1.258925E+04
5.115966E-06	5.115966E-06	6.471242E-06	0.000000E+00	0.000000E+00	0.000000E+00	1.258925E+04
5.419106E-06	5.419106E-06	6.854687E-06	0.000000E+00	0.000000E+00	0.000000E+00	1.258925E+04
5.740209E-06	5.740209E-06	7.260853E-06	0.000000E+00	0.000000E+00	0.000000E+00	1.258925E+04
6.080338E-06	6.080338E-06	7.691087E-06	0.000000E+00	0.000000E+00	0.000000E+00	1.258925E+04
6.440616E-06	6.440616E-06	8.146807E-06	0.000000E+00	0.000000E+00	0.000000E+00	1.258925E+04
6.822250E-06	6.822250E-06	8.629540E-06	0.000000E+00	0.000000E+00	0.000000E+00	1.258925E+04
7.226495E-06	7.226495E-06	9.140873E-06	0.000000E+00	0.000000E+00	0.000000E+00	1.258925E+04
7.654688E-06	7.654688E-06	9.682500E-06	0.000000E+00	0.000000E+00	0.000000E+00	1.258925E+04
8.108259E-06	8.108259E-06	1.025623E-05	0.000000E+00	0.000000E+00	0.000000E+00	1.258925E+04
8.588704E-06	8.588704E-06	1.086395E-05	0.000000E+00	0.000000E+00	0.000000E+00	1.258925E+04
9.097615E-06	9.097615E-06	1.150767E-05	0.000000E+00	0.000000E+00	0.000000E+00	1.258925E+04
9.636688E-06	9.636688E-06	1.218955E-05	0.000000E+00	0.000000E+00	0.000000E+00	1.258925E+04
1.020770E-05	1.020770E-05	1.291183E-05	0.000000E+00	0.000000E+00	0.000000E+00	1.258925E+04
1.081254E-05	1.081254E-05	1.367690E-05	0.000000E+00	0.000000E+00	0.000000E+00	1.258925E+04
1.145322E-05	1.145322E-05	1.448731E-05	0.000000E+00	0.000000E+00	0.000000E+00	1.258925E+04
1.213187E-05	1.213187E-05	1.534573E-05	0.000000E+00	0.000000E+00	0.000000E+00	1.258925E+04
1.285073E-05	1.285073E-05	1.625503E-05	0.000000E+00	0.000000E+00	0.000000E+00	1.258925E+04
1.361218E-05	1.361218E-05	1.721819E-05	0.000000E+00	0.000000E+00	0.000000E+00	1.258925E+04
1.441875E-05	1.441875E-05	1.823844E-05	0.000000E+00	0.000000E+00	0.000000E+00	1.258925E+04
1.527311E-05	1.527311E-05	1.931913E-05	0.000000E+00	0.000000E+00	0.000000E+00	1.258925E+04
1.617811E-05	1.617811E-05	2.046387E-05	0.000000E+00	0.000000E+00	0.000000E+00	1.258925E+04
1.713672E-05	1.713672E-05	2.167643E-05	0.000000E+00	0.000000E+00	0.000000E+00	1.258925E+04
1.815213E-05	1.815213E-05	2.296083E-05	0.000000E+00	0.000000E+00	0.000000E+00	1.258925E+04
1.922772E-05	1.922772E-05	2.432135E-05	0.000000E+00	0.000000E+00	0.000000E+00	1.258925E+04
2.036702E-05	2.036702E-05	2.576247E-05	0.000000E+00	0.000000E+00	0.000000E+00	1.258925E+04
2.157385E-05	2.157385E-05	2.728900E-05	0.000000E+00	0.000000E+00	0.000000E+00	1.258925E+04
2.285218E-05	2.285218E-05	2.890598E-05	0.000000E+00	0.000000E+00	0.000000E+00	1.258925E+04
2.420626E-05	2.420626E-05	3.061876E-05	0.000000E+00	0.000000E+00	0.000000E+00	1.258925E+04
2.564057E-05	2.564057E-05	3.243304E-05	0.000000E+00	0.000000E+00	0.000000E+00	1.258925E+04
2.715986E-05	2.715986E-05	3.435481E-05	0.000000E+00	0.000000E+00	0.000000E+00	1.258925E+04
2.876920E-05	2.876920E-05	3.639047E-05	0.000000E+00	0.000000E+00	0.000000E+00	1.258925E+04
3.047388E-05	3.047388E-05	3.854675E-05	0.000000E+00	0.000000E+00	0.000000E+00	1.258925E+04
3.227956E-05	3.227956E-05	4.083077E-05	0.000000E+00	0.000000E+00	0.000000E+00	1.258925E+04
3.419225E-05	3.419225E-05	4.325015E-05	0.000000E+00	0.000000E+00	0.000000E+00	1.258925E+04
3.621826E-05	3.621826E-05	4.581288E-05	0.000000E+00	0.000000E+00	0.000000E+00	1.258925E+04
3.836433E-05	3.836433E-05	4.852747E-05	0.000000E+00	0.000000E+00	0.000000E+00	1.258925E+04
4.063757E-05	4.063757E-05	5.140291E-05	0.000000E+00	0.000000E+00	0.000000E+00	1.258925E+04
4.304548E-05	4.304548E-05	5.444871E-05	0.000000E+00	0.000000E+00	0.000000E+00	1.258925E+04
4.559610E-05	4.559610E-05	5.767501E-05	0.000000E+00	0.000000E+00	0.000000E+00	1.258925E+04
4.829783E-05	4.829783E-05	6.109245E-05	0.000000E+00	0.000000E+00	0.000000E+00	1.258925E+04
5.115966E-05	5.115966E-05	6.471242E-05	0.000000E+00	0.000000E+00	0.000000E+00	1.258925E+04
5.419106E-05	5.419106E-05	6.854687E-05	0.000000E+00	0.000000E+00	0.000000E+00	1.258925E+04
5.740209E-05	5.740209E-05	7.260853E-05	0.000000E+00	0.000000E+00	0.000000E+00	1.258925E+04
6.080338E-05	6.080338E-05	7.691087E-05	0.000000E+00	0.000000E+00	0.000000E+00	1.258925E+04
6.440616E-05	6.440616E-05	8.146807E-05	0.000000E+00	0.000000E+00	0.000000E+00	1.258925E+04
6.822250E-05	6.822250E-05	8.629540E-05	0.000000E+00	0.000000E+00	0.000000E+00	1.258925E+04
7.226495E-05	7.226495E-05	9.140873E-05	0.000000E+00	0.000000E+00	0.000000E+00	1.258925E+04
7.654688E-05	7.654688E-05	9.682500E-05	0.000000E+00	0.000000E+00	0.000000E+00	1.258925E+04
8.108259E-05	8.108259E-05	1.025623E-04	0.000000E+00	0.000000E+00	0.000000E+00	1.258925E+04
8.588704E-05	8.588704E-05	1.086395E-04	0.000000E+00	0.000000E+00	0.000000E+00	1.258925E+04
9.097615E-05	9.097615E-05	1.150767E-04	0.000000E+00	0.000000E+00	0.000000E+00	1.258925E+04
9.636688E-05	9.636688E-05	1.218955E-04	0.000000E+00	0.000000E+00	0.000000E+00	1.258925E+04
1.020770E-04	1.020770E-04	1.291183E-04	0.000000E+00	0.000000E+00	0.000000E+00	1.258925E+04
1.081254E-04	1.081254E-04	1.367690E-04	0.000000E+00	0.000000E+00	0.000000E+00	1.258925E+04
1.145322E-04	1.145322E-04	1.448730E-04	0.000000E+00	0.000000E+00	0.000000E+00	1.258925E+04
1.213187E-04	1.213187E-04	1.534573E-04	0.000000E+00	0.000000E+00	0.000000E+00	1.258925E+04
1.285073E-04	1.285073E-04	1.625503E-04	0.000000E+00	0.000000E+00	0.000000E+00	1.258925E+04
1.361218E-04	1.361218E-04	1.721819E-04	0.000000E+00	0.000000E+00	0.000000E+00	1.258925E+04
1.441875E-04	1.441875E-04	1.823844E-04	0.000000E+00	0.000000E+00	0.000000E+00	1.258925E+04
1.527312E-04	1.527312E-04	1.931913E-04	0.000000E+00	0.000000E+00	0.000000E+00	1.258925E+04
1.617811E-04	1.617811E-04	2.046387E-04	0.000000E+00	0.000000E+00	0.000000E+00	1.258925E+04
1.713672E-04	1.713672E-04	2.167643E-04	0.000000E+00	0.000000E+00	0.000000E+00	1.258925E+04
1.815213E-04	1.815213E-04	2.296083E-04	0.000000E+00	0.000000E+00	0.000000E+00	1.258925E+04
1.922772E-04	1.922772E-04	2.432135E-04	0.000000E+00	0.000000E+00	0.000000E+00	1.258925E+04
2.036702E-04	2.036702E-04	2.576247E-04	0.000000E+00	0.000000E+00	0.000000E+00	1.258925E+04
2.157385E-04	2.157385E-04	2.728900E-04	0.000000E+00	0.000000E+00	0.000000E+00	1.258925E+04
2.285218E-04	2.285218E-04	2.890598E-04	0.000000E+00	0.000000E+00	0.000000E+00	1.258925E+04
2.420627E-04	2.420627E-04	3.061877E-04	0.000000E+00	0.000000E+00	0.000000E+00	1.258925E+04
2.564055E-04	2.564055E-04	3.243302E-04	0.000000E+00	0.000000E+00	0.000000E+00	1.258925E+04
2.715986E-04	2.715986E-04	3.435481E-04	0.000000E+00	0.000000E+00	0.000000E+00	1.258925E+04
2.876919E-04	2.876919E-04	3.639047E-04	0.000000E+00	0.000000E+00	0.000000E+00	1.258925E+04
3.047388E-04	3.047388E-04	3.854675E-04	0.000000E+00	0.000000E+00	0.000000E+00	1.258925E+04
3.227958E-04	3.227958E-04	4.083079E-04	0.000000E+00	0.000000E+00	0.000000E+00	1.258925E+04
3.419223E-04	3.419223E-04	4.325013E-04	0.000000E+00	0.000000E+00	0.000000E+00	1.258925E+04
3.621826E-04	3.621826E-04	4.581287E-04	0.000000E+00	0.000000E+00	0.000000E+00	1.258925E+04
3.836434E-04	3.836434E-04	4.852747E-04	0.000000E+00	0.000000E+00	0.000000E+00	1.258925E+04
4.063757E-04	4.063757E-04	5.140291E-04	0.000000E+00	0.000000E+00	0.000000E+00	1.258925E+04
4.304551E-04	4.304551E-04	5.444874E-04	0.000000E+00	0.000000E+00	0.000000E+00	1.258925E+04
4.559608E-04	4.559608E-04	5.767498E-04	0.000000E+00	0.000000E+00	0.000000E+00	1.258925E+04
4.829783E-04	4.829783E-04	6.109245E-04	0.000000E+00	0.000000E+00	0.000000E+00	1.258925E+04
5.115966E-04	5.115966E-04	6.471242E-04	0.000000E+00	0.000000E+00	0.000000E+00	1.258925E+04
5.419106E-04	5.419106E-04	6.854687E-04	0.000000E+00	0.000000E+00	0.000000E+00	1.258925E+04
5.740209E-04	5.740209E-04	7.260853E-04	0.000000E+00	0.000000E+00	0.000000E+00	1.258925E+04
6.080333E-04	6.080333E-04	7.691080E-04	0.000000E+00	0.000000E+00	0.000000E+00	1.258925E+04
6.440616E-04	6.440616E-04	8.146807E-04	0.000000E+00	0.000000E+00	0.000000E+00	1.258925E+04
6.822250E-04	6.822250E-04	8.629540E-04	0.000000E+00	0.000000E+00	0.000000E+00	1.258925E+04
7.226495E-04	7.226495E-04	9.140873E-04	0.000000E+00	0.000000E+00	0.000000E+00	1.258925E+04
7.654694E-04	7.654694E-04	9.682507E-04	0.000000E+00	0.000000E+00	0.000000E+00	1.258925E+04
8.108254E-04	8.108254E-04	1.025622E-03	0.000000E+00	0.000000E+00	0.000000E+00	1.258925E+04
8.588704E-04	8.588704E-04	1.086395E-03	0.000000E+00	0.000000E+00	0.000000E+00	1.258925E+04
9.097620E-04	9.097620E-04	1.150768E-03	0.000000E+00	0.000000E+00	0.000000E+00	1.258925E+04
9.636688E-04	9.636688E-04	1.218955E-03	0.000000E+00	0.000000E+00	0.000000E+00	1.258925E+04
1.020770E-03	1.020770E-03	1.291183E-03	0.000000E+00	0.000000E+00	0.000000E+00	1.258925E+04
1.081253E-03	1.081253E-03	1.367689E-03	0.000000E+00	0.000000E+00	0.000000E+00	1.258925E+04
1.145322E-03	1.145322E-03	1.448730E-03	0.000000E+00	0.000000E+00	0.000000E+00	1.258925E+04
1.213187E-03	1.213187E-03	1.534573E-03	0.000000E+00	0.000000E+00	0.000000E+00	1.258925E+04
1.285073E-03	1.285073E-03	1.625503E-03	0.000000E+00	0.000000E+00	0.000000E+00	1.258925E+04
1.361218E-03	1.361218E-03	1.721820E-03	0.000000E+00	0.000000E+00	0.000000E+00	1.258925E+04
1.441874E-03	1.441874E-03	1.823843E-03	0.000000E+00	0.000000E+00	0.000000E+00	1.258925E+04
1.527312E-03	1.527312E-03	1.931913E-03	0.000000E+00	0.000000E+00	0.000000E+00	1.258925E+04
1.617811E-03	1.617811E-03	2.046387E-03	0.000000E+00	0.000000E+00	0.000000E+00	1.258925E+04
1.713672E-03	1.713672E-03	2.167643E-03	0.000000E+00	0.000000E+00	0.000000E+00	1.258925E+04
1.815214E-03	1.815214E-03	2.296084E-03	0.000000E+00	0.000000E+00	0.000000E+00	1.258925E+04
1.922771E-03	1.922771E-03	2.432134E-03	0.000000E+00	0.000000E+00	0.000000E+00	1.258925E+04
2.036702E-03	2.036702E-03	2.576247E-03	0.000000E+00	0.000000E+00	0.000000E+00	1.258925E+04
2.157385E-03	2.157385E-03	2.728900E-03	0.000000E+00	0.000000E+00	0.000000E+00	1.258925E+04
2.285219E-03	2.285219E-03	2.890599E-03	0.000000E+00	0.000000E+00	0.000000E+00	1.258925E+04
2.420627E-03	2.420627E-03	3.061877E-03	0.000000E+00	0.000000E+00	0.000000E+00	1.258925E+04
2.564056E-03	2.564056E-03	3.243303E-03	0.000000E+00	0.000000E+00	0.000000E+00	1.258925E+04
2.715986E-03	2.715986E-03	3.435481E-03	0.000000E+00	0.000000E+00	0.000000E+00	1.258925E+04
2.876920E-03	2.876920E-03	3.639047E-03	0.000000E+00	0.000000E+00	0.000000E+00	1.258925E+04
3.047388E-03	3.047388E-03	3.854675E-03	0.000000E+00	0.000000E+00	0.000000E+00	1.258925E+04
3.227958E-03	3.227958E-03	4.083079E-03	0.000000E+00	0.000000E+00	0.000000E+00	1.258925E+04
3.419223E-03	3.419223E-03	4.325013E-03	0.000000E+00	0.000000E+00	0.000000E+00	1.258925E+04
3.621826E-03	3.621826E-03	4.581288E-03	0.000000E+00	0.000000E+00	0.000000E+00	1.258925E+04
3.836433E-03	3.836433E-03	4.852747E-03	0.000000E+00	0.000000E+00	0.000000E+00	1.258925E+04
4.063757E-03	4.063757E-03	5.140291E-03	0.000000E+00	0.000000E+00	0.000000E+00	1.258925E+04
4.304551E-03	4.304551E-03	5.444874E-03	0.000000E+00	0.000000E+00	0.000000E+00	1.258925E+04
4.559608E-03	4.559608E-03	5.767498E-03	0.000000E+00	0.000000E+00	0.000000E+00	1.258925E+04
4.829783E-03	4.829783E-03	6.109245E-03	0.000000E+00	0.000000E+00	0.000000E+00	1.258925E+04
5.115966E-03	5.115966E-03	6.471242E-03	0.000000E+00	0.000000E+00	0.000000E+00	1.258925E+04
5.419106E-03	5.419106E-03	6.854687E-03	0.000000E+00	0.000000E+00	0.000000E+00	1.258925E+04
5.740209E-03	5.740209E-03	7.260853E-03	0.000000E+00	0.000000E+00	0.000000E+00	1.258925E+04
6.080333E-03	6.080333E-03	7.691080E-03	0.000000E+00	0.000000E+00	0.000000E+00	1.258925E+04
6.440616E-03	6.440616E-03	8.146807E-03	0.000000E+00	0.000000E+00	0.000000E+00	1.258925E+04
6.822250E-03	6.822250E-03	8.629540E-03	0.000000E+00	0.000000E+00	0.000000E+00	1.258925E+04
7.226495E-03	7.226495E-03	9.140873E-03	0.000000E+00	0.000000E+00	0.000000E+00	1.258925E+04
7.654694E-03	7.654694E-03	9.682507E-03	0.000000E+00	0.000000E+00	0.000000E+00	1.258925E+04
8.108254E-03	8.108254E-03	1.025622E-02	0.000000E+00	0.000000E+00	0.000000E+00	1.258925E+04
8.588704E-03	8.588704E-03	1.086395E-02	0.000000E+00	0.000000E+00	0.000000E+00	1.258925E+04
9.097620E-03	9.097620E-03	1.150768E-02	0.000000E+00	0.000000E+00	0.000000E+00	1.258925E+04
9.636688E-03	9.636688E-03	1.218955E-02	0.000000E+00	0.000000E+00	0.000000E+00	1.258925E+04
1.020770E-02	1.020770E-02	1.291183E-02	0.000000E+00	0.000000E+00	0.000000E+00	1.258925E+04
1.081253E-02	1.081253E-02	1.367689E-02	0.000000E+00	0.000000E+00	0.000000E+00	1.258925E+04
1.145322E-02	1.145322E-02	1.448731E-02	0.000000E+00	0.000000E+00	0.000000E+00	1.258925E+04
1.213187E-02	1.213187E-02	1.534573E-02	0.000000E+00	0.000000E+00	0.000000E+00	1.258925E+04
1.285073E-02	1.285073E-02	1.625503E-02	0.000000E+00	0.000000E+00	0.000000E+00	1.258925E+04
1.361219E-02	1.361219E-02	1.721821E-02	0.000000E+00	0.000000E+00	0.000000E+00	1.258925E+04
1.441874E-02	1.441874E-02	1.823843E-02	0.000000E+00	0.000000E+00	0.000000E+00	1.258925E+04
1.527312E-02	1.527312E-02	1.931913E-02	0.000000E+00	0.000000E+00	0.000000E+00	1.258925E+04
1.617811E-02	1.617811E-02	2.046387E-02	0.000000E+00	0.000000E+00	0.000000E+00	1.258925E+04
1.713672E-02	1.713672E-02	2.167643E-02	0.000000E+00	0.000000E+00	0.000000E+00	1.258925E+04
1.815214E-02	1.815214E-02	2.296085E-02	0.000000E+00	0.000000E+00	0.000000E+00	1.258925E+04
1.922771E-02	1.922771E-02	2.432134E-02	0.000000E+00	0.000000E+00	0.000000E+00	1.258925E+04
2.036702E-02	2.036702E-02	2.576247E-02	0.000000E+00	0.000000E+00	0.000000E+00	1.258925E+04
2.157385E-02	2.157385E-02	2.728900E-02	0.000000E+00	0.000000E+00	0.000000E+00	1.258925E+04
2.285218E-02	2.285218E-02	2.890598E-02	0.000000E+00	0.000000E+00	0.000000E+00	1.258925E+04
2.420627E-02	2.420627E-02	3.061877E-02	0.000000E+00	0.000000E+00	0.000000E+00	1.258925E+04
2.564056E-02	2.564056E-02	3.243303E-02	0.000000E+00	0.000000E+00	0.000000E+00	1.258925E+04
2.715986E-02	2.715986E-02	3.435481E-02	0.000000E+00	0.000000E+00	0.000000E+00	1.258925E+04
2.876919E-02	2.876919E-02	3.639047E-02	0.000000E+00	0.000000E+00	0.000000E+00	1.258925E+04
3.047388E-02	3.047388E-02	3.854675E-02	0.000000E+00	0.000000E+00	0.000000E+00	1.258925E+04
3.227958E-02	3.227958E-02	4.083079E-02	0.000000E+00	0.000000E+00	0.000000E+00	1.258925E+04
3.419223E-02	3.419223E-02	4.325013E-02	0.000000E+00	0.000000E+00	0.000000E+00	1.258925E+04
3.621826E-02	3.621826E-02	4.581287E-02	0.000000E+00	0.000000E+00	0.000000E+00	1.258925E+04
3.836433E-02	3.836433E-02	4.852747E-02	0.000000E+00	0.000000E+00	0.000000E+00	1.258925E+04
4.063757E-02	4.063757E-02	5.140291E-02	0.000000E+00	0.000000E+00	0.000000E+00	1.258925E+04
4.304551E-02	4.304551E-02	5.444875E-02	0.000000E+00	0.000000E+00	0.000000E+00	1.258925E+04
4.559608E-02	4.559608E-02	5.767498E-02	0.000000E+00	0.000000E+00	0.000000E+00	1.258925E+04
4.829782E-02	4.829782E-02	6.109245E-02	0.000000E+00	0.000000E+00	0.000000E+00	1.258925E+04
5.115966E-02	5.115966E-02	6.471242E-02	0.000000E+00	0.000000E+00	0.000000E+00	1.258925E+04
5.419106E-02	5.419106E-02	6.854687E-02	0.000000E+00	0.000000E+00	0.000000E+00	1.258925E+04
5.740214E-02	5.740214E-02	7.260860E-02	0.000000E+00	0.000000E+00	0.000000E+00	1.258925E+04
6.080333E-02	6.080333E-02	7.691080E-02	0.000000E+00	0.000000E+00	0.000000E+00	1.258925E+04
6.440616E-02	6.440616E-02	8.146807E-02	0.000000E+00	0.000000E+00	0.000000E+00	1.258925E+04
6.822250E-02	6.822250E-02	8.629540E-02	0.000000E+00	0.000000E+00	0.000000E+00	1.258925E+04
7.226495E-02	7.226495E-02	9.140873E-02	0.000000E+00	0.000000E+00	0.000000E+00	1.258925E+04
7.654694E-02	7.654694E-02	9.682507E-02	0.000000E+00	0.000000E+00	0.000000E+00	1.258925E+04
8.108254E-02	8.108254E-02	1.025622E-01	0.000000E+00	0.000000E+00	0.000000E+00	1.258925E+04
8.588704E-02	8.588704E-02	1.086395E-01	0.000000E+00	0.000000E+00	0.000000E+00	1.258925E+04
9.097620E-02	9.097620E-02	1.150768E-01	0.000000E+00	0.000000E+00	0.000000E+00	1.258925E+04
9.636688E-02	9.636688E-02	1.218955E-01	0.000000E+00	0.000000E+00	0.000000E+00	1.258925E+04
1.020770E-01	1.020770E-01	1.291183E-01	0.000000E+00	0.000000E+00	0.000000E+00	1.258925E+04
1.081253E-01	1.081253E-01	1.367689E-01	0.000000E+00	0.000000E+00	0.000000E+00	1.258925E+04
1.145322E-01	1.145322E-01	1.448730E-01	0.000000E+00	0.000000E+00	0.000000E+00	1.258925E+04
1.213187E-01	1.213187E-01	1.534573E-01	0.000000E+00	0.000000E+00	0.000000E+00	1.258925E+04
1.285073E-01	1.285073E-01	1.625503E-01	0.000000E+00	0.000000E+00	0.000000E+00	1.258925E+04
1.361219E-01	1.361219E-01	1.721821E-01	0.000000E+00	0.000000E+00	0.000000E+00	1.258925E+04
1.441875E-01	1.441875E-01	1.823843E-01	0.000000E+00	0.000000E+00	0.000000E+00	1.258925E+04
1.527311E-01	1.527311E-01	1.931913E-01	0.000000E+00	0.000000E+00	0.000000E+00	1.258925E+04
1.617810E-01	1.617810E-01	2.046386E-01	0.000000E+00	0.000000E+00	0.000000E+00	1.258925E+04
1.713672E-01	1.713672E-01	2.167643E-01	0.000000E+00	0.000000E+00	0.000000E+00	1.258925E+04
1.815214E-01	1.815214E-01	2.296084E-01	0.000000E+00	0.000000E+00	0.000000E+00	1.258925E+04
1.922770E-01	1.922770E-01	2.432133E-01	0.000000E+00	0.000000E+00	0.000000E+00	1.258925E+04
2.036702E-01	2.036702E-01	2.576247E-01	0.000000E+00	0.000000E+00	0.000000E+00	1.258925E+04
2.157385E-01	2.157385E-01	2.728900E-01	0.000000E+00	0.000000E+00	0.000000E+00	1.258925E+04
2.285219E-01	2.285219E-01	2.890599E-01	0.000000E+00	0.000000E+00	0.000000E+00	1.258925E+04
2.420627E-01	2.420627E-01	3.061877E-01	0.000000E+00	0.000000E+00	0.000000E+00	1.258925E+04
2.564056E-01	2.564056E-01	3.243303E-01	0.000000E+00	0.000000E+00	0.000000E+00	1.258925E+04
2.715986E-01	2.715986E-01	3.435481E-01	0.000000E+00	0.000000E+00	0.000000E+00	1.258925E+04
2.876920E-01	2.876920E-01	3.639047E-01	0.000000E+00	0.000000E+00	0.000000E+00	1.258925E+04
3.047388E-01	3.047388E-01	3.854675E-01	0.000000E+00	0.000000E+00	0.000000E+00	1.258925E+04
3.227958E-01	3.227958E-01	4.083079E-01	0.000000E+00	0.000000E+00	0.000000E+00	1.258925E+04
3.419223E-01	3.419223E-01	4.325013E-01	0.000000E+00	0.000000E+00	0.000000E+00	1.258925E+04
3.621826E-01	3.621826E-01	4.581287E-01	0.000000E+00	0.000000E+00	0.000000E+00	1.258925E+04
3.836433E-01	3.836433E-01	4.852747E-01	0.000000E+00	0.000000E+00	0.000000E+00	1.258925E+04
4.063757E-01	4.063757E-01	5.140291E-01	0.000000E+00	0.000000E+00	0.000000E+00	1.258925E+04
4.304550E-01	4.304550E-01	5.444873E-01	0.000000E+00	0.000000E+00	0.000000E+00	1.258925E+04
