0.000000E+00	0.000000E+00	0.000000E+00	0.000000E+00	0.000000E+00	0.000000E+00	1.995263E+05
1.361217E-09	1.361217E-09	1.721819E-09	0.000000E+00	0.000000E+00	0.000000E+00	1.995263E+05
1.441875E-09	1.441875E-09	1.823843E-09	0.000000E+00	0.000000E+00	0.000000E+00	1.995263E+05
1.527311E-09	1.527311E-09	1.931913E-09	0.000000E+00	0.000000E+00	0.000000E+00	1.995263E+05
1.617809E-09	1.617809E-09	2.046384E-09	0.000000E+00	0.000000E+00	0.000000E+00	1.995263E+05
1.713670E-09	1.713670E-09	2.167641E-09	0.000000E+00	0.000000E+00	0.000000E+00	1.995263E+05
1.815212E-09	1.815212E-09	2.296082E-09	0.000000E+00	0.000000E+00	0.000000E+00	1.995263E+05
1.922771E-09	1.922771E-09	2.432134E-09	0.000000E+00	0.000000E+00	0.000000E+00	1.995263E+05
2.036702E-09	2.036702E-09	2.576247E-09	0.000000E+00	0.000000E+00	0.000000E+00	1.995263E+05
2.157383E-09	2.157383E-09	2.728897E-09	0.000000E+00	0.000000E+00	0.000000E+00	1.995263E+05
2.285216E-09	2.285216E-09	2.890595E-09	0.000000E+00	0.000000E+00	0.000000E+00	1.995263E+05
2.420624E-09	2.420624E-09	3.061874E-09	0.000000E+00	0.000000E+00	0.000000E+00	1.995263E+05
2.564056E-09	2.564056E-09	3.243303E-09	0.000000E+00	0.000000E+00	0.000000E+00	1.995263E+05
2.715986E-09	2.715986E-09	3.435481E-09	0.000000E+00	0.000000E+00	0.000000E+00	1.995263E+05
2.876916E-09	2.876916E-09	3.639043E-09	0.000000E+00	0.000000E+00	0.000000E+00	1.995263E+05
3.047385E-09	3.047385E-09	3.854671E-09	0.000000E+00	0.000000E+00	0.000000E+00	1.995263E+05
3.227954E-09	3.227954E-09	4.083075E-09	0.000000E+00	0.000000E+00	0.000000E+00	1.995263E+05
3.419223E-09	3.419223E-09	4.325013E-09	0.000000E+00	0.000000E+00	0.000000E+00	1.995263E+05
3.621826E-09	3.621826E-09	4.581287E-09	0.000000E+00	0.000000E+00	0.000000E+00	1.995263E+05
3.836429E-09	3.836429E-09	4.852741E-09	0.000000E+00	0.000000E+00	0.000000E+00	1.995263E+05
4.063753E-09	4.063753E-09	5.140286E-09	0.000000E+00	0.000000E+00	0.000000E+00	1.995263E+05
4.304546E-09	4.304546E-09	5.444868E-09	0.000000E+00	0.000000E+00	0.000000E+00	1.995263E+05
4.559608E-09	4.559608E-09	5.767498E-09	0.000000E+00	0.000000E+00	0.000000E+00	1.995263E+05
4.829782E-09	4.829782E-09	6.109245E-09	0.000000E+00	0.000000E+00	0.000000E+00	1.995263E+05
5.115960E-09	5.115960E-09	6.471235E-09	0.000000E+00	0.000000E+00	0.000000E+00	1.995263E+05
5.419100E-09	5.419100E-09	6.854680E-09	0.000000E+00	0.000000E+00	0.000000E+00	1.995263E+05
5.740203E-09	5.740203E-09	7.260847E-09	0.000000E+00	0.000000E+00	0.000000E+00	1.995263E+05
6.080333E-09	6.080333E-09	7.691080E-09	0.000000E+00	0.000000E+00	0.000000E+00	1.995263E+05
6.440616E-09	6.440616E-09	8.146807E-09	0.000000E+00	0.000000E+00	0.000000E+00	1.995263E+05
6.822245E-09	6.822245E-09	8.629533E-09	0.000000E+00	0.000000E+00	0.000000E+00	1.995263E+05
7.226490E-09	7.226490E-09	9.140867E-09	0.000000E+00	0.000000E+00	0.000000E+00	1.995263E+05
7.654683E-09	7.654683E-09	9.682493E-09	0.000000E+00	0.000000E+00	0.000000E+00	1.995263E+05
8.108259E-09	8.108259E-09	1.025623E-08	0.000000E+00	0.000000E+00	0.000000E+00	1.995263E+05
8.588704E-09	8.588704E-09	1.086395E-08	0.000000E+00	0.000000E+00	0.000000E+00	1.995263E+05
9.097609E-09	9.097609E-09	1.150767E-08	0.000000E+00	0.000000E+00	0.000000E+00	1.995263E+05
9.636678E-09	9.636678E-09	1.218954E-08	0.000000E+00	0.000000E+00	0.000000E+00	1.995263E+05
1.020769E-08	1.020769E-08	1.291182E-08	0.000000E+00	0.000000E+00	0.000000E+00	1.995263E+05
1.081253E-08	1.081253E-08	1.367689E-08	0.000000E+00	0.000000E+00	0.000000E+00	1.995263E+05
1.145322E-08	1.145322E-08	1.448730E-08	0.000000E+00	0.000000E+00	0.000000E+00	1.995263E+05
1.213185E-08	1.213185E-08	1.534571E-08	0.000000E+00	0.000000E+00	0.000000E+00	1.995263E+05
1.285072E-08	1.285072E-08	1.625501E-08	0.000000E+00	0.000000E+00	0.000000E+00	1.995263E+05
1.361217E-08	1.361217E-08	1.721819E-08	0.000000E+00	0.000000E+00	0.000000E+00	1.995263E+05
1.441875E-08	1.441875E-08	1.823843E-08	0.000000E+00	0.000000E+00	0.000000E+00	1.995263E+05
1.527311E-08	1.527311E-08	1.931913E-08	0.000000E+00	0.000000E+00	0.000000E+00	1.995263E+05
1.617809E-08	1.617809E-08	2.046384E-08	0.000000E+00	0.000000E+00	0.000000E+00	1.995263E+05
1.713670E-08	1.713670E-08	2.167641E-08	0.000000E+00	0.000000E+00	0.000000E+00	1.995263E+05
1.815212E-08	1.815212E-08	2.296082E-08	0.000000E+00	0.000000E+00	0.000000E+00	1.995263E+05
1.922771E-08	1.922771E-08	2.432134E-08	0.000000E+00	0.000000E+00	0.000000E+00	1.995263E+05
2.036702E-08	2.036702E-08	2.576247E-08	0.000000E+00	0.000000E+00	0.000000E+00	1.995263E+05
2.157382E-08	2.157382E-08	2.728897E-08	0.000000E+00	0.000000E+00	0.000000E+00	1.995263E+05
2.285216E-08	2.285216E-08	2.890595E-08	0.000000E+00	0.000000E+00	0.000000E+00	1.995263E+05
2.420624E-08	2.420624E-08	3.061874E-08	0.000000E+00	0.000000E+00	0.000000E+00	1.995263E+05
2.564056E-08	2.564056E-08	3.243303E-08	0.000000E+00	0.000000E+00	0.000000E+00	1.995263E+05
2.715986E-08	2.715986E-08	3.435481E-08	0.000000E+00	0.000000E+00	0.000000E+00	1.995263E+05
2.876916E-08	2.876916E-08	3.639043E-08	0.000000E+00	0.000000E+00	0.000000E+00	1.995263E+05
3.047385E-08	3.047385E-08	3.854671E-08	0.000000E+00	0.000000E+00	0.000000E+00	1.995263E+05
3.227954E-08	3.227954E-08	4.083075E-08	0.000000E+00	0.000000E+00	0.000000E+00	1.995263E+05
3.419223E-08	3.419223E-08	4.325013E-08	0.000000E+00	0.000000E+00	0.000000E+00	1.995263E+05
3.621826E-08	3.621826E-08	4.581287E-08	0.000000E+00	0.000000E+00	0.000000E+00	1.995263E+05
3.836429E-08	3.836429E-08	4.852741E-08	0.000000E+00	0.000000E+00	0.000000E+00	1.995263E+05
4.063753E-08	4.063753E-08	5.140286E-08	0.000000E+00	0.000000E+00	0.000000E+00	1.995263E+05
4.304546E-08	4.304546E-08	5.444868E-08	0.000000E+00	0.000000E+00	0.000000E+00	1.995263E+05
4.559608E-08	4.559608E-08	5.767498E-08	0.000000E+00	0.000000E+00	0.000000E+00	1.995263E+05
4.829783E-08	4.829783E-08	6.109245E-08	0.000000E+00	0.000000E+00	0.000000E+00	1.995263E+05
5.115960E-08	5.115960E-08	6.471235E-08	0.000000E+00	0.000000E+00	0.000000E+00	1.995263E+05
5.419100E-08	5.419100E-08	6.854680E-08	0.000000E+00	0.000000E+00	0.000000E+00	1.995263E+05
5.740203E-08	5.740203E-08	7.260847E-08	0.000000E+00	0.000000E+00	0.000000E+00	1.995263E+05
6.080333E-08	6.080333E-08	7.691080E-08	0.000000E+00	0.000000E+00	0.000000E+00	1.995263E+05
6.440616E-08	6.440616E-08	8.146807E-08	0.000000E+00	0.000000E+00	0.000000E+00	1.995263E+05
6.822245E-08	6.822245E-08	8.629533E-08	0.000000E+00	0.000000E+00	0.000000E+00	1.995263E+05
7.226490E-08	7.226490E-08	9.140867E-08	0.000000E+00	0.000000E+00	0.000000E+00	1.995263E+05
7.654688E-08	7.654688E-08	9.682500E-08	0.000000E+00	0.000000E+00	0.000000E+00	1.995263E+05
8.108254E-08	8.108254E-08	1.025622E-07	0.000000E+00	0.000000E+00	0.000000E+00	1.995263E+05
8.588704E-08	8.588704E-08	1.086395E-07	0.000000E+00	0.000000E+00	0.000000E+00	1.995263E+05
9.097609E-08	9.097609E-08	1.150767E-07	0.000000E+00	0.000000E+00	0.000000E+00	1.995263E+05
9.636678E-08	9.636678E-08	1.218954E-07	0.000000E+00	0.000000E+00	0.000000E+00	1.995263E+05
1.020769E-07	1.020769E-07	1.291182E-07	0.000000E+00	0.000000E+00	0.000000E+00	1.995263E+05
1.081253E-07	1.081253E-07	1.367689E-07	0.000000E+00	0.000000E+00	0.000000E+00	1.995263E+05
1.145322E-07	1.145322E-07	1.448730E-07	0.000000E+00	0.000000E+00	0.000000E+00	1.995263E+05
1.213185E-07	1.213185E-07	1.534571E-07	0.000000E+00	0.000000E+00	0.000000E+00	1.995263E+05
1.285072E-07	1.285072E-07	1.625501E-07	0.000000E+00	0.000000E+00	0.000000E+00	1.995263E+05
1.361217E-07	1.361217E-07	1.721819E-07	0.000000E+00	0.000000E+00	0.000000E+00	1.995263E+05
1.441875E-07	1.441875E-07	1.823843E-07	0.000000E+00	0.000000E+00	0.000000E+00	1.995263E+05
1.527311E-07	1.527311E-07	1.931912E-07	0.000000E+00	0.000000E+00	0.000000E+00	1.995263E+05
1.617810E-07	1.617810E-07	2.046385E-07	0.000000E+00	0.000000E+00	0.000000E+00	1.995263E+05
1.713670E-07	1.713670E-07	2.167641E-07	0.000000E+00	0.000000E+00	0.000000E+00	1.995263E+05
1.815212E-07	1.815212E-07	2.296082E-07	0.000000E+00	0.000000E+00	0.000000E+00	1.995263E+05
1.922771E-07	1.922771E-07	2.432134E-07	0.000000E+00	0.000000E+00	0.000000E+00	1.995263E+05
2.036701E-07	2.036701E-07	2.576246E-07	0.000000E+00	0.000000E+00	0.000000E+00	1.995263E+05
2.157384E-07	2.157384E-07	2.728899E-07	0.000000E+00	0.000000E+00	0.000000E+00	1.995263E+05
2.285216E-07	2.285216E-07	2.890595E-07	0.000000E+00	0.000000E+00	0.000000E+00	1.995263E+05
2.420624E-07	2.420624E-07	3.061874E-07	0.000000E+00	0.000000E+00	0.000000E+00	1.995263E+05
2.564056E-07	2.564056E-07	3.243303E-07	0.000000E+00	0.000000E+00	0.000000E+00	1.995263E+05
2.715985E-07	2.715985E-07	3.435479E-07	0.000000E+00	0.000000E+00	0.000000E+00	1.995263E+05
2.876917E-07	2.876917E-07	3.639045E-07	0.000000E+00	0.000000E+00	0.000000E+00	1.995263E+05
3.047385E-07	3.047385E-07	3.854671E-07	0.000000E+00	0.000000E+00	0.000000E+00	1.995263E+05
3.227954E-07	3.227954E-07	4.083075E-07	0.000000E+00	0.000000E+00	0.000000E+00	1.995263E+05
3.419223E-07	3.419223E-07	4.325013E-07	0.000000E+00	0.000000E+00	0.000000E+00	1.995263E+05
3.621824E-07	3.621824E-07	4.581285E-07	0.000000E+00	0.000000E+00	0.000000E+00	1.995263E+05
3.836431E-07	3.836431E-07	4.852744E-07	0.000000E+00	0.000000E+00	0.000000E+00	1.995263E+05
4.063752E-07	4.063752E-07	5.140285E-07	0.000000E+00	0.000000E+00	0.000000E+00	1.995263E+05
4.304546E-07	4.304546E-07	5.444868E-07	0.000000E+00	0.000000E+00	0.000000E+00	1.995263E+05
4.559608E-07	4.559608E-07	5.767498E-07	0.000000E+00	0.000000E+00	0.000000E+00	1.995263E+05
4.829779E-07	4.829779E-07	6.109241E-07	0.000000E+00	0.000000E+00	0.000000E+00	1.995263E+05
5.115963E-07	5.115963E-07	6.471238E-07	0.000000E+00	0.000000E+00	0.000000E+00	1.995263E+05
5.419100E-07	5.419100E-07	6.854680E-07	0.000000E+00	0.000000E+00	0.000000E+00	1.995263E+05
5.740203E-07	5.740203E-07	7.260847E-07	0.000000E+00	0.000000E+00	0.000000E+00	1.995263E+05
6.080333E-07	6.080333E-07	7.691080E-07	0.000000E+00	0.000000E+00	0.000000E+00	1.995263E+05
6.440616E-07	6.440616E-07	8.146807E-07	0.000000E+00	0.000000E+00	0.000000E+00	1.995263E+05
6.822245E-07	6.822245E-07	8.629533E-07	0.000000E+00	0.000000E+00	0.000000E+00	1.995263E+05
7.226490E-07	7.226490E-07	9.140867E-07	0.000000E+00	0.000000E+00	0.000000E+00	1.995263E+05
7.654683E-07	7.654683E-07	9.682493E-07	0.000000E+00	0.000000E+00	0.000000E+00	1.995263E+05
8.108254E-07	8.108254E-07	1.025622E-06	0.000000E+00	0.000000E+00	0.000000E+00	1.995263E+05
8.588699E-07	8.588699E-07	1.086394E-06	0.000000E+00	0.000000E+00	0.000000E+00	1.995263E+05
9.097609E-07	9.097609E-07	1.150767E-06	0.000000E+00	0.000000E+00	0.000000E+00	1.995263E+05
9.636678E-07	9.636678E-07	1.218954E-06	0.000000E+00	0.000000E+00	0.000000E+00	1.995263E+05
1.020768E-06	1.020768E-06	1.291181E-06	0.000000E+00	0.000000E+00	0.000000E+00	1.995263E+05
1.081253E-06	1.081253E-06	1.367689E-06	0.000000E+00	0.000000E+00	0.000000E+00	1.995263E+05
1.145321E-06	1.145321E-06	1.448729E-06	0.000000E+00	0.000000E+00	0.000000E+00	1.995263E+05
1.213186E-06	1.213186E-06	1.534573E-06	0.000000E+00	0.000000E+00	0.000000E+00	1.995263E+05
1.285072E-06	1.285072E-06	1.625501E-06	0.000000E+00	0.000000E+00	0.000000E+00	1.995263E+05
1.361217E-06	1.361217E-06	1.721819E-06	0.000000E+00	0.000000E+00	0.000000E+00	1.995263E+05
1.441875E-06	1.441875E-06	1.823843E-06	0.000000E+00	0.000000E+00	0.000000E+00	1.995263E+05
1.527311E-06	1.527311E-06	1.931912E-06	0.000000E+00	0.000000E+00	0.000000E+00	1.995263E+05
1.617810E-06	1.617810E-06	2.046385E-06	0.000000E+00	0.000000E+00	0.000000E+00	1.995263E+05
1.713670E-06	1.713670E-06	2.167641E-06	0.000000E+00	0.000000E+00	0.000000E+00	1.995263E+05
1.815212E-06	1.815212E-06	2.296082E-06	0.000000E+00	0.000000E+00	0.000000E+00	1.995263E+05
1.922771E-06	1.922771E-06	2.432134E-06	0.000000E+00	0.000000E+00	0.000000E+00	1.995263E+05
2.036701E-06	2.036701E-06	2.576246E-06	0.000000E+00	0.000000E+00	0.000000E+00	1.995263E+05
2.157384E-06	2.157384E-06	2.728899E-06	0.000000E+00	0.000000E+00	0.000000E+00	1.995263E+05
2.285216E-06	2.285216E-06	2.890595E-06	0.000000E+00	0.000000E+00	0.000000E+00	1.995263E+05
2.420624E-06	2.420624E-06	3.061874E-06	0.000000E+00	0.000000E+00	0.000000E+00	1.995263E+05
2.564056E-06	2.564056E-06	3.243303E-06	0.000000E+00	0.000000E+00	0.000000E+00	1.995263E+05
2.715984E-06	2.715984E-06	3.435479E-06	0.000000E+00	0.000000E+00	0.000000E+00	1.995263E+05
2.876917E-06	2.876917E-06	3.639045E-06	0.000000E+00	0.000000E+00	0.000000E+00	1.995263E+05
3.047385E-06	3.047385E-06	3.854671E-06	0.000000E+00	0.000000E+00	0.000000E+00	1.995263E+05
3.227954E-06	3.227954E-06	4.083075E-06	0.000000E+00	0.000000E+00	0.000000E+00	1.995263E+05
3.419223E-06	3.419223E-06	4.325013E-06	0.000000E+00	0.000000E+00	0.000000E+00	1.995263E+05
3.621824E-06	3.621824E-06	4.581285E-06	0.000000E+00	0.000000E+00	0.000000E+00	1.995263E+05
3.836432E-06	3.836432E-06	4.852745E-06	0.000000E+00	0.000000E+00	0.000000E+00	1.995263E+05
4.063753E-06	4.063753E-06	5.140286E-06	0.000000E+00	0.000000E+00	0.000000E+00	1.995263E+05
4.304546E-06	4.304546E-06	5.444868E-06	0.000000E+00	0.000000E+00	0.000000E+00	1.995263E+05
4.559607E-06	4.559607E-06	5.767497E-06	0.000000E+00	0.000000E+00	0.000000E+00	1.995263E+05
4.829780E-06	4.829780E-06	6.109242E-06	0.000000E+00	0.000000E+00	0.000000E+00	1.995263E+05
5.115963E-06	5.115963E-06	6.471239E-06	0.000000E+00	0.000000E+00	0.000000E+00	1.995263E+05
5.419100E-06	5.419100E-06	6.854680E-06	0.000000E+00	0.000000E+00	0.000000E+00	1.995263E+05
5.740203E-06	5.740203E-06	7.260847E-06	0.000000E+00	0.000000E+00	0.000000E+00	1.995263E+05
6.080333E-06	6.080333E-06	7.691080E-06	0.000000E+00	0.000000E+00	0.000000E+00	1.995263E+05
6.440616E-06	6.440616E-06	8.146807E-06	0.000000E+00	0.000000E+00	0.000000E+00	1.995263E+05
6.822245E-06	6.822245E-06	8.629533E-06	0.000000E+00	0.000000E+00	0.000000E+00	1.995263E+05
7.226490E-06	7.226490E-06	9.140867E-06	0.000000E+00	0.000000E+00	0.000000E+00	1.995263E+05
7.654683E-06	7.654683E-06	9.682493E-06	0.000000E+00	0.000000E+00	0.000000E+00	1.995263E+05
8.108259E-06	8.108259E-06	1.025623E-05	0.000000E+00	0.000000E+00	0.000000E+00	1.995263E+05
8.588699E-06	8.588699E-06	1.086394E-05	0.000000E+00	0.000000E+00	0.000000E+00	1.995263E+05
9.097615E-06	9.097615E-06	1.150767E-05	0.000000E+00	0.000000E+00	0.000000E+00	1.995263E+05
9.636678E-06	9.636678E-06	1.218954E-05	0.000000E+00	0.000000E+00	0.000000E+00	1.995263E+05
1.020769E-05	1.020769E-05	1.291182E-05	0.000000E+00	0.000000E+00	0.000000E+00	1.995263E+05
1.081253E-05	1.081253E-05	1.367689E-05	0.000000E+00	0.000000E+00	0.000000E+00	1.995263E+05
1.145321E-05	1.145321E-05	1.448729E-05	0.000000E+00	0.000000E+00	0.000000E+00	1.995263E+05
1.213186E-05	1.213186E-05	1.534573E-05	0.000000E+00	0.000000E+00	0.000000E+00	1.995263E+05
1.285072E-05	1.285072E-05	1.625501E-05	0.000000E+00	0.000000E+00	0.000000E+00	1.995263E+05
1.361217E-05	1.361217E-05	1.721819E-05	0.000000E+00	0.000000E+00	0.000000E+00	1.995263E+05
1.441874E-05	1.441874E-05	1.823843E-05	0.000000E+00	0.000000E+00	0.000000E+00	1.995263E+05
1.527311E-05	1.527311E-05	1.931913E-05	0.000000E+00	0.000000E+00	0.000000E+00	1.995263E+05
1.617809E-05	1.617809E-05	2.046384E-05	0.000000E+00	0.000000E+00	0.000000E+00	1.995263E+05
1.713670E-05	1.713670E-05	2.167641E-05	0.000000E+00	0.000000E+00	0.000000E+00	1.995263E+05
1.815212E-05	1.815212E-05	2.296082E-05	0.000000E+00	0.000000E+00	0.000000E+00	1.995263E+05
1.922771E-05	1.922771E-05	2.432134E-05	0.000000E+00	0.000000E+00	0.000000E+00	1.995263E+05
2.036702E-05	2.036702E-05	2.576247E-05	0.000000E+00	0.000000E+00	0.000000E+00	1.995263E+05
2.157383E-05	2.157383E-05	2.728897E-05	0.000000E+00	0.000000E+00	0.000000E+00	1.995263E+05
2.285216E-05	2.285216E-05	2.890595E-05	0.000000E+00	0.000000E+00	0.000000E+00	1.995263E+05
2.420624E-05	2.420624E-05	3.061875E-05	0.000000E+00	0.000000E+00	0.000000E+00	1.995263E+05
2.564056E-05	2.564056E-05	3.243303E-05	0.000000E+00	0.000000E+00	0.000000E+00	1.995263E+05
2.715986E-05	2.715986E-05	3.435481E-05	0.000000E+00	0.000000E+00	0.000000E+00	1.995263E+05
2.876916E-05	2.876916E-05	3.639043E-05	0.000000E+00	0.000000E+00	0.000000E+00	1.995263E+05
3.047385E-05	3.047385E-05	3.854671E-05	0.000000E+00	0.000000E+00	0.000000E+00	1.995263E+05
3.227954E-05	3.227954E-05	4.083075E-05	0.000000E+00	0.000000E+00	0.000000E+00	1.995263E+05
3.419223E-05	3.419223E-05	4.325013E-05	0.000000E+00	0.000000E+00	0.000000E+00	1.995263E+05
3.621826E-05	3.621826E-05	4.581288E-05	0.000000E+00	0.000000E+00	0.000000E+00	1.995263E+05
3.836429E-05	3.836429E-05	4.852742E-05	0.000000E+00	0.000000E+00	0.000000E+00	1.995263E+05
4.063752E-05	4.063752E-05	5.140285E-05	0.000000E+00	0.000000E+00	0.000000E+00	1.995263E+05
4.304546E-05	4.304546E-05	5.444868E-05	0.000000E+00	0.000000E+00	0.000000E+00	1.995263E+05
4.559608E-05	4.559608E-05	5.767498E-05	0.000000E+00	0.000000E+00	0.000000E+00	1.995263E+05
4.829783E-05	4.829783E-05	6.109246E-05	0.000000E+00	0.000000E+00	0.000000E+00	1.995263E+05
5.115961E-05	5.115961E-05	6.471235E-05	0.000000E+00	0.000000E+00	0.000000E+00	1.995263E+05
5.419100E-05	5.419100E-05	6.854680E-05	0.000000E+00	0.000000E+00	0.000000E+00	1.995263E+05
5.740203E-05	5.740203E-05	7.260847E-05	0.000000E+00	0.000000E+00	0.000000E+00	1.995263E+05
6.080333E-05	6.080333E-05	7.691080E-05	0.000000E+00	0.000000E+00	0.000000E+00	1.995263E+05
6.440616E-05	6.440616E-05	8.146807E-05	0.000000E+00	0.000000E+00	0.000000E+00	1.995263E+05
6.822245E-05	6.822245E-05	8.629533E-05	0.000000E+00	0.000000E+00	0.000000E+00	1.995263E+05
7.226490E-05	7.226490E-05	9.140867E-05	0.000000E+00	0.000000E+00	0.000000E+00	1.995263E+05
7.654688E-05	7.654688E-05	9.682500E-05	0.000000E+00	0.000000E+00	0.000000E+00	1.995263E+05
8.108254E-05	8.108254E-05	1.025622E-04	0.000000E+00	0.000000E+00	0.000000E+00	1.995263E+05
8.588704E-05	8.588704E-05	1.086395E-04	0.000000E+00	0.000000E+00	0.000000E+00	1.995263E+05
9.097604E-05	9.097604E-05	1.150766E-04	0.000000E+00	0.000000E+00	0.000000E+00	1.995263E+05
9.636678E-05	9.636678E-05	1.218954E-04	0.000000E+00	0.000000E+00	0.000000E+00	1.995263E+05
1.020768E-04	1.020768E-04	1.291181E-04	0.000000E+00	0.000000E+00	0.000000E+00	1.995263E+05
1.081253E-04	1.081253E-04	1.367689E-04	0.000000E+00	0.000000E+00	0.000000E+00	1.995263E+05
1.145322E-04	1.145322E-04	1.448730E-04	0.000000E+00	0.000000E+00	0.000000E+00	1.995263E+05
1.213185E-04	1.213185E-04	1.534571E-04	0.000000E+00	0.000000E+00	0.000000E+00	1.995263E+05
1.285071E-04	1.285071E-04	1.625501E-04	0.000000E+00	0.000000E+00	0.000000E+00	1.995263E+05
1.361217E-04	1.361217E-04	1.721819E-04	0.000000E+00	0.000000E+00	0.000000E+00	1.995263E+05
1.441874E-04	1.441874E-04	1.823843E-04	0.000000E+00	0.000000E+00	0.000000E+00	1.995263E+05
1.527311E-04	1.527311E-04	1.931913E-04	0.000000E+00	0.000000E+00	0.000000E+00	1.995263E+05
1.617809E-04	1.617809E-04	2.046384E-04	0.000000E+00	0.000000E+00	0.000000E+00	1.995263E+05
1.713670E-04	1.713670E-04	2.167641E-04	0.000000E+00	0.000000E+00	0.000000E+00	1.995263E+05
1.815212E-04	1.815212E-04	2.296082E-04	0.000000E+00	0.000000E+00	0.000000E+00	1.995263E+05
1.922770E-04	1.922770E-04	2.432133E-04	0.000000E+00	0.000000E+00	0.000000E+00	1.995263E+05
2.036702E-04	2.036702E-04	2.576247E-04	0.000000E+00	0.000000E+00	0.000000E+00	1.995263E+05
2.157382E-04	2.157382E-04	2.728897E-04	0.000000E+00	0.000000E+00	0.000000E+00	1.995263E+05
2.285216E-04	2.285216E-04	2.890595E-04	0.000000E+00	0.000000E+00	0.000000E+00	1.995263E+05
2.420624E-04	2.420624E-04	3.061874E-04	0.000000E+00	0.000000E+00	0.000000E+00	1.995263E+05
2.564056E-04	2.564056E-04	3.243303E-04	0.000000E+00	0.000000E+00	0.000000E+00	1.995263E+05
2.715986E-04	2.715986E-04	3.435481E-04	0.000000E+00	0.000000E+00	0.000000E+00	1.995263E+05
2.876916E-04	2.876916E-04	3.639043E-04	0.000000E+00	0.000000E+00	0.000000E+00	1.995263E+05
3.047385E-04	3.047385E-04	3.854671E-04	0.000000E+00	0.000000E+00	0.000000E+00	1.995263E+05
3.227954E-04	3.227954E-04	4.083075E-04	0.000000E+00	0.000000E+00	0.000000E+00	1.995263E+05
3.419223E-04	3.419223E-04	4.325013E-04	0.000000E+00	0.000000E+00	0.000000E+00	1.995263E+05
3.621826E-04	3.621826E-04	4.581287E-04	0.000000E+00	0.000000E+00	0.000000E+00	1.995263E+05
3.836429E-04	3.836429E-04	4.852742E-04	0.000000E+00	0.000000E+00	0.000000E+00	1.995263E+05
4.063752E-04	4.063752E-04	5.140285E-04	0.000000E+00	0.000000E+00	0.000000E+00	1.995263E+05
4.304546E-04	4.304546E-04	5.444868E-04	0.000000E+00	0.000000E+00	0.000000E+00	1.995263E+05
4.559608E-04	4.559608E-04	5.767499E-04	0.000000E+00	0.000000E+00	0.000000E+00	1.995263E+05
4.829783E-04	4.829783E-04	6.109245E-04	0.000000E+00	0.000000E+00	0.000000E+00	1.995263E+05
5.115960E-04	5.115960E-04	6.471235E-04	0.000000E+00	0.000000E+00	0.000000E+00	1.995263E+05
5.419100E-04	5.419100E-04	6.854680E-04	0.000000E+00	0.000000E+00	0.000000E+00	1.995263E+05
5.740203E-04	5.740203E-04	7.260847E-04	0.000000E+00	0.000000E+00	0.000000E+00	1.995263E+05
6.080333E-04	6.080333E-04	7.691080E-04	0.000000E+00	0.000000E+00	0.000000E+00	1.995263E+05
6.440616E-04	6.440616E-04	8.146807E-04	0.000000E+00	0.000000E+00	0.000000E+00	1.995263E+05
6.822245E-04	6.822245E-04	8.629533E-04	0.000000E+00	0.000000E+00	0.000000E+00	1.995263E+05
7.226490E-04	7.226490E-04	9.140867E-04	0.000000E+00	0.000000E+00	0.000000E+00	1.995263E+05
7.654688E-04	7.654688E-04	9.682500E-04	0.000000E+00	0.000000E+00	0.000000E+00	1.995263E+05
8.108254E-04	8.108254E-04	1.025622E-03	0.000000E+00	0.000000E+00	0.000000E+00	1.995263E+05
8.588704E-04	8.588704E-04	1.086395E-03	0.000000E+00	0.000000E+00	0.000000E+00	1.995263E+05
9.097604E-04	9.097604E-04	1.150766E-03	0.000000E+00	0.000000E+00	0.000000E+00	1.995263E+05
9.636678E-04	9.636678E-04	1.218954E-03	0.000000E+00	0.000000E+00	0.000000E+00	1.995263E+05
1.020769E-03	1.020769E-03	1.291182E-03	0.000000E+00	0.000000E+00	0.000000E+00	1.995263E+05
1.081253E-03	1.081253E-03	1.367689E-03	0.000000E+00	0.000000E+00	0.000000E+00	1.995263E+05
1.145322E-03	1.145322E-03	1.448730E-03	0.000000E+00	0.000000E+00	0.000000E+00	1.995263E+05
1.213185E-03	1.213185E-03	1.534571E-03	0.000000E+00	0.000000E+00	0.000000E+00	1.995263E+05
1.285072E-03	1.285072E-03	1.625501E-03	0.000000E+00	0.000000E+00	0.000000E+00	1.995263E+05
1.361217E-03	1.361217E-03	1.721819E-03	0.000000E+00	0.000000E+00	0.000000E+00	1.995263E+05
1.441874E-03	1.441874E-03	1.823843E-03	0.000000E+00	0.000000E+00	0.000000E+00	1.995263E+05
1.527311E-03	1.527311E-03	1.931913E-03	0.000000E+00	0.000000E+00	0.000000E+00	1.995263E+05
1.617809E-03	1.617809E-03	2.046384E-03	0.000000E+00	0.000000E+00	0.000000E+00	1.995263E+05
1.713670E-03	1.713670E-03	2.167641E-03	0.000000E+00	0.000000E+00	0.000000E+00	1.995263E+05
1.815212E-03	1.815212E-03	2.296082E-03	0.000000E+00	0.000000E+00	0.000000E+00	1.995263E+05
1.922771E-03	1.922771E-03	2.432134E-03	0.000000E+00	0.000000E+00	0.000000E+00	1.995263E+05
2.036702E-03	2.036702E-03	2.576247E-03	0.000000E+00	0.000000E+00	0.000000E+00	1.995263E+05
2.157383E-03	2.157383E-03	2.728897E-03	0.000000E+00	0.000000E+00	0.000000E+00	1.995263E+05
2.285216E-03	2.285216E-03	2.890595E-03	0.000000E+00	0.000000E+00	0.000000E+00	1.995263E+05
2.420624E-03	2.420624E-03	3.061874E-03	0.000000E+00	0.000000E+00	0.000000E+00	1.995263E+05
2.564055E-03	2.564055E-03	3.243302E-03	0.000000E+00	0.000000E+00	0.000000E+00	1.995263E+05
2.715986E-03	2.715986E-03	3.435481E-03	0.000000E+00	0.000000E+00	0.000000E+00	1.995263E+05
2.876916E-03	2.876916E-03	3.639043E-03	0.000000E+00	0.000000E+00	0.000000E+00	1.995263E+05
3.047384E-03	3.047384E-03	3.854670E-03	0.000000E+00	0.000000E+00	0.000000E+00	1.995263E+05
3.227954E-03	3.227954E-03	4.083075E-03	0.000000E+00	0.000000E+00	0.000000E+00	1.995263E+05
3.419223E-03	3.419223E-03	4.325013E-03	0.000000E+00	0.000000E+00	0.000000E+00	1.995263E+05
3.621826E-03	3.621826E-03	4.581288E-03	0.000000E+00	0.000000E+00	0.000000E+00	1.995263E+05
3.836429E-03	3.836429E-03	4.852741E-03	0.000000E+00	0.000000E+00	0.000000E+00	1.995263E+05
4.063753E-03	4.063753E-03	5.140286E-03	0.000000E+00	0.000000E+00	0.000000E+00	1.995263E+05
4.304546E-03	4.304546E-03	5.444868E-03	0.000000E+00	0.000000E+00	0.000000E+00	1.995263E+05
4.559607E-03	4.559607E-03	5.767497E-03	0.000000E+00	0.000000E+00	0.000000E+00	1.995263E+05
4.829783E-03	4.829783E-03	6.109246E-03	0.000000E+00	0.000000E+00	0.000000E+00	1.995263E+05
5.115960E-03	5.115960E-03	6.471235E-03	0.000000E+00	0.000000E+00	0.000000E+00	1.995263E+05
5.419100E-03	5.419100E-03	6.854680E-03	0.000000E+00	0.000000E+00	0.000000E+00	1.995263E+05
5.740203E-03	5.740203E-03	7.260847E-03	0.000000E+00	0.000000E+00	0.000000E+00	1.995263E+05
6.080333E-03	6.080333E-03	7.691080E-03	0.000000E+00	0.000000E+00	0.000000E+00	1.995263E+05
6.440616E-03	6.440616E-03	8.146807E-03	0.000000E+00	0.000000E+00	0.000000E+00	1.995263E+05
6.822240E-03	6.822240E-03	8.629527E-03	0.000000E+00	0.000000E+00	0.000000E+00	1.995263E+05
7.226490E-03	7.226490E-03	9.140867E-03	0.000000E+00	0.000000E+00	0.000000E+00	1.995263E+05
7.654683E-03	7.654683E-03	9.682493E-03	0.000000E+00	0.000000E+00	0.000000E+00	1.995263E+05
8.108259E-03	8.108259E-03	1.025623E-02	0.000000E+00	0.000000E+00	0.000000E+00	1.995263E+05
8.588704E-03	8.588704E-03	1.086395E-02	0.000000E+00	0.000000E+00	0.000000E+00	1.995263E+05
9.097609E-03	9.097609E-03	1.150767E-02	0.000000E+00	0.000000E+00	0.000000E+00	1.995263E+05
9.636678E-03	9.636678E-03	1.218954E-02	0.000000E+00	0.000000E+00	0.000000E+00	1.995263E+05
1.020768E-02	1.020768E-02	1.291181E-02	0.000000E+00	0.000000E+00	0.000000E+00	1.995263E+05
1.081253E-02	1.081253E-02	1.367689E-02	0.000000E+00	0.000000E+00	0.000000E+00	1.995263E+05
1.145322E-02	1.145322E-02	1.448730E-02	0.000000E+00	0.000000E+00	0.000000E+00	1.995263E+05
1.213185E-02	1.213185E-02	1.534571E-02	0.000000E+00	0.000000E+00	0.000000E+00	1.995263E+05
1.285072E-02	1.285072E-02	1.625501E-02	0.000000E+00	0.000000E+00	0.000000E+00	1.995263E+05
1.361217E-02	1.361217E-02	1.721819E-02	0.000000E+00	0.000000E+00	0.000000E+00	1.995263E+05
1.441875E-02	1.441875E-02	1.823843E-02	0.000000E+00	0.000000E+00	0.000000E+00	1.995263E+05
1.527311E-02	1.527311E-02	1.931913E-02	0.000000E+00	0.000000E+00	0.000000E+00	1.995263E+05
1.617809E-02	1.617809E-02	2.046384E-02	0.000000E+00	0.000000E+00	0.000000E+00	1.995263E+05
1.713670E-02	1.713670E-02	2.167641E-02	0.000000E+00	0.000000E+00	0.000000E+00	1.995263E+05
1.815212E-02	1.815212E-02	2.296082E-02	0.000000E+00	0.000000E+00	0.000000E+00	1.995263E+05
1.922771E-02	1.922771E-02	2.432134E-02	0.000000E+00	0.000000E+00	0.000000E+00	1.995263E+05
2.036702E-02	2.036702E-02	2.576247E-02	0.000000E+00	0.000000E+00	0.000000E+00	1.995263E+05
2.157383E-02	2.157383E-02	2.728897E-02	0.000000E+00	0.000000E+00	0.000000E+00	1.995263E+05
2.285216E-02	2.285216E-02	2.890595E-02	0.000000E+00	0.000000E+00	0.000000E+00	1.995263E+05
2.420624E-02	2.420624E-02	3.061874E-02	0.000000E+00	0.000000E+00	0.000000E+00	1.995263E+05
2.564055E-02	2.564055E-02	3.243302E-02	0.000000E+00	0.000000E+00	0.000000E+00	1.995263E+05
2.715986E-02	2.715986E-02	3.435481E-02	0.000000E+00	0.000000E+00	0.000000E+00	1.995263E+05
