0.000000E+00	6.493720E-16	5.421023E-07	0.000000E+00	2.163213E-14	1.755511E-23	9.475447E-13	4.268396E-24	1.276178E-09	6.668336E-11	0.000000E+00	9.992697E-05	2.307309E-22	2.668546E-13	2.499948E-16	2.213384E-14	2.865660E-13	1.601457E-16	3.673073E-14	2.579618E-05	4.002536E-16	1.233196E-13	3.014585E-18	8.386737E-16	8.358476E-14	7.299658E-08	9.999946E-02	2.176981E-12	3.383779E-11	2.232789E-10	2.999984E-04	2.518254E-04	9.994706E-01	1.262666E-04	1.000000E+00	
0.000000E+00	6.742216E-16	5.420921E-07	0.000000E+00	2.200974E-14	1.865346E-23	9.478920E-13	4.535643E-24	1.275673E-09	6.794516E-11	0.000000E+00	9.992694E-05	2.451553E-22	2.774446E-13	2.652323E-16	2.214130E-14	2.918948E-13	1.666942E-16	3.699925E-14	2.578664E-05	4.167702E-16	1.252940E-13	3.138862E-18	8.547878E-16	8.529003E-14	7.302519E-08	9.999946E-02	2.176997E-12	3.385068E-11	2.233551E-10	2.999984E-04	2.569575E-04	9.994603E-01	1.262570E-04	1.000000E+00	
0.000000E+00	6.773555E-16	5.420909E-07	0.000000E+00	2.205687E-14	1.879368E-23	9.479357E-13	4.569761E-24	1.275611E-09	6.810247E-11	0.000000E+00	9.992694E-05	2.469966E-22	2.787801E-13	2.671757E-16	2.214224E-14	2.925592E-13	1.675206E-16	3.703347E-14	2.578545E-05	4.188550E-16	1.255396E-13	3.154549E-18	8.568010E-16	8.550286E-14	7.302652E-08	9.999946E-02	2.176999E-12	3.385230E-11	2.233647E-10	2.999984E-04	2.575980E-04	9.994590E-01	1.262558E-04	1.000000E+00	
0.000000E+00	6.808991E-16	5.420894E-07	0.000000E+00	2.211003E-14	1.895268E-23	9.479850E-13	4.608450E-24	1.275540E-09	6.827986E-11	0.000000E+00	9.992694E-05	2.490846E-22	2.802901E-13	2.693790E-16	2.214330E-14	2.933084E-13	1.684552E-16	3.707226E-14	2.578411E-05	4.212129E-16	1.258165E-13	3.172289E-18	8.590725E-16	8.574291E-14	7.302789E-08	9.999946E-02	2.177002E-12	3.385413E-11	2.233755E-10	2.999984E-04	2.583205E-04	9.994576E-01	1.262545E-04	1.000000E+00	
0.000000E+00	6.849100E-16	5.420878E-07	0.000000E+00	2.217002E-14	1.913322E-23	9.480408E-13	4.652381E-24	1.275460E-09	6.848003E-11	0.000000E+00	9.992693E-05	2.514555E-22	2.819991E-13	2.718801E-16	2.214451E-14	2.941539E-13	1.695132E-16	3.711628E-14	2.578259E-05	4.238822E-16	1.261291E-13	3.192373E-18	8.616370E-16	8.601387E-14	7.302931E-08	9.999946E-02	2.177004E-12	3.385620E-11	2.233878E-10	2.999984E-04	2.591359E-04	9.994559E-01	1.262530E-04	1.000000E+00	
0.000000E+00	6.894545E-16	5.420860E-07	0.000000E+00	2.223779E-14	1.933853E-23	9.481039E-13	4.702338E-24	1.275369E-09	6.870606E-11	0.000000E+00	9.992693E-05	2.541515E-22	2.839354E-13	2.747236E-16	2.214587E-14	2.951086E-13	1.707122E-16	3.716631E-14	2.578088E-05	4.269075E-16	1.264822E-13	3.215135E-18	8.645348E-16	8.631993E-14	7.303078E-08	9.999946E-02	2.177007E-12	3.385854E-11	2.234017E-10	2.999984E-04	2.600570E-04	9.994541E-01	1.262512E-04	1.000000E+00	
0.000000E+00	6.946101E-16	5.420839E-07	0.000000E+00	2.231441E-14	1.957240E-23	9.481754E-13	4.759246E-24	1.275267E-09	6.896149E-11	0.000000E+00	9.992693E-05	2.572226E-22	2.861320E-13	2.779616E-16	2.214741E-14	2.961875E-13	1.720728E-16	3.722327E-14	2.577895E-05	4.303407E-16	1.268812E-13	3.240964E-18	8.678119E-16	8.666594E-14	7.303228E-08	9.999946E-02	2.177010E-12	3.386119E-11	2.234175E-10	2.999984E-04	2.610983E-04	9.994520E-01	1.262493E-04	1.000000E+00	
0.000000E+00	7.004673E-16	5.420816E-07	0.000000E+00	2.240111E-14	1.983931E-23	9.482566E-13	4.824196E-24	1.275152E-09	6.925042E-11	0.000000E+00	9.992693E-05	2.607275E-22	2.886274E-13	2.816559E-16	2.214916E-14	2.974080E-13	1.736190E-16	3.728824E-14	2.577676E-05	4.342422E-16	1.273328E-13	3.270318E-18	8.715219E-16	8.705748E-14	7.303381E-08	9.999946E-02	2.177014E-12	3.386420E-11	2.234354E-10	2.999984E-04	2.622765E-04	9.994497E-01	1.262471E-04	1.000000E+00	
0.000000E+00	7.071318E-16	5.420790E-07	0.000000E+00	2.249931E-14	2.014459E-23	9.483488E-13	4.898482E-24	1.275021E-09	6.957756E-11	0.000000E+00	9.992693E-05	2.647362E-22	2.914666E-13	2.858794E-16	2.215116E-14	2.987900E-13	1.753788E-16	3.736249E-14	2.577428E-05	4.386831E-16	1.278442E-13	3.303729E-18	8.757266E-16	8.750101E-14	7.303538E-08	9.999946E-02	2.177018E-12	3.386761E-11	2.234557E-10	2.999984E-04	2.636113E-04	9.994470E-01	1.262446E-04	1.000000E+00	
0.000000E+00	7.147289E-16	5.420759E-07	0.000000E+00	2.261070E-14	2.049462E-23	9.484538E-13	4.983659E-24	1.274873E-09	6.994841E-11	0.000000E+00	9.992693E-05	2.693323E-22	2.947029E-13	2.907199E-16	2.215343E-14	3.003566E-13	1.773855E-16	3.744755E-14	2.577147E-05	4.437474E-16	1.284243E-13	3.341829E-18	8.804983E-16	8.800407E-14	7.303697E-08	9.999946E-02	2.177023E-12	3.387150E-11	2.234789E-10	2.999984E-04	2.651251E-04	9.994440E-01	1.262418E-04	1.000000E+00	
0.000000E+00	7.234062E-16	5.420725E-07	0.000000E+00	2.273720E-14	2.089706E-23	9.485735E-13	5.081593E-24	1.274705E-09	7.036935E-11	0.000000E+00	9.992693E-05	2.746166E-22	2.983990E-13	2.962824E-16	2.215602E-14	3.021350E-13	1.796785E-16	3.754526E-14	2.576828E-05	4.495346E-16	1.290831E-13	3.385366E-18	8.859211E-16	8.857542E-14	7.303857E-08	9.999946E-02	2.177029E-12	3.387593E-11	2.235053E-10	2.999984E-04	2.668445E-04	9.994405E-01	1.262386E-04	1.000000E+00	
0.000000E+00	7.333409E-16	5.420686E-07	0.000000E+00	2.288111E-14	2.136125E-23	9.487102E-13	5.194555E-24	1.274513E-09	7.084788E-11	0.000000E+00	9.992692E-05	2.807115E-22	3.026303E-13	3.026945E-16	2.215898E-14	3.041568E-13	1.823048E-16	3.765784E-14	2.576465E-05	4.561637E-16	1.298324E-13	3.435236E-18	8.920944E-16	8.922537E-14	7.304018E-08	9.999946E-02	2.177035E-12	3.388100E-11	2.235356E-10	2.999984E-04	2.688003E-04	9.994366E-01	1.262350E-04	1.000000E+00	
0.000000E+00	7.447446E-16	5.420642E-07	0.000000E+00	2.304510E-14	2.189857E-23	9.488669E-13	5.325316E-24	1.274296E-09	7.139278E-11	0.000000E+00	9.992692E-05	2.877663E-22	3.074867E-13	3.101120E-16	2.216238E-14	3.064592E-13	1.853209E-16	3.778800E-14	2.576052E-05	4.637774E-16	1.306864E-13	3.492511E-18	8.991353E-16	8.996606E-14	7.304177E-08	9.999946E-02	2.177042E-12	3.388679E-11	2.235703E-10	2.999984E-04	2.710292E-04	9.994322E-01	1.262309E-04	1.000000E+00	
0.000000E+00	7.578739E-16	5.420592E-07	0.000000E+00	2.323236E-14	2.252310E-23	9.490468E-13	5.477304E-24	1.274048E-09	7.201447E-11	0.000000E+00	9.992692E-05	2.959659E-22	3.130771E-13	3.187268E-16	2.216629E-14	3.090862E-13	1.887953E-16	3.793909E-14	2.575580E-05	4.725489E-16	1.316615E-13	3.558493E-18	9.071829E-16	9.081186E-14	7.304333E-08	9.999946E-02	2.177050E-12	3.389344E-11	2.236102E-10	2.999984E-04	2.735743E-04	9.994271E-01	1.262261E-04	1.000000E+00	
0.000000E+00	7.730422E-16	5.420534E-07	0.000000E+00	2.344670E-14	2.325241E-23	9.492541E-13	5.654798E-24	1.273764E-09	7.272534E-11	0.000000E+00	9.992692E-05	3.055408E-22	3.195346E-13	3.287785E-16	2.217080E-14	3.120904E-13	1.928117E-16	3.811526E-14	2.575041E-05	4.826900E-16	1.327777E-13	3.634774E-18	9.164045E-16	9.177997E-14	7.304484E-08	9.999946E-02	2.177060E-12	3.390111E-11	2.236562E-10	2.999984E-04	2.764874E-04	9.994213E-01	1.262207E-04	1.000000E+00	
0.000000E+00	7.906345E-16	5.420467E-07	0.000000E+00	2.369267E-14	2.410863E-23	9.494939E-13	5.863187E-24	1.273439E-09	7.354022E-11	0.000000E+00	9.992692E-05	3.167814E-22	3.270225E-13	3.405679E-16	2.217602E-14	3.155345E-13	1.974731E-16	3.832173E-14	2.574422E-05	4.944613E-16	1.340586E-13	3.723315E-18	9.270008E-16	9.289103E-14	7.304625E-08	9.999946E-02	2.177071E-12	3.390996E-11	2.237095E-10	2.999984E-04	2.798305E-04	9.994146E-01	1.262145E-04	1.000000E+00	
0.000000E+00	8.111310E-16	5.420390E-07	0.000000E+00	2.397583E-14	2.512009E-23	9.497723E-13	6.109364E-24	1.273065E-09	7.447705E-11	0.000000E+00	9.992692E-05	3.300590E-22	3.357442E-13	3.544790E-16	2.218209E-14	3.194945E-13	2.029081E-16	3.856517E-14	2.573710E-05	5.081884E-16	1.355334E-13	3.826560E-18	9.392170E-16	9.417007E-14	7.304753E-08	9.999946E-02	2.177083E-12	3.392024E-11	2.237715E-10	2.999984E-04	2.836790E-04	9.994069E-01	1.262074E-04	1.000000E+00	
0.000000E+00	8.351352E-16	5.420301E-07	0.000000E+00	2.430293E-14	2.632339E-23	9.500972E-13	6.402251E-24	1.272634E-09	7.555768E-11	0.000000E+00	9.992692E-05	3.458542E-22	3.459551E-13	3.710077E-16	2.218919E-14	3.240629E-13	2.092787E-16	3.885416E-14	2.572888E-05	5.242814E-16	1.372371E-13	3.947591E-18	9.533539E-16	9.564769E-14	7.304862E-08	9.999946E-02	2.177097E-12	3.393222E-11	2.238440E-10	2.999984E-04	2.881248E-04	9.993980E-01	1.261992E-04	1.000000E+00	
0.000000E+00	8.634164E-16	5.420198E-07	0.000000E+00	2.468234E-14	2.776670E-23	9.504784E-13	6.753572E-24	1.272135E-09	7.680893E-11	0.000000E+00	9.992691E-05	3.647983E-22	3.579805E-13	3.908039E-16	2.219754E-14	3.293535E-13	2.167915E-16	3.919993E-14	2.571936E-05	5.432637E-16	1.392137E-13	4.090342E-18	9.697848E-16	9.736169E-14	7.304945E-08	9.999946E-02	2.177114E-12	3.394627E-11	2.239293E-10	2.999984E-04	2.932816E-04	9.993877E-01	1.261896E-04	1.000000E+00	
0.000000E+00	8.969704E-16	5.420078E-07	0.000000E+00	2.512451E-14	2.951443E-23	9.509288E-13	7.179021E-24	1.271554E-09	7.826424E-11	0.000000E+00	9.992691E-05	3.877362E-22	3.722407E-13	4.147346E-16	2.220742E-14	3.355081E-13	2.257147E-16	3.961746E-14	2.570828E-05	5.658144E-16	1.415176E-13	4.259913E-18	9.889797E-16	9.935933E-14	7.304993E-08	9.999946E-02	2.177133E-12	3.396286E-11	2.240302E-10	2.999984E-04	2.992916E-04	9.993757E-01	1.261786E-04	1.000000E+00	
0.000000E+00	9.371050E-16	5.419937E-07	0.000000E+00	2.564268E-14	3.165434E-23	9.514649E-13	7.699975E-24	1.270876E-09	7.996563E-11	0.000000E+00	9.992691E-05	4.158182E-22	3.892867E-13	4.439775E-16	2.221922E-14	3.427049E-13	2.364006E-16	4.012706E-14	2.569530E-05	5.928273E-16	1.442180E-13	4.463017E-18	1.011537E-15	1.017004E-13	7.304993E-08	9.999946E-02	2.177156E-12	3.398258E-11	2.241506E-10	2.999984E-04	3.063344E-04	9.993616E-01	1.261656E-04	1.000000E+00	
0.000000E+00	9.855723E-16	5.419770E-07	0.000000E+00	2.625383E-14	3.430876E-23	9.521089E-13	8.346240E-24	1.270078E-09	8.196682E-11	0.000000E+00	9.992691E-05	4.506479E-22	4.098548E-13	4.801679E-16	2.223342E-14	3.511720E-13	2.493226E-16	4.075689E-14	2.568002E-05	6.255025E-16	1.474040E-13	4.708664E-18	1.038233E-15	1.044619E-13	7.304929E-08	9.999946E-02	2.177183E-12	3.400624E-11	2.242957E-10	2.999984E-04	3.146413E-04	9.993450E-01	1.261503E-04	1.000000E+00	
0.000000E+00	1.044766E-15	5.419571E-07	0.000000E+00	2.698018E-14	3.765226E-23	9.528909E-13	9.160354E-24	1.269132E-09	8.433740E-11	0.000000E+00	9.992692E-05	4.945130E-22	4.349486E-13	5.256300E-16	2.225070E-14	3.612052E-13	2.651280E-16	4.154690E-14	2.566188E-05	6.654828E-16	1.511917E-13	5.009189E-18	1.070091E-15	1.077441E-13	7.304777E-08	9.999946E-02	2.177215E-12	3.403493E-11	2.244723E-10	2.999984E-04	3.245141E-04	9.993253E-01	1.261321E-04	1.000000E+00	
0.000000E+00	1.118037E-15	5.419332E-07	0.000000E+00	2.785129E-14	4.194133E-23	9.538528E-13	1.020483E-23	1.268002E-09	8.716938E-11	0.000000E+00	9.992692E-05	5.507738E-22	4.659686E-13	5.837630E-16	2.227203E-14	3.731955E-13	2.847255E-16	4.255546E-14	2.564017E-05	7.150753E-16	1.557364E-13	5.381901E-18	1.108490E-15	1.116810E-13	7.304507E-08	9.999946E-02	2.177253E-12	3.407018E-11	2.246902E-10	2.999984E-04	3.363549E-04	9.993016E-01	1.261104E-04	1.000000E+00	
0.000000E+00	1.210212E-15	5.419042E-07	0.000000E+00	2.890748E-14	4.756545E-23	9.550542E-13	1.157462E-23	1.266637E-09	9.058685E-11	0.000000E+00	9.992692E-05	6.245311E-22	5.049228E-13	6.597002E-16	2.229875E-14	3.876710E-13	3.094258E-16	4.387053E-14	2.561391E-05	7.776098E-16	1.612497E-13	5.851782E-18	1.155334E-15	1.164549E-13	7.304074E-08	9.999946E-02	2.177299E-12	3.411415E-11	2.249632E-10	2.999984E-04	3.507118E-04	9.992730E-01	1.260841E-04	1.000000E+00	
0.000000E+00	1.328468E-15	5.418684E-07	0.000000E+00	3.020511E-14	5.513925E-23	9.565839E-13	1.341960E-23	1.264967E-09	9.476140E-11	0.000000E+00	9.992693E-05	7.238318E-22	5.547824E-13	7.614917E-16	2.233288E-14	4.053628E-13	3.411818E-16	4.562986E-14	2.558172E-05	8.580513E-16	1.680277E-13	6.456061E-18	1.213333E-15	1.223210E-13	7.303414E-08	9.999946E-02	2.177357E-12	3.417004E-11	2.253120E-10	2.999984E-04	3.683512E-04	9.992377E-01	1.260519E-04	1.000000E+00	
0.000000E+00	1.483904E-15	5.418237E-07	0.000000E+00	3.182553E-14	6.567909E-23	9.585775E-13	1.598765E-23	1.262893E-09	9.993734E-11	0.000000E+00	9.992694E-05	8.619757E-22	6.201131E-13	9.023494E-16	2.237751E-14	4.273132E-13	3.830204E-16	4.805907E-14	2.554165E-05	9.641019E-16	1.764993E-13	7.252464E-18	1.286480E-15	1.296478E-13	7.302434E-08	9.999946E-02	2.177428E-12	3.424275E-11	2.257681E-10	2.999984E-04	3.903795E-04	9.991937E-01	1.260118E-04	1.000000E+00	
0.000000E+00	1.694514E-15	5.417664E-07	0.000000E+00	3.389076E-14	8.096273E-23	9.612534E-13	1.971257E-23	1.260265E-09	1.064749E-10	0.000000E+00	9.992695E-05	1.062213E-21	7.082563E-13	1.105174E-15	2.243761E-14	4.550612E-13	4.398587E-16	5.154845E-14	2.549077E-05	1.108285E-15	1.873082E-13	8.334794E-18	1.380920E-15	1.389881E-13	7.300988E-08	9.999946E-02	2.177519E-12	3.434017E-11	2.263826E-10	2.999984E-04	4.184561E-04	9.991376E-01	1.259609E-04	1.000000E+00	
0.000000E+00	1.991219E-15	5.416912E-07	0.000000E+00	3.659243E-14	1.043248E-22	9.649826E-13	2.540840E-23	1.256850E-09	1.149280E-10	0.000000E+00	9.992697E-05	1.368126E-21	8.316921E-13	1.412439E-15	2.252166E-14	4.909790E-13	5.201641E-16	5.682030E-14	2.542453E-05	1.312191E-15	2.014688E-13	9.864645E-18	1.506637E-15	1.512107E-13	7.298847E-08	9.999946E-02	2.177638E-12	3.447568E-11	2.272421E-10	2.999984E-04	4.551879E-04	9.990642E-01	1.258946E-04	1.000000E+00	
0.000000E+00	2.431269E-15	5.415889E-07	0.000000E+00	4.025024E-14	1.426066E-22	9.704438E-13	3.474614E-23	1.252265E-09	1.261964E-10	0.000000E+00	9.992701E-05	1.869042E-21	1.013199E-12	1.910043E-15	2.264515E-14	5.389290E-13	6.396465E-16	6.533176E-14	2.533537E-05	1.615935E-15	2.206788E-13	1.214196E-17	1.681053E-15	1.677660E-13	7.295623E-08	9.999946E-02	2.177800E-12	3.467373E-11	2.285053E-10	2.999984E-04	5.049246E-04	9.989648E-01	1.258053E-04	1.000000E+00	
0.000000E+00	3.131540E-15	5.414430E-07	0.000000E+00	4.544049E-14	2.116028E-22	9.789994E-13	5.158679E-23	1.245827E-09	1.418445E-10	0.000000E+00	9.992706E-05	2.770943E-21	1.298366E-12	2.792554E-15	2.283922E-14	6.056504E-13	8.304420E-16	8.037401E-14	2.520987E-05	2.101714E-15	2.480127E-13	1.578054E-17	1.937576E-15	1.912707E-13	7.290611E-08	9.999946E-02	2.178030E-12	3.498337E-11	2.304910E-10	2.999983E-04	5.755089E-04	9.988238E-01	1.256798E-04	1.000000E+00	
0.000000E+00	4.350007E-15	5.414790E-07	0.000000E+00	5.323833E-14	3.536892E-22	9.959790E-13	8.613895E-23	1.219703E-09	1.622316E-10	0.000000E+00	9.992695E-05	4.630504E-21	1.756924E-12	4.480338E-15	2.319659E-14	6.907915E-13	1.164352E-15	1.099696E-13	2.495672E-05	2.947427E-15	2.901473E-13	2.215387E-17	2.333814E-15	2.264574E-13	7.301500E-08	9.999946E-02	2.178238E-12	3.555165E-11	2.341744E-10	2.999983E-04	6.820482E-04	9.986109E-01	1.254265E-04	1.000000E+00	
0.000000E+00	6.890724E-15	5.410981E-07	0.000000E+00	6.651448E-14	7.193171E-22	1.025064E-12	1.754326E-22	1.204199E-09	1.985384E-10	0.000000E+00	9.992709E-05	9.396648E-21	2.721257E-12	8.798841E-15	2.385888E-14	8.463000E-13	1.861757E-15	1.830054E-13	2.464992E-05	4.728410E-15	3.609823E-13	3.547420E-17	3.090854E-15	2.866075E-13	7.287082E-08	9.999946E-02	2.178826E-12	3.659948E-11	2.409573E-10	2.999983E-04	8.626855E-04	9.982500E-01	1.251195E-04	1.000000E+00	
0.000000E+00	1.223664E-14	5.404756E-07	0.000000E+00	8.793811E-14	1.736971E-21	1.083312E-12	4.245627E-22	1.179919E-09	2.524285E-10	0.000000E+00	9.992732E-05	2.261131E-20	4.634008E-12	2.012671E-14	2.518720E-14	1.078965E-12	3.332900E-15	3.733490E-13	2.416871E-05	8.502471E-15	4.765617E-13	6.359978E-17	4.530086E-15	3.838473E-13	7.263565E-08	9.999946E-02	2.179780E-12	3.869629E-11	2.545668E-10	2.999983E-04	1.154362E-03	9.976671E-01	1.246380E-04	1.000000E+00	
0.000000E+00	2.520305E-14	5.393753E-07	0.000000E+00	1.250970E-13	5.239537E-21	1.213468E-12	1.285356E-21	1.139793E-09	3.336590E-10	0.000000E+00	9.992772E-05	6.780687E-20	8.824357E-12	5.549575E-14	2.815791E-14	1.434487E-12	6.901496E-15	9.627769E-13	2.337236E-05	1.772097E-14	6.807873E-13	1.318993E-16	7.807737E-15	5.529386E-13	7.223459E-08	9.999946E-02	2.181447E-12	4.338471E-11	2.850130E-10	2.999982E-04	1.660815E-03	9.966550E-01	1.238409E-04	1.000000E+00	
0.000000E+00	6.061788E-14	5.374842E-07	0.000000E+00	1.921008E-13	1.996475E-20	1.520159E-12	4.920730E-21	1.065295E-09	4.441950E-10	0.000000E+00	9.992826E-05	2.560381E-19	1.822291E-11	1.795236E-13	3.513171E-14	1.927053E-12	1.660543E-14	3.009706E-12	2.203389E-05	4.299725E-14	1.062760E-12	3.178619E-16	1.668010E-14	8.579725E-13	7.168608E-08	9.999946E-02	2.184395E-12	5.442778E-11	3.565244E-10	2.999981E-04	2.576019E-03	9.948259E-01	1.225012E-04	1.000000E+00	
0.000000E+00	1.786706E-13	5.332482E-07	0.000000E+00	3.253207E-13	1.030278E-19	2.317823E-12	2.564433E-20	9.529869E-10	5.844728E-10	0.000000E+00	9.992938E-05	1.298732E-18	4.097616E-11	7.027844E-13	5.331333E-14	2.589115E-12	4.851425E-14	1.149405E-11	1.978530E-05	1.276225E-13	1.866973E-12	9.301784E-16	4.832953E-14	1.466119E-12	7.052771E-08	9.999947E-02	2.190641E-12	8.346160E-11	5.429296E-10	2.999978E-04	4.402356E-03	9.911755E-01	1.202495E-04	1.000000E+00	
0.000000E+00	6.411376E-13	5.239057E-07	0.000000E+00	6.041899E-13	7.114956E-19	4.341531E-12	1.796061E-19	7.757591E-10	6.868352E-10	0.000000E+00	9.993110E-05	8.721158E-18	8.946247E-11	2.965943E-12	9.933887E-14	3.156107E-12	1.696545E-13	4.723958E-11	1.623201E-05	4.568627E-13	3.753782E-12	3.256906E-15	1.764487E-13	2.725506E-12	6.873100E-08	9.999948E-02	2.204684E-12	1.582831E-10	1.014999E-09	2.999972E-04	8.257865E-03	9.834680E-01	1.166886E-04	1.000000E+00	
0.000000E+00	2.460440E-12	5.048575E-07	0.000000E+00	1.153881E-12	5.332243E-18	8.453901E-12	1.360629E-18	5.594453E-10	6.510963E-10	0.000000E+00	9.993291E-05	6.311787E-17	1.576147E-10	1.050613E-11	1.923389E-13	3.151447E-12	6.181759E-13	1.624463E-10	1.192132E-05	1.703665E-12	8.270118E-12	1.185485E-14	6.147551E-13	5.080875E-12	6.675959E-08	9.999950E-02	2.236574E-12	3.139377E-10	1.971164E-09	2.999961E-04	1.599416E-02	9.679998E-01	1.123605E-04	1.000000E+00	
0.000000E+00	8.969422E-12	4.711910E-07	0.000000E+00	2.140135E-12	3.550421E-17	1.485386E-11	9.009295E-18	3.662219E-10	5.033614E-10	0.000000E+00	9.993411E-05	4.064981E-16	2.092201E-10	2.742635E-11	3.356485E-13	2.603321E-12	2.073833E-12	4.124407E-10	8.024561E-06	5.767151E-12	1.886445E-11	3.949525E-14	1.721451E-12	8.787692E-12	6.529091E-08	9.999953E-02	2.308661E-12	5.627984E-10	3.455826E-09	2.999944E-04	3.035486E-02	9.392823E-01	1.084310E-04	1.000000E+00	
0.000000E+00	2.445208E-11	4.302957E-07	0.000000E+00	3.441778E-12	1.482680E-16	2.132489E-11	3.653796E-17	2.455039E-10	3.655945E-10	0.000000E+00	9.993420E-05	1.661292E-15	2.183994E-10	4.855019E-11	4.779026E-13	2.023741E-12	5.168187E-12	7.170637E-10	5.584695E-06	1.415892E-11	3.741183E-11	9.704513E-14	3.405875E-12	1.276303E-11	6.490920E-08	9.999957E-02	2.432345E-12	8.199125E-10	4.954056E-09	2.999926E-04	5.029913E-02	8.993961E-01	1.059501E-04	1.000000E+00	
0.000000E+00	4.490950E-11	3.981198E-07	0.000000E+00	4.576573E-12	3.458468E-16	2.556207E-11	8.225836E-17	1.870353E-10	2.881149E-10	0.000000E+00	9.993374E-05	3.831988E-15	2.082689E-10	6.396123E-11	5.688632E-13	1.683884E-12	8.916295E-12	9.357991E-10	4.385914E-06	2.384765E-11	5.767366E-11	1.648227E-13	4.940522E-12	1.558288E-11	6.514989E-08	9.999960E-02	2.566915E-12	9.912280E-10	5.935105E-09	2.999913E-04	6.865453E-02	8.626866E-01	1.047186E-04	1.000000E+00	
0.000000E+00	6.591805E-11	3.745611E-07	0.000000E+00	5.458823E-12	5.828615E-16	2.824953E-11	1.349077E-16	1.564230E-10	2.451615E-10	0.000000E+00	9.993360E-05	6.392524E-15	1.978395E-10	7.478127E-11	6.268310E-13	1.505533E-12	1.253913E-11	1.084064E-09	3.665775E-06	3.296479E-11	7.587603E-11	2.284373E-13	6.256445E-12	1.749019E-11	6.514282E-08	9.999963E-02	2.690582E-12	1.104126E-09	6.572990E-09	2.999905E-04	8.358666E-02	8.328230E-01	1.039747E-04	1.000000E+00	
0.000000E+00	8.625367E-11	3.562271E-07	0.000000E+00	6.151569E-12	8.290082E-16	3.011469E-11	1.888301E-16	1.382242E-10	2.189853E-10	0.000000E+00	9.993404E-05	8.972649E-15	1.903222E-10	8.355233E-11	6.695293E-13	1.416315E-12	1.585602E-11	1.196125E-09	3.117549E-06	4.142653E-11	9.131209E-11	2.849732E-13	7.521341E-12	1.887159E-11	6.459007E-08	9.999964E-02	2.801025E-12	1.188940E-09	7.047101E-09	2.999899E-04	9.574605E-02	8.085048E-01	1.034086E-04	1.000000E+00	
0.000000E+00	1.029185E-10	3.449141E-07	0.000000E+00	6.691281E-12	1.065328E-15	3.100924E-11	2.348501E-16	1.246241E-10	1.985686E-10	0.000000E+00	9.993267E-05	1.158262E-14	1.795775E-10	8.647344E-11	6.835852E-13	1.296832E-12	1.870801E-11	1.243789E-09	2.971661E-06	4.749060E-11	1.055981E-10	3.329077E-13	8.017018E-12	1.977429E-11	6.590045E-08	9.999966E-02	2.891244E-12	1.221829E-09	7.223094E-09	2.999896E-04	1.054538E-01	7.890894E-01	1.032500E-04	1.000000E+00	
0.000000E+00	1.202438E-10	3.339819E-07	0.000000E+00	7.178958E-12	1.313185E-15	3.184981E-11	2.833872E-16	1.145940E-10	1.835092E-10	0.000000E+00	9.993219E-05	1.423529E-14	1.721603E-10	9.028317E-11	7.002245E-13	1.228094E-12	2.154724E-11	1.295075E-09	2.749610E-06	5.385343E-11	1.188001E-10	3.794425E-13	8.710241E-12	2.058582E-11	6.632538E-08	9.999967E-02	2.980735E-12	1.258882E-09	7.422183E-09	2.999894E-04	1.144472E-01	7.711027E-01	1.030166E-04	1.000000E+00	
0.000000E+00	1.375190E-10	3.244596E-07	0.000000E+00	7.630282E-12	1.575791E-15	3.248411E-11	3.324681E-16	1.061612E-10	1.706919E-10	0.000000E+00	9.993153E-05	1.706227E-14	1.649810E-10	9.309814E-11	7.116504E-13	1.165055E-12	2.439636E-11	1.334127E-09	2.583148E-06	5.991964E-11	1.319754E-10	4.252892E-13	9.290698E-12	2.129058E-11	6.693446E-08	9.999968E-02	3.068816E-12	1.286478E-09	7.566319E-09	2.999892E-04	1.229452E-01	7.541069E-01	1.028399E-04	1.000000E+00	
0.000000E+00	1.563320E-10	3.149275E-07	0.000000E+00	8.073782E-12	1.865047E-15	3.306479E-11	3.860363E-16	9.888152E-11	1.595885E-10	0.000000E+00	9.993120E-05	2.011103E-14	1.587318E-10	9.623994E-11	7.234269E-13	1.118132E-12	2.742452E-11	1.373699E-09	2.391583E-06	6.648685E-11	1.453183E-10	4.728181E-13	9.986577E-12	2.196662E-11	6.720738E-08	9.999969E-02	3.161561E-12	1.314890E-09	7.713558E-09	2.999890E-04	1.314770E-01	7.370436E-01	1.026385E-04	1.000000E+00	
0.000000E+00	1.755401E-10	3.064510E-07	0.000000E+00	8.505950E-12	2.182793E-15	3.347742E-11	4.411695E-16	9.218206E-11	1.492437E-10	0.000000E+00	9.993048E-05	2.352060E-14	1.520130E-10	9.823466E-11	7.298218E-13	1.065474E-12	3.060594E-11	1.401298E-09	2.260079E-06	7.283800E-11	1.595453E-10	5.219287E-13	1.052009E-11	2.258216E-11	6.788439E-08	9.999969E-02	3.256943E-12	1.333794E-09	7.805360E-09	2.999889E-04	1.399490E-01	7.200998E-01	1.024978E-04	1.000000E+00	
0.000000E+00	1.966746E-10	2.978915E-07	0.000000E+00	8.943006E-12	2.539208E-15	3.383178E-11	5.015556E-16	8.606336E-11	1.397579E-10	0.000000E+00	9.992992E-05	2.729751E-14	1.456829E-10	1.003290E-10	7.357320E-13	1.020713E-12	3.407689E-11	1.427963E-09	2.115846E-06	7.974268E-11	1.745437E-10	5.741537E-13	1.112756E-11	2.318747E-11	6.840051E-08	9.999970E-02	3.359765E-12	1.352182E-09	7.892325E-09	2.999888E-04	1.486953E-01	7.026073E-01	1.023445E-04	1.000000E+00	
0.000000E+00	2.198263E-10	2.893576E-07	0.000000E+00	9.386068E-12	2.939168E-15	3.410867E-11	5.671731E-16	8.038398E-11	1.309096E-10	0.000000E+00	9.992942E-05	3.149787E-14	1.395177E-10	1.023312E-10	7.403515E-13	9.803559E-13	3.787656E-11	1.451975E-09	1.969930E-06	8.717654E-11	1.905113E-10	6.298051E-13	1.177899E-11	2.378084E-11	6.885228E-08	9.999971E-02	3.470738E-12	1.368632E-09	7.966205E-09	2.999887E-04	1.577476E-01	6.845029E-01	1.021895E-04	1.000000E+00	
0.000000E+00	2.438253E-10	2.815667E-07	0.000000E+00	9.827404E-12	3.384864E-15	3.425992E-11	6.350446E-16	7.501659E-11	1.224741E-10	0.000000E+00	9.992856E-05	3.626607E-14	1.330306E-10	1.033670E-10	7.406420E-13	9.348649E-13	4.198013E-11	1.466348E-09	1.864737E-06	9.452310E-11	2.079588E-10	6.887289E-13	1.227430E-11	2.434241E-11	6.967857E-08	9.999972E-02	3.588124E-12	1.377497E-09	7.995409E-09	2.999886E-04	1.669411E-01	6.661159E-01	1.020757E-04	1.000000E+00	
0.000000E+00	2.708657E-10	2.733728E-07	0.000000E+00	1.027991E-11	3.884497E-15	3.435751E-11	7.098198E-16	7.003475E-11	1.146325E-10	0.000000E+00	9.992799E-05	4.148719E-14	1.269803E-10	1.047907E-10	7.413136E-13	8.981982E-13	4.653380E-11	1.481842E-09	1.732208E-06	1.028319E-10	2.263646E-10	7.518001E-13	1.292487E-11	2.490858E-11	7.020288E-08	9.999973E-02	3.716766E-12	1.387528E-09	8.028549E-09	2.999886E-04	1.765789E-01	6.468404E-01	1.019344E-04	1.000000E+00	
0.000000E+00	2.993248E-10	2.656605E-07	0.000000E+00	1.073246E-11	4.439110E-15	3.434945E-11	7.873461E-16	6.533753E-11	1.071932E-10	0.000000E+00	9.992720E-05	4.733355E-14	1.208430E-10	1.055618E-10	7.388414E-13	8.596271E-13	5.149468E-11	1.490266E-09	1.622208E-06	1.112973E-10	2.463204E-10	8.186752E-13	1.348253E-11	2.545463E-11	7.095317E-08	9.999973E-02	3.854108E-12	1.392117E-09	8.028822E-09	2.999886E-04	1.864196E-01	6.271591E-01	1.018159E-04	1.000000E+00	
0.000000E+00	3.295159E-10	2.582526E-07	0.000000E+00	1.118566E-11	5.052514E-15	3.425041E-11	8.678005E-16	6.092933E-11	1.001803E-10	0.000000E+00	9.992630E-05	5.381714E-14	1.147804E-10	1.059109E-10	7.340909E-13	8.215807E-13	5.691670E-11	1.493502E-09	1.522483E-06	1.200752E-10	2.678005E-10	8.895299E-13	1.399412E-11	2.598723E-11	7.181990E-08	9.999974E-02	4.001274E-12	1.392825E-09	8.004897E-09	2.999886E-04	1.964861E-01	6.070262E-01	1.017079E-04	1.000000E+00	
0.000000E+00	3.615398E-10	2.510953E-07	0.000000E+00	1.163849E-11	5.727273E-15	3.406575E-11	9.507478E-16	5.680137E-11	9.358848E-11	0.000000E+00	9.992531E-05	6.095194E-14	1.088587E-10	1.059246E-10	7.274064E-13	7.848631E-13	6.284359E-11	1.492248E-09	1.428691E-06	1.292220E-10	2.908164E-10	9.643817E-13	1.447600E-11	2.650867E-11	7.276467E-08	9.999975E-02	4.158868E-12	1.393815E-09	7.960049E-09	2.999887E-04	2.067644E-01	5.864697E-01	1.016060E-04	1.000000E+00	
0.000000E+00	3.962742E-10	2.439029E-07	0.000000E+00	1.209281E-11	6.463996E-15	3.380073E-11	1.037031E-15	5.294978E-11	8.742508E-11	0.000000E+00	9.992442E-05	6.863093E-14	1.032152E-10	1.059535E-10	7.198596E-13	7.524526E-13	6.934730E-11	1.488955E-09	1.326302E-06	1.391299E-10	3.150855E-10	1.043018E-12	1.503026E-11	2.702425E-11	7.358999E-08	9.999976E-02	4.328338E-12	1.417798E-09	7.905179E-09	2.999888E-04	2.173123E-01	5.653741E-01	1.014956E-04	1.000000E+00	
0.000000E+00	4.327771E-10	2.370076E-07	0.000000E+00	1.254284E-11	7.263310E-15	3.345128E-11	1.123908E-15	4.934698E-11	8.164060E-11	0.000000E+00	9.992344E-05	7.695563E-14	9.772691E-11	1.056365E-10	7.104368E-13	7.209421E-13	7.643292E-11	1.481125E-09	1.231109E-06	1.494011E-10	3.409218E-10	1.125328E-12	1.554914E-11	2.752776E-11	7.450670E-08	9.999976E-02	4.508620E-12	1.438032E-09	7.829424E-09	2.999888E-04	2.279927E-01	5.440134E-01	1.013925E-04	1.000000E+00	
0.000000E+00	4.698059E-10	2.307037E-07	0.000000E+00	1.298316E-11	8.127967E-15	3.302805E-11	1.208472E-15	4.597698E-11	7.620720E-11	0.000000E+00	9.992216E-05	8.610385E-14	9.232756E-11	1.046683E-10	6.984560E-13	6.876804E-13	8.410643E-11	1.466989E-09	1.154847E-06	1.595536E-10	3.687618E-10	1.211549E-12	1.591764E-11	2.801684E-11	7.572644E-08	9.999977E-02	4.698637E-12	1.452634E-09	7.725367E-09	2.999890E-04	2.386636E-01	5.226717E-01	1.013087E-04	1.000000E+00	
0.000000E+00	5.092999E-10	2.244246E-07	0.000000E+00	1.341896E-11	9.051664E-15	3.253245E-11	1.293008E-15	4.284108E-11	7.114414E-11	0.000000E+00	9.992097E-05	9.573994E-14	8.722295E-11	1.037190E-10	6.858239E-13	6.581757E-13	9.247074E-11	1.451035E-09	1.071835E-06	1.704381E-10	3.978370E-10	1.300825E-12	1.635142E-11	2.849887E-11	7.684917E-08	9.999978E-02	4.900488E-12	1.465125E-09	7.612723E-09	2.999891E-04	2.494646E-01	5.010696E-01	1.012183E-04	1.000000E+00	
0.000000E+00	5.500530E-10	2.184634E-07	0.000000E+00	1.384516E-11	1.003490E-14	3.197358E-11	1.374589E-15	3.991929E-11	6.641514E-11	0.000000E+00	9.991967E-05	1.060077E-13	8.232341E-11	1.024777E-10	6.718142E-13	6.295892E-13	1.015363E-10	1.431423E-09	9.947944E-07	1.815922E-10	4.285433E-10	1.393276E-12	1.673891E-11	2.897091E-11	7.808891E-08	9.999978E-02	5.112910E-12	1.473666E-09	7.483706E-09	2.999892E-04	2.602570E-01	4.794850E-01	1.011340E-04	1.000000E+00	
0.000000E+00	5.905711E-10	2.130767E-07	0.000000E+00	1.425733E-11	1.108222E-14	3.137129E-11	1.450434E-15	3.719789E-11	6.199604E-11	0.000000E+00	9.991804E-05	1.171602E-13	7.757631E-11	1.006875E-10	6.559676E-13	5.996982E-13	1.113193E-10	1.406931E-09	9.331302E-07	1.924720E-10	4.614308E-10	1.489534E-12	1.696491E-11	2.943340E-11	7.966324E-08	9.999979E-02	5.334743E-12	1.476855E-09	7.333365E-09	2.999894E-04	2.709058E-01	4.581874E-01	1.010654E-04	1.000000E+00	
0.000000E+00	6.331529E-10	2.077377E-07	0.000000E+00	1.466048E-11	1.217795E-14	3.071379E-11	1.522768E-15	3.466972E-11	5.788728E-11	0.000000E+00	9.991647E-05	1.286747E-13	7.311676E-11	9.894977E-11	6.398359E-13	5.730866E-13	1.219196E-10	1.381285E-09	8.661519E-07	2.040452E-10	4.954697E-10	1.587942E-12	1.725430E-11	2.988864E-11	8.117204E-08	9.999979E-02	5.567386E-12	1.477865E-09	7.177858E-09	2.999896E-04	2.815486E-01	4.369019E-01	1.009915E-04	1.000000E+00	
0.000000E+00	6.774831E-10	2.025156E-07	0.000000E+00	1.505274E-11	1.331628E-14	3.000723E-11	1.590117E-15	3.231971E-11	5.406420E-11	0.000000E+00	9.991491E-05	1.405023E-13	6.891326E-11	9.719812E-11	6.233241E-13	5.489230E-13	1.333760E-10	1.354209E-09	7.975090E-07	2.162222E-10	5.306744E-10	1.688145E-12	1.758375E-11	3.033547E-11	8.267286E-08	9.999980E-02	5.809997E-12	1.476341E-09	7.016141E-09	2.999898E-04	2.921245E-01	4.157503E-01	1.009162E-04	1.000000E+00	
0.000000E+00	7.211946E-10	1.977835E-07	0.000000E+00	1.542912E-11	1.450855E-14	2.928229E-11	1.649276E-15	3.013455E-11	5.050043E-11	0.000000E+00	9.991302E-05	1.531309E-13	6.488407E-11	9.504857E-11	6.057203E-13	5.240130E-13	1.457082E-10	1.323889E-09	7.404748E-07	2.281310E-10	5.680200E-10	1.791700E-12	1.777560E-11	3.077604E-11	8.450843E-08	9.999980E-02	6.060903E-12	1.470416E-09	6.840776E-09	2.999900E-04	3.024666E-01	3.950660E-01	1.008525E-04	1.000000E+00	
0.000000E+00	7.651390E-10	1.933364E-07	0.000000E+00	1.579132E-11	1.574380E-14	2.853724E-11	1.700751E-15	2.810421E-11	4.718429E-11	0.000000E+00	9.991094E-05	1.663032E-13	6.106881E-11	9.273872E-11	5.876691E-13	4.999891E-13	1.589899E-10	1.291875E-09	6.876456E-07	2.401561E-10	6.070555E-10	1.897744E-12	1.792016E-11	3.121064E-11	8.653550E-08	9.999981E-02	6.319983E-12	1.461459E-09	6.658551E-09	2.999903E-04	3.126114E-01	3.747765E-01	1.007932E-04	1.000000E+00	
0.000000E+00	8.091300E-10	1.891619E-07	0.000000E+00	1.613908E-11	1.701801E-14	2.778003E-11	1.743998E-15	2.621763E-11	4.409887E-11	0.000000E+00	9.990864E-05	1.800070E-13	5.746174E-11	9.029439E-11	5.693313E-13	4.768340E-13	1.732843E-10	1.258543E-09	6.387208E-07	2.522720E-10	6.478048E-10	2.006250E-12	1.801939E-11	3.163989E-11	8.877679E-08	9.999981E-02	6.586467E-12	1.450132E-09	6.471232E-09	2.999905E-04	3.225339E-01	3.549315E-01	1.007379E-04	1.000000E+00	
0.000000E+00	8.513396E-10	1.854595E-07	0.000000E+00	1.647027E-11	1.834646E-14	2.703706E-11	1.777533E-15	2.446457E-11	4.122547E-11	0.000000E+00	9.990589E-05	1.947566E-13	5.402405E-11	8.752678E-11	5.504585E-13	4.529564E-13	1.886610E-10	1.223250E-09	5.995752E-07	2.638289E-10	6.911587E-10	2.119167E-12	1.796254E-11	3.206808E-11	9.147514E-08	9.999981E-02	6.859317E-12	1.435702E-09	6.276360E-09	2.999908E-04	3.321423E-01	3.357148E-01	1.006923E-04	1.000000E+00	
0.000000E+00	8.943772E-10	1.818427E-07	0.000000E+00	1.678861E-11	1.969508E-14	2.628350E-11	1.803091E-15	2.283484E-11	3.855342E-11	0.000000E+00	9.990301E-05	2.097186E-13	5.080617E-11	8.483822E-11	5.319020E-13	4.311500E-13	2.052036E-10	1.188124E-09	5.587895E-07	2.758554E-10	7.357548E-10	2.233521E-12	1.794807E-11	3.248973E-11	9.429239E-08	9.999982E-02	7.137974E-12	1.420209E-09	6.082933E-09	2.999910E-04	3.415460E-01	3.169075E-01	1.006451E-04	1.000000E+00	
0.000000E+00	9.369385E-10	1.784576E-07	0.000000E+00	1.709277E-11	2.107295E-14	2.553881E-11	1.819681E-15	2.131883E-11	3.606537E-11	0.000000E+00	9.989982E-05	2.252555E-13	4.777288E-11	8.208545E-11	5.134608E-13	4.101674E-13	2.229987E-10	1.152669E-09	5.209794E-07	2.878884E-10	7.822510E-10	2.350757E-12	1.789588E-11	3.290749E-11	9.742227E-08	9.999982E-02	7.421201E-12	1.403244E-09	5.889015E-09	2.999913E-04	3.506800E-01	2.986395E-01	1.006007E-04	1.000000E+00	
0.000000E+00	9.805646E-10	1.751106E-07	0.000000E+00	1.738451E-11	2.245212E-14	2.479054E-11	1.828012E-15	1.990748E-11	3.374925E-11	0.000000E+00	9.989648E-05	2.407696E-13	4.493706E-11	7.945701E-11	4.955282E-13	3.911980E-13	2.421268E-10	1.117886E-09	4.813801E-07	3.005358E-10	8.297813E-10	2.468756E-12	1.791064E-11	3.331659E-11	1.007008E-07	9.999982E-02	7.707599E-12	1.386272E-09	5.698845E-09	2.999916E-04	3.595923E-01	2.808148E-01	1.005545E-04	1.000000E+00	
0.000000E+00	1.021292E-09	1.722110E-07	0.000000E+00	1.766071E-11	2.388540E-14	2.408603E-11	1.826415E-15	1.859305E-11	3.158745E-11	0.000000E+00	9.989245E-05	2.577151E-13	4.223580E-11	7.656793E-11	4.774936E-13	3.713303E-13	2.627444E-10	1.082256E-09	4.505814E-07	3.123284E-10	8.806337E-10	2.593215E-12	1.775867E-11	3.372801E-11	1.046601E-07	9.999983E-02	7.996319E-12	1.368313E-09	5.506283E-09	2.999918E-04	3.681454E-01	2.637087E-01	1.005168E-04	1.000000E+00	
0.000000E+00	1.062377E-09	1.693842E-07	0.000000E+00	1.792475E-11	2.531988E-14	2.339367E-11	1.816513E-15	1.736768E-11	2.957201E-11	0.000000E+00	9.988810E-05	2.748826E-13	3.970511E-11	7.377590E-11	4.600259E-13	3.529931E-13	2.849380E-10	1.047485E-09	4.192448E-07	3.245113E-10	9.330153E-10	2.719756E-12	1.764768E-11	3.413161E-11	1.089423E-07	9.999983E-02	8.285423E-12	1.351948E-09	5.318424E-09	2.999921E-04	3.764487E-01	2.471023E-01	1.004784E-04	1.000000E+00	
0.000000E+00	1.102614E-09	1.667390E-07	0.000000E+00	1.817612E-11	2.676953E-14	2.273006E-11	1.798047E-15	1.622442E-11	2.769030E-11	0.000000E+00	9.988321E-05	2.927564E-13	3.732064E-11	7.097913E-11	4.429902E-13	3.353367E-13	3.088717E-10	1.013261E-09	3.902350E-07	3.366435E-10	9.877326E-10	2.850479E-12	1.751244E-11	3.453023E-11	1.137592E-07	9.999983E-02	8.573490E-12	1.337502E-09	5.134048E-09	2.999923E-04	3.844646E-01	2.310705E-01	1.004419E-04	1.000000E+00	
0.000000E+00	1.139918E-09	1.644425E-07	0.000000E+00	1.841425E-11	2.826973E-14	2.211885E-11	1.770862E-15	1.515681E-11	2.592988E-11	0.000000E+00	9.987744E-05	3.123384E-13	3.505547E-11	6.803583E-11	4.261894E-13	3.172732E-13	3.347805E-10	9.791181E-10	3.670670E-07	3.479442E-10	1.046270E-09	2.989519E-12	1.725040E-11	3.493013E-11	1.194408E-07	9.999984E-02	8.859542E-12	1.325051E-09	4.951300E-09	2.999925E-04	3.921466E-01	2.157064E-01	1.004107E-04	1.000000E+00	
0.000000E+00	1.178189E-09	1.621249E-07	0.000000E+00	1.864192E-11	2.974508E-14	2.152491E-11	1.736248E-15	1.415906E-11	2.428566E-11	0.000000E+00	9.987118E-05	3.319603E-13	3.293864E-11	6.526893E-11	4.101852E-13	3.009530E-13	3.627521E-10	9.465025E-10	3.419449E-07	3.598910E-10	1.106362E-09	3.130821E-12	1.707673E-11	3.531683E-11	1.256096E-07	9.999984E-02	9.140184E-12	1.317000E-09	4.776131E-09	2.999928E-04	3.995965E-01	2.008067E-01	1.003770E-04	1.000000E+00	
0.000000E+00	1.079935E-09	1.735734E-07	0.000000E+00	1.876481E-11	3.361327E-14	2.162317E-11	1.665838E-15	1.311011E-11	2.242678E-11	0.000000E+00	9.984585E-05	4.214190E-13	2.961701E-11	5.334313E-11	3.754334E-13	2.261379E-13	3.914224E-10	8.663133E-10	6.752363E-07	3.199327E-10	1.248219E-09	3.518185E-12	1.122276E-11	3.601984E-11	1.508840E-07	9.999983E-02	9.410192E-12	1.250293E-09	4.400588E-09	2.999933E-04	4.026596E-01	1.946801E-01	1.006963E-04	1.000000E+00	
0.000000E+00	1.249145E-09	1.581165E-07	0.000000E+00	1.906225E-11	3.275374E-14	2.048819E-11	1.644748E-15	1.235744E-11	2.131230E-11	0.000000E+00	9.985570E-05	3.754485E-13	2.905725E-11	5.970099E-11	3.798224E-13	2.692811E-13	4.259058E-10	8.840779E-10	3.003071E-07	3.825014E-10	1.237207E-09	3.437267E-12	1.658656E-11	3.607008E-11	1.408750E-07	9.999984E-02	9.677075E-12	1.314697E-09	4.441621E-09	2.999932E-04	4.135794E-01	1.728408E-01	1.003160E-04	1.000000E+00	
0.000000E+00	1.280193E-09	1.565213E-07	0.000000E+00	1.925702E-11	3.433835E-14	2.005947E-11	1.588313E-15	1.153722E-11	1.995513E-11	0.000000E+00	9.984585E-05	4.009009E-13	2.725439E-11	5.680651E-11	3.652333E-13	2.532038E-13	4.620319E-10	8.538106E-10	2.852594E-07	3.924947E-10	1.310488E-09	3.609733E-12	1.619766E-11	3.644404E-11	1.505969E-07	9.999984E-02	9.932143E-12	1.321580E-09	4.280074E-09	2.999934E-04	4.201489E-01	1.597019E-01	1.002895E-04	1.000000E+00	
0.000000E+00	1.312076E-09	1.548842E-07	0.000000E+00	1.944293E-11	3.588203E-14	1.966543E-11	1.525888E-15	1.076891E-11	1.868494E-11	0.000000E+00	9.983480E-05	4.269647E-13	2.556872E-11	5.409785E-11	3.515384E-13	2.386222E-13	5.014162E-10	8.254539E-10	2.684343E-07	4.030503E-10	1.386733E-09	3.788549E-12	1.590322E-11	3.679741E-11	1.615049E-07	9.999985E-02	1.017134E-11	1.336833E-09	4.127726E-09	2.999935E-04	4.264944E-01	1.470109E-01	1.002600E-04	1.000000E+00	
0.000000E+00	1.342115E-09	1.534052E-07	0.000000E+00	1.961945E-11	3.744034E-14	1.933332E-11	1.457694E-15	1.004853E-11	1.749293E-11	0.000000E+00	9.982192E-05	4.553697E-13	2.397632E-11	5.142244E-11	3.384983E-13	2.244558E-13	5.446450E-10	7.984451E-10	2.533689E-07	4.131133E-10	1.468374E-09	3.980925E-12	1.558409E-11	3.713749E-11	1.742260E-07	9.999985E-02	1.039279E-11	1.360980E-09	3.982249E-09	2.999937E-04	4.325728E-01	1.348542E-01	1.002306E-04	1.000000E+00	
0.000000E+00	1.368942E-09	1.521718E-07	0.000000E+00	1.978668E-11	3.904410E-14	1.907818E-11	1.384257E-15	9.372568E-12	1.637247E-11	0.000000E+00	9.980665E-05	4.873747E-13	2.246530E-11	4.872740E-11	3.260321E-13	2.103163E-13	5.923552E-10	7.726203E-10	2.413036E-07	4.221128E-10	1.557128E-09	4.192280E-12	1.519115E-11	3.746653E-11	1.893160E-07	9.999985E-02	1.059364E-11	1.395339E-09	3.842940E-09	2.999938E-04	4.383704E-01	1.232589E-01	1.002021E-04	1.000000E+00	
0.000000E+00	1.392419E-09	1.511812E-07	0.000000E+00	1.994505E-11	4.069570E-14	1.890595E-11	1.306243E-15	8.738171E-12	1.531894E-11	0.000000E+00	9.978847E-05	5.236727E-13	2.103225E-11	4.602975E-11	3.141762E-13	1.962855E-13	6.452237E-10	7.481108E-10	2.319722E-07	4.299438E-10	1.653976E-09	4.425945E-12	1.473149E-11	3.778165E-11	2.072863E-07	9.999985E-02	1.076999E-11	1.442086E-09	3.710309E-09	2.999940E-04	4.438929E-01	1.122140E-01	1.001736E-04	1.000000E+00	
0.000000E+00	1.413728E-09	1.503416E-07	0.000000E+00	2.009517E-11	4.236165E-14	1.881566E-11	1.224355E-15	8.143366E-12	1.433013E-11	0.000000E+00	9.976693E-05	5.641360E-13	1.968079E-11	4.340094E-11	3.030760E-13	1.827915E-13	7.039591E-10	7.253231E-10	2.238967E-07	4.370190E-10	1.759014E-09	4.682367E-12	1.426219E-11	3.807446E-11	2.286006E-07	9.999985E-02	1.091678E-11	1.504511E-09	3.586014E-09	2.999940E-04	4.491600E-01	1.016797E-01	1.001432E-04	1.000000E+00	
0.000000E+00	1.433812E-09	1.495827E-07	0.000000E+00	2.023740E-11	4.401045E-14	1.881203E-11	1.139276E-15	7.586627E-12	1.340428E-11	0.000000E+00	9.974134E-05	6.087596E-13	1.841271E-11	4.088860E-11	2.928543E-13	1.700961E-13	7.694361E-10	7.046114E-10	2.160664E-07	4.436626E-10	1.872637E-09	4.962718E-12	1.382386E-11	3.833708E-11	2.539175E-07	9.999985E-02	1.102885E-11	1.586817E-09	3.471509E-09	2.999941E-04	4.541838E-01	9.163212E-02	1.001090E-04	1.000000E+00	
0.000000E+00	1.449722E-09	1.491109E-07	0.000000E+00	2.037150E-11	4.571582E-14	1.892544E-11	1.051866E-15	7.064852E-12	1.253430E-11	0.000000E+00	9.971021E-05	6.607891E-13	1.721083E-11	3.838486E-11	2.833127E-13	1.574890E-13	8.430095E-10	6.855302E-10	2.112996E-07	4.486303E-10	1.998627E-09	5.279957E-12	1.331574E-11	3.857616E-11	2.847361E-07	9.999985E-02	1.110278E-11	1.692894E-09	3.364858E-09	2.999941E-04	4.589294E-01	8.214089E-02	1.000727E-04	1.000000E+00	
0.000000E+00	1.463715E-09	1.487671E-07	0.000000E+00	2.049797E-11	4.740906E-14	1.915911E-11	9.629434E-16	6.577670E-12	1.172125E-11	0.000000E+00	9.967247E-05	7.196668E-13	1.608459E-11	3.599147E-11	2.746994E-13	1.455760E-13	9.259064E-10	6.687615E-10	2.073492E-07	4.527605E-10	2.136843E-09	5.633650E-12	1.282746E-11	3.877806E-11	3.221109E-07	9.999985E-02	1.113221E-11	1.830475E-09	3.268872E-09	2.999941E-04	4.634219E-01	7.315603E-02	1.000307E-04	1.000000E+00	
0.000000E+00	1.473851E-09	1.486947E-07	0.000000E+00	2.061671E-11	4.913816E-14	1.954368E-11	8.735528E-16	6.122548E-12	1.095973E-11	0.000000E+00	9.962591E-05	7.887268E-13	1.502264E-11	3.364799E-11	2.669066E-13	1.339611E-13	1.019978E-09	6.541058E-10	2.061117E-07	4.551897E-10	2.290994E-09	6.037316E-12	1.230001E-11	3.894500E-11	3.682466E-07	9.999985E-02	1.111286E-11	2.007496E-09	3.182590E-09	2.999940E-04	4.676381E-01	6.472353E-02	9.998279E-05	1.000000E+00	
0.000000E+00	1.468142E-09	1.498298E-07	0.000000E+00	2.072724E-11	5.126240E-14	2.013667E-11	7.856251E-16	5.686493E-12	1.022079E-11	0.000000E+00	9.956550E-05	8.835672E-13	1.395998E-11	3.097079E-11	2.587781E-13	1.204135E-13	1.128142E-09	6.387237E-10	2.202255E-07	4.508792E-10	2.474667E-09	6.545309E-12	1.137216E-11	3.911695E-11	4.281471E-07	9.999985E-02	1.104480E-11	2.227523E-09	3.093542E-09	2.999939E-04	4.714629E-01	5.707396E-02	9.993762E-05	1.000000E+00	
0.000000E+00	1.467429E-09	1.506221E-07	0.000000E+00	2.082829E-11	5.308732E-14	2.092556E-11	7.013475E-16	5.296374E-12	9.562638E-12	0.000000E+00	9.949175E-05	9.844226E-13	1.302668E-11	2.873944E-11	2.527993E-13	1.094325E-13	1.248487E-09	6.289392E-10	2.292590E-07	4.482590E-10	2.669503E-09	7.091016E-12	1.074337E-11	3.919087E-11	5.013065E-07	9.999985E-02	1.090437E-11	2.510490E-09	3.029330E-09	2.999937E-04	4.749915E-01	5.001667E-02	9.987368E-05	1.000000E+00	
0.000000E+00	1.462330E-09	1.518369E-07	0.000000E+00	2.092266E-11	5.495596E-14	2.194655E-11	6.199538E-16	4.928284E-12	8.939351E-12	0.000000E+00	9.939770E-05	1.106695E-12	1.213758E-11	2.655759E-11	2.475404E-13	9.877011E-14	1.387135E-09	6.213353E-10	2.439564E-07	4.434471E-10	2.890727E-09	7.731228E-12	1.008620E-11	3.921592E-11	5.946354E-07	9.999985E-02	1.070202E-11	2.877286E-09	2.974208E-09	2.999934E-04	4.782462E-01	4.350735E-02	9.979553E-05	1.000000E+00	
0.000000E+00	1.453684E-09	1.534758E-07	0.000000E+00	2.101199E-11	5.687426E-14	2.321359E-11	5.412622E-16	4.573907E-12	8.337599E-12	0.000000E+00	9.927633E-05	1.256208E-12	1.127676E-11	2.441704E-11	2.427492E-13	8.843977E-14	1.549893E-09	6.154398E-10	2.650510E-07	4.367597E-10	3.144144E-09	8.489661E-12	9.415404E-12	3.919360E-11	7.150994E-07	9.999985E-02	1.043850E-11	3.368902E-09	2.925366E-09	2.999930E-04	4.812819E-01	3.743598E-02	9.969688E-05	1.000000E+00	
0.000000E+00	1.443353E-09	1.554278E-07	0.000000E+00	2.109606E-11	5.877572E-14	2.477759E-11	4.664175E-16	4.234077E-12	7.759959E-12	0.000000E+00	9.911807E-05	1.437700E-12	1.045187E-11	2.237429E-11	2.386087E-13	7.875226E-14	1.742231E-09	6.119009E-10	2.917243E-07	4.289129E-10	3.433782E-09	9.386263E-12	8.782985E-12	3.911100E-11	8.722138E-07	9.999984E-02	1.010965E-11	4.042444E-09	2.885110E-09	2.999924E-04	4.840970E-01	3.180570E-02	9.956722E-05	1.000000E+00	
0.000000E+00	1.429493E-09	1.579504E-07	0.000000E+00	2.117484E-11	6.072061E-14	2.666340E-11	3.970340E-16	3.900110E-12	7.190997E-12	0.000000E+00	9.890764E-05	1.664801E-12	9.639084E-12	2.035413E-11	2.345601E-13	6.935956E-14	1.971217E-09	6.094933E-10	3.295836E-07	4.190708E-10	3.768974E-09	1.046902E-11	8.133486E-12	3.896846E-11	1.081153E-06	9.999984E-02	9.714060E-12	4.975976E-09	2.847292E-09	2.999915E-04	4.866602E-01	2.667935E-02	9.939714E-05	1.000000E+00	
0.000000E+00	1.409732E-09	1.614685E-07	0.000000E+00	2.124894E-11	6.280351E-14	2.878180E-11	3.349750E-16	3.551507E-12	6.595455E-12	0.000000E+00	9.862200E-05	1.959300E-12	8.788260E-12	1.823100E-11	2.291855E-13	5.979313E-14	2.245690E-09	6.047082E-10	3.894379E-07	4.061724E-10	4.162115E-09	1.180941E-11	7.392294E-12	3.876743E-11	1.364834E-06	9.999984E-02	9.252385E-12	6.278814E-09	2.795455E-09	2.999902E-04	4.889439E-01	2.211177E-02	9.917484E-05	1.000000E+00	
0.000000E+00	1.386445E-09	1.659664E-07	0.000000E+00	2.131874E-11	6.496985E-14	3.097244E-11	2.817088E-16	3.173435E-12	5.950285E-12	0.000000E+00	9.822858E-05	2.340988E-12	7.874955E-12	1.600834E-11	2.213374E-13	5.027329E-14	2.576846E-09	5.946096E-10	4.760449E-07	3.911299E-10	4.622350E-09	1.347206E-11	6.597060E-12	3.849049E-11	1.755626E-06	9.999983E-02	8.725652E-12	8.129101E-09	2.715791E-09	2.999885E-04	4.909580E-01	1.808353E-02	9.887248E-05	1.000000E+00	
0.000000E+00	1.363839E-09	1.711335E-07	0.000000E+00	2.138394E-11	6.712042E-14	3.309905E-11	2.384242E-16	2.765075E-12	5.256633E-12	0.000000E+00	9.767898E-05	2.831259E-12	6.909316E-12	1.377003E-11	2.105109E-13	4.129025E-14	2.979277E-09	5.778415E-10	5.856136E-07	3.755509E-10	5.158058E-09	1.552739E-11	5.819923E-12	3.811195E-11	2.301599E-06	9.999983E-02	8.136647E-12	1.083601E-08	2.602048E-09	2.999859E-04	4.927199E-01	1.455952E-02	9.843757E-05	1.000000E+00	
0.000000E+00	1.334348E-09	1.785887E-07	0.000000E+00	2.144852E-11	6.963995E-14	3.358385E-11	2.092774E-16	2.230902E-12	4.352116E-12	0.000000E+00	9.688901E-05	3.511903E-12	5.671093E-12	1.102083E-11	1.883713E-13	3.127854E-14	3.470265E-09	5.306227E-10	7.555101E-07	3.561363E-10	5.798195E-09	1.820473E-11	4.794746E-12	3.764240E-11	3.086673E-06	9.999982E-02	7.496365E-12	1.462442E-08	2.351561E-09	2.999824E-04	4.941929E-01	1.161348E-02	9.782489E-05	1.000000E+00	
0.000000E+00	1.306453E-09	1.877949E-07	0.000000E+00	2.151240E-11	7.245172E-14	3.169532E-11	1.950941E-16	1.610576E-12	3.307114E-12	0.000000E+00	9.574026E-05	4.442143E-12	4.271040E-12	8.100201E-12	1.555142E-13	2.167564E-14	4.072264E-09	4.521919E-10	9.488346E-07	3.359862E-10	6.551390E-09	2.166243E-11	3.713944E-12	3.703142E-11	4.228577E-06	9.999981E-02	6.811717E-12	2.012941E-08	1.967259E-09	2.999774E-04	4.954220E-01	9.154955E-03	9.687862E-05	1.000000E+00	
0.000000E+00	1.290336E-09	1.974098E-07	0.000000E+00	2.157265E-11	7.556690E-14	2.896584E-11	1.936564E-16	1.062672E-12	2.389232E-12	0.000000E+00	9.405295E-05	5.695112E-12	3.063946E-12	5.722799E-12	1.228356E-13	1.446740E-14	4.812698E-09	3.719036E-10	1.091402E-06	3.183663E-10	7.420647E-09	2.609129E-11	2.860989E-12	3.621609E-11	5.905133E-06	9.999980E-02	6.090694E-12	2.929058E-08	1.582292E-09	2.999687E-04	4.964418E-01	7.115268E-03	9.534345E-05	1.000000E+00	
0.000000E+00	1.284475E-09	2.088146E-07	0.000000E+00	2.163362E-11	7.970273E-14	2.553345E-11	2.063974E-16	6.099167E-13	1.634682E-12	0.000000E+00	9.153206E-05	7.491524E-12	2.084207E-12	3.864842E-12	9.224050E-14	9.199940E-15	5.716330E-09	2.943567E-10	1.172402E-06	3.012902E-10	8.426879E-09	3.201144E-11	2.170334E-12	3.514768E-11	8.407786E-06	9.999979E-02	5.348308E-12	4.563148E-08	1.220117E-09	2.999528E-04	4.972447E-01	5.509476E-03	9.291493E-05	1.000000E+00	
0.000000E+00	1.288419E-09	2.249364E-07	0.000000E+00	2.170528E-11	8.615203E-14	2.186827E-11	2.342365E-16	2.710146E-13	1.073773E-12	0.000000E+00	8.773138E-05	1.028333E-11	1.361517E-12	2.525163E-12	6.650330E-14	5.574559E-15	6.795664E-09	2.276261E-10	1.171224E-06	2.824574E-10	9.585211E-09	4.038209E-11	1.615554E-12	3.374063E-11	1.217475E-05	9.999978E-02	4.599805E-12	7.711180E-08	9.164604E-10	2.999217E-04	4.978380E-01	4.322801E-03	8.912918E-05	1.000000E+00	
0.000000E+00	1.331382E-09	2.393884E-07	0.000000E+00	2.176984E-11	9.523653E-14	2.399530E-11	2.848700E-16	1.374174E-13	8.722904E-13	0.000000E+00	8.209951E-05	1.440454E-11	1.107839E-12	2.119266E-12	5.914456E-14	4.392509E-15	8.043792E-09	2.236491E-10	1.125625E-06	2.688236E-10	1.079700E-08	5.168882E-11	1.440792E-12	3.177257E-11	1.773480E-05	9.999976E-02	3.851744E-12	1.464722E-07	8.692432E-10	2.998524E-04	4.982932E-01	3.412481E-03	8.346619E-05	1.000000E+00	
0.000000E+00	1.412583E-09	2.586918E-07	0.000000E+00	2.184841E-11	1.112234E-13	3.008785E-11	3.740480E-16	7.026977E-14	7.990669E-13	0.000000E+00	7.394142E-05	2.143332E-11	1.020390E-12	2.067627E-12	5.868258E-14	3.953034E-15	9.371125E-09	2.549191E-10	1.035795E-06	2.535312E-10	1.200712E-08	6.869420E-11	1.355644E-12	2.910545E-11	2.573807E-05	9.999974E-02	3.127487E-12	2.987585E-07	9.553635E-10	2.997000E-04	4.986001E-01	2.798820E-03	7.523763E-05	1.000000E+00	
0.000000E+00	1.587744E-09	2.689799E-07	0.000000E+00	2.189771E-11	1.380287E-13	4.677782E-11	5.625829E-16	5.423856E-14	8.556491E-13	0.000000E+00	6.291065E-05	3.303463E-11	1.112341E-12	2.537342E-12	6.724409E-14	4.637927E-15	1.060364E-08	3.541329E-10	9.799330E-07	2.435717E-10	1.291962E-08	9.333635E-11	1.490941E-12	2.548876E-11	3.642800E-05	9.999973E-02	2.450798E-12	6.374302E-07	1.279446E-09	2.993608E-04	4.988271E-01	2.344754E-03	6.416145E-05	1.000000E+00	
0.000000E+00	1.899643E-09	2.696500E-07	0.000000E+00	2.191440E-11	1.895713E-13	8.136761E-11	9.515038E-16	5.036465E-14	9.971425E-13	0.000000E+00	4.942114E-05	5.484299E-11	1.331476E-12	3.655258E-12	8.209214E-14	6.403414E-15	1.142996E-08	5.611156E-10	9.045940E-07	2.332948E-10	1.331687E-08	1.337198E-10	1.779925E-12	2.099125E-11	4.925096E-05	9.999973E-02	1.876531E-12	1.302701E-06	1.971767E-09	2.986946E-04	4.989770E-01	2.045095E-03	5.059757E-05	1.000000E+00	
0.000000E+00	2.394175E-09	2.771309E-07	0.000000E+00	2.195180E-11	3.037622E-13	1.291297E-10	1.688331E-15	5.049876E-14	1.231102E-12	0.000000E+00	3.518095E-05	1.052811E-10	1.689012E-12	5.896047E-12	1.031572E-13	8.460578E-15	1.147782E-08	9.885709E-10	7.235459E-07	2.141473E-10	1.320094E-08	2.173905E-10	2.073078E-12	1.614280E-11	6.270156E-05	9.999972E-02	1.482337E-12	2.092260E-06	3.464810E-09	2.979030E-04	4.990248E-01	1.949611E-03	3.618428E-05	1.000000E+00	
0.000000E+00	3.062386E-09	2.281156E-07	0.000000E+00	2.178641E-11	6.206705E-13	1.622665E-10	5.666469E-16	9.604448E-13	3.057913E-12	0.000000E+00	2.280372E-05	2.694932E-10	4.242789E-12	1.938571E-11	2.565830E-13	1.229077E-14	1.042152E-08	3.723215E-09	1.025027E-08	1.827315E-10	1.316497E-08	4.740821E-10	3.419815E-12	1.189416E-11	7.654669E-05	9.999977E-02	1.320139E-12	6.250614E-07	1.344981E-08	2.993574E-04	4.988637E-01	2.272591E-03	2.304540E-05	1.000000E+00	
0.000000E+00	3.994046E-09	2.651536E-07	0.000000E+00	2.190571E-11	1.657653E-12	7.595499E-13	2.108283E-15	9.962460E-13	3.562102E-12	0.000000E+00	1.259237E-05	9.231118E-10	4.988053E-12	3.018925E-11	2.724861E-13	1.213220E-14	7.654672E-09	6.799427E-09	1.183778E-09	1.352338E-10	1.298128E-08	1.415927E-09	2.255513E-12	8.184705E-12	8.706844E-05	9.999973E-02	1.429169E-12	3.160622E-07	2.594825E-08	2.996511E-04	4.983570E-01	3.285858E-03	1.286291E-05	1.000000E+00	
0.000000E+00	6.072207E-09	2.270746E-07	0.000000E+00	2.178919E-11	3.113927E-12	2.603571E-12	5.505562E-15	1.096959E-12	4.725674E-12	0.000000E+00	7.809706E-06	1.965719E-09	6.909680E-12	6.689149E-11	3.690592E-13	2.580492E-14	7.074670E-09	1.499491E-08	1.301103E-09	1.591464E-10	1.328540E-08	2.755759E-09	4.834678E-12	6.082032E-12	9.174033E-05	9.999977E-02	2.004343E-12	4.247040E-07	5.610371E-08	2.995041E-04	4.984486E-01	3.102592E-03	8.044431E-06	1.000000E+00	
0.000000E+00	7.593491E-09	1.201484E-07	0.000000E+00	2.142632E-11	4.738722E-12	7.518936E-12	1.058333E-14	1.251097E-12	5.702718E-12	0.000000E+00	5.967938E-06	4.423168E-09	8.490825E-12	1.084801E-10	5.194718E-13	4.104788E-14	7.160846E-09	2.974756E-08	1.498729E-09	1.837817E-10	1.625000E-08	5.670319E-09	9.125230E-12	5.362340E-12	9.297100E-05	9.999988E-02	2.455715E-12	1.027355E-06	1.029134E-07	2.988398E-04	4.984859E-01	3.027968E-03	6.097530E-06	1.000000E+00	
0.000000E+00	9.077176E-09	7.497428E-09	0.000000E+00	2.104193E-11	6.381122E-12	1.924357E-11	1.832293E-14	1.435581E-12	6.438986E-12	0.000000E+00	4.850490E-06	1.010190E-08	9.701264E-12	1.552931E-10	7.183391E-13	5.434775E-14	6.708819E-09	5.628022E-08	1.873492E-09	1.976327E-10	1.960847E-08	1.176250E-08	2.100834E-11	4.637528E-12	7.488462E-05	9.999999E-02	2.342498E-12	2.021648E-05	1.738552E-07	2.795532E-04	4.985170E-01	2.965666E-03	4.869364E-06	1.000000E+00	
0.000000E+00	1.912115E-08	1.917602E-09	0.000000E+00	2.103238E-11	1.713624E-11	1.165006E-10	8.780724E-14	1.674030E-12	9.486833E-12	0.000000E+00	1.905596E-06	2.420221E-08	1.474446E-11	5.973260E-10	9.756222E-13	1.591573E-13	3.142220E-09	1.729638E-07	2.810785E-09	2.103913E-10	1.257123E-08	2.517689E-08	1.622688E-10	2.076889E-12	1.827403E-05	1.000000E-01	1.191812E-12	7.975489E-05	5.915969E-07	2.194795E-04	4.985658E-01	2.867214E-03	1.930484E-06	1.000000E+00	
0.000000E+00	4.117796E-08	2.308233E-09	0.000000E+00	2.105086E-11	2.918511E-11	3.873382E-07	1.973854E-13	1.586887E-12	1.584835E-11	0.000000E+00	5.514762E-07	2.295632E-08	2.555070E-11	4.255020E-09	1.097431E-12	1.281887E-11	1.007061E-09	6.313813E-07	2.069584E-08	2.131241E-10	3.870165E-09	2.093703E-08	2.626455E-09	4.869076E-13	1.759119E-06	1.000000E-01	2.542345E-13	9.763776E-05	2.098531E-06	1.988507E-04	4.990695E-01	1.857259E-03	6.228610E-07	1.000000E+00	
0.000000E+00	4.979523E-08	2.410899E-09	0.000000E+00	2.105369E-11	3.384896E-11	2.470994E-06	2.572823E-13	1.450969E-12	1.777413E-11	0.000000E+00	2.586165E-07	2.955644E-08	2.929213E-11	9.498725E-09	1.064497E-12	1.297444E-10	4.404710E-10	1.474777E-06	1.724608E-08	1.461860E-10	2.050390E-09	2.483312E-08	6.563417E-09	1.928252E-13	4.258567E-07	1.000000E-01	7.719387E-14	9.925190E-05	3.510990E-06	1.908040E-04	4.991428E-01	1.707545E-03	3.445117E-07	1.000000E+00	
0.000000E+00	5.477353E-08	2.495127E-09	0.000000E+00	2.105598E-11	3.280640E-11	8.994486E-06	2.651815E-13	1.414689E-12	1.779465E-11	0.000000E+00	1.321536E-07	3.178196E-08	2.976520E-11	1.591304E-08	9.989327E-13	5.362395E-10	2.260657E-10	2.950590E-06	1.070139E-08	9.488926E-11	1.207099E-09	2.637319E-08	1.191883E-08	8.731018E-14	1.268970E-07	1.000000E-01	2.650165E-14	9.966931E-05	4.236441E-06	1.751257E-04	4.992056E-01	1.578304E-03	2.286909E-07	1.000000E+00	
0.000000E+00	5.862478E-08	2.524794E-09	0.000000E+00	2.105793E-11	2.796702E-11	2.134896E-05	2.355246E-13	1.474328E-12	1.639850E-11	0.000000E+00	7.329878E-08	2.798094E-08	2.773444E-11	2.085174E-08	9.653475E-13	1.230424E-09	1.389364E-10	4.648566E-06	6.424893E-09	6.169674E-11	8.246638E-10	2.392119E-08	1.691334E-08	4.603731E-14	5.221377E-08	1.000000E-01	1.213504E-14	9.980462E-05	4.568487E-06	1.482401E-04	4.992580E-01	1.469639E-03	1.800263E-07	1.000000E+00	
0.000000E+00	6.265033E-08	1.198963E-08	0.000000E+00	2.109277E-11	1.926942E-11	3.549692E-05	1.617824E-13	1.631333E-12	1.472581E-11	0.000000E+00	4.035248E-08	1.806830E-08	2.512707E-11	2.269969E-08	7.704569E-13	2.173982E-09	8.965134E-11	5.598032E-06	5.282788E-09	4.059461E-11	5.815122E-10	1.589235E-08	2.088371E-08	2.654349E-14	3.167902E-08	9.999999E-02	8.530098E-15	9.987239E-05	4.272821E-06	1.192149E-04	4.993177E-01	1.348730E-03	1.661560E-07	1.000000E+00	
0.000000E+00	6.510402E-08	1.153162E-08	0.000000E+00	2.109230E-11	1.730808E-11	4.339142E-05	1.470325E-13	1.720858E-12	1.367849E-11	0.000000E+00	3.326855E-08	1.602934E-08	2.341959E-11	2.275973E-08	7.461291E-13	2.576220E-09	8.103585E-11	5.818967E-06	4.417238E-09	3.580256E-11	5.590468E-10	1.424211E-08	2.306648E-08	2.214787E-14	2.693593E-08	9.999999E-02	7.582160E-15	9.988576E-05	4.162012E-06	1.032994E-04	4.993474E-01	1.289082E-03	1.628378E-07	1.000000E+00	
0.000000E+00	6.619033E-08	1.138682E-08	0.000000E+00	2.109252E-11	1.660585E-11	4.631559E-05	1.407566E-13	1.757517E-12	1.333185E-11	0.000000E+00	3.152641E-08	1.521469E-08	2.275109E-11	2.272997E-08	7.366605E-13	2.780392E-09	8.046232E-11	5.815836E-06	4.153026E-09	3.563162E-11	5.645858E-10	1.355032E-08	2.475079E-08	2.118451E-14	2.682984E-08	9.999999E-02	7.697709E-15	9.988743E-05	3.781247E-06	9.783122E-05	4.993701E-01	1.243996E-03	1.636298E-07	1.000000E+00	
0.000000E+00	6.654887E-08	1.135100E-08	0.000000E+00	2.109272E-11	1.638182E-11	4.713696E-05	1.383976E-13	1.769839E-12	1.325476E-11	0.000000E+00	3.117781E-08	1.493303E-08	2.256052E-11	2.274720E-08	7.337071E-13	2.863174E-09	8.107043E-11	5.793709E-06	4.080021E-09	3.610990E-11	5.703007E-10	1.330113E-08	2.561397E-08	2.105491E-14	2.732508E-08	9.999999E-02	7.893542E-15	9.988694E-05	3.563058E-06	9.642825E-05	4.993810E-01	1.222353E-03	1.644941E-07	1.000000E+00	
0.000000E+00	6.466170E-08	2.428465E-09	0.000000E+00	2.105956E-11	2.192431E-11	4.362626E-05	1.976973E-13	1.535298E-12	1.302395E-11	0.000000E+00	3.994551E-08	2.165951E-08	2.295522E-11	2.210613E-08	9.680948E-13	2.265411E-09	9.228324E-11	5.914554E-06	4.128938E-09	3.684800E-11	7.020097E-10	1.937846E-08	2.029230E-08	2.481378E-14	2.302395E-08	1.000000E-01	6.013776E-15	9.987485E-05	6.265751E-06	1.006454E-04	4.992976E-01	1.386209E-03	1.559470E-07	1.000000E+00	
