2.998428E-01	1.009669E-04	5.464951E-05	0.000000E+00	0.000000E+00	
2.998428E-01	1.009647E-04	5.464761E-05	0.000000E+00	4.354072E-22	
2.998428E-01	1.009644E-04	5.464738E-05	1.835356E-17	0.000000E+00	
2.998428E-01	1.009641E-04	5.464712E-05	0.000000E+00	4.757974E-20	
2.998428E-01	1.009638E-04	5.464683E-05	0.000000E+00	0.000000E+00	
2.998428E-01	1.009634E-04	5.464650E-05	6.354256E-18	0.000000E+00	
2.998428E-01	1.009630E-04	5.464613E-05	1.374443E-17	0.000000E+00	
2.998428E-01	1.009625E-04	5.464571E-05	0.000000E+00	0.000000E+00	
2.998428E-01	1.009620E-04	5.464525E-05	8.230302E-18	1.101291E-19	
2.998428E-01	1.009614E-04	5.464472E-05	3.453401E-17	4.564529E-19	
2.998428E-01	1.009607E-04	5.464413E-05	2.574583E-18	2.680401E-19	
2.998428E-01	1.009599E-04	5.464347E-05	2.820220E-17	6.920410E-20	
2.998428E-01	1.009590E-04	5.464272E-05	1.784910E-17	8.283325E-20	
2.998428E-01	1.009580E-04	5.464187E-05	0.000000E+00	0.000000E+00	
2.998428E-01	1.009569E-04	5.464093E-05	1.814096E-17	0.000000E+00	
2.998428E-01	1.009557E-04	5.463986E-05	0.000000E+00	0.000000E+00	
2.998428E-01	1.009542E-04	5.463865E-05	0.000000E+00	0.000000E+00	
2.998428E-01	1.009526E-04	5.463729E-05	0.000000E+00	9.097467E-20	
2.998428E-01	1.009507E-04	5.463575E-05	0.000000E+00	2.532103E-21	
2.998428E-01	1.009486E-04	5.463401E-05	0.000000E+00	0.000000E+00	
2.998428E-01	1.009462E-04	5.463203E-05	3.861441E-17	1.593850E-19	
2.998428E-01	1.009434E-04	5.462979E-05	0.000000E+00	8.899264E-20	
2.998428E-01	1.009402E-04	5.462723E-05	0.000000E+00	0.000000E+00	
2.998428E-01	1.009365E-04	5.462432E-05	0.000000E+00	0.000000E+00	
2.998428E-01	1.009322E-04	5.462097E-05	5.046164E-17	2.956716E-19	
2.998428E-01	1.009271E-04	5.461712E-05	0.000000E+00	3.287991E-20	
2.998428E-01	1.009210E-04	5.461265E-05	1.616139E-18	0.000000E+00	
2.998428E-01	1.009137E-04	5.460740E-05	0.000000E+00	0.000000E+00	
2.998429E-01	1.009046E-04	5.460117E-05	0.000000E+00	7.157397E-20	
2.998429E-01	1.008931E-04	5.459361E-05	0.000000E+00	1.271913E-19	
2.998429E-01	1.008779E-04	5.458414E-05	0.000000E+00	2.767426E-20	
2.998455E-01	9.938531E-05	5.346854E-05	0.000000E+00	0.000000E+00	
2.998455E-01	9.935225E-05	5.345078E-05	2.646689E-17	1.292729E-19	
2.998455E-01	9.930144E-05	5.342504E-05	4.302528E-17	3.044487E-19	
2.998456E-01	9.921686E-05	5.338447E-05	4.360369E-17	0.000000E+00	
2.998472E-01	9.817039E-05	5.264249E-05	1.409304E-18	0.000000E+00	
2.998474E-01	9.788352E-05	5.251541E-05	3.859895E-17	3.607948E-19	
2.998477E-01	9.728629E-05	5.225645E-05	0.000000E+00	1.169195E-19	
2.998490E-01	9.572645E-05	5.146744E-05	0.000000E+00	7.442837E-20	
2.998504E-01	9.353437E-05	5.053330E-05	3.131073E-17	0.000000E+00	
2.998528E-01	9.049331E-05	4.923777E-05	5.330744E-17	2.351324E-19	
2.998550E-01	8.803117E-05	4.830029E-05	3.937928E-17	1.975084E-19	
2.998520E-01	8.881253E-05	4.967770E-05	0.000000E+00	0.000000E+00	
2.998420E-01	9.371648E-05	5.410695E-05	5.511765E-17	1.470349E-19	
2.998522E-01	8.754360E-05	4.986224E-05	2.290639E-17	1.628674E-19	
2.998524E-01	8.703017E-05	4.994934E-05	0.000000E+00	0.000000E+00	
2.998543E-01	8.561586E-05	4.931036E-05	0.000000E+00	0.000000E+00	
2.998523E-01	8.633383E-05	5.033855E-05	1.643247E-17	6.242318E-21	
2.998543E-01	8.488395E-05	4.967275E-05	5.431030E-18	0.000000E+00	
2.998543E-01	8.455439E-05	4.990245E-05	4.998063E-17	2.394592E-19	
2.998533E-01	8.478656E-05	5.059812E-05	0.000000E+00	0.000000E+00	
2.998557E-01	8.315140E-05	4.983100E-05	0.000000E+00	0.000000E+00	
2.998546E-01	8.343111E-05	5.061185E-05	0.000000E+00	0.000000E+00	
2.998552E-01	8.273875E-05	5.063936E-05	0.000000E+00	0.000000E+00	
2.998565E-01	8.172211E-05	5.042584E-05	1.162394E-17	0.000000E+00	
2.998579E-01	8.062760E-05	5.016640E-05	5.518261E-18	0.000000E+00	
2.998576E-01	8.048976E-05	5.070318E-05	5.205269E-18	1.708116E-19	
2.998574E-01	8.024613E-05	5.117495E-05	4.712104E-17	6.660014E-20	
2.998593E-01	7.890884E-05	5.076279E-05	0.000000E+00	0.000000E+00	
2.998595E-01	7.849173E-05	5.112111E-05	0.000000E+00	0.000000E+00	
2.998598E-01	7.798975E-05	5.142150E-05	0.000000E+00	2.247677E-20	
2.998621E-01	7.647704E-05	5.088141E-05	1.427515E-18	3.817616E-19	
2.998627E-01	7.584846E-05	5.108573E-05	0.000000E+00	0.000000E+00	
2.998620E-01	7.589194E-05	5.191514E-05	0.000000E+00	7.786024E-20	
2.998628E-01	7.517355E-05	5.210915E-05	4.270768E-17	2.827473E-19	
2.998636E-01	7.441125E-05	5.226490E-05	0.000000E+00	2.163910E-19	
2.998645E-01	7.361148E-05	5.238419E-05	3.371035E-17	1.547096E-19	
2.998672E-01	7.193077E-05	5.168294E-05	1.554409E-17	1.387398E-19	
2.998687E-01	7.085738E-05	5.152403E-05	0.000000E+00	0.000000E+00	
2.998702E-01	6.976141E-05	5.132681E-05	0.000000E+00	0.000000E+00	
2.998704E-01	6.937807E-05	5.178717E-05	2.582152E-17	0.000000E+00	
2.998725E-01	6.799545E-05	5.127680E-05	3.242790E-17	1.338534E-19	
2.998738E-01	6.709135E-05	5.119826E-05	0.000000E+00	1.018552E-19	
2.998750E-01	6.617434E-05	5.108036E-05	2.007876E-17	1.403393E-19	
2.998778E-01	6.451171E-05	5.019591E-05	0.000000E+00	0.000000E+00	
2.998792E-01	6.358507E-05	4.999767E-05	0.000000E+00	0.000000E+00	
2.999497E-01	2.701771E-05	1.661376E-05	4.167565E-17	1.148131E-19	
2.998834E-01	6.101673E-05	4.875439E-05	0.000000E+00	0.000000E+00	
2.998873E-01	5.886476E-05	4.717693E-05	1.075461E-17	1.948986E-19	
2.998899E-01	5.740432E-05	4.624219E-05	0.000000E+00	0.000000E+00	
2.998928E-01	5.580732E-05	4.510522E-05	6.735235E-18	2.878136E-19	
2.998967E-01	5.372934E-05	4.340162E-05	9.646977E-18	0.000000E+00	
2.999016E-01	5.120509E-05	4.115696E-05	6.402272E-18	1.332225E-19	
2.999067E-01	4.860048E-05	3.874759E-05	0.000000E+00	0.000000E+00	
2.999115E-01	4.616730E-05	3.643734E-05	4.994037E-17	0.000000E+00	
2.999174E-01	4.321485E-05	3.350242E-05	2.708016E-17	3.944252E-19	
2.999227E-01	4.049186E-05	3.091792E-05	0.000000E+00	0.000000E+00	
2.999286E-01	3.746515E-05	2.799476E-05	0.000000E+00	0.000000E+00	
2.999394E-01	3.190874E-05	2.263086E-05	2.764551E-17	1.997216E-19	
2.999469E-01	2.801580E-05	1.882931E-05	0.000000E+00	0.000000E+00	
2.999537E-01	2.431208E-05	1.543323E-05	3.919843E-17	1.660862E-19	
2.999594E-01	2.094145E-05	1.260726E-05	7.992153E-19	1.115410E-19	
2.999648E-01	1.763842E-05	9.875885E-06	0.000000E+00	1.807623E-19	
2.999703E-01	1.413716E-05	7.068036E-06	0.000000E+00	1.879946E-19	
2.999737E-01	1.130110E-05	5.189606E-06	7.290808E-18	2.827523E-19	
2.999765E-01	8.512643E-06	3.479794E-06	0.000000E+00	0.000000E+00	
2.999779E-01	5.946031E-06	2.011845E-06	0.000000E+00	0.000000E+00	
2.999770E-01	4.164185E-06	1.202552E-06	0.000000E+00	0.000000E+00	
2.999738E-01	2.814992E-06	7.160073E-07	0.000000E+00	8.311731E-20	
2.999666E-01	1.700454E-06	3.537314E-07	0.000000E+00	0.000000E+00	
2.999519E-01	7.861651E-07	9.413763E-08	0.000000E+00	0.000000E+00	
2.999210E-01	6.105603E-07	6.616678E-08	1.264708E-18	0.000000E+00	
2.998519E-01	4.709060E-07	4.574877E-08	3.622342E-18	9.887047E-20	
2.996996E-01	3.010072E-07	2.592739E-08	0.000000E+00	0.000000E+00	
2.993607E-01	1.447929E-07	1.078884E-08	8.479549E-19	2.267841E-19	
2.986946E-01	1.173677E-08	2.503917E-10	0.000000E+00	7.979198E-20	
2.979030E-01	1.204358E-08	2.216600E-10	0.000000E+00	0.000000E+00	
2.993574E-01	1.361704E-08	1.970307E-10	0.000000E+00	6.286695E-20	
2.996511E-01	1.537662E-08	1.772841E-10	6.953037E-18	0.000000E+00	
2.995041E-01	1.680748E-08	1.677620E-10	3.614836E-18	0.000000E+00	
2.988398E-01	1.842479E-08	1.635864E-10	2.277971E-17	0.000000E+00	
2.795531E-01	1.883956E-08	1.507842E-10	1.646895E-17	0.000000E+00	
2.194795E-01	1.584159E-08	1.141649E-10	3.383242E-17	2.359215E-19	
1.988507E-01	1.478576E-08	1.017302E-10	0.000000E+00	2.224643E-20	
1.908040E-01	1.493090E-08	9.726579E-11	3.922128E-17	1.894281E-19	
1.751257E-01	1.439374E-08	8.914043E-11	2.216283E-18	0.000000E+00	
1.482401E-01	1.274505E-08	7.540793E-11	3.184988E-18	0.000000E+00	
1.192149E-01	1.061549E-08	6.063204E-11	0.000000E+00	0.000000E+00	
1.032994E-01	9.499060E-09	5.253512E-11	3.480415E-18	4.246262E-20	
9.783121E-02	9.275404E-09	4.975459E-11	2.205533E-18	5.119030E-20	
9.642824E-02	9.448667E-09	4.904159E-11	0.000000E+00	0.000000E+00	
1.006453E-01	1.028075E-08	5.118112E-11	0.000000E+00	0.000000E+00	
