3.024336E-16	4.000037E-21	5.042087E-18	9.642741E-314	1.529422E-314	0.000000E+00	0.000000E+00	
3.024336E-16	4.000029E-21	5.042087E-18	9.602539E-314	1.523028E-314	0.000000E+00	0.000000E+00	
3.024336E-16	4.000028E-21	5.042087E-18	9.597645E-314	1.522250E-314	0.000000E+00	0.000000E+00	
3.024336E-16	4.000027E-21	5.042087E-18	9.592156E-314	1.521377E-314	0.000000E+00	0.000000E+00	
3.024336E-16	4.000026E-21	5.042087E-18	9.586002E-314	1.520399E-314	0.000000E+00	0.000000E+00	
3.024336E-16	4.000025E-21	5.042087E-18	9.579102E-314	1.519301E-314	0.000000E+00	0.000000E+00	
3.024336E-16	4.000024E-21	5.042087E-18	9.571366E-314	1.518071E-314	0.000000E+00	0.000000E+00	
3.024336E-16	4.000022E-21	5.042087E-18	9.562693E-314	1.516692E-314	0.000000E+00	0.000000E+00	
3.024336E-16	4.000020E-21	5.042087E-18	9.552971E-314	1.515146E-314	0.000000E+00	0.000000E+00	
3.024336E-16	4.000018E-21	5.042087E-18	9.542075E-314	1.513413E-314	0.000000E+00	0.000000E+00	
3.024336E-16	4.000016E-21	5.042087E-18	9.529864E-314	1.511471E-314	0.000000E+00	0.000000E+00	
3.024336E-16	4.000013E-21	5.042087E-18	9.516181E-314	1.509295E-314	0.000000E+00	0.000000E+00	
3.024336E-16	4.000011E-21	5.042087E-18	9.500852E-314	1.506857E-314	0.000000E+00	0.000000E+00	
3.024336E-16	4.000007E-21	5.042087E-18	9.483683E-314	1.504127E-314	0.000000E+00	0.000000E+00	
3.024336E-16	4.000004E-21	5.042087E-18	9.464455E-314	1.501069E-314	0.000000E+00	0.000000E+00	
3.024336E-16	4.000000E-21	5.042087E-18	9.442927E-314	1.497646E-314	0.000000E+00	0.000000E+00	
3.024336E-16	3.999995E-21	5.042087E-18	9.418831E-314	1.493814E-314	0.000000E+00	0.000000E+00	
3.024336E-16	3.999990E-21	5.042087E-18	9.391868E-314	1.489527E-314	0.000000E+00	0.000000E+00	
3.024336E-16	3.999984E-21	5.099214E-18	9.361706E-314	1.484730E-314	0.000000E+00	0.000000E+00	
3.024336E-16	3.999978E-21	5.096368E-18	9.327979E-314	1.479367E-314	0.000000E+00	0.000000E+00	
3.024336E-16	3.999971E-21	5.093100E-18	9.290282E-314	1.473373E-314	0.000000E+00	0.000000E+00	
3.024336E-16	3.999963E-21	5.098781E-18	9.248166E-314	1.466676E-314	0.000000E+00	0.000000E+00	
3.024720E-16	3.999954E-21	5.098071E-18	9.201137E-314	1.459198E-314	0.000000E+00	0.000000E+00	
3.024391E-16	3.999944E-21	5.110099E-18	9.148655E-314	1.450852E-314	0.000000E+00	0.000000E+00	
3.024503E-16	3.999932E-21	5.093791E-18	9.090125E-314	1.441546E-314	0.000000E+00	0.000000E+00	
3.024632E-16	3.999919E-21	5.113564E-18	9.024897E-314	1.431174E-314	0.000000E+00	0.000000E+00	
3.024678E-16	3.999905E-21	5.115128E-18	8.952268E-314	1.419626E-314	0.000000E+00	0.000000E+00	
3.024702E-16	3.999889E-21	5.118498E-18	8.871470E-314	1.406779E-314	0.000000E+00	0.000000E+00	
3.024808E-16	3.999871E-21	5.146528E-18	8.781681E-314	1.392504E-314	0.000000E+00	0.000000E+00	
3.024732E-16	3.999851E-21	5.149700E-18	8.682015E-314	1.376658E-314	0.000000E+00	0.000000E+00	
3.024792E-16	3.999828E-21	5.157359E-18	8.571533E-314	1.359093E-314	0.000000E+00	0.000000E+00	
3.024884E-16	3.999803E-21	5.181555E-18	8.449240E-314	1.339651E-314	0.000000E+00	0.000000E+00	
3.024953E-16	3.999774E-21	5.199939E-18	8.314099E-314	1.318168E-314	0.000000E+00	0.000000E+00	
3.025101E-16	3.999742E-21	5.213111E-18	8.165036E-314	1.294472E-314	0.000000E+00	0.000000E+00	
3.025111E-16	3.999706E-21	5.234568E-18	8.000958E-314	1.268391E-314	0.000000E+00	0.000000E+00	
3.025209E-16	3.999666E-21	5.261109E-18	7.820778E-314	1.239752E-314	0.000000E+00	0.000000E+00	
3.025398E-16	3.999621E-21	5.279896E-18	7.623432E-314	1.208386E-314	0.000000E+00	0.000000E+00	
3.025478E-16	3.999570E-21	5.311228E-18	7.407920E-314	1.174136E-314	0.000000E+00	0.000000E+00	
3.025629E-16	3.999513E-21	5.338958E-18	7.173345E-314	1.136859E-314	0.000000E+00	0.000000E+00	
3.025716E-16	3.999449E-21	5.367382E-18	6.918968E-314	1.096439E-314	0.000000E+00	0.000000E+00	
3.025853E-16	3.999377E-21	5.400516E-18	6.644261E-314	1.052793E-314	0.000000E+00	0.000000E+00	
3.026037E-16	3.999297E-21	5.434967E-18	6.348981E-314	1.005884E-314	0.000000E+00	0.000000E+00	
3.026209E-16	3.999207E-21	5.477182E-18	6.033245E-314	9.557316E-315	0.000000E+00	0.000000E+00	
3.026466E-16	3.999105E-21	5.523724E-18	5.697612E-314	9.024264E-315	0.000000E+00	0.000000E+00	
3.026645E-16	3.998992E-21	5.575453E-18	5.343172E-314	8.461432E-315	0.000000E+00	0.000000E+00	
3.026926E-16	3.998865E-21	5.635264E-18	4.971634E-314	7.871556E-315	0.000000E+00	0.000000E+00	
3.027247E-16	3.998722E-21	5.701464E-18	4.585389E-314	7.258455E-315	0.000000E+00	0.000000E+00	
3.027596E-16	3.998561E-21	5.779034E-18	4.187576E-314	6.627136E-315	0.000000E+00	0.000000E+00	
3.027983E-16	3.998382E-21	5.864852E-18	3.782114E-314	5.983842E-315	0.000000E+00	0.000000E+00	
3.028429E-16	3.998180E-21	5.961915E-18	3.373664E-314	5.335993E-315	0.000000E+00	0.000000E+00	
3.028944E-16	3.997954E-21	6.071182E-18	2.967591E-314	4.692122E-315	0.000000E+00	0.000000E+00	
3.029491E-16	3.997700E-21	6.190652E-18	2.569791E-314	4.061597E-315	0.000000E+00	0.000000E+00	
3.030140E-16	3.997416E-21	6.328971E-18	2.186503E-314	3.454320E-315	0.000000E+00	0.000000E+00	
3.030858E-16	3.997097E-21	6.482345E-18	1.824000E-314	2.880235E-315	0.000000E+00	0.000000E+00	
3.031660E-16	3.996740E-21	6.654387E-18	1.488227E-314	2.348752E-315	0.000000E+00	0.000000E+00	
3.032579E-16	3.996339E-21	6.847482E-18	1.184414E-314	1.868132E-315	0.000000E+00	0.000000E+00	
3.033630E-16	3.995889E-21	7.067902E-18	9.166432E-315	1.444802E-315	0.000000E+00	0.000000E+00	
3.034820E-16	3.995385E-21	7.314629E-18	6.874946E-315	1.082792E-315	0.000000E+00	0.000000E+00	
3.036135E-16	3.994821E-21	7.590621E-18	4.977767E-315	7.833166E-316	0.000000E+00	0.000000E+00	
3.037663E-16	3.994188E-21	7.904634E-18	3.464288E-315	5.446255E-316	0.000000E+00	0.000000E+00	
3.039394E-16	3.993479E-21	8.259469E-18	2.306172E-315	3.621642E-316	0.000000E+00	0.000000E+00	
3.041314E-16	3.992684E-21	8.657059E-18	1.460455E-315	2.290732E-316	0.000000E+00	0.000000E+00	
3.043558E-16	3.991794E-21	9.112263E-18	8.744327E-316	1.369683E-316	0.000000E+00	0.000000E+00	
3.046150E-16	3.990797E-21	9.631089E-18	4.915823E-316	7.688198E-317	0.000000E+00	0.000000E+00	
3.049042E-16	3.989681E-21	1.021523E-17	2.574587E-316	4.019654E-317	0.000000E+00	0.000000E+00	
3.052352E-16	3.988431E-21	1.088040E-17	1.245229E-316	1.940399E-317	0.000000E+00	0.000000E+00	
3.056147E-16	3.987033E-21	1.163899E-17	5.507104E-317	8.562933E-318	0.000000E+00	0.000000E+00	
3.060427E-16	3.985468E-21	1.250103E-17	2.202368E-317	3.416098E-318	0.000000E+00	0.000000E+00	
3.065448E-16	3.983718E-21	1.349640E-17	7.864962E-318	1.216597E-318	0.000000E+00	0.000000E+00	
3.071254E-16	3.981762E-21	1.464088E-17	2.472754E-318	3.813248E-319	0.000000E+00	0.000000E+00	
3.078091E-16	3.979576E-21	1.596738E-17	6.736091E-319	0.000000E+00	0.000000E+00	0.000000E+00	
3.085844E-16	3.977135E-21	1.748625E-17	1.561445E-319	0.000000E+00	0.000000E+00	0.000000E+00	
3.094998E-16	3.974410E-21	1.925542E-17	0.000000E+00	0.000000E+00	0.000000E+00	0.000000E+00	
3.105697E-16	3.971371E-21	2.131203E-17	0.000000E+00	0.000000E+00	0.000000E+00	0.000000E+00	
3.118055E-16	3.967983E-21	2.369893E-17	0.000000E+00	0.000000E+00	0.000000E+00	0.000000E+00	
3.132900E-16	3.964210E-21	2.651526E-17	0.000000E+00	0.000000E+00	0.000000E+00	0.000000E+00	
3.135195E-16	3.960011E-21	2.871495E-17	0.000000E+00	0.000000E+00	0.000000E+00	0.000000E+00	
3.181543E-16	3.955345E-21	3.448676E-17	0.000000E+00	0.000000E+00	0.000000E+00	0.000000E+00	
3.205727E-16	3.950164E-21	3.908804E-17	0.000000E+00	0.000000E+00	0.000000E+00	0.000000E+00	
3.235448E-16	3.944419E-21	4.462448E-17	0.000000E+00	0.000000E+00	0.000000E+00	0.000000E+00	
3.271373E-16	3.938060E-21	5.127134E-17	0.000000E+00	0.000000E+00	0.000000E+00	0.000000E+00	
3.314825E-16	3.931033E-21	5.928665E-17	0.000000E+00	0.000000E+00	0.000000E+00	0.000000E+00	
3.367981E-16	3.923283E-21	6.903430E-17	0.000000E+00	0.000000E+00	0.000000E+00	0.000000E+00	
3.434136E-16	3.914754E-21	8.101442E-17	0.000000E+00	0.000000E+00	0.000000E+00	0.000000E+00	
3.517494E-16	3.905393E-21	9.587271E-17	0.000000E+00	0.000000E+00	0.000000E+00	0.000000E+00	
3.622226E-16	3.895147E-21	1.143872E-16	0.000000E+00	0.000000E+00	0.000000E+00	0.000000E+00	
3.754472E-16	3.883972E-21	1.376352E-16	0.000000E+00	0.000000E+00	0.000000E+00	0.000000E+00	
3.924330E-16	4.368854E-22	0.000000E+00	0.000000E+00	0.000000E+00	0.000000E+00	3.825783E-17	
0.000000E+00	5.824793E-22	2.939844E-18	2.909286E-17	0.000000E+00	0.000000E+00	0.000000E+00	
0.000000E+00	3.825783E-17	0.000000E+00	5.824701E-22	2.939844E-18	3.264252E-17	0.000000E+00	
0.000000E+00	0.000000E+00	0.000000E+00	3.825783E-17	0.000000E+00	5.824689E-22	2.939844E-18	
3.662540E-17	0.000000E+00	0.000000E+00	0.000000E+00	0.000000E+00	3.825783E-17	3.107210E-32	
5.824677E-22	2.939844E-18	4.109423E-17	0.000000E+00	0.000000E+00	0.000000E+00	0.000000E+00	
3.825783E-17	0.000000E+00	5.824663E-22	2.939844E-18	4.610831E-17	0.000000E+00	0.000000E+00	
0.000000E+00	0.000000E+00	3.825783E-17	0.000000E+00	5.824647E-22	2.939844E-18	5.173439E-17	
0.000000E+00	0.000000E+00	0.000000E+00	0.000000E+00	3.825783E-17	4.461706E-32	5.824629E-22	
2.939844E-18	5.804669E-17	0.000000E+00	0.000000E+00	0.000000E+00	0.000000E+00	3.825783E-17	
0.000000E+00	5.824609E-22	2.939844E-18	6.512913E-17	0.000000E+00	0.000000E+00	0.000000E+00	
0.000000E+00	3.825783E-17	0.000000E+00	5.824586E-22	2.939844E-18	7.307590E-17	0.000000E+00	
0.000000E+00	0.000000E+00	0.000000E+00	3.825783E-17	6.297604E-32	5.824561E-22	2.939844E-18	
8.199202E-17	0.000000E+00	0.000000E+00	0.000000E+00	0.000000E+00	3.825783E-17	1.397684E-31	
5.824532E-22	2.939844E-18	9.199627E-17	0.000000E+00	0.000000E+00	0.000000E+00	0.000000E+00	
3.825783E-17	0.000000E+00	5.824501E-22	2.939844E-18	1.032209E-16	0.000000E+00	0.000000E+00	
0.000000E+00	0.000000E+00	3.825783E-17	0.000000E+00	5.824465E-22	2.939844E-18	1.158150E-16	
0.000000E+00	0.000000E+00	0.000000E+00	0.000000E+00	3.825783E-17	0.000000E+00	5.824425E-22	
2.939844E-18	1.299458E-16	0.000000E+00	0.000000E+00	0.000000E+00	0.000000E+00	3.825783E-17	
1.111930E-31	5.824380E-22	2.939844E-18	1.458005E-16	0.000000E+00	0.000000E+00	0.000000E+00	
0.000000E+00	3.825783E-17	0.000000E+00	5.824329E-22	2.939844E-18	1.635895E-16	0.000000E+00	
0.000000E+00	0.000000E+00	0.000000E+00	3.825783E-17	0.000000E+00	5.824273E-22	2.939844E-18	
1.835487E-16	0.000000E+00	0.000000E+00	0.000000E+00	0.000000E+00	3.825783E-17	0.000000E+00	
5.824209E-22	2.939844E-18	2.059428E-16	0.000000E+00	0.000000E+00	0.000000E+00	0.000000E+00	
3.825783E-17	0.000000E+00	5.824138E-22	2.939844E-18	2.310687E-16	0.000000E+00	0.000000E+00	
0.000000E+00	0.000000E+00	3.825783E-17	3.956750E-31	5.824058E-22	2.939844E-18	2.592595E-16	
0.000000E+00	0.000000E+00	0.000000E+00	0.000000E+00	3.825783E-17	0.000000E+00	5.823968E-22	
2.939844E-18	2.908892E-16	0.000000E+00	0.000000E+00	0.000000E+00	0.000000E+00	3.825783E-17	
0.000000E+00	5.823868E-22	2.939844E-18	3.263766E-16	0.000000E+00	0.000000E+00	0.000000E+00	
0.000000E+00	3.825783E-17	0.000000E+00	5.823755E-22	2.939844E-18	3.661920E-16	0.000000E+00	
0.000000E+00	0.000000E+00	0.000000E+00	3.825783E-17	3.137705E-31	5.823628E-22	2.939844E-18	
4.108630E-16	0.000000E+00	0.000000E+00	0.000000E+00	0.000000E+00	3.825783E-17	0.000000E+00	
5.823486E-22	2.939844E-18	4.609803E-16	0.000000E+00	0.000000E+00	0.000000E+00	0.000000E+00	
3.825783E-17	3.949030E-31	5.823326E-22	2.939844E-18	5.172071E-16	0.000000E+00	0.000000E+00	
0.000000E+00	0.000000E+00	3.825783E-17	0.000000E+00	5.823148E-22	2.939844E-18	5.802862E-16	
