1.069885E+02
1.069877E+02
1.069876E+02
1.069875E+02
1.069874E+02
1.069872E+02
1.069871E+02
1.069869E+02
1.069867E+02
1.069865E+02
1.069862E+02
1.069860E+02
1.069857E+02
1.069853E+02
1.069850E+02
1.069845E+02
1.069840E+02
1.069835E+02
1.069829E+02
1.069822E+02
1.069815E+02
1.069806E+02
1.069796E+02
1.069786E+02
1.069774E+02
1.069760E+02
1.069745E+02
1.069728E+02
1.069708E+02
1.069687E+02
1.069663E+02
1.064049E+02
1.064019E+02
1.063985E+02
1.063947E+02
1.060484E+02
1.060436E+02
1.060383E+02
1.058883E+02
1.058816E+02
1.058741E+02
1.060095E+02
1.073388E+02
7.726248E+01
1.083219E+02
1.087526E+02
1.087371E+02
1.097390E+02
1.097194E+02
1.102733E+02
1.111550E+02
1.111269E+02
1.121369E+02
1.126898E+02
1.131118E+02
1.135304E+02
1.145433E+02
1.155588E+02
1.159674E+02
1.169804E+02
1.179931E+02
1.183827E+02
1.193856E+02
1.208778E+02
1.218737E+02
1.228611E+02
1.238374E+02
1.241481E+02
1.249056E+02
1.256329E+02
1.269353E+02
1.273910E+02
1.282241E+02
1.290189E+02
1.290914E+02
1.297870E+02
1.129490E+02
1.303108E+02
1.295883E+02
1.294606E+02
1.290895E+02
1.280877E+02
1.264578E+02
1.245782E+02
1.227268E+02
1.201189E+02
1.174012E+02
1.140982E+02
1.074025E+02
1.026165E+02
9.732810E+01
9.172469E+01
8.622790E+01
8.048848E+01
7.413394E+01
6.765200E+01
6.166678E+01
5.497715E+01
4.866634E+01
4.355215E+01
3.880250E+01
3.366340E+01
2.989538E+01
2.557279E+01
2.228563E+01
1.870294E+01
1.362052E+01
9.026476E+00
2.725000E+00
2.725000E+00
2.725000E+00
2.725000E+00
2.725000E+00
6.622636E+00
7.705397E+00
8.626454E+00
1.199468E+01
1.089467E+01
1.076450E+01
1.146348E+01
1.187909E+01
1.084460E+01
