   0.0000000000000000E+00   0.0000000000000000E+00   0.0000000000000000E+00   0.0000000000000000E+00   0.1590119226358525E+23   0.0000000000000000E+00   0.0000000000000000E+00   0.0000000000000000E+00   0.0000000000000000E+00   0.0000000000000000E+00   0.0000000000000000E+00   0.0000000000000000E+00 
   0.0000000000000000E+00   0.0000000000000000E+00   0.0000000000000000E+00   0.0000000000000000E+00   0.1590117636239299E+23   0.0000000000000000E+00   0.1590119226358525E+17   0.0000000000000000E+00   0.0000000000000000E+00   0.0000000000000000E+00   0.0000000000000000E+00   0.0000000000000000E+00 
   0.0000000000000000E+00   0.0000000000000000E+00   0.0000000000000000E+00   0.0000000000000000E+00   0.1590117442214502E+23   0.0000000000000000E+00   0.1784144023366300E+17   0.0000000000000000E+00   0.0000000000000000E+00   0.0000000000000000E+00   0.0000000000000000E+00   0.0000000000000000E+00 
   0.0000000000000000E+00   0.0000000000000000E+00   0.0000000000000000E+00   0.0000000000000000E+00   0.1590117224517292E+23   0.0000000000000000E+00   0.2001841233548000E+17   0.0000000000000000E+00   0.0000000000000000E+00   0.0000000000000000E+00   0.0000000000000000E+00   0.0000000000000000E+00 
   0.0000000000000000E+00   0.0000000000000000E+00   0.0000000000000000E+00   0.0000000000000000E+00   0.1590116980254843E+23   0.0000000000000000E+00   0.2246103682138000E+17   0.0000000000000000E+00   0.0000000000000000E+00   0.0000000000000000E+00   0.0000000000000000E+00   0.0000000000000000E+00 
   0.0000000000000000E+00   0.0000000000000000E+00   0.0000000000000000E+00   0.0000000000000000E+00   0.1590116706190278E+23   0.0000000000000000E+00   0.2520168247718550E+17   0.0000000000000000E+00   0.0000000000000000E+00   0.0000000000000000E+00   0.0000000000000000E+00   0.0000000000000000E+00 
   0.0000000000000000E+00   0.0000000000000000E+00   0.0000000000000000E+00   0.0000000000000000E+00   0.1590116398682184E+23   0.0000000000000000E+00   0.2827676341552675E+17   0.0000000000000000E+00   0.0000000000000000E+00   0.0000000000000000E+00   0.0000000000000000E+00   0.0000000000000000E+00 
   0.0000000000000000E+00   0.0000000000000000E+00   0.0000000000000000E+00   0.0000000000000000E+00   0.1590116053652835E+23   0.0000000000000000E+00   0.3172705690090750E+17   0.0000000000000000E+00   0.0000000000000000E+00   0.0000000000000000E+00   0.0000000000000000E+00   0.0000000000000000E+00 
   0.0000000000000000E+00   0.0000000000000000E+00   0.0000000000000000E+00   0.0000000000000000E+00   0.1590115666526476E+23   0.0000000000000000E+00   0.3559832048575500E+17   0.0000000000000000E+00   0.0000000000000000E+00   0.0000000000000000E+00   0.0000000000000000E+00   0.0000000000000000E+00 
   0.0000000000000000E+00   0.0000000000000000E+00   0.0000000000000000E+00   0.0000000000000000E+00   0.1590115232158353E+23   0.0000000000000000E+00   0.3994200171687750E+17   0.0000000000000000E+00   0.0000000000000000E+00   0.0000000000000000E+00   0.0000000000000000E+00   0.0000000000000000E+00 
   0.0000000000000000E+00   0.0000000000000000E+00   0.0000000000000000E+00   0.0000000000000000E+00   0.1590114744796758E+23   0.0000000000000000E+00   0.4481561767413499E+17   0.0000000000000000E+00   0.0000000000000000E+00   0.0000000000000000E+00   0.0000000000000000E+00   0.0000000000000000E+00 
   0.0000000000000000E+00   0.0000000000000000E+00   0.0000000000000000E+00   0.0000000000000000E+00   0.1590114197958675E+23   0.0000000000000000E+00   0.5028399849958000E+17   0.0000000000000000E+00   0.0000000000000000E+00   0.0000000000000000E+00   0.0000000000000000E+00   0.0000000000000000E+00 
   0.0000000000000000E+00   0.0000000000000000E+00   0.0000000000000000E+00   0.0000000000000000E+00   0.1590113584398928E+23   0.0000000000000000E+00   0.5641959596548250E+17   0.0000000000000000E+00   0.0000000000000000E+00   0.0000000000000000E+00   0.0000000000000000E+00   0.0000000000000000E+00 
   0.0000000000000000E+00   0.0000000000000000E+00   0.0000000000000000E+00   0.0000000000000000E+00   0.1590112895980579E+23   0.0000000000000000E+00   0.6330377946003499E+17   0.0000000000000000E+00   0.0000000000000000E+00   0.0000000000000000E+00   0.0000000000000000E+00   0.0000000000000000E+00 
   0.0000000000000000E+00   0.0000000000000000E+00   0.0000000000000000E+00   0.0000000000000000E+00   0.1590112123554585E+23   0.0000000000000000E+00   0.7102803940265000E+17   0.0000000000000000E+00   0.0000000000000000E+00   0.0000000000000000E+00   0.0000000000000000E+00   0.0000000000000000E+00 
   0.0000000000000000E+00   0.0000000000000000E+00   0.0000000000000000E+00   0.0000000000000000E+00   0.1590111256885744E+23   0.0000000000000000E+00   0.7969472780722000E+17   0.0000000000000000E+00   0.0000000000000000E+00   0.0000000000000000E+00   0.0000000000000000E+00   0.0000000000000000E+00 
   0.0000000000000000E+00   0.0000000000000000E+00   0.0000000000000000E+00   0.0000000000000000E+00   0.1590110284461385E+23   0.0000000000000000E+00   0.8941897140387250E+17   0.0000000000000000E+00   0.0000000000000000E+00   0.0000000000000000E+00   0.0000000000000000E+00   0.0000000000000000E+00 
   0.0000000000000000E+00   0.0000000000000000E+00   0.0000000000000000E+00   0.0000000000000000E+00   0.1590109193380277E+23   0.0000000000000000E+00   0.1003297824838600E+18   0.0000000000000000E+00   0.0000000000000000E+00   0.0000000000000000E+00   0.0000000000000000E+00   0.0000000000000000E+00 
   0.0000000000000000E+00   0.0000000000000000E+00   0.0000000000000000E+00   0.0000000000000000E+00   0.1590107969176751E+23   0.0000000000000000E+00   0.1125718177373025E+18   0.0000000000000000E+00   0.0000000000000000E+00   0.0000000000000000E+00   0.0000000000000000E+00   0.0000000000000000E+00 
   0.0000000000000000E+00   0.0000000000000000E+00   0.0000000000000000E+00   0.0000000000000000E+00   0.1590106595589274E+23   0.0000000000000000E+00   0.1263076925133750E+18   0.0000000000000000E+00   0.0000000000000000E+00   0.0000000000000000E+00   0.0000000000000000E+00   0.0000000000000000E+00 
   0.0000000000000000E+00   0.0000000000000000E+00   0.0000000000000000E+00   0.0000000000000000E+00   0.1590105054412330E+23   0.0000000000000000E+00   0.1417194619468275E+18   0.0000000000000000E+00   0.0000000000000000E+00   0.0000000000000000E+00   0.0000000000000000E+00   0.0000000000000000E+00 
   0.0000000000000000E+00   0.0000000000000000E+00   0.0000000000000000E+00   0.0000000000000000E+00   0.1590103325166262E+23   0.0000000000000000E+00   0.1590119226358525E+18   0.0000000000000000E+00   0.0000000000000000E+00   0.0000000000000000E+00   0.0000000000000000E+00   0.0000000000000000E+00 
   0.0000000000000000E+00   0.0000000000000000E+00   0.0000000000000000E+00   0.0000000000000000E+00   0.1590101384927548E+23   0.0000000000000000E+00   0.1784143097662225E+18   0.0000000000000000E+00   0.0000000000000000E+00   0.0000000000000000E+00   0.0000000000000000E+00   0.0000000000000000E+00 
   0.0000000000000000E+00   0.0000000000000000E+00   0.0000000000000000E+00   0.0000000000000000E+00   0.1590099207946190E+23   0.0000000000000000E+00   0.2001841233548000E+18   0.0000000000000000E+00   0.0000000000000000E+00   0.0000000000000000E+00   0.0000000000000000E+00   0.0000000000000000E+00 
   0.0000000000000000E+00   0.0000000000000000E+00   0.0000000000000000E+00   0.0000000000000000E+00   0.1590096765321704E+23   0.0000000000000000E+00   0.2246103682137999E+18   0.0000000000000000E+00   0.0000000000000000E+00   0.0000000000000000E+00   0.0000000000000000E+00   0.0000000000000000E+00 
   0.0000000000000000E+00   0.0000000000000000E+00   0.0000000000000000E+00   0.0000000000000000E+00   0.1590094024663705E+23   0.0000000000000000E+00   0.2520169481990650E+18   0.0000000000000000E+00   0.0000000000000000E+00   0.0000000000000000E+00   0.0000000000000000E+00   0.0000000000000000E+00 
   0.0000000000000000E+00   0.0000000000000000E+00   0.0000000000000000E+00   0.0000000000000000E+00   0.1590090949595110E+23   0.0000000000000000E+00   0.2827676341552674E+18   0.0000000000000000E+00   0.0000000000000000E+00   0.0000000000000000E+00   0.0000000000000000E+00   0.0000000000000000E+00 
   0.0000000000000000E+00   0.0000000000000000E+00   0.0000000000000000E+00   0.0000000000000000E+00   0.1590087499301624E+23   0.0000000000000000E+00   0.3172705690090750E+18   0.0000000000000000E+00   0.0000000000000000E+00   0.0000000000000000E+00   0.0000000000000000E+00   0.0000000000000000E+00 
   0.0000000000000000E+00   0.0000000000000000E+00   0.0000000000000000E+00   0.0000000000000000E+00   0.1590083628038039E+23   0.0000000000000000E+00   0.3559832048575500E+18   0.0000000000000000E+00   0.0000000000000000E+00   0.0000000000000000E+00   0.0000000000000000E+00   0.0000000000000000E+00 
   0.0000000000000000E+00   0.0000000000000000E+00   0.0000000000000000E+00   0.0000000000000000E+00   0.1590079284356808E+23   0.0000000000000000E+00   0.3994200171687751E+18   0.0000000000000000E+00   0.0000000000000000E+00   0.0000000000000000E+00   0.0000000000000000E+00   0.0000000000000000E+00 
   0.0000000000000000E+00   0.0000000000000000E+00   0.0000000000000000E+00   0.0000000000000000E+00   0.1590074410709994E+23   0.0000000000000000E+00   0.4481564853093750E+18   0.0000000000000000E+00   0.0000000000000000E+00   0.0000000000000000E+00   0.0000000000000000E+00   0.0000000000000000E+00 
   0.0000000000000000E+00   0.0000000000000000E+00   0.0000000000000000E+00   0.0000000000000000E+00   0.1590068942360026E+23   0.0000000000000000E+00   0.5028399849957998E+18   0.0000000000000000E+00   0.0000000000000000E+00   0.0000000000000000E+00   0.0000000000000000E+00   0.0000000000000000E+00 
   0.0000000000000000E+00   0.0000000000000000E+00   0.0000000000000000E+00   0.0000000000000000E+00   0.1590062806793416E+23   0.0000000000000000E+00   0.5641956510867999E+18   0.0000000000000000E+00   0.0000000000000000E+00   0.0000000000000000E+00   0.0000000000000000E+00   0.0000000000000000E+00 
   0.0000000000000000E+00   0.0000000000000000E+00   0.0000000000000000E+00   0.0000000000000000E+00   0.1590055922579065E+23   0.0000000000000000E+00   0.6330377946003500E+18   0.0000000000000000E+00   0.0000000000000000E+00   0.0000000000000000E+00   0.0000000000000000E+00   0.0000000000000000E+00 
   0.0000000000000000E+00   0.0000000000000000E+00   0.0000000000000000E+00   0.0000000000000000E+00   0.1590048198319122E+23   0.0000000000000000E+00   0.7102803940265001E+18   0.0000000000000000E+00   0.0000000000000000E+00   0.0000000000000000E+00   0.0000000000000000E+00   0.0000000000000000E+00 
   0.0000000000000000E+00   0.0000000000000000E+00   0.0000000000000000E+00   0.0000000000000000E+00   0.1590039531599861E+23   0.0000000000000000E+00   0.7969475866402253E+18   0.0000000000000000E+00   0.0000000000000000E+00   0.0000000000000000E+00   0.0000000000000000E+00   0.0000000000000000E+00 
   0.0000000000000000E+00   0.0000000000000000E+00   0.0000000000000000E+00   0.0000000000000000E+00   0.1590029807387121E+23   0.0000000000000000E+00   0.8941897140387250E+18   0.0000000000000000E+00   0.0000000000000000E+00   0.0000000000000000E+00   0.0000000000000000E+00   0.0000000000000000E+00 
   0.0000000000000000E+00   0.0000000000000000E+00   0.0000000000000000E+00   0.0000000000000000E+00   0.1590018896637755E+23   0.0000000000000000E+00   0.1003297207702550E+19   0.0000000000000000E+00   0.0000000000000000E+00   0.0000000000000000E+00   0.0000000000000000E+00   0.0000000000000000E+00 
   0.0000000000000000E+00   0.0000000000000000E+00   0.0000000000000000E+00   0.0000000000000000E+00   0.1590006654540788E+23   0.0000000000000000E+00   0.1125718177373025E+19   0.0000000000000000E+00   0.0000000000000000E+00   0.0000000000000000E+00   0.0000000000000000E+00   0.0000000000000000E+00 
   0.0000000000000000E+00   0.0000000000000000E+00   0.0000000000000000E+00   0.0000000000000000E+00   0.1589992918666012E+23   0.0000000000000000E+00   0.1263076925133750E+19   0.0000000000000000E+00   0.0000000000000000E+00   0.0000000000000000E+00   0.0000000000000000E+00   0.0000000000000000E+00 
   0.0000000000000000E+00   0.0000000000000000E+00   0.0000000000000000E+00   0.0000000000000000E+00   0.1589977506804008E+23   0.0000000000000000E+00   0.1417195545172350E+19   0.0000000000000000E+00   0.0000000000000000E+00   0.0000000000000000E+00   0.0000000000000000E+00   0.0000000000000000E+00 
   0.0000000000000000E+00   0.0000000000000000E+00   0.0000000000000000E+00   0.0000000000000000E+00   0.1589960214435889E+23   0.0000000000000000E+00   0.1590119226358525E+19   0.0000000000000000E+00   0.0000000000000000E+00   0.0000000000000000E+00   0.0000000000000000E+00   0.0000000000000000E+00 
   0.0000000000000000E+00   0.0000000000000000E+00   0.0000000000000000E+00   0.0000000000000000E+00   0.1589940812048759E+23   0.0000000000000000E+00   0.1784143097662225E+19   0.0000000000000000E+00   0.0000000000000000E+00   0.0000000000000000E+00   0.0000000000000000E+00   0.0000000000000000E+00 
   0.0000000000000000E+00   0.0000000000000000E+00   0.0000000000000000E+00   0.0000000000000000E+00   0.1589919042235170E+23   0.0000000000000000E+00   0.2001841233548000E+19   0.0000000000000000E+00   0.0000000000000000E+00   0.0000000000000000E+00   0.0000000000000000E+00   0.0000000000000000E+00 
   0.0000000000000000E+00   0.0000000000000000E+00   0.0000000000000000E+00   0.0000000000000000E+00   0.1589894615990311E+23   0.0000000000000000E+00   0.2246103682138000E+19   0.0000000000000000E+00   0.0000000000000000E+00   0.0000000000000000E+00   0.0000000000000000E+00   0.0000000000000000E+00 
   0.0000000000000000E+00   0.0000000000000000E+00   0.0000000000000000E+00   0.0000000000000000E+00   0.1589867209410326E+23   0.0000000000000000E+00   0.2520169481990651E+19   0.0000000000000000E+00   0.0000000000000000E+00   0.0000000000000000E+00   0.0000000000000000E+00   0.0000000000000000E+00 
   0.0000000000000000E+00   0.0000000000000000E+00   0.0000000000000000E+00   0.0000000000000000E+00   0.1589836458724370E+23   0.0000000000000000E+00   0.2827676341552676E+19   0.0000000000000000E+00   0.0000000000000000E+00   0.0000000000000000E+00   0.0000000000000000E+00   0.0000000000000000E+00 
   0.0000000000000000E+00   0.0000000000000000E+00   0.0000000000000000E+00   0.0000000000000000E+00   0.1589801955789516E+23   0.0000000000000000E+00   0.3172705690090750E+19   0.0000000000000000E+00   0.0000000000000000E+00   0.0000000000000000E+00   0.0000000000000000E+00   0.0000000000000000E+00 
   0.0000000000000000E+00   0.0000000000000000E+00   0.0000000000000000E+00   0.0000000000000000E+00   0.1589763243153667E+23   0.0000000000000000E+00   0.3559832048575501E+19   0.0000000000000000E+00   0.0000000000000000E+00   0.0000000000000000E+00   0.0000000000000000E+00   0.0000000000000000E+00 
   0.0000000000000000E+00   0.0000000000000000E+00   0.0000000000000000E+00   0.0000000000000000E+00   0.1589719806341356E+23   0.0000000000000000E+00   0.3994200171687751E+19   0.0000000000000000E+00   0.0000000000000000E+00   0.0000000000000000E+00   0.0000000000000000E+00   0.0000000000000000E+00 
   0.0000000000000000E+00   0.0000000000000000E+00   0.0000000000000000E+00   0.0000000000000000E+00   0.1589671069873216E+23   0.0000000000000000E+00   0.4481564853093751E+19   0.0000000000000000E+00   0.0000000000000000E+00   0.0000000000000000E+00   0.0000000000000000E+00   0.0000000000000000E+00 
   0.0000000000000000E+00   0.0000000000000000E+00   0.0000000000000000E+00   0.0000000000000000E+00   0.1589616386373529E+23   0.0000000000000000E+00   0.5028399849957998E+19   0.0000000000000000E+00   0.0000000000000000E+00   0.0000000000000000E+00   0.0000000000000000E+00   0.0000000000000000E+00 
   0.0000000000000000E+00   0.0000000000000000E+00   0.0000000000000000E+00   0.0000000000000000E+00   0.1589555030707438E+23   0.0000000000000000E+00   0.5641956510868000E+19   0.0000000000000000E+00   0.0000000000000000E+00   0.0000000000000000E+00   0.0000000000000000E+00   0.0000000000000000E+00 
   0.0000000000000000E+00   0.0000000000000000E+00   0.0000000000000000E+00   0.0000000000000000E+00   0.1589486188563925E+23   0.0000000000000000E+00   0.6330377946003502E+19   0.0000000000000000E+00   0.0000000000000000E+00   0.0000000000000000E+00   0.0000000000000000E+00   0.0000000000000000E+00 
   0.0000000000000000E+00   0.0000000000000000E+00   0.0000000000000000E+00   0.0000000000000000E+00   0.1589408945964499E+23   0.0000000000000000E+00   0.7102803940265000E+19   0.0000000000000000E+00   0.0000000000000000E+00   0.0000000000000000E+00   0.0000000000000000E+00   0.0000000000000000E+00 
   0.0000000000000000E+00   0.0000000000000000E+00   0.0000000000000000E+00   0.0000000000000000E+00   0.1589322278771885E+23   0.0000000000000000E+00   0.7969475866402250E+19   0.0000000000000000E+00   0.0000000000000000E+00   0.0000000000000000E+00   0.0000000000000000E+00   0.0000000000000000E+00 
   0.0000000000000000E+00   0.0000000000000000E+00   0.0000000000000000E+00   0.0000000000000000E+00   0.1589225036644486E+23   0.0000000000000000E+00   0.8941897140387249E+19   0.0000000000000000E+00   0.0000000000000000E+00   0.0000000000000000E+00   0.0000000000000000E+00   0.0000000000000000E+00 
   0.0000000000000000E+00   0.0000000000000000E+00   0.0000000000000000E+00   0.0000000000000000E+00   0.1589115929150823E+23   0.0000000000000000E+00   0.1003297207702550E+20   0.0000000000000000E+00   0.0000000000000000E+00   0.0000000000000000E+00   0.0000000000000000E+00   0.0000000000000000E+00 
   0.0000000000000000E+00   0.0000000000000000E+00   0.0000000000000000E+00   0.0000000000000000E+00   0.1588993508181152E+23   0.0000000000000000E+00   0.1125718177373024E+20   0.0000000000000000E+00   0.0000000000000000E+00   0.0000000000000000E+00   0.0000000000000000E+00   0.0000000000000000E+00 
   0.0000000000000000E+00   0.0000000000000000E+00   0.0000000000000000E+00   0.0000000000000000E+00   0.1588856149433391E+23   0.0000000000000000E+00   0.1263076925133750E+20   0.0000000000000000E+00   0.0000000000000000E+00   0.0000000000000000E+00   0.0000000000000000E+00   0.0000000000000000E+00 
   0.0000000000000000E+00   0.0000000000000000E+00   0.0000000000000000E+00   0.0000000000000000E+00   0.1588702030813353E+23   0.0000000000000000E+00   0.1417195545172351E+20   0.0000000000000000E+00   0.0000000000000000E+00   0.0000000000000000E+00   0.0000000000000000E+00   0.0000000000000000E+00 
   0.0000000000000000E+00   0.0000000000000000E+00   0.0000000000000000E+00   0.0000000000000000E+00   0.1588529107132167E+23   0.0000000000000000E+00   0.1590119226358526E+20   0.0000000000000000E+00   0.0000000000000000E+00   0.0000000000000000E+00   0.0000000000000000E+00   0.0000000000000000E+00 
   0.0000000000000000E+00   0.0000000000000000E+00   0.0000000000000000E+00   0.0000000000000000E+00   0.1588335083260863E+23   0.0000000000000000E+00   0.1784143097662226E+20   0.0000000000000000E+00   0.0000000000000000E+00   0.0000000000000000E+00   0.0000000000000000E+00   0.0000000000000000E+00 
   0.0000000000000000E+00   0.0000000000000000E+00   0.0000000000000000E+00   0.0000000000000000E+00   0.1588117385124977E+23   0.0000000000000000E+00   0.2001841233547998E+20   0.0000000000000000E+00   0.0000000000000000E+00   0.0000000000000000E+00   0.0000000000000000E+00   0.0000000000000000E+00 
   0.0000000000000000E+00   0.0000000000000000E+00   0.0000000000000000E+00   0.0000000000000000E+00   0.1587873122676387E+23   0.0000000000000000E+00   0.2246103682137999E+20   0.0000000000000000E+00   0.0000000000000000E+00   0.0000000000000000E+00   0.0000000000000000E+00   0.0000000000000000E+00 
   0.0000000000000000E+00   0.0000000000000000E+00   0.0000000000000000E+00   0.0000000000000000E+00   0.1587599056876534E+23   0.0000000000000000E+00   0.2520169481990648E+20   0.0000000000000000E+00   0.0000000000000000E+00   0.0000000000000000E+00   0.0000000000000000E+00   0.0000000000000000E+00 
   0.0000000000000000E+00   0.0000000000000000E+00   0.0000000000000000E+00   0.0000000000000000E+00   0.1587291549708404E+23   0.0000000000000000E+00   0.2827676650120698E+20   0.0000000000000000E+00   0.0000000000000000E+00   0.0000000000000000E+00   0.0000000000000000E+00   0.0000000000000000E+00 
   0.0000000000000000E+00   0.0000000000000000E+00   0.0000000000000000E+00   0.0000000000000000E+00   0.1586946520668434E+23   0.0000000000000000E+00   0.3172705690090747E+20   0.0000000000000000E+00   0.0000000000000000E+00   0.0000000000000000E+00   0.0000000000000000E+00   0.0000000000000000E+00 
   0.0000000000000000E+00   0.0000000000000000E+00   0.0000000000000000E+00   0.0000000000000000E+00   0.1586559394309950E+23   0.0000000000000000E+00   0.3559832048575497E+20   0.0000000000000000E+00   0.0000000000000000E+00   0.0000000000000000E+00   0.0000000000000000E+00   0.0000000000000000E+00 
   0.0000000000000000E+00   0.0000000000000000E+00   0.0000000000000000E+00   0.0000000000000000E+00   0.1586125026186837E+23   0.0000000000000000E+00   0.3994200171687753E+20   0.0000000000000000E+00   0.0000000000000000E+00   0.0000000000000000E+00   0.0000000000000000E+00   0.0000000000000000E+00 
   0.0000000000000000E+00   0.0000000000000000E+00   0.0000000000000000E+00   0.0000000000000000E+00   0.1585637661505431E+23   0.0000000000000000E+00   0.4481564853093753E+20   0.0000000000000000E+00   0.0000000000000000E+00   0.0000000000000000E+00   0.0000000000000000E+00   0.0000000000000000E+00 
   0.0000000000000000E+00   0.0000000000000000E+00   0.0000000000000000E+00   0.0000000000000000E+00   0.1585090826508567E+23   0.0000000000000000E+00   0.5028399849957997E+20   0.0000000000000000E+00   0.0000000000000000E+00   0.0000000000000000E+00   0.0000000000000000E+00   0.0000000000000000E+00 
   0.0000000000000000E+00   0.0000000000000000E+00   0.0000000000000000E+00   0.0000000000000000E+00   0.1584477269847657E+23   0.0000000000000000E+00   0.5641956510867997E+20   0.0000000000000000E+00   0.0000000000000000E+00   0.0000000000000000E+00   0.0000000000000000E+00   0.0000000000000000E+00 
   0.0000000000000000E+00   0.0000000000000000E+00   0.0000000000000000E+00   0.0000000000000000E+00   0.1583788848412521E+23   0.0000000000000000E+00   0.6330377946003498E+20   0.0000000000000000E+00   0.0000000000000000E+00   0.0000000000000000E+00   0.0000000000000000E+00   0.0000000000000000E+00 
   0.0000000000000000E+00   0.0000000000000000E+00   0.0000000000000000E+00   0.0000000000000000E+00   0.1583016422418260E+23   0.0000000000000000E+00   0.7102803940264999E+20   0.0000000000000000E+00   0.0000000000000000E+00   0.0000000000000000E+00   0.0000000000000000E+00   0.0000000000000000E+00 
   0.0000000000000000E+00   0.0000000000000000E+00   0.0000000000000000E+00   0.0000000000000000E+00   0.1582149750492123E+23   0.0000000000000000E+00   0.7969475866402256E+20   0.0000000000000000E+00   0.0000000000000000E+00   0.0000000000000000E+00   0.0000000000000000E+00   0.0000000000000000E+00 
   0.0000000000000000E+00   0.0000000000000000E+00   0.0000000000000000E+00   0.0000000000000000E+00   0.1581177329218138E+23   0.0000000000000000E+00   0.8941897140387258E+20   0.0000000000000000E+00   0.0000000000000000E+00   0.0000000000000000E+00   0.0000000000000000E+00   0.0000000000000000E+00 
   0.0000000000000000E+00   0.0000000000000000E+00   0.0000000000000000E+00   0.0000000000000000E+00   0.1580086254281500E+23   0.0000000000000000E+00   0.1003297207702550E+21   0.0000000000000000E+00   0.0000000000000000E+00   0.0000000000000000E+00   0.0000000000000000E+00   0.0000000000000000E+00 
   0.0000000000000000E+00   0.0000000000000000E+00   0.0000000000000000E+00   0.0000000000000000E+00   0.1578862044584795E+23   0.0000000000000000E+00   0.1125718177373025E+21   0.0000000000000000E+00   0.0000000000000000E+00   0.0000000000000000E+00   0.0000000000000000E+00   0.0000000000000000E+00 
   0.0000000000000000E+00   0.0000000000000000E+00   0.0000000000000000E+00   0.0000000000000000E+00   0.1577488457107188E+23   0.0000000000000000E+00   0.1263076925133750E+21   0.0000000000000000E+00   0.0000000000000000E+00   0.0000000000000000E+00   0.0000000000000000E+00   0.0000000000000000E+00 
   0.0000000000000000E+00   0.0000000000000000E+00   0.0000000000000000E+00   0.0000000000000000E+00   0.1575947270906802E+23   0.0000000000000000E+00   0.1417195545172350E+21   0.0000000000000000E+00   0.0000000000000000E+00   0.0000000000000000E+00   0.0000000000000000E+00   0.0000000000000000E+00 
   0.0000000000000000E+00   0.0000000000000000E+00   0.0000000000000000E+00   0.0000000000000000E+00   0.1574218031009259E+23   0.0000000000000000E+00   0.1590119534926550E+21   0.0000000000000000E+00   0.0000000000000000E+00   0.0000000000000000E+00   0.0000000000000000E+00   0.0000000000000000E+00 
   0.0000000000000000E+00   0.0000000000000000E+00   0.0000000000000000E+00   0.0000000000000000E+00   0.1572277786124862E+23   0.0000000000000000E+00   0.1784144023366300E+21   0.0000000000000000E+00   0.0000000000000000E+00   0.0000000000000000E+00   0.0000000000000000E+00   0.0000000000000000E+00 
   0.0000000000000000E+00   0.0000000000000000E+00   0.0000000000000000E+00   0.0000000000000000E+00   0.1570100814023045E+23   0.0000000000000000E+00   0.2001841233547999E+21   0.0000000000000000E+00   0.0000000000000000E+00   0.0000000000000000E+00   0.0000000000000000E+00   0.0000000000000000E+00 
   0.0000000000000000E+00   0.0000000000000000E+00   0.0000000000000000E+00   0.0000000000000000E+00   0.1567658189537145E+23   0.0000000000000000E+00   0.2246103682138000E+21   0.0000000000000000E+00   0.0000000000000000E+00   0.0000000000000000E+00   0.0000000000000000E+00   0.0000000000000000E+00 
   0.0000000000000000E+00   0.0000000000000000E+00   0.0000000000000000E+00   0.0000000000000000E+00   0.1564917546967020E+23   0.0000000000000000E+00   0.2520167939150526E+21   0.0000000000000000E+00   0.0000000000000000E+00   0.0000000000000000E+00   0.0000000000000000E+00   0.0000000000000000E+00 
   0.0000000000000000E+00   0.0000000000000000E+00   0.0000000000000000E+00   0.0000000000000000E+00   0.1561842462942998E+23   0.0000000000000000E+00   0.2827676341552675E+21   0.0000000000000000E+00   0.0000000000000000E+00   0.0000000000000000E+00   0.0000000000000000E+00   0.0000000000000000E+00 
   0.0000000000000000E+00   0.0000000000000000E+00   0.0000000000000000E+00   0.0000000000000000E+00   0.1558392169457618E+23   0.0000000000000000E+00   0.3172705690090749E+21   0.0000000000000000E+00   0.0000000000000000E+00   0.0000000000000000E+00   0.0000000000000000E+00   0.0000000000000000E+00 
   0.0000000000000000E+00   0.0000000000000000E+00   0.0000000000000000E+00   0.0000000000000000E+00   0.1554520905872770E+23   0.0000000000000000E+00   0.3559832048575498E+21   0.0000000000000000E+00   0.0000000000000000E+00   0.0000000000000000E+00   0.0000000000000000E+00   0.0000000000000000E+00 
   0.0000000000000000E+00   0.0000000000000000E+00   0.0000000000000000E+00   0.0000000000000000E+00   0.1550177224641647E+23   0.0000000000000000E+00   0.3994200171687749E+21   0.0000000000000000E+00   0.0000000000000000E+00   0.0000000000000000E+00   0.0000000000000000E+00   0.0000000000000000E+00 
   0.0000000000000000E+00   0.0000000000000000E+00   0.0000000000000000E+00   0.0000000000000000E+00   0.1545303577827587E+23   0.0000000000000000E+00   0.4481564853093751E+21   0.0000000000000000E+00   0.0000000000000000E+00   0.0000000000000000E+00   0.0000000000000000E+00   0.0000000000000000E+00 
   0.0000000000000000E+00   0.0000000000000000E+00   0.0000000000000000E+00   0.0000000000000000E+00   0.1539835227858945E+23   0.0000000000000000E+00   0.5028399849958000E+21   0.0000000000000000E+00   0.0000000000000000E+00   0.0000000000000000E+00   0.0000000000000000E+00   0.0000000000000000E+00 
   0.0000000000000000E+00   0.0000000000000000E+00   0.0000000000000000E+00   0.0000000000000000E+00   0.1533699630393042E+23   0.0000000000000000E+00   0.5641959596548250E+21   0.0000000000000000E+00   0.0000000000000000E+00   0.0000000000000000E+00   0.0000000000000000E+00   0.0000000000000000E+00 
   0.0000000000000000E+00   0.0000000000000000E+00   0.0000000000000000E+00   0.0000000000000000E+00   0.1526815446898490E+23   0.0000000000000000E+00   0.6330377946003493E+21   0.0000000000000000E+00   0.0000000000000000E+00   0.0000000000000000E+00   0.0000000000000000E+00   0.0000000000000000E+00 
   0.0000000000000000E+00   0.0000000000000000E+00   0.0000000000000000E+00   0.0000000000000000E+00   0.1519091186955875E+23   0.0000000000000000E+00   0.7102803940264990E+21   0.0000000000000000E+00   0.0000000000000000E+00   0.0000000000000000E+00   0.0000000000000000E+00   0.0000000000000000E+00 
   0.0000000000000000E+00   0.0000000000000000E+00   0.0000000000000000E+00   0.0000000000000000E+00   0.1510424498551305E+23   0.0000000000000000E+00   0.7969472780722000E+21   0.0000000000000000E+00   0.0000000000000000E+00   0.0000000000000000E+00   0.0000000000000000E+00   0.0000000000000000E+00 
   0.0000000000000000E+00   0.0000000000000000E+00   0.0000000000000000E+00   0.0000000000000000E+00   0.1500700254954652E+23   0.0000000000000000E+00   0.8941897140387249E+21   0.0000000000000000E+00   0.0000000000000000E+00   0.0000000000000000E+00   0.0000000000000000E+00   0.0000000000000000E+00 
   0.0000000000000000E+00   0.0000000000000000E+00   0.0000000000000000E+00   0.0000000000000000E+00   0.1489789443874665E+23   0.0000000000000000E+00   0.1003297824838600E+22   0.0000000000000000E+00   0.0000000000000000E+00   0.0000000000000000E+00   0.0000000000000000E+00   0.0000000000000000E+00 
   0.0000000000000000E+00   0.0000000000000000E+00   0.0000000000000000E+00   0.0000000000000000E+00   0.1477547408621222E+23   0.0000000000000000E+00   0.1125718177373025E+22   0.0000000000000000E+00   0.0000000000000000E+00   0.0000000000000000E+00   0.0000000000000000E+00   0.0000000000000000E+00 
   0.0000000000000000E+00   0.0000000000000000E+00   0.0000000000000000E+00   0.0000000000000000E+00   0.1463811533845150E+23   0.0000000000000000E+00   0.1263076925133749E+22   0.0000000000000000E+00   0.0000000000000000E+00   0.0000000000000000E+00   0.0000000000000000E+00   0.0000000000000000E+00 
   0.0000000000000000E+00   0.0000000000000000E+00   0.0000000000000000E+00   0.0000000000000000E+00   0.1448399764411698E+23   0.0000000000000000E+00   0.1417194619468274E+22   0.0000000000000000E+00   0.0000000000000000E+00   0.0000000000000000E+00   0.0000000000000000E+00   0.0000000000000000E+00 
   0.0000000000000000E+00   0.0000000000000000E+00   0.0000000000000000E+00   0.0000000000000000E+00   0.1431107303722672E+23   0.0000000000000000E+00   0.1590119226358526E+22   0.0000000000000000E+00   0.0000000000000000E+00   0.0000000000000000E+00   0.0000000000000000E+00   0.0000000000000000E+00 
   0.0000000000000000E+00   0.0000000000000000E+00   0.0000000000000000E+00   0.0000000000000000E+00   0.1411704824021895E+23   0.0000000000000000E+00   0.1784144023366301E+22   0.0000000000000000E+00   0.0000000000000000E+00   0.0000000000000000E+00   0.0000000000000000E+00   0.0000000000000000E+00 
   0.0000000000000000E+00   0.0000000000000000E+00   0.0000000000000000E+00   0.0000000000000000E+00   0.1389935103003725E+23   0.0000000000000000E+00   0.2001841233548001E+22   0.0000000000000000E+00   0.0000000000000000E+00   0.0000000000000000E+00   0.0000000000000000E+00   0.0000000000000000E+00 
   0.0000000000000000E+00   0.0000000000000000E+00   0.0000000000000000E+00   0.0000000000000000E+00   0.1365508827287923E+23   0.0000000000000000E+00   0.2246103990706026E+22   0.0000000000000000E+00   0.0000000000000000E+00   0.0000000000000000E+00   0.0000000000000000E+00   0.0000000000000000E+00 
   0.0000000000000000E+00   0.0000000000000000E+00   0.0000000000000000E+00   0.0000000000000000E+00   0.1338102401586670E+23   0.0000000000000000E+00   0.2520168247718550E+22   0.0000000000000000E+00   0.0000000000000000E+00   0.0000000000000000E+00   0.0000000000000000E+00   0.0000000000000000E+00 
   0.0000000000000000E+00   0.0000000000000000E+00   0.0000000000000000E+00   0.0000000000000000E+00   0.1307351592203257E+23   0.0000000000000000E+00   0.2827676341552675E+22   0.0000000000000000E+00   0.0000000000000000E+00   0.0000000000000000E+00   0.0000000000000000E+00   0.0000000000000000E+00 
   0.0000000000000000E+00   0.0000000000000000E+00   0.0000000000000000E+00   0.0000000000000000E+00   0.1272848657349450E+23   0.0000000000000000E+00   0.3172705690090750E+22   0.0000000000000000E+00   0.0000000000000000E+00   0.0000000000000000E+00   0.0000000000000000E+00   0.0000000000000000E+00 
   0.0000000000000000E+00   0.0000000000000000E+00   0.0000000000000000E+00   0.0000000000000000E+00   0.1234136021500975E+23   0.0000000000000000E+00   0.3559832048575499E+22   0.0000000000000000E+00   0.0000000000000000E+00   0.0000000000000000E+00   0.0000000000000000E+00   0.0000000000000000E+00 
   0.0000000000000000E+00   0.0000000000000000E+00   0.0000000000000000E+00   0.0000000000000000E+00   0.1190699209189750E+23   0.0000000000000000E+00   0.3994200171687749E+22   0.0000000000000000E+00   0.0000000000000000E+00   0.0000000000000000E+00   0.0000000000000000E+00   0.0000000000000000E+00 
   0.0000000000000000E+00   0.0000000000000000E+00   0.0000000000000000E+00   0.0000000000000000E+00   0.1141963049617175E+23   0.0000000000000000E+00   0.4481561767413498E+22   0.0000000000000000E+00   0.0000000000000000E+00   0.0000000000000000E+00   0.0000000000000000E+00   0.0000000000000000E+00 
   0.0000000000000000E+00   0.0000000000000000E+00   0.0000000000000000E+00   0.0000000000000000E+00   0.1087279241362725E+23   0.0000000000000000E+00   0.5028399849958000E+22   0.0000000000000000E+00   0.0000000000000000E+00   0.0000000000000000E+00   0.0000000000000000E+00   0.0000000000000000E+00 
   0.0000000000000000E+00   0.0000000000000000E+00   0.0000000000000000E+00   0.0000000000000000E+00   0.1025923266703700E+23   0.0000000000000000E+00   0.5641959596548251E+22   0.0000000000000000E+00   0.0000000000000000E+00   0.0000000000000000E+00   0.0000000000000000E+00   0.0000000000000000E+00 
   0.0000000000000000E+00   0.0000000000000000E+00   0.0000000000000000E+00   0.0000000000000000E+00   0.9570814317581748E+22   0.0000000000000000E+00   0.6330377946003505E+22   0.0000000000000000E+00   0.0000000000000000E+00   0.0000000000000000E+00   0.0000000000000000E+00   0.0000000000000000E+00 
   0.0000000000000000E+00   0.0000000000000000E+00   0.0000000000000000E+00   0.0000000000000000E+00   0.8798388323320252E+22   0.0000000000000000E+00   0.7102803940265002E+22   0.0000000000000000E+00   0.0000000000000000E+00   0.0000000000000000E+00   0.0000000000000000E+00   0.0000000000000000E+00 
   0.0000000000000000E+00   0.0000000000000000E+00   0.0000000000000000E+00   0.0000000000000000E+00   0.7931722568543499E+22   0.0000000000000000E+00   0.7969469695041754E+22   0.0000000000000000E+00   0.0000000000000000E+00   0.0000000000000000E+00   0.0000000000000000E+00   0.0000000000000000E+00 
   0.0000000000000000E+00   0.0000000000000000E+00   0.0000000000000000E+00   0.0000000000000000E+00   0.6959295123198001E+22   0.0000000000000000E+00   0.8941897140387254E+22   0.0000000000000000E+00   0.0000000000000000E+00   0.0000000000000000E+00   0.0000000000000000E+00   0.0000000000000000E+00 
   0.0000000000000000E+00   0.0000000000000000E+00   0.0000000000000000E+00   0.0000000000000000E+00   0.5868214015199251E+22   0.0000000000000000E+00   0.1003297824838600E+23   0.0000000000000000E+00   0.0000000000000000E+00   0.0000000000000000E+00   0.0000000000000000E+00   0.0000000000000000E+00 
   0.0000000000000000E+00   0.0000000000000000E+00   0.0000000000000000E+00   0.0000000000000000E+00   0.4644010489855001E+22   0.0000000000000000E+00   0.1125718177373025E+23   0.0000000000000000E+00   0.0000000000000000E+00   0.0000000000000000E+00   0.0000000000000000E+00   0.0000000000000000E+00 
   0.0000000000000000E+00   0.0000000000000000E+00   0.0000000000000000E+00   0.0000000000000000E+00   0.3270423012247751E+22   0.0000000000000000E+00   0.1263076925133750E+23   0.0000000000000000E+00   0.0000000000000000E+00   0.0000000000000000E+00   0.0000000000000000E+00   0.0000000000000000E+00 
   0.0000000000000000E+00   0.0000000000000000E+00   0.0000000000000000E+00   0.0000000000000000E+00   0.0000000000000000E+00   0.0000000000000000E+00   0.1590119226358525E+23   0.0000000000000000E+00   0.0000000000000000E+00   0.0000000000000000E+00   0.0000000000000000E+00   0.0000000000000000E+00 
   0.0000000000000000E+00   0.0000000000000000E+00   0.0000000000000000E+00   0.0000000000000000E+00   0.1729246068902500E+22   0.0000000000000000E+00   0.1417194619468275E+23   0.0000000000000000E+00   0.0000000000000000E+00   0.0000000000000000E+00   0.0000000000000000E+00   0.0000000000000000E+00 
