1.029000E-33 5.327000E-34 2.773000E-34 1.224000E-34 5.395000E-35
1.051000E-33 5.438000E-34 2.830000E-34 1.249000E-34 5.507000E-35
1.054000E-33 5.451000E-34 2.838000E-34 1.253000E-34 5.521000E-35
1.057000E-33 5.467000E-34 2.846000E-34 1.256000E-34 5.537000E-35
1.060000E-33 5.485000E-34 2.855000E-34 1.260000E-34 5.555000E-35
1.064000E-33 5.505000E-34 2.865000E-34 1.265000E-34 5.575000E-35
1.068000E-33 5.527000E-34 2.877000E-34 1.270000E-34 5.598000E-35
1.073000E-33 5.553000E-34 2.890000E-34 1.276000E-34 5.624000E-35
1.079000E-33 5.581000E-34 2.905000E-34 1.282000E-34 5.653000E-35
1.085000E-33 5.614000E-34 2.922000E-34 1.290000E-34 5.686000E-35
1.092000E-33 5.651000E-34 2.942000E-34 1.298000E-34 5.724000E-35
1.100000E-33 5.694000E-34 2.964000E-34 1.308000E-34 5.766000E-35
1.110000E-33 5.742000E-34 2.989000E-34 1.319000E-34 5.815000E-35
1.120000E-33 5.797000E-34 3.018000E-34 1.332000E-34 5.871000E-35
1.133000E-33 5.860000E-34 3.050000E-34 1.346000E-34 5.935000E-35
1.147000E-33 5.933000E-34 3.088000E-34 1.363000E-34 6.009000E-35
1.163000E-33 6.017000E-34 3.132000E-34 1.382000E-34 6.093000E-35
1.181000E-33 6.113000E-34 3.182000E-34 1.405000E-34 6.191000E-35
1.203000E-33 6.226000E-34 3.240000E-34 1.430000E-34 6.305000E-35
1.228000E-33 6.357000E-34 3.309000E-34 1.460000E-34 6.437000E-35
1.258000E-33 6.510000E-34 3.389000E-34 1.496000E-34 6.593000E-35
1.293000E-33 6.692000E-34 3.483000E-34 1.537000E-34 6.776000E-35
1.335000E-33 6.908000E-34 3.596000E-34 1.587000E-34 6.995000E-35
1.385000E-33 7.169000E-34 3.731000E-34 1.647000E-34 7.259000E-35
1.447000E-33 7.486000E-34 3.896000E-34 1.720000E-34 7.579000E-35
1.522000E-33 7.876000E-34 4.099000E-34 1.809000E-34 7.975000E-35
1.617000E-33 8.367000E-34 4.355000E-34 1.922000E-34 8.471000E-35
1.739000E-33 8.997000E-34 4.683000E-34 2.067000E-34 9.109000E-35
1.900000E-33 9.830000E-34 5.116000E-34 2.258000E-34 9.952000E-35
2.121000E-33 1.097000E-33 5.711000E-34 2.521000E-34 1.111000E-34
2.441000E-33 1.263000E-33 6.574000E-34 2.902000E-34 1.279000E-34
2.946000E-33 1.524000E-33 7.931000E-34 3.501000E-34 1.543000E-34
3.852000E-33 1.994000E-33 1.037000E-33 4.579000E-34 2.017000E-34
5.389000E-33 2.782000E-33 1.442000E-33 6.342000E-34 2.780000E-34
8.732000E-33 4.509000E-33 2.336000E-33 1.028000E-33 4.504000E-34
8.984000E-33 4.627000E-33 2.388000E-33 1.046000E-33 4.561000E-34
1.577000E-32 8.126000E-33 4.192000E-33 1.838000E-33 8.005000E-34
1.306000E-31 6.733000E-32 3.454000E-32 1.514000E-32 6.554000E-33
5.139000E-31 2.657000E-31 1.358000E-31 5.979000E-32 2.581000E-32
1.843000E-30 9.586000E-31 4.871000E-31 2.159000E-31 9.277000E-32
4.753000E-30 2.491000E-30 1.258000E-30 5.638000E-31 2.414000E-31
8.253000E-30 4.355000E-30 2.190000E-30 9.896000E-31 4.227000E-31
6.094000E-30 3.214000E-30 1.617000E-30 7.303000E-31 3.120000E-31
1.464000E-29 7.859000E-30 3.978000E-30 1.842000E-30 7.982000E-31
1.698000E-29 9.141000E-30 4.617000E-30 2.143000E-30 9.273000E-31
1.912000E-29 1.033000E-29 5.226000E-30 2.440000E-30 1.059000E-30
2.117000E-29 1.149000E-29 5.819000E-30 2.731000E-30 1.189000E-30
2.345000E-29 1.278000E-29 6.482000E-30 3.059000E-30 1.336000E-30
2.631000E-29 1.440000E-29 7.311000E-30 3.468000E-30 1.519000E-30
2.816000E-29 1.547000E-29 7.868000E-30 3.749000E-30 1.646000E-30
3.062000E-29 1.688000E-29 8.597000E-30 4.116000E-30 1.812000E-30
3.286000E-29 1.817000E-29 9.272000E-30 4.459000E-30 1.969000E-30
3.513000E-29 1.950000E-29 9.964000E-30 4.812000E-30 2.130000E-30
3.813000E-29 2.128000E-29 1.092000E-29 5.310000E-30 2.364000E-30
4.230000E-29 2.375000E-29 1.223000E-29 5.987000E-30 2.680000E-30
4.387000E-29 2.471000E-29 1.274000E-29 6.259000E-30 2.808000E-30
4.740000E-29 2.677000E-29 1.382000E-29 6.817000E-30 3.065000E-30
5.144000E-29 2.920000E-29 1.513000E-29 7.506000E-30 3.391000E-30
5.492000E-29 3.133000E-29 1.629000E-29 8.126000E-30 3.689000E-30
5.848000E-29 3.345000E-29 1.741000E-29 8.712000E-30 3.962000E-30
6.302000E-29 3.628000E-29 1.899000E-29 9.571000E-30 4.381000E-30
6.613000E-29 3.817000E-29 2.000000E-29 1.010000E-29 4.634000E-30
7.023000E-29 4.078000E-29 2.147000E-29 1.092000E-29 5.039000E-30
7.592000E-29 4.427000E-29 2.338000E-29 1.194000E-29 5.529000E-30
7.742000E-29 4.530000E-29 2.399000E-29 1.230000E-29 5.716000E-30
8.071000E-29 4.740000E-29 2.517000E-29 1.296000E-29 6.039000E-30
8.329000E-29 4.908000E-29 2.613000E-29 1.350000E-29 6.310000E-30
8.667000E-29 5.124000E-29 2.735000E-29 1.417000E-29 6.645000E-30
8.958000E-29 5.329000E-29 2.860000E-29 1.492000E-29 7.036000E-30
9.203000E-29 5.490000E-29 2.953000E-29 1.544000E-29 7.302000E-30
9.327000E-29 5.579000E-29 3.007000E-29 1.577000E-29 7.471000E-30
9.633000E-29 5.776000E-29 3.119000E-29 1.639000E-29 7.785000E-30
9.829000E-29 5.907000E-29 3.196000E-29 1.683000E-29 8.009000E-30
9.983000E-29 6.012000E-29 3.258000E-29 1.719000E-29 8.195000E-30
1.014000E-28 6.118000E-29 3.320000E-29 1.755000E-29 8.380000E-30
1.040000E-28 6.282000E-29 3.414000E-29 1.807000E-29 8.641000E-30
1.059000E-28 6.406000E-29 3.485000E-29 1.847000E-29 8.843000E-30
1.085000E-28 6.572000E-29 3.578000E-29 1.899000E-29 9.098000E-30
1.108000E-28 6.710000E-29 3.651000E-29 1.936000E-29 9.273000E-30
1.091000E-28 6.601000E-29 3.589000E-29 1.901000E-29 9.098000E-30
1.117000E-28 6.742000E-29 3.656000E-29 1.932000E-29 9.224000E-30
1.150000E-28 6.920000E-29 3.742000E-29 1.972000E-29 9.387000E-30
1.191000E-28 7.144000E-29 3.850000E-29 2.022000E-29 9.594000E-30
1.242000E-28 7.424000E-29 3.986000E-29 2.085000E-29 9.855000E-30
1.306000E-28 7.773000E-29 4.155000E-29 2.163000E-29 1.018000E-29
1.439000E-28 8.514000E-29 4.521000E-29 2.337000E-29 1.093000E-29
1.536000E-28 9.020000E-29 4.754000E-29 2.438000E-29 1.130000E-29
1.634000E-28 9.467000E-29 4.920000E-29 2.484000E-29 1.134000E-29
1.767000E-28 1.012000E-28 5.195000E-29 2.586000E-29 1.163000E-29
1.903000E-28 1.067000E-28 5.351000E-29 2.591000E-29 1.130000E-29
2.055000E-28 1.124000E-28 5.477000E-29 2.559000E-29 1.070000E-29
2.245000E-28 1.188000E-28 5.560000E-29 2.462000E-29 9.616000E-30
2.494000E-28 1.285000E-28 5.849000E-29 2.511000E-29 9.487000E-30
2.754000E-28 1.367000E-28 5.977000E-29 2.452000E-29 8.807000E-30
3.150000E-28 1.507000E-28 6.339000E-29 2.488000E-29 8.518000E-30
3.613000E-28 1.652000E-28 6.623000E-29 2.465000E-29 7.965000E-30
4.108000E-28 1.770000E-28 6.654000E-29 2.301000E-29 6.845000E-30
4.783000E-28 1.939000E-28 6.839000E-29 2.206000E-29 6.093000E-30
5.434000E-28 2.043000E-28 6.652000E-29 1.963000E-29 4.924000E-30
5.908000E-28 2.011000E-28 5.861000E-29 1.520000E-29 3.290000E-30
7.120000E-28 2.241000E-28 6.040000E-29 1.449000E-29 2.914000E-30
8.612000E-28 2.409000E-28 5.660000E-29 1.151000E-29 1.908000E-30
1.067000E-27 2.709000E-28 5.818000E-29 1.093000E-29 1.694000E-30
1.394000E-27 2.928000E-28 4.993000E-29 7.067000E-30 7.862000E-31
1.776000E-27 3.385000E-28 5.367000E-29 7.190000E-30 7.627000E-31
1.780000E-27 2.559000E-28 3.098000E-29 3.327000E-30 3.048000E-31
1.105000E-27 1.278000E-28 1.121000E-29 7.421000E-31 3.511000E-32
4.616000E-28 5.013000E-29 4.321000E-30 2.845000E-31 1.339000E-32
7.577000E-29 3.938000E-30 2.534000E-31 1.579000E-32 7.364000E-34
2.393000E-33 2.090000E-36 3.931000E-40 0.000000E+00 0.000000E+00
3.665000E-33 3.206000E-36 5.946000E-40 0.000000E+00 0.000000E+00
7.228000E-33 6.350000E-36 1.329000E-39 0.000000E+00 0.000000E+00
1.830000E-32 1.624000E-35 3.262000E-39 0.000000E+00 0.000000E+00
2.525000E-28 6.107000E-30 7.717000E-32 5.639000E-34 2.248000E-36
1.557000E-27 3.552000E-29 4.661000E-31 3.384000E-33 1.402000E-35
2.761000E-27 5.688000E-29 7.835000E-31 5.682000E-33 2.311000E-35
5.403000E-27 1.043000E-28 1.480000E-30 1.079000E-32 4.373000E-35
9.682000E-27 2.396000E-28 7.964000E-30 3.765000E-31 1.744000E-32
1.362000E-26 4.632000E-28 2.420000E-29 1.412000E-30 6.707000E-32
2.820000E-26 1.969000E-27 1.554000E-28 1.010000E-29 4.870000E-31
4.765000E-26 4.109000E-27 3.375000E-28 2.233000E-29 1.083000E-30
5.031000E-26 4.426000E-27 3.559000E-28 2.363000E-29 1.152000E-30
