2.152000E-35
2.197000E-35
2.202000E-35
2.209000E-35
2.216000E-35
2.224000E-35
2.233000E-35
2.243000E-35
2.255000E-35
2.268000E-35
2.283000E-35
2.300000E-35
2.320000E-35
2.342000E-35
2.367000E-35
2.397000E-35
2.430000E-35
2.469000E-35
2.515000E-35
2.568000E-35
2.630000E-35
2.703000E-35
2.790000E-35
2.895000E-35
3.023000E-35
3.181000E-35
3.379000E-35
3.633000E-35
3.969000E-35
4.431000E-35
5.100000E-35
6.153000E-35
8.047000E-35
1.103000E-34
1.787000E-34
1.799000E-34
3.159000E-34
2.579000E-33
1.018000E-32
3.677000E-32
9.646000E-32
1.700000E-31
1.255000E-31
3.299000E-31
3.839000E-31
4.411000E-31
4.981000E-31
5.624000E-31
6.428000E-31
7.003000E-31
7.745000E-31
8.450000E-31
9.182000E-31
1.027000E-30
1.172000E-30
1.232000E-30
1.349000E-30
1.502000E-30
1.642000E-30
1.769000E-30
1.970000E-30
2.088000E-30
2.285000E-30
2.517000E-30
2.612000E-30
2.768000E-30
2.902000E-30
3.065000E-30
3.264000E-30
3.395000E-30
3.481000E-30
3.635000E-30
3.746000E-30
3.839000E-30
3.931000E-30
4.059000E-30
4.158000E-30
4.282000E-30
4.362000E-30
4.276000E-30
4.325000E-30
4.390000E-30
4.473000E-30
4.578000E-30
4.710000E-30
5.020000E-30
5.152000E-30
5.086000E-30
5.137000E-30
4.830000E-30
4.351000E-30
3.579000E-30
3.409000E-30
2.991000E-30
2.745000E-30
2.411000E-30
1.889000E-30
1.558000E-30
1.134000E-30
6.421000E-31
5.323000E-31
2.781000E-31
2.345000E-31
7.450000E-32
6.861000E-32
2.524000E-32
1.263000E-33
4.796000E-34
2.631000E-35
0.000000E+00
0.000000E+00
0.000000E+00
0.000000E+00
0.000000E+00
1.616000E-38
0.000000E+00
1.169000E-37
6.376000E-34
2.491000E-33
1.814000E-32
4.024000E-32
4.256000E-32
