8.568000E-27 3.635000E-33 3.310000E-26 2.835000E-22 3.313000E-28
8.572000E-27 3.637000E-33 3.311000E-26 2.835000E-22 3.313000E-28
8.572000E-27 3.637000E-33 3.311000E-26 2.835000E-22 3.313000E-28
8.572000E-27 3.637000E-33 3.311000E-26 2.835000E-22 3.313000E-28
8.572000E-27 3.637000E-33 3.311000E-26 2.835000E-22 3.313000E-28
8.572000E-27 3.637000E-33 3.311000E-26 2.835000E-22 3.313000E-28
8.573000E-27 3.637000E-33 3.311000E-26 2.835000E-22 3.313000E-28
8.573000E-27 3.637000E-33 3.312000E-26 2.835000E-22 3.313000E-28
8.573000E-27 3.637000E-33 3.312000E-26 2.835000E-22 3.313000E-28
8.573000E-27 3.637000E-33 3.312000E-26 2.835000E-22 3.313000E-28
8.573000E-27 3.638000E-33 3.312000E-26 2.835000E-22 3.313000E-28
8.573000E-27 3.638000E-33 3.312000E-26 2.835000E-22 3.313000E-28
8.574000E-27 3.638000E-33 3.312000E-26 2.835000E-22 3.313000E-28
8.574000E-27 3.638000E-33 3.312000E-26 2.835000E-22 3.313000E-28
8.574000E-27 3.638000E-33 3.312000E-26 2.835000E-22 3.313000E-28
8.574000E-27 3.638000E-33 3.312000E-26 2.835000E-22 3.312000E-28
8.574000E-27 3.638000E-33 3.312000E-26 2.835000E-22 3.312000E-28
8.574000E-27 3.638000E-33 3.312000E-26 2.835000E-22 3.312000E-28
8.574000E-27 3.638000E-33 3.312000E-26 2.835000E-22 3.312000E-28
8.575000E-27 3.638000E-33 3.312000E-26 2.835000E-22 3.312000E-28
8.575000E-27 3.638000E-33 3.312000E-26 2.834000E-22 3.312000E-28
8.574000E-27 3.638000E-33 3.312000E-26 2.834000E-22 3.312000E-28
8.574000E-27 3.638000E-33 3.312000E-26 2.834000E-22 3.312000E-28
8.574000E-27 3.638000E-33 3.312000E-26 2.834000E-22 3.312000E-28
8.573000E-27 3.637000E-33 3.312000E-26 2.834000E-22 3.311000E-28
8.572000E-27 3.637000E-33 3.311000E-26 2.834000E-22 3.311000E-28
8.571000E-27 3.636000E-33 3.311000E-26 2.834000E-22 3.311000E-28
8.569000E-27 3.635000E-33 3.310000E-26 2.833000E-22 3.311000E-28
8.567000E-27 3.634000E-33 3.309000E-26 2.833000E-22 3.310000E-28
8.563000E-27 3.632000E-33 3.307000E-26 2.833000E-22 3.310000E-28
8.557000E-27 3.630000E-33 3.305000E-26 2.832000E-22 3.309000E-28
8.547000E-27 3.625000E-33 3.301000E-26 2.831000E-22 3.308000E-28
8.529000E-27 3.617000E-33 3.293000E-26 2.830000E-22 3.307000E-28
8.543000E-27 3.617000E-33 3.293000E-26 2.792000E-22 3.246000E-28
8.495000E-27 3.596000E-33 3.274000E-26 2.790000E-22 3.244000E-28
9.798000E-27 4.140000E-33 3.769000E-26 2.752000E-22 3.184000E-28
9.761000E-27 4.122000E-33 3.753000E-26 2.747000E-22 3.179000E-28
8.186000E-27 3.445000E-33 3.136000E-26 2.699000E-22 3.115000E-28
7.949000E-27 3.333000E-33 3.035000E-26 2.668000E-22 3.086000E-28
7.772000E-27 3.237000E-33 2.947000E-26 2.609000E-22 3.033000E-28
7.710000E-27 3.181000E-33 2.897000E-26 2.538000E-22 2.977000E-28
7.738000E-27 3.164000E-33 2.880000E-26 2.470000E-22 2.923000E-28
9.206000E-27 3.768000E-33 3.430000E-26 2.477000E-22 2.931000E-28
7.699000E-27 3.122000E-33 2.843000E-26 2.479000E-22 3.024000E-28
7.777000E-27 3.135000E-33 2.855000E-26 2.432000E-22 2.979000E-28
7.896000E-27 3.172000E-33 2.888000E-26 2.421000E-22 2.991000E-28
8.018000E-27 3.210000E-33 2.923000E-26 2.411000E-22 3.002000E-28
8.058000E-27 3.215000E-33 2.927000E-26 2.399000E-22 3.012000E-28
7.941000E-27 3.155000E-33 2.872000E-26 2.383000E-22 3.017000E-28
8.154000E-27 3.228000E-33 2.939000E-26 2.372000E-22 3.026000E-28
8.211000E-27 3.237000E-33 2.947000E-26 2.354000E-22 3.028000E-28
8.359000E-27 3.281000E-33 2.987000E-26 2.336000E-22 3.029000E-28
8.516000E-27 3.327000E-33 3.029000E-26 2.315000E-22 3.027000E-28
8.553000E-27 3.330000E-33 3.031000E-26 2.315000E-22 3.065000E-28
8.302000E-27 3.215000E-33 2.927000E-26 2.305000E-22 3.089000E-28
8.703000E-27 3.354000E-33 3.054000E-26 2.281000E-22 3.083000E-28
8.816000E-27 3.377000E-33 3.074000E-26 2.248000E-22 3.066000E-28
8.900000E-27 3.392000E-33 3.088000E-26 2.235000E-22 3.086000E-28
9.154000E-27 3.471000E-33 3.161000E-26 2.222000E-22 3.106000E-28
9.303000E-27 3.503000E-33 3.189000E-26 2.182000E-22 3.079000E-28
9.387000E-27 3.519000E-33 3.204000E-26 2.182000E-22 3.126000E-28
9.647000E-27 3.590000E-33 3.268000E-26 2.140000E-22 3.095000E-28
9.844000E-27 3.646000E-33 3.319000E-26 2.135000E-22 3.135000E-28
9.465000E-27 3.475000E-33 3.164000E-26 2.101000E-22 3.123000E-28
1.022000E-26 3.735000E-33 3.401000E-26 2.080000E-22 3.137000E-28
1.045000E-26 3.790000E-33 3.451000E-26 2.050000E-22 3.134000E-28
1.085000E-26 3.912000E-33 3.561000E-26 2.021000E-22 3.131000E-28
1.098000E-26 3.927000E-33 3.575000E-26 1.988000E-22 3.120000E-28
1.152000E-26 4.106000E-33 3.739000E-26 1.990000E-22 3.185000E-28
1.188000E-26 4.200000E-33 3.824000E-26 1.955000E-22 3.171000E-28
1.261000E-26 4.430000E-33 4.034000E-26 1.920000E-22 3.160000E-28
1.272000E-26 4.430000E-33 4.034000E-26 1.883000E-22 3.136000E-28
1.322000E-26 4.571000E-33 4.161000E-26 1.847000E-22 3.115000E-28
1.395000E-26 4.788000E-33 4.359000E-26 1.809000E-22 3.094000E-28
1.476000E-26 5.032000E-33 4.581000E-26 1.769000E-22 3.070000E-28
1.532000E-26 5.180000E-33 4.716000E-26 1.732000E-22 3.039000E-28
1.634000E-26 5.481000E-33 4.990000E-26 1.691000E-22 3.009000E-28
1.730000E-26 5.758000E-33 5.243000E-26 1.651000E-22 2.974000E-28
1.845000E-26 6.087000E-33 5.542000E-26 1.598000E-22 2.906000E-28
2.159000E-26 7.082000E-33 6.448000E-26 1.562000E-22 2.858000E-28
2.326000E-26 7.548000E-33 6.872000E-26 1.494000E-22 2.755000E-28
2.520000E-26 8.091000E-33 7.366000E-26 1.427000E-22 2.651000E-28
2.747000E-26 8.725000E-33 7.943000E-26 1.360000E-22 2.543000E-28
3.015000E-26 9.472000E-33 8.624000E-26 1.294000E-22 2.432000E-28
3.334000E-26 1.036000E-32 9.430000E-26 1.227000E-22 2.317000E-28
3.481000E-26 1.066000E-32 9.702000E-26 1.143000E-22 2.162000E-28
3.936000E-26 1.190000E-32 1.084000E-25 1.068000E-22 2.017000E-28
4.484000E-26 1.333000E-32 1.214000E-25 9.757000E-23 1.823000E-28
5.211000E-26 1.528000E-32 1.391000E-25 8.887000E-23 1.674000E-28
6.045000E-26 1.737000E-32 1.582000E-25 7.928000E-23 1.448000E-28
7.182000E-26 2.024000E-32 1.843000E-25 6.818000E-23 1.225000E-28
8.569000E-26 2.361000E-32 2.149000E-25 5.795000E-23 9.789000E-29
1.043000E-25 2.804000E-32 2.553000E-25 4.921000E-23 8.207000E-29
1.290000E-25 3.364000E-32 3.062000E-25 3.932000E-23 6.315000E-29
1.619000E-25 4.103000E-32 3.735000E-25 3.099000E-23 4.667000E-29
2.064000E-25 5.058000E-32 4.603000E-25 2.392000E-23 3.367000E-29
2.681000E-25 6.323000E-32 5.752000E-25 1.731000E-23 2.274000E-29
3.546000E-25 8.005000E-32 7.280000E-25 1.157000E-23 1.345000E-29
4.780000E-25 1.023000E-31 9.297000E-25 7.481000E-24 7.710000E-30
6.567000E-25 1.321000E-31 1.200000E-24 4.746000E-24 4.704000E-30
9.116000E-25 1.710000E-31 1.552000E-24 2.787000E-24 2.445000E-30
1.281000E-24 2.225000E-31 2.014000E-24 1.101000E-24 5.850000E-31
1.778000E-24 2.767000E-31 2.496000E-24 7.875000E-25 4.222000E-31
2.434000E-24 3.365000E-31 3.018000E-24 5.308000E-25 2.818000E-31
3.054000E-24 3.505000E-31 3.114000E-24 2.830000E-25 1.445000E-31
3.527000E-24 3.172000E-31 2.780000E-24 5.770000E-26 2.681000E-32
3.079000E-24 1.963000E-31 1.690000E-24 8.272000E-27 1.340000E-33
2.273000E-24 9.416000E-32 7.949000E-25 7.989000E-27 1.191000E-33
1.626000E-24 3.274000E-32 2.712000E-25 7.789000E-27 1.087000E-33
1.455000E-24 3.294000E-32 2.653000E-25 7.657000E-27 1.012000E-33
1.252000E-24 3.493000E-32 2.737000E-25 7.586000E-27 9.857000E-34
1.032000E-24 3.546000E-32 2.695000E-25 7.477000E-27 9.675000E-34
7.928000E-25 3.289000E-32 2.415000E-25 7.206000E-27 9.289000E-34
2.038000E-25 9.194000E-33 6.631000E-26 5.652000E-27 7.138000E-34
5.437000E-27 2.482000E-34 1.786000E-27 4.850000E-27 5.955000E-34
1.251000E-27 5.690000E-35 4.097000E-28 4.454000E-27 5.463000E-34
4.733000E-28 2.134000E-35 1.540000E-28 3.732000E-27 4.587000E-34
3.018000E-28 1.393000E-35 1.007000E-28 2.998000E-27 3.669000E-34
2.512000E-28 1.243000E-35 8.989000E-29 2.601000E-27 3.191000E-34
2.767000E-28 2.026000E-35 1.466000E-28 2.466000E-27 3.023000E-34
3.190000E-28 3.062000E-35 2.218000E-28 2.425000E-27 2.974000E-34
3.194000E-28 3.073000E-35 2.226000E-28 2.418000E-27 2.967000E-34
