   0.2097449415408957E+02
   0.2097436828676754E+02
   0.2097435292861307E+02
   0.2097433569666772E+02
   0.2097431636195335E+02
   0.2097429466825965E+02
   0.2097427032735727E+02
   0.2097424301648259E+02
   0.2097421237345345E+02
   0.2097417799105233E+02
   0.2097413941402309E+02
   0.2097409612922927E+02
   0.2097404756321326E+02
   0.2097399307194008E+02
   0.2097393193127454E+02
   0.2097386333112272E+02
   0.2097378636029311E+02
   0.2097369999770918E+02
   0.2097360309849430E+02
   0.2097349437566215E+02
   0.2097337238840383E+02
   0.2097323551596777E+02
   0.2097308194424358E+02
   0.2097290963549805E+02
   0.2097271630275745E+02
   0.2097249938297570E+02
   0.2097225599775584E+02
   0.2097198291774642E+02
   0.2097167652363280E+02
   0.2097133274516674E+02
   0.2097094702976899E+02
   0.2097051425645601E+02
   0.2097002868960963E+02
   0.2096948388883408E+02
   0.2096887262619702E+02
   0.2096818680354113E+02
   0.2096741732593240E+02
   0.2096655399231570E+02
   0.2096558535701210E+02
   0.2096449858407117E+02
   0.2096327927743380E+02
   0.2096191128208480E+02
   0.2096037647335979E+02
   0.2095865452961392E+02
   0.2095672264199699E+02
   0.2095455525667056E+02
   0.2095212368613772E+02
   0.2094939575832242E+02
   0.2094633543289361E+02
   0.2094290219984211E+02
   0.2093905077545361E+02
   0.2093473025478461E+02
   0.2092988366524623E+02
   0.2092444708577117E+02
   0.2091834884486117E+02
   0.2091150872564562E+02
   0.2090383674139287E+02
   0.2089523209288373E+02
   0.2088558184771473E+02
   0.2087475956438552E+02
   0.2086262369541956E+02
   0.2084901572697099E+02
   0.2083375823243866E+02
   0.2081665280026528E+02
   0.2079747738673872E+02
   0.2077598405372398E+02
   0.2075189546187807E+02
   0.2072490198331794E+02
   0.2069465824966765E+02
   0.2066077818658232E+02
   0.2062283281831339E+02
   0.2058034309592853E+02
   0.2053277696400458E+02
   0.2047954252989902E+02
   0.2041998249276188E+02
   0.2035336922677222E+02
   0.2027889641099302E+02
   0.2019567336527445E+02
   0.2010271782727645E+02
   0.1999894962055625E+02
   0.1988318395315267E+02
   0.1975412415683551E+02
   0.1961035701576595E+02
   0.1945035086954854E+02
   0.1927244674596103E+02
   0.1907486942595343E+02
   0.1885571781151764E+02
   0.1861298773043295E+02
   0.1834457905216346E+02
   0.1804831276523671E+02
   0.1772198255440627E+02
   0.1736337887826710E+02
   0.1697036813604613E+02
   0.1654097435526446E+02
   0.1607347279114950E+02
   0.1556656648373659E+02
   0.1501954425097975E+02
   0.1443255953223513E+02
   0.1380696755078413E+02
   0.1314577234670115E+02
   0.1245431068969176E+02
   0.1174112175233768E+02
   0.1101923427343208E+02
   0.1030768142973598E+02
   0.1000000000000000E+02
   0.1000000000000000E+02
   0.1000000000000000E+02
   0.1000000000000000E+02
   0.1000000000000000E+02
   0.1000000000000000E+02
   0.1000000000000000E+02
   0.1000000000000000E+02
   0.1000000000000000E+02
   0.1000000000000000E+02
   0.1000000000000000E+02
   0.1000000000000000E+02
   0.1000000000000000E+02
   0.1000000000000000E+02
   0.1000000000000000E+02
   0.1000000000000000E+02
   0.1000000000000000E+02
   0.1000000000000000E+02
