2.097000E+01
2.097000E+01
2.097000E+01
2.097000E+01
2.097000E+01
2.097000E+01
2.097000E+01
2.097000E+01
2.097000E+01
2.097000E+01
2.097000E+01
2.097000E+01
2.097000E+01
2.097000E+01
2.097000E+01
2.097000E+01
2.097000E+01
2.097000E+01
2.097000E+01
2.097000E+01
2.097000E+01
2.097000E+01
2.097000E+01
2.097000E+01
2.097000E+01
2.097000E+01
2.097000E+01
2.097000E+01
2.097000E+01
2.097000E+01
2.097000E+01
2.097000E+01
2.097000E+01
2.097000E+01
2.097000E+01
2.097000E+01
2.097000E+01
2.097000E+01
2.097000E+01
2.096000E+01
2.096000E+01
2.096000E+01
2.096000E+01
2.096000E+01
2.096000E+01
2.095000E+01
2.095000E+01
2.095000E+01
2.095000E+01
2.094000E+01
2.094000E+01
2.093000E+01
2.093000E+01
2.092000E+01
2.092000E+01
2.091000E+01
2.090000E+01
2.090000E+01
2.089000E+01
2.087000E+01
2.086000E+01
2.085000E+01
2.083000E+01
2.082000E+01
2.080000E+01
2.078000E+01
2.075000E+01
2.072000E+01
2.069000E+01
2.066000E+01
2.062000E+01
2.058000E+01
2.053000E+01
2.048000E+01
2.042000E+01
2.035000E+01
2.028000E+01
2.020000E+01
2.010000E+01
2.000000E+01
1.988000E+01
1.975000E+01
1.961000E+01
1.945000E+01
1.927000E+01
1.907000E+01
1.886000E+01
1.861000E+01
1.834000E+01
1.805000E+01
1.772000E+01
1.736000E+01
1.697000E+01
1.654000E+01
1.607000E+01
1.557000E+01
1.502000E+01
1.443000E+01
1.381000E+01
1.315000E+01
1.245000E+01
1.174000E+01
1.102000E+01
1.031000E+01
1.000000E+01
1.000000E+01
1.000000E+01
1.000000E+01
1.000000E+01
1.000000E+01
1.000000E+01
1.000000E+01
1.000000E+01
1.000000E+01
1.000000E+01
1.000000E+01
1.000000E+01
1.000000E+01
1.000000E+01
1.000000E+01
1.000000E+01
1.000000E+01
