1.071000E+02
1.071000E+02
1.071000E+02
1.071000E+02
1.071000E+02
1.071000E+02
1.071000E+02
1.071000E+02
1.071000E+02
1.071000E+02
1.071000E+02
1.071000E+02
1.071000E+02
1.071000E+02
1.071000E+02
1.071000E+02
1.071000E+02
1.071000E+02
1.071000E+02
1.071000E+02
1.071000E+02
1.071000E+02
1.071000E+02
1.071000E+02
1.071000E+02
1.071000E+02
1.071000E+02
1.071000E+02
1.071000E+02
1.071000E+02
1.071000E+02
1.071000E+02
1.071000E+02
1.066000E+02
1.065000E+02
1.060000E+02
1.060000E+02
1.057000E+02
1.056000E+02
1.056000E+02
1.058000E+02
1.060000E+02
1.060000E+02
1.080000E+02
1.080000E+02
1.084000E+02
1.089000E+02
1.094000E+02
1.099000E+02
1.104000E+02
1.108000E+02
1.113000E+02
1.118000E+02
1.127000E+02
1.137000E+02
1.141000E+02
1.146000E+02
1.155000E+02
1.164000E+02
1.168000E+02
1.182000E+02
1.186000E+02
1.200000E+02
1.209000E+02
1.217000E+02
1.226000E+02
1.234000E+02
1.241000E+02
1.259000E+02
1.266000E+02
1.273000E+02
1.280000E+02
1.286000E+02
1.291000E+02
1.296000E+02
1.301000E+02
1.305000E+02
1.308000E+02
1.305000E+02
1.302000E+02
1.293000E+02
1.283000E+02
1.271000E+02
1.259000E+02
1.246000E+02
1.226000E+02
1.205000E+02
1.170000E+02
1.142000E+02
1.096000E+02
1.049000E+02
9.929000E+01
9.406000E+01
8.766000E+01
8.203000E+01
7.572000E+01
6.891000E+01
6.261000E+01
5.601000E+01
4.958000E+01
4.428000E+01
3.934000E+01
3.437000E+01
3.008000E+01
2.514000E+01
2.091000E+01
1.533000E+01
1.178000E+01
1.009000E+01
2.700000E+00
2.700000E+00
2.700000E+00
2.700000E+00
5.865000E+00
7.405000E+00
7.944000E+00
8.842000E+00
1.003000E+01
1.010000E+01
1.063000E+01
1.121000E+01
1.125000E+01
