4.368854E-22	0.000000E+00	0.000000E+00	0.000000E+00	0.000000E+00	3.825783E-17	0.000000E+00	5.824793E-22	2.939844E-18	
2.816541E-17	0.000000E+00	0.000000E+00	0.000000E+00	0.000000E+00	3.825783E-17	0.000000E+00	5.824701E-22	2.939844E-18	
3.160173E-17	0.000000E+00	0.000000E+00	0.000000E+00	0.000000E+00	3.825783E-17	0.000000E+00	5.824689E-22	2.939844E-18	
3.545762E-17	0.000000E+00	0.000000E+00	0.000000E+00	0.000000E+00	3.825783E-17	2.986795E-32	5.824677E-22	2.939844E-18	
3.978398E-17	0.000000E+00	0.000000E+00	0.000000E+00	0.000000E+00	3.825783E-17	0.000000E+00	5.824663E-22	2.939844E-18	
4.463803E-17	0.000000E+00	0.000000E+00	0.000000E+00	0.000000E+00	3.825783E-17	0.000000E+00	5.824647E-22	2.939844E-18	
5.008442E-17	0.000000E+00	0.000000E+00	0.000000E+00	0.000000E+00	3.825783E-17	4.207449E-32	5.824629E-22	2.939844E-18	
5.619540E-17	0.000000E+00	0.000000E+00	0.000000E+00	0.000000E+00	3.825783E-17	4.817885E-32	5.824609E-22	2.939844E-18	
6.305182E-17	0.000000E+00	0.000000E+00	0.000000E+00	0.000000E+00	3.825783E-17	0.000000E+00	5.824586E-22	2.939844E-18	
7.074478E-17	0.000000E+00	0.000000E+00	0.000000E+00	0.000000E+00	3.825783E-17	5.969637E-32	5.824561E-22	2.939844E-18	
7.937621E-17	0.000000E+00	0.000000E+00	0.000000E+00	0.000000E+00	3.825783E-17	0.000000E+00	5.824532E-22	2.939844E-18	
8.906084E-17	0.000000E+00	0.000000E+00	0.000000E+00	0.000000E+00	3.825783E-17	7.566584E-32	5.824501E-22	2.939844E-18	
9.992686E-17	0.000000E+00	0.000000E+00	0.000000E+00	0.000000E+00	3.825783E-17	0.000000E+00	5.824465E-22	2.939844E-18	
1.121183E-16	0.000000E+00	0.000000E+00	0.000000E+00	0.000000E+00	3.825783E-17	0.000000E+00	5.824425E-22	2.939844E-18	
1.257972E-16	0.000000E+00	0.000000E+00	0.000000E+00	0.000000E+00	3.825783E-17	0.000000E+00	5.824380E-22	2.939844E-18	
1.411447E-16	0.000000E+00	0.000000E+00	0.000000E+00	0.000000E+00	3.825783E-17	0.000000E+00	5.824329E-22	2.939844E-18	
1.583642E-16	0.000000E+00	0.000000E+00	0.000000E+00	0.000000E+00	3.825783E-17	0.000000E+00	5.824273E-22	2.939844E-18	
1.776842E-16	0.000000E+00	0.000000E+00	0.000000E+00	0.000000E+00	3.825783E-17	0.000000E+00	5.824209E-22	2.939844E-18	
1.993604E-16	0.000000E+00	0.000000E+00	0.000000E+00	0.000000E+00	3.825783E-17	0.000000E+00	5.824138E-22	2.939844E-18	
2.236802E-16	0.000000E+00	0.000000E+00	0.000000E+00	0.000000E+00	3.825783E-17	0.000000E+00	5.824058E-22	2.939844E-18	
2.509656E-16	0.000000E+00	0.000000E+00	0.000000E+00	0.000000E+00	3.825783E-17	0.000000E+00	5.823968E-22	2.939844E-18	
2.815782E-16	0.000000E+00	0.000000E+00	0.000000E+00	0.000000E+00	3.825783E-17	0.000000E+00	5.823868E-22	2.939844E-18	
3.159229E-16	0.000000E+00	0.000000E+00	0.000000E+00	0.000000E+00	3.825783E-17	2.683665E-31	5.823755E-22	2.939844E-18	
3.544538E-16	0.000000E+00	0.000000E+00	0.000000E+00	0.000000E+00	3.825783E-17	3.011028E-31	5.823628E-22	2.939844E-18	
3.976805E-16	0.000000E+00	0.000000E+00	0.000000E+00	0.000000E+00	3.825783E-17	3.379315E-31	5.823486E-22	2.939844E-18	
4.461729E-16	0.000000E+00	0.000000E+00	0.000000E+00	0.000000E+00	3.825783E-17	0.000000E+00	5.823326E-22	2.939844E-18	
5.005703E-16	0.000000E+00	0.000000E+00	0.000000E+00	0.000000E+00	3.825783E-17	0.000000E+00	5.823148E-22	2.939844E-18	
5.615876E-16	0.000000E+00	0.000000E+00	0.000000E+00	0.000000E+00	3.825783E-17	4.773356E-31	5.822947E-22	2.939844E-18	
6.300224E-16	0.000000E+00	0.000000E+00	0.000000E+00	0.000000E+00	3.825783E-17	1.071294E-30	5.822721E-22	2.939844E-18	
7.067651E-16	0.000000E+00	0.000000E+00	0.000000E+00	0.000000E+00	3.825783E-17	0.000000E+00	5.822469E-22	2.939844E-18	
7.927977E-16	0.000000E+00	0.000000E+00	0.000000E+00	0.000000E+00	3.825783E-17	1.349351E-30	5.822185E-22	2.939844E-18	
8.891919E-16	0.000000E+00	0.000000E+00	0.000000E+00	0.000000E+00	3.825783E-17	0.000000E+00	5.821867E-22	2.939844E-18	
9.970403E-16	0.000000E+00	0.000000E+00	0.000000E+00	0.000000E+00	3.825783E-17	0.000000E+00	5.821510E-22	2.939844E-18	
1.117402E-15	0.000000E+00	0.000000E+00	0.000000E+00	0.000000E+00	3.825783E-17	0.000000E+00	5.821110E-22	2.939844E-18	
1.250124E-15	0.000000E+00	0.000000E+00	0.000000E+00	0.000000E+00	3.825783E-17	0.000000E+00	5.820660E-22	2.939844E-18	
1.397425E-15	0.000000E+00	0.000000E+00	0.000000E+00	0.000000E+00	3.825783E-17	2.420494E-30	5.820156E-22	2.939844E-18	
1.558686E-15	0.000000E+00	0.000000E+00	0.000000E+00	0.000000E+00	3.825783E-17	1.365129E-30	5.819591E-22	2.939844E-18	
1.730894E-15	0.000000E+00	0.000000E+00	0.000000E+00	0.000000E+00	3.825783E-17	0.000000E+00	5.818956E-22	2.939844E-18	
1.915501E-15	0.000000E+00	0.000000E+00	0.000000E+00	0.000000E+00	3.825783E-17	0.000000E+00	5.818244E-22	2.939844E-18	
2.113414E-15	0.000000E+00	0.000000E+00	0.000000E+00	0.000000E+00	3.825783E-17	0.000000E+00	5.817446E-22	2.939844E-18	
2.329922E-15	0.000000E+00	0.000000E+00	0.000000E+00	0.000000E+00	3.825783E-17	0.000000E+00	5.816550E-22	2.939844E-18	
2.578296E-15	0.000000E+00	0.000000E+00	0.000000E+00	0.000000E+00	3.825783E-17	0.000000E+00	5.815545E-22	2.939844E-18	
2.862990E-15	0.000000E+00	0.000000E+00	0.000000E+00	0.000000E+00	3.825783E-17	0.000000E+00	5.814417E-22	2.939844E-18	
3.185904E-15	0.000000E+00	0.000000E+00	0.000000E+00	0.000000E+00	3.825783E-17	0.000000E+00	5.813152E-22	2.939844E-18	
3.547998E-15	0.000000E+00	0.000000E+00	0.000000E+00	0.000000E+00	3.825783E-17	0.000000E+00	5.811734E-22	2.939844E-18	
3.955260E-15	0.000000E+00	0.000000E+00	0.000000E+00	0.000000E+00	3.825783E-17	3.992247E-30	5.810142E-22	2.939844E-18	
4.410340E-15	0.000000E+00	0.000000E+00	0.000000E+00	0.000000E+00	3.825783E-17	8.941007E-30	5.808357E-22	2.939844E-18	
4.917507E-15	0.000000E+00	0.000000E+00	0.000000E+00	0.000000E+00	3.825783E-17	5.006310E-30	5.806355E-22	2.939844E-18	
5.481707E-15	0.000000E+00	0.000000E+00	0.000000E+00	0.000000E+00	3.825783E-17	0.000000E+00	5.804109E-22	2.939844E-18	
6.108563E-15	0.000000E+00	0.000000E+00	0.000000E+00	0.000000E+00	3.825783E-17	0.000000E+00	5.801590E-22	2.939844E-18	
6.804351E-15	0.000000E+00	0.000000E+00	0.000000E+00	0.000000E+00	3.825783E-17	0.000000E+00	5.798766E-22	2.939844E-18	
7.576080E-15	0.000000E+00	0.000000E+00	0.000000E+00	0.000000E+00	3.825783E-17	0.000000E+00	5.795598E-22	2.939843E-18	
8.431514E-15	0.000000E+00	0.000000E+00	0.000000E+00	0.000000E+00	3.825783E-17	8.836841E-30	5.792046E-22	2.939843E-18	
9.379779E-15	0.000000E+00	0.000000E+00	0.000000E+00	0.000000E+00	3.825783E-17	0.000000E+00	5.788063E-22	2.939843E-18	
1.042933E-14	0.000000E+00	0.000000E+00	0.000000E+00	0.000000E+00	3.825783E-17	0.000000E+00	5.783597E-22	2.939843E-18	
1.159137E-14	0.000000E+00	0.000000E+00	0.000000E+00	0.000000E+00	3.825783E-17	1.244665E-29	5.778591E-22	2.939843E-18	
1.287765E-14	0.000000E+00	0.000000E+00	0.000000E+00	0.000000E+00	3.825783E-17	2.790949E-29	5.772979E-22	2.939843E-18	
1.430127E-14	0.000000E+00	0.000000E+00	0.000000E+00	0.000000E+00	3.825783E-17	1.564624E-29	5.766690E-22	2.939842E-18	
1.587675E-14	0.000000E+00	0.000000E+00	0.000000E+00	0.000000E+00	3.825783E-17	3.508652E-29	5.759641E-22	2.939842E-18	
1.762021E-14	0.000000E+00	0.000000E+00	0.000000E+00	0.000000E+00	3.825783E-17	0.000000E+00	5.751742E-22	2.939842E-18	
1.954959E-14	0.000000E+00	0.000000E+00	0.000000E+00	0.000000E+00	3.825783E-17	2.205598E-29	5.742893E-22	2.939842E-18	
2.168485E-14	0.000000E+00	0.000000E+00	0.000000E+00	0.000000E+00	3.825783E-17	2.473057E-29	5.732981E-22	2.939841E-18	
2.404796E-14	0.000000E+00	0.000000E+00	0.000000E+00	0.000000E+00	3.825783E-17	0.000000E+00	5.721881E-22	2.939841E-18	
2.666341E-14	0.000000E+00	0.000000E+00	0.000000E+00	0.000000E+00	3.825783E-17	6.218590E-29	5.709452E-22	2.939841E-18	
2.955834E-14	0.000000E+00	0.000000E+00	0.000000E+00	0.000000E+00	3.825783E-17	0.000000E+00	5.695540E-22	2.939840E-18	
3.276943E-14	0.000000E+00	0.000000E+00	0.000000E+00	0.000000E+00	3.825783E-17	0.000000E+00	5.679972E-22	2.939840E-18	
3.631715E-14	0.000000E+00	0.000000E+00	0.000000E+00	0.000000E+00	3.825783E-17	0.000000E+00	5.662557E-22	2.939839E-18	
4.024445E-14	0.000000E+00	0.000000E+00	0.000000E+00	0.000000E+00	3.825783E-17	0.000000E+00	2.496931E-23	9.477009E-25	
4.167295E-22	0.000000E+00	0.000000E+00	0.000000E+00	0.000000E+00	5.783556E-18	9.476123E-25	4.167176E-22	0.000000E+00	
0.000000E+00	0.000000E+00	0.000000E+00	6.489222E-18	9.476015E-25	4.167161E-22	0.000000E+00	0.000000E+00	0.000000E+00	
0.000000E+00	7.280972E-18	9.475894E-25	4.167145E-22	0.000000E+00	0.000000E+00	0.000000E+00	0.000000E+00	8.169325E-18	
9.475758E-25	4.167127E-22	0.000000E+00	0.000000E+00	0.000000E+00	0.000000E+00	9.166047E-18	9.475605E-25	4.167106E-22	
0.000000E+00	0.000000E+00	0.000000E+00	0.000000E+00	1.028438E-17	9.475434E-25	4.167083E-22	0.000000E+00	0.000000E+00	
0.000000E+00	0.000000E+00	1.153914E-17	9.475242E-25	4.167058E-22	0.000000E+00	0.000000E+00	0.000000E+00	0.000000E+00	
1.294696E-17	9.475026E-25	4.167029E-22	0.000000E+00	0.000000E+00	0.000000E+00	0.000000E+00	1.452654E-17	9.474785E-25	
4.166996E-22	0.000000E+00	0.000000E+00	0.000000E+00	0.000000E+00	1.629878E-17	9.474513E-25	4.166960E-22	0.000000E+00	
0.000000E+00	0.000000E+00	0.000000E+00	1.828723E-17	9.474209E-25	4.166919E-22	0.000000E+00	0.000000E+00	0.000000E+00	
0.000000E+00	2.051821E-17	9.473867E-25	4.166873E-22	0.000000E+00	0.000000E+00	0.000000E+00	0.000000E+00	2.302127E-17	
9.473484E-25	4.166821E-22	0.000000E+00	0.000000E+00	0.000000E+00	0.000000E+00	2.582965E-17	9.473054E-25	4.166764E-22	
0.000000E+00	0.000000E+00	0.000000E+00	0.000000E+00	2.898048E-17	9.472572E-25	4.166699E-22	0.000000E+00	0.000000E+00	
0.000000E+00	0.000000E+00	3.251557E-17	9.472030E-25	4.166626E-22	0.000000E+00	0.000000E+00	0.000000E+00	0.000000E+00	
3.648170E-17	9.471423E-25	4.166544E-22	0.000000E+00	0.000000E+00	0.000000E+00	0.000000E+00	4.093134E-17	9.470742E-25	
4.166453E-22	3.043972E-28	0.000000E+00	0.000000E+00	0.000000E+00	4.592342E-17	9.469977E-25	4.166350E-22	1.108792E-27	
0.000000E+00	0.000000E+00	0.000000E+00	5.152390E-17	9.469120E-25	4.166235E-22	0.000000E+00	0.000000E+00	0.000000E+00	
0.000000E+00	5.780689E-17	9.468157E-25	4.166106E-22	7.861434E-29	0.000000E+00	0.000000E+00	0.000000E+00	6.485528E-17	
9.467078E-25	4.165960E-22	2.170081E-27	0.000000E+00	0.000000E+00	0.000000E+00	7.276205E-17	9.465867E-25	4.165798E-22	
1.232414E-27	0.000000E+00	0.000000E+00	0.000000E+00	8.163141E-17	9.464508E-25	4.165615E-22	0.000000E+00	0.000000E+00	
0.000000E+00	0.000000E+00	9.157985E-17	9.462984E-25	4.165410E-22	1.237844E-27	0.000000E+00	0.000000E+00	0.000000E+00	
1.027378E-16	9.461274E-25	4.165180E-22	0.000000E+00	0.000000E+00	0.000000E+00	0.000000E+00	1.152510E-16	9.459356E-25	
4.164922E-22	0.000000E+00	0.000000E+00	0.000000E+00	0.000000E+00	1.292815E-16	9.457204E-25	4.164633E-22	0.000000E+00	
0.000000E+00	0.000000E+00	0.000000E+00	1.450095E-16	9.454790E-25	4.164308E-22	3.263947E-27	0.000000E+00	0.000000E+00	
0.000000E+00	1.626325E-16	9.452082E-25	4.163944E-22	0.000000E+00	0.000000E+00	0.000000E+00	0.000000E+00	1.823627E-16	
9.449045E-25	4.163535E-22	0.000000E+00	0.000000E+00	0.000000E+00	0.000000E+00	2.044032E-16	9.445638E-25	4.163076E-22	
2.613465E-27	0.000000E+00	0.000000E+00	0.000000E+00	2.289513E-16	9.441817E-25	4.162562E-22	4.626665E-27	0.000000E+00	
0.000000E+00	0.000000E+00	2.558467E-16	9.437532E-25	4.161985E-22	0.000000E+00	0.000000E+00	0.000000E+00	0.000000E+00	
2.856233E-16	9.432725E-25	4.161337E-22	0.000000E+00	0.000000E+00	0.000000E+00	0.000000E+00	3.179895E-16	9.427335E-25	
4.160611E-22	0.000000E+00	0.000000E+00	0.000000E+00	0.000000E+00	3.518383E-16	9.421291E-25	4.159796E-22	2.393176E-27	
0.000000E+00	0.000000E+00	0.000000E+00	3.874553E-16	9.414513E-25	4.158881E-22	0.000000E+00	0.000000E+00	0.000000E+00	
0.000000E+00	4.249733E-16	9.406914E-25	4.157856E-22	6.797978E-27	0.000000E+00	0.000000E+00	0.000000E+00	4.656117E-16	
9.398395E-25	4.156705E-22	0.000000E+00	0.000000E+00	0.000000E+00	0.000000E+00	5.124519E-16	9.388845E-25	4.155414E-22	
3.959553E-27	0.000000E+00	0.000000E+00	0.000000E+00	5.663524E-16	9.378140E-25	4.153967E-22	2.478034E-26	0.000000E+00	
0.000000E+00	0.000000E+00	6.278639E-16	9.366142E-25	4.152343E-22	0.000000E+00	0.000000E+00	0.000000E+00	0.000000E+00	
6.973267E-16	9.352698E-25	4.150521E-22	0.000000E+00	0.000000E+00	0.000000E+00	0.000000E+00	7.756530E-16	9.337635E-25	
4.148478E-22	0.000000E+00	0.000000E+00	0.000000E+00	0.000000E+00	8.630737E-16	9.320761E-25	4.146187E-22	0.000000E+00	
0.000000E+00	0.000000E+00	0.000000E+00	9.603835E-16	9.301862E-25	4.143617E-22	7.891768E-27	0.000000E+00	0.000000E+00	
0.000000E+00	1.068507E-15	9.280701E-25	4.140736E-22	6.591394E-28	0.000000E+00	0.000000E+00	0.000000E+00	1.188497E-15	
9.257010E-25	4.137504E-22	2.922180E-26	0.000000E+00	0.000000E+00	0.000000E+00	1.321526E-15	9.230497E-25	4.133881E-22	
0.000000E+00	0.000000E+00	0.000000E+00	0.000000E+00	1.468908E-15	9.200833E-25	4.129819E-22	6.911340E-27	0.000000E+00	
0.000000E+00	0.000000E+00	1.632090E-15	9.167656E-25	4.125265E-22	3.690996E-26	0.000000E+00	0.000000E+00	0.000000E+00	
1.812939E-15	9.130564E-25	4.120160E-22	0.000000E+00	0.000000E+00	0.000000E+00	0.000000E+00	2.012682E-15	9.089114E-25	
4.114438E-22	0.000000E+00	0.000000E+00	0.000000E+00	0.000000E+00	2.233574E-15	9.042817E-25	4.108026E-22	0.000000E+00	
0.000000E+00	0.000000E+00	0.000000E+00	2.477798E-15	8.991134E-25	4.100841E-22	7.897300E-27	0.000000E+00	0.000000E+00	
0.000000E+00	2.747764E-15	8.933475E-25	4.092791E-22	0.000000E+00	0.000000E+00	0.000000E+00	0.000000E+00	3.046140E-15	
8.869193E-25	4.083774E-22	7.270415E-26	0.000000E+00	0.000000E+00	0.000000E+00	3.375868E-15	8.797584E-25	4.073676E-22	
3.080911E-26	0.000000E+00	0.000000E+00	0.000000E+00	3.740207E-15	8.717884E-25	4.062370E-22	0.000000E+00	0.000000E+00	
0.000000E+00	0.000000E+00	4.142760E-15	8.629265E-25	4.049714E-22	0.000000E+00	0.000000E+00	0.000000E+00	0.000000E+00	
4.587406E-15	8.530840E-25	4.035553E-22	1.355694E-25	0.000000E+00	0.000000E+00	0.000000E+00	5.078431E-15	8.421660E-25	
4.019710E-22	0.000000E+00	0.000000E+00	0.000000E+00	0.000000E+00	5.620520E-15	8.300719E-25	4.001995E-22	0.000000E+00	
0.000000E+00	0.000000E+00	0.000000E+00	6.222230E-15	8.166962E-25	3.982193E-22	7.923980E-26	0.000000E+00	0.000000E+00	
0.000000E+00	6.882594E-15	8.019294E-25	3.960068E-22	7.437692E-25	0.000000E+00	0.000000E+00	0.000000E+00	7.610635E-15	
7.856592E-25	3.935363E-22	0.000000E+00	0.000000E+00	0.000000E+00	0.000000E+00	8.377902E-15	7.677730E-25	3.907792E-22	
1.949582E-25	0.000000E+00	0.000000E+00	0.000000E+00	9.252224E-15	7.481595E-25	3.877042E-22	7.031002E-24	0.000000E+00	
