1.202788E+02
1.202758E+02
1.202755E+02
1.202750E+02
1.202746E+02
1.202740E+02
1.202734E+02
1.202728E+02
1.202720E+02
1.202711E+02
1.202702E+02
1.202691E+02
1.202678E+02
1.202664E+02
1.202648E+02
1.202630E+02
1.202609E+02
1.202585E+02
1.202558E+02
1.202527E+02
1.202491E+02
1.202449E+02
1.202401E+02
1.202344E+02
1.202277E+02
1.202198E+02
1.202103E+02
1.201987E+02
1.201844E+02
1.201661E+02
1.201419E+02
1.201082E+02
1.200537E+02
1.199623E+02
1.197274E+02
1.194712E+02
1.191266E+02
1.185749E+02
1.181348E+02
1.181244E+02
1.185829E+02
1.191596E+02
1.196914E+02
1.201510E+02
1.205604E+02
1.209915E+02
1.214178E+02
1.218534E+02
1.223074E+02
1.227862E+02
1.232940E+02
1.238335E+02
1.244065E+02
1.250246E+02
1.256634E+02
1.263356E+02
1.270397E+02
1.277735E+02
1.285342E+02
1.293182E+02
1.301215E+02
1.309397E+02
1.317664E+02
1.325950E+02
1.334187E+02
1.342785E+02
1.350704E+02
1.358329E+02
1.361861E+02
1.368096E+02
1.373644E+02
1.378369E+02
1.382120E+02
1.384736E+02
1.386038E+02
1.385829E+02
1.383899E+02
1.380017E+02
1.373926E+02
1.365357E+02
1.354009E+02
1.339574E+02
1.321696E+02
1.300030E+02
1.274208E+02
1.243898E+02
1.208936E+02
1.169929E+02
1.096573E+02
1.046648E+02
9.918103E+01
9.317273E+01
8.698621E+01
8.101530E+01
7.376365E+01
6.683652E+01
6.041065E+01
5.325314E+01
4.701746E+01
4.156719E+01
3.620340E+01
3.145284E+01
2.628186E+01
2.133396E+01
2.725000E+00
2.725000E+00
2.725000E+00
2.725000E+00
2.725000E+00
2.725000E+00
2.725000E+00
2.725000E+00
2.725000E+00
2.725000E+00
2.725000E+00
2.725000E+00
2.725000E+00
2.725000E+00
2.725000E+00
2.725000E+00
2.725000E+00
2.725000E+00
