4
1.000000E+00	0.000000E+00	2.326847E-10	4.550393E-13	3.838182E-16	
1.000000E+00	0.000000E+00	0.000000E+00	0.000000E+00	0.000000E+00	
1.000000E+00	0.000000E+00	0.000000E+00	0.000000E+00	0.000000E+00	
1.000000E+00	2.642744E-12	0.000000E+00	0.000000E+00	0.000000E+00	
1.000000E+00	0.000000E+00	0.000000E+00	0.000000E+00	0.000000E+00	
1.000000E+00	0.000000E+00	0.000000E+00	0.000000E+00	0.000000E+00	
1.000000E+00	0.000000E+00	0.000000E+00	0.000000E+00	0.000000E+00	
1.000000E+00	0.000000E+00	0.000000E+00	0.000000E+00	0.000000E+00	
1.000000E+00	0.000000E+00	2.311751E-10	4.553867E-13	3.187133E-16	
1.000000E+00	0.000000E+00	0.000000E+00	0.000000E+00	0.000000E+00	
1.000000E+00	0.000000E+00	0.000000E+00	0.000000E+00	0.000000E+00	
1.000000E+00	0.000000E+00	0.000000E+00	0.000000E+00	0.000000E+00	
1.000000E+00	0.000000E+00	0.000000E+00	0.000000E+00	0.000000E+00	
1.000000E+00	0.000000E+00	0.000000E+00	0.000000E+00	0.000000E+00	
1.000000E+00	0.000000E+00	0.000000E+00	0.000000E+00	0.000000E+00	
1.000000E+00	0.000000E+00	0.000000E+00	0.000000E+00	0.000000E+00	
1.000000E+00	0.000000E+00	0.000000E+00	0.000000E+00	0.000000E+00	
1.000000E+00	0.000000E+00	0.000000E+00	0.000000E+00	0.000000E+00	
1.000000E+00	0.000000E+00	0.000000E+00	0.000000E+00	0.000000E+00	
1.000000E+00	0.000000E+00	0.000000E+00	0.000000E+00	0.000000E+00	
1.000000E+00	0.000000E+00	0.000000E+00	4.224495E-16	0.000000E+00	
1.000000E+00	2.120931E-14	1.540462E-13	0.000000E+00	0.000000E+00	
1.000000E+00	0.000000E+00	0.000000E+00	4.224495E-16	0.000000E+00	
1.000000E+00	0.000000E+00	0.000000E+00	2.816330E-16	3.029132E-17	
1.000000E+00	0.000000E+00	0.000000E+00	4.224495E-16	0.000000E+00	
1.000000E+00	3.953371E-15	4.590078E-14	0.000000E+00	3.865087E-17	
1.000000E+00	0.000000E+00	0.000000E+00	2.816330E-16	0.000000E+00	
1.000000E+00	0.000000E+00	0.000000E+00	4.224495E-16	0.000000E+00	
1.000000E+00	3.952859E-15	4.589552E-14	0.000000E+00	0.000000E+00	
1.000000E+00	1.257861E-14	9.994677E-14	0.000000E+00	7.730174E-17	
1.000000E+00	3.316152E-16	0.000000E+00	0.000000E+00	0.000000E+00	0.000000E+00	0.000000E+00	5.089246E-18	0.000000E+00	0.000000E+00	0.000000E+00	0.000000E+00	0.000000E+00	0.000000E+00	0.000000E+00	0.000000E+00	0.000000E+00	0.000000E+00	0.000000E+00	0.000000E+00	0.000000E+00	0.000000E+00	0.000000E+00	0.000000E+00	0.000000E+00	0.000000E+00	0.000000E+00	0.000000E+00	0.000000E+00	0.000000E+00	0.000000E+00	0.000000E+00	0.000000E+00	0.000000E+00	0.000000E+00	0.000000E+00	0.000000E+00	4.592320E-18	6.045625E-17	0.000000E+00	0.000000E+00	
1.000000E+00	3.456183E-13	1.951466E-14	4.512776E-15	0.000000E+00	4.204993E-13	4.914973E-13	5.671344E-13	7.358636E-14	5.138973E-14	3.733606E-14	2.797212E-14	3.037105E-14	3.280092E-14	3.514635E-14	3.751416E-14	2.868399E-15	2.407308E-15	2.092253E-15	1.861068E-15	1.506433E-15	1.587910E-15	1.645519E-15	1.067949E-15	9.477299E-16	8.481712E-16	7.716073E-16	6.885134E-16	6.253763E-16	5.630586E-16	5.199694E-16	4.668265E-16	4.226824E-16	4.362240E-16	3.687528E-16	3.477089E-16	3.249209E-16	3.486514E-16	0.000000E+00	0.000000E+00	0.000000E+00	
1.000000E+00	0.000000E+00	7.932249E-11	3.374128E-11	1.375450E-11	6.900660E-12	8.083702E-12	9.327640E-12	1.642023E-12	1.150288E-12	8.370142E-13	6.296112E-13	6.838088E-13	7.383122E-13	7.916821E-13	8.453021E-13	2.076238E-13	1.741276E-13	1.476491E-13	1.264449E-13	1.092748E-13	1.145545E-13	1.198441E-13	6.164416E-14	5.481239E-14	5.703098E-14	4.410733E-14	3.987507E-14	3.619644E-14	3.307783E-14	3.418983E-14	1.676176E-14	1.546876E-14	1.433177E-14	1.332507E-14	1.242864E-14	1.162949E-14	1.089503E-14	1.027641E-14	9.685259E-15	9.178521E-15	
1.000000E+00	2.638956E-10	0.000000E+00	0.000000E+00	0.000000E+00	0.000000E+00	0.000000E+00	0.000000E+00	0.000000E+00	0.000000E+00	0.000000E+00	0.000000E+00	0.000000E+00	0.000000E+00	0.000000E+00	0.000000E+00	0.000000E+00	0.000000E+00	0.000000E+00	0.000000E+00	0.000000E+00	0.000000E+00	0.000000E+00	0.000000E+00	0.000000E+00	0.000000E+00	0.000000E+00	0.000000E+00	0.000000E+00	0.000000E+00	0.000000E+00	0.000000E+00	0.000000E+00	0.000000E+00	0.000000E+00	0.000000E+00	0.000000E+00	0.000000E+00	0.000000E+00	0.000000E+00	0.000000E+00	
1.000000E+00	0.000000E+00	0.000000E+00	0.000000E+00	0.000000E+00	0.000000E+00	0.000000E+00	0.000000E+00	0.000000E+00	0.000000E+00	0.000000E+00	0.000000E+00	0.000000E+00	0.000000E+00	0.000000E+00	0.000000E+00	6.042518E-17	4.435350E-17	3.540639E-17	2.788948E-17	2.233647E-17	1.534822E-17	2.450883E-17	1.797256E-17	1.517854E-17	1.579196E-17	1.089521E-17	9.256669E-18	7.856901E-18	0.000000E+00	0.000000E+00	4.759135E-17	4.402880E-17	4.098106E-17	3.844253E-17	3.597245E-17	3.388073E-17	4.907536E-18	3.008263E-17	2.255019E-17	3.320371E-17	
1.000000E+00	0.000000E+00	1.001560E-12	1.684442E-12	6.897978E-13	3.460615E-13	4.055234E-13	4.679261E-13	8.504433E-14	5.823057E-14	4.216942E-14	3.197599E-14	3.472765E-14	3.749537E-14	4.020425E-14	4.292631E-14	9.987556E-15	8.380129E-15	7.107761E-15	6.092349E-15	5.266223E-15	5.503852E-15	5.721146E-15	0.000000E+00	0.000000E+00	0.000000E+00	0.000000E+00	0.000000E+00	0.000000E+00	0.000000E+00	0.000000E+00	0.000000E+00	0.000000E+00	0.000000E+00	0.000000E+00	0.000000E+00	0.000000E+00	0.000000E+00	0.000000E+00	0.000000E+00	0.000000E+00	
1.000000E+00	1.771903E-14	0.000000E+00	8.691679E-17	2.888564E-15	1.438588E-15	1.804630E-15	2.082166E-15	2.660812E-15	4.026787E-16	5.095874E-16	4.212838E-16	4.566697E-16	4.928307E-16	5.272038E-16	5.622227E-16	0.000000E+00	0.000000E+00	0.000000E+00	0.000000E+00	0.000000E+00	0.000000E+00	0.000000E+00	0.000000E+00	0.000000E+00	0.000000E+00	0.000000E+00	0.000000E+00	0.000000E+00	1.563628E-16	1.627058E-16	1.334852E-17	1.272192E-17	1.212676E-17	1.148679E-17	1.093969E-17	1.035870E-17	3.982902E-17	1.605074E-17	1.988373E-17	8.894533E-18	
1.000000E+00	2.285805E-15	2.406687E-15	9.275155E-16	2.523614E-16	2.578480E-16	3.008135E-16	3.471088E-16	0.000000E+00	0.000000E+00	2.550665E-18	1.160000E-16	1.258317E-16	1.358189E-16	1.453969E-16	1.551135E-16	1.645251E-16	0.000000E+00	0.000000E+00	0.000000E+00	0.000000E+00	0.000000E+00	0.000000E+00	0.000000E+00	0.000000E+00	0.000000E+00	0.000000E+00	0.000000E+00	0.000000E+00	0.000000E+00	0.000000E+00	0.000000E+00	0.000000E+00	0.000000E+00	0.000000E+00	0.000000E+00	0.000000E+00	0.000000E+00	0.000000E+00	0.000000E+00	0.000000E+00	
1.000000E+00	3.139975E-14	3.258551E-15	1.126368E-15	5.281668E-16	2.720028E-16	3.219396E-16	3.714756E-16	1.279143E-16	0.000000E+00	1.043312E-16	6.734644E-17	7.303111E-17	7.881182E-17	8.427085E-17	8.987776E-17	9.539371E-17	5.099680E-17	4.055576E-17	3.348786E-17	2.598558E-17	6.558872E-17	2.849524E-17	1.562171E-17	1.420280E-17	1.477712E-17	1.133274E-17	1.015791E-17	9.127622E-18	7.597383E-17	8.319872E-17	6.531634E-18	6.153910E-18	5.632362E-18	5.171872E-18	5.260444E-18	5.328393E-18	4.934538E-18	4.582267E-18	4.269864E-18	3.994957E-18	
1.000000E+00	1.543211E-10	8.038384E-12	0.000000E+00	0.000000E+00	0.000000E+00	0.000000E+00	0.000000E+00	0.000000E+00	0.000000E+00	0.000000E+00	0.000000E+00	0.000000E+00	0.000000E+00	0.000000E+00	0.000000E+00	0.000000E+00	0.000000E+00	0.000000E+00	0.000000E+00	0.000000E+00	0.000000E+00	0.000000E+00	0.000000E+00	0.000000E+00	0.000000E+00	0.000000E+00	0.000000E+00	0.000000E+00	0.000000E+00	0.000000E+00	0.000000E+00	0.000000E+00	0.000000E+00	0.000000E+00	0.000000E+00	0.000000E+00	0.000000E+00	0.000000E+00	0.000000E+00	0.000000E+00	
