8.560194E+02	1.409377E+02	3.034500E+00	8.418772E-03	2.987502E-06	0.000000E+00	0.000000E+00	0.000000E+00	0.000000E+00	0.000000E+00	0.000000E+00	0.000000E+00	0.000000E+00	0.000000E+00	0.000000E+00	0.000000E+00	0.000000E+00	0.000000E+00	0.000000E+00	0.000000E+00	0.000000E+00	0.000000E+00	0.000000E+00	0.000000E+00	0.000000E+00	0.000000E+00	0.000000E+00	0.000000E+00	0.000000E+00	0.000000E+00	0.000000E+00	0.000000E+00	0.000000E+00	0.000000E+00	0.000000E+00	0.000000E+00	0.000000E+00	0.000000E+00	0.000000E+00	0.000000E+00	0.000000E+00	
8.560194E+02	1.409377E+02	3.034500E+00	8.418772E-03	2.987525E-06	0.000000E+00	0.000000E+00	0.000000E+00	0.000000E+00	0.000000E+00	0.000000E+00	0.000000E+00	0.000000E+00	0.000000E+00	0.000000E+00	0.000000E+00	0.000000E+00	0.000000E+00	0.000000E+00	0.000000E+00	0.000000E+00	0.000000E+00	0.000000E+00	0.000000E+00	0.000000E+00	0.000000E+00	0.000000E+00	0.000000E+00	0.000000E+00	0.000000E+00	0.000000E+00	0.000000E+00	0.000000E+00	0.000000E+00	0.000000E+00	0.000000E+00	0.000000E+00	0.000000E+00	0.000000E+00	0.000000E+00	0.000000E+00	
8.560194E+02	1.409377E+02	3.034500E+00	8.418772E-03	2.987732E-06	0.000000E+00	0.000000E+00	0.000000E+00	0.000000E+00	0.000000E+00	0.000000E+00	0.000000E+00	0.000000E+00	0.000000E+00	0.000000E+00	0.000000E+00	0.000000E+00	0.000000E+00	0.000000E+00	0.000000E+00	0.000000E+00	0.000000E+00	0.000000E+00	0.000000E+00	0.000000E+00	0.000000E+00	0.000000E+00	0.000000E+00	0.000000E+00	0.000000E+00	0.000000E+00	0.000000E+00	0.000000E+00	0.000000E+00	0.000000E+00	0.000000E+00	0.000000E+00	0.000000E+00	0.000000E+00	0.000000E+00	0.000000E+00	
8.560194E+02	1.409377E+02	3.034500E+00	8.418773E-03	2.987876E-06	0.000000E+00	0.000000E+00	0.000000E+00	0.000000E+00	0.000000E+00	0.000000E+00	0.000000E+00	0.000000E+00	0.000000E+00	0.000000E+00	0.000000E+00	0.000000E+00	0.000000E+00	0.000000E+00	0.000000E+00	0.000000E+00	0.000000E+00	0.000000E+00	0.000000E+00	0.000000E+00	0.000000E+00	0.000000E+00	0.000000E+00	0.000000E+00	0.000000E+00	0.000000E+00	0.000000E+00	0.000000E+00	0.000000E+00	0.000000E+00	0.000000E+00	0.000000E+00	0.000000E+00	0.000000E+00	0.000000E+00	0.000000E+00	
8.560194E+02	1.409377E+02	3.034500E+00	8.418773E-03	2.988060E-06	0.000000E+00	0.000000E+00	0.000000E+00	0.000000E+00	0.000000E+00	0.000000E+00	0.000000E+00	0.000000E+00	0.000000E+00	0.000000E+00	0.000000E+00	0.000000E+00	0.000000E+00	0.000000E+00	0.000000E+00	0.000000E+00	0.000000E+00	0.000000E+00	0.000000E+00	0.000000E+00	0.000000E+00	0.000000E+00	0.000000E+00	0.000000E+00	0.000000E+00	0.000000E+00	0.000000E+00	0.000000E+00	0.000000E+00	0.000000E+00	0.000000E+00	0.000000E+00	0.000000E+00	0.000000E+00	0.000000E+00	0.000000E+00	
8.560194E+02	1.409377E+02	3.034500E+00	8.418768E-03	2.985777E-06	0.000000E+00	0.000000E+00	0.000000E+00	0.000000E+00	0.000000E+00	0.000000E+00	0.000000E+00	0.000000E+00	0.000000E+00	0.000000E+00	0.000000E+00	0.000000E+00	0.000000E+00	0.000000E+00	0.000000E+00	0.000000E+00	0.000000E+00	0.000000E+00	0.000000E+00	0.000000E+00	0.000000E+00	0.000000E+00	0.000000E+00	0.000000E+00	0.000000E+00	0.000000E+00	0.000000E+00	0.000000E+00	0.000000E+00	0.000000E+00	0.000000E+00	0.000000E+00	0.000000E+00	0.000000E+00	0.000000E+00	0.000000E+00	
8.560194E+02	1.409377E+02	3.034500E+00	8.418768E-03	2.985875E-06	0.000000E+00	0.000000E+00	0.000000E+00	0.000000E+00	0.000000E+00	0.000000E+00	0.000000E+00	0.000000E+00	0.000000E+00	0.000000E+00	0.000000E+00	0.000000E+00	0.000000E+00	0.000000E+00	0.000000E+00	0.000000E+00	0.000000E+00	0.000000E+00	0.000000E+00	0.000000E+00	0.000000E+00	0.000000E+00	0.000000E+00	0.000000E+00	0.000000E+00	0.000000E+00	0.000000E+00	0.000000E+00	0.000000E+00	0.000000E+00	0.000000E+00	0.000000E+00	0.000000E+00	0.000000E+00	0.000000E+00	0.000000E+00	
8.560194E+02	1.409377E+02	3.034500E+00	8.418768E-03	2.985959E-06	0.000000E+00	0.000000E+00	0.000000E+00	0.000000E+00	0.000000E+00	0.000000E+00	0.000000E+00	0.000000E+00	0.000000E+00	0.000000E+00	0.000000E+00	0.000000E+00	0.000000E+00	0.000000E+00	0.000000E+00	0.000000E+00	0.000000E+00	0.000000E+00	0.000000E+00	0.000000E+00	0.000000E+00	0.000000E+00	0.000000E+00	0.000000E+00	0.000000E+00	0.000000E+00	0.000000E+00	0.000000E+00	0.000000E+00	0.000000E+00	0.000000E+00	0.000000E+00	0.000000E+00	0.000000E+00	0.000000E+00	0.000000E+00	
8.560194E+02	1.409377E+02	3.034500E+00	8.418769E-03	2.986244E-06	0.000000E+00	0.000000E+00	0.000000E+00	0.000000E+00	0.000000E+00	0.000000E+00	0.000000E+00	0.000000E+00	0.000000E+00	0.000000E+00	0.000000E+00	0.000000E+00	0.000000E+00	0.000000E+00	0.000000E+00	0.000000E+00	0.000000E+00	0.000000E+00	0.000000E+00	0.000000E+00	0.000000E+00	0.000000E+00	0.000000E+00	0.000000E+00	0.000000E+00	0.000000E+00	0.000000E+00	0.000000E+00	0.000000E+00	0.000000E+00	0.000000E+00	0.000000E+00	0.000000E+00	0.000000E+00	0.000000E+00	0.000000E+00	
8.560194E+02	1.409377E+02	3.034500E+00	8.418769E-03	2.986385E-06	0.000000E+00	0.000000E+00	0.000000E+00	0.000000E+00	0.000000E+00	0.000000E+00	0.000000E+00	0.000000E+00	0.000000E+00	0.000000E+00	0.000000E+00	0.000000E+00	0.000000E+00	0.000000E+00	0.000000E+00	0.000000E+00	0.000000E+00	0.000000E+00	0.000000E+00	0.000000E+00	0.000000E+00	0.000000E+00	0.000000E+00	0.000000E+00	0.000000E+00	0.000000E+00	0.000000E+00	0.000000E+00	0.000000E+00	0.000000E+00	0.000000E+00	0.000000E+00	0.000000E+00	0.000000E+00	0.000000E+00	0.000000E+00	
8.560194E+02	1.409377E+02	3.034500E+00	8.418769E-03	2.986230E-06	0.000000E+00	0.000000E+00	0.000000E+00	0.000000E+00	0.000000E+00	0.000000E+00	0.000000E+00	0.000000E+00	0.000000E+00	0.000000E+00	0.000000E+00	0.000000E+00	0.000000E+00	0.000000E+00	0.000000E+00	0.000000E+00	0.000000E+00	0.000000E+00	0.000000E+00	0.000000E+00	0.000000E+00	0.000000E+00	0.000000E+00	0.000000E+00	0.000000E+00	0.000000E+00	0.000000E+00	0.000000E+00	0.000000E+00	0.000000E+00	0.000000E+00	0.000000E+00	0.000000E+00	0.000000E+00	0.000000E+00	0.000000E+00	
8.560194E+02	1.409377E+02	3.034500E+00	8.418769E-03	2.986288E-06	0.000000E+00	0.000000E+00	0.000000E+00	0.000000E+00	0.000000E+00	0.000000E+00	0.000000E+00	0.000000E+00	0.000000E+00	0.000000E+00	0.000000E+00	0.000000E+00	0.000000E+00	0.000000E+00	0.000000E+00	0.000000E+00	0.000000E+00	0.000000E+00	0.000000E+00	0.000000E+00	0.000000E+00	0.000000E+00	0.000000E+00	0.000000E+00	0.000000E+00	0.000000E+00	0.000000E+00	0.000000E+00	0.000000E+00	0.000000E+00	0.000000E+00	0.000000E+00	0.000000E+00	0.000000E+00	0.000000E+00	0.000000E+00	
8.560194E+02	1.409377E+02	3.034500E+00	8.418769E-03	2.986549E-06	0.000000E+00	0.000000E+00	0.000000E+00	0.000000E+00	0.000000E+00	0.000000E+00	0.000000E+00	0.000000E+00	0.000000E+00	0.000000E+00	0.000000E+00	0.000000E+00	0.000000E+00	0.000000E+00	0.000000E+00	0.000000E+00	0.000000E+00	0.000000E+00	0.000000E+00	0.000000E+00	0.000000E+00	0.000000E+00	0.000000E+00	0.000000E+00	0.000000E+00	0.000000E+00	0.000000E+00	0.000000E+00	0.000000E+00	0.000000E+00	0.000000E+00	0.000000E+00	0.000000E+00	0.000000E+00	0.000000E+00	0.000000E+00	
8.560194E+02	1.409377E+02	3.034500E+00	8.418770E-03	2.986772E-06	0.000000E+00	0.000000E+00	0.000000E+00	0.000000E+00	0.000000E+00	0.000000E+00	0.000000E+00	0.000000E+00	0.000000E+00	0.000000E+00	0.000000E+00	0.000000E+00	0.000000E+00	0.000000E+00	0.000000E+00	0.000000E+00	0.000000E+00	0.000000E+00	0.000000E+00	0.000000E+00	0.000000E+00	0.000000E+00	0.000000E+00	0.000000E+00	0.000000E+00	0.000000E+00	0.000000E+00	0.000000E+00	0.000000E+00	0.000000E+00	0.000000E+00	0.000000E+00	0.000000E+00	0.000000E+00	0.000000E+00	0.000000E+00	
8.560194E+02	1.409377E+02	3.034500E+00	8.418770E-03	2.986926E-06	0.000000E+00	0.000000E+00	0.000000E+00	0.000000E+00	0.000000E+00	0.000000E+00	0.000000E+00	0.000000E+00	0.000000E+00	0.000000E+00	0.000000E+00	0.000000E+00	0.000000E+00	0.000000E+00	0.000000E+00	0.000000E+00	0.000000E+00	0.000000E+00	0.000000E+00	0.000000E+00	0.000000E+00	0.000000E+00	0.000000E+00	0.000000E+00	0.000000E+00	0.000000E+00	0.000000E+00	0.000000E+00	0.000000E+00	0.000000E+00	0.000000E+00	0.000000E+00	0.000000E+00	0.000000E+00	0.000000E+00	0.000000E+00	
8.560194E+02	1.409377E+02	3.034500E+00	8.418771E-03	2.987162E-06	0.000000E+00	0.000000E+00	0.000000E+00	0.000000E+00	0.000000E+00	0.000000E+00	0.000000E+00	0.000000E+00	0.000000E+00	0.000000E+00	0.000000E+00	0.000000E+00	0.000000E+00	0.000000E+00	0.000000E+00	0.000000E+00	0.000000E+00	0.000000E+00	0.000000E+00	0.000000E+00	0.000000E+00	0.000000E+00	0.000000E+00	0.000000E+00	0.000000E+00	0.000000E+00	0.000000E+00	0.000000E+00	0.000000E+00	0.000000E+00	0.000000E+00	0.000000E+00	0.000000E+00	0.000000E+00	0.000000E+00	0.000000E+00	
8.560194E+02	1.409377E+02	3.034500E+00	8.418771E-03	2.987173E-06	0.000000E+00	0.000000E+00	0.000000E+00	0.000000E+00	0.000000E+00	0.000000E+00	0.000000E+00	0.000000E+00	0.000000E+00	0.000000E+00	0.000000E+00	0.000000E+00	0.000000E+00	0.000000E+00	0.000000E+00	0.000000E+00	0.000000E+00	0.000000E+00	0.000000E+00	0.000000E+00	0.000000E+00	0.000000E+00	0.000000E+00	0.000000E+00	0.000000E+00	0.000000E+00	0.000000E+00	0.000000E+00	0.000000E+00	0.000000E+00	0.000000E+00	0.000000E+00	0.000000E+00	0.000000E+00	0.000000E+00	0.000000E+00	
8.560194E+02	1.409377E+02	3.034500E+00	8.418772E-03	2.987526E-06	0.000000E+00	0.000000E+00	0.000000E+00	0.000000E+00	0.000000E+00	0.000000E+00	0.000000E+00	0.000000E+00	0.000000E+00	0.000000E+00	0.000000E+00	0.000000E+00	0.000000E+00	0.000000E+00	0.000000E+00	0.000000E+00	0.000000E+00	0.000000E+00	0.000000E+00	0.000000E+00	0.000000E+00	0.000000E+00	0.000000E+00	0.000000E+00	0.000000E+00	0.000000E+00	0.000000E+00	0.000000E+00	0.000000E+00	0.000000E+00	0.000000E+00	0.000000E+00	0.000000E+00	0.000000E+00	0.000000E+00	0.000000E+00	
8.560194E+02	1.409377E+02	3.034500E+00	8.418772E-03	2.987410E-06	0.000000E+00	0.000000E+00	0.000000E+00	0.000000E+00	0.000000E+00	0.000000E+00	0.000000E+00	0.000000E+00	0.000000E+00	0.000000E+00	0.000000E+00	0.000000E+00	0.000000E+00	0.000000E+00	0.000000E+00	0.000000E+00	0.000000E+00	0.000000E+00	0.000000E+00	0.000000E+00	0.000000E+00	0.000000E+00	0.000000E+00	0.000000E+00	0.000000E+00	0.000000E+00	0.000000E+00	0.000000E+00	0.000000E+00	0.000000E+00	0.000000E+00	0.000000E+00	0.000000E+00	0.000000E+00	0.000000E+00	0.000000E+00	
8.560194E+02	1.409377E+02	3.034500E+00	8.418772E-03	2.987782E-06	0.000000E+00	0.000000E+00	0.000000E+00	0.000000E+00	0.000000E+00	0.000000E+00	0.000000E+00	0.000000E+00	0.000000E+00	0.000000E+00	0.000000E+00	0.000000E+00	0.000000E+00	0.000000E+00	0.000000E+00	0.000000E+00	0.000000E+00	0.000000E+00	0.000000E+00	0.000000E+00	0.000000E+00	0.000000E+00	0.000000E+00	0.000000E+00	0.000000E+00	0.000000E+00	0.000000E+00	0.000000E+00	0.000000E+00	0.000000E+00	0.000000E+00	0.000000E+00	0.000000E+00	0.000000E+00	0.000000E+00	0.000000E+00	
8.560194E+02	1.409377E+02	3.034500E+00	8.418773E-03	2.987979E-06	0.000000E+00	0.000000E+00	0.000000E+00	0.000000E+00	0.000000E+00	0.000000E+00	0.000000E+00	0.000000E+00	0.000000E+00	0.000000E+00	0.000000E+00	0.000000E+00	0.000000E+00	0.000000E+00	0.000000E+00	0.000000E+00	0.000000E+00	0.000000E+00	0.000000E+00	0.000000E+00	0.000000E+00	0.000000E+00	0.000000E+00	0.000000E+00	0.000000E+00	0.000000E+00	0.000000E+00	0.000000E+00	0.000000E+00	0.000000E+00	0.000000E+00	0.000000E+00	0.000000E+00	0.000000E+00	0.000000E+00	0.000000E+00	
8.560194E+02	1.409377E+02	3.034500E+00	8.418767E-03	2.985492E-06	0.000000E+00	0.000000E+00	0.000000E+00	0.000000E+00	0.000000E+00	0.000000E+00	0.000000E+00	0.000000E+00	0.000000E+00	0.000000E+00	0.000000E+00	0.000000E+00	0.000000E+00	0.000000E+00	0.000000E+00	0.000000E+00	0.000000E+00	0.000000E+00	0.000000E+00	0.000000E+00	0.000000E+00	0.000000E+00	0.000000E+00	0.000000E+00	0.000000E+00	0.000000E+00	0.000000E+00	0.000000E+00	0.000000E+00	0.000000E+00	0.000000E+00	0.000000E+00	0.000000E+00	0.000000E+00	0.000000E+00	0.000000E+00	
8.560194E+02	1.409377E+02	3.034500E+00	8.418767E-03	2.985727E-06	0.000000E+00	0.000000E+00	0.000000E+00	0.000000E+00	0.000000E+00	0.000000E+00	0.000000E+00	0.000000E+00	0.000000E+00	0.000000E+00	0.000000E+00	0.000000E+00	0.000000E+00	0.000000E+00	0.000000E+00	0.000000E+00	0.000000E+00	0.000000E+00	0.000000E+00	0.000000E+00	0.000000E+00	0.000000E+00	0.000000E+00	0.000000E+00	0.000000E+00	0.000000E+00	0.000000E+00	0.000000E+00	0.000000E+00	0.000000E+00	0.000000E+00	0.000000E+00	0.000000E+00	0.000000E+00	0.000000E+00	0.000000E+00	
8.560194E+02	1.409377E+02	3.034500E+00	8.418768E-03	2.985953E-06	0.000000E+00	0.000000E+00	0.000000E+00	0.000000E+00	0.000000E+00	0.000000E+00	0.000000E+00	0.000000E+00	0.000000E+00	0.000000E+00	0.000000E+00	0.000000E+00	0.000000E+00	0.000000E+00	0.000000E+00	0.000000E+00	0.000000E+00	0.000000E+00	0.000000E+00	0.000000E+00	0.000000E+00	0.000000E+00	0.000000E+00	0.000000E+00	0.000000E+00	0.000000E+00	0.000000E+00	0.000000E+00	0.000000E+00	0.000000E+00	0.000000E+00	0.000000E+00	0.000000E+00	0.000000E+00	0.000000E+00	0.000000E+00	
8.560194E+02	1.409377E+02	3.034500E+00	8.418768E-03	2.986063E-06	0.000000E+00	0.000000E+00	0.000000E+00	0.000000E+00	0.000000E+00	0.000000E+00	0.000000E+00	0.000000E+00	0.000000E+00	0.000000E+00	0.000000E+00	0.000000E+00	0.000000E+00	0.000000E+00	0.000000E+00	0.000000E+00	0.000000E+00	0.000000E+00	0.000000E+00	0.000000E+00	0.000000E+00	0.000000E+00	0.000000E+00	0.000000E+00	0.000000E+00	0.000000E+00	0.000000E+00	0.000000E+00	0.000000E+00	0.000000E+00	0.000000E+00	0.000000E+00	0.000000E+00	0.000000E+00	0.000000E+00	0.000000E+00	
8.560194E+02	1.409377E+02	3.034500E+00	8.418769E-03	2.986153E-06	0.000000E+00	0.000000E+00	0.000000E+00	0.000000E+00	0.000000E+00	0.000000E+00	0.000000E+00	0.000000E+00	0.000000E+00	0.000000E+00	0.000000E+00	0.000000E+00	0.000000E+00	0.000000E+00	0.000000E+00	0.000000E+00	0.000000E+00	0.000000E+00	0.000000E+00	0.000000E+00	0.000000E+00	0.000000E+00	0.000000E+00	0.000000E+00	0.000000E+00	0.000000E+00	0.000000E+00	0.000000E+00	0.000000E+00	0.000000E+00	0.000000E+00	0.000000E+00	0.000000E+00	0.000000E+00	0.000000E+00	0.000000E+00	
8.560194E+02	1.409377E+02	3.034500E+00	8.418769E-03	2.986323E-06	0.000000E+00	0.000000E+00	0.000000E+00	0.000000E+00	0.000000E+00	0.000000E+00	0.000000E+00	0.000000E+00	0.000000E+00	0.000000E+00	0.000000E+00	0.000000E+00	0.000000E+00	0.000000E+00	0.000000E+00	0.000000E+00	0.000000E+00	0.000000E+00	0.000000E+00	0.000000E+00	0.000000E+00	0.000000E+00	0.000000E+00	0.000000E+00	0.000000E+00	0.000000E+00	0.000000E+00	0.000000E+00	0.000000E+00	0.000000E+00	0.000000E+00	0.000000E+00	0.000000E+00	0.000000E+00	0.000000E+00	0.000000E+00	
8.560194E+02	1.409377E+02	3.034500E+00	8.418769E-03	2.986353E-06	0.000000E+00	0.000000E+00	0.000000E+00	0.000000E+00	0.000000E+00	0.000000E+00	0.000000E+00	0.000000E+00	0.000000E+00	0.000000E+00	0.000000E+00	0.000000E+00	0.000000E+00	0.000000E+00	0.000000E+00	0.000000E+00	0.000000E+00	0.000000E+00	0.000000E+00	0.000000E+00	0.000000E+00	0.000000E+00	0.000000E+00	0.000000E+00	0.000000E+00	0.000000E+00	0.000000E+00	0.000000E+00	0.000000E+00	0.000000E+00	0.000000E+00	0.000000E+00	0.000000E+00	0.000000E+00	0.000000E+00	0.000000E+00	
8.560194E+02	1.409377E+02	3.034500E+00	8.418770E-03	2.986849E-06	0.000000E+00	0.000000E+00	0.000000E+00	0.000000E+00	0.000000E+00	0.000000E+00	0.000000E+00	0.000000E+00	0.000000E+00	0.000000E+00	0.000000E+00	0.000000E+00	0.000000E+00	0.000000E+00	0.000000E+00	0.000000E+00	0.000000E+00	0.000000E+00	0.000000E+00	0.000000E+00	0.000000E+00	0.000000E+00	0.000000E+00	0.000000E+00	0.000000E+00	0.000000E+00	0.000000E+00	0.000000E+00	0.000000E+00	0.000000E+00	0.000000E+00	0.000000E+00	0.000000E+00	0.000000E+00	0.000000E+00	0.000000E+00	
8.560194E+02	1.409377E+02	3.034500E+00	8.418770E-03	2.986788E-06	0.000000E+00	0.000000E+00	0.000000E+00	0.000000E+00	0.000000E+00	0.000000E+00	0.000000E+00	0.000000E+00	0.000000E+00	0.000000E+00	0.000000E+00	0.000000E+00	0.000000E+00	0.000000E+00	0.000000E+00	0.000000E+00	0.000000E+00	0.000000E+00	0.000000E+00	0.000000E+00	0.000000E+00	0.000000E+00	0.000000E+00	0.000000E+00	0.000000E+00	0.000000E+00	0.000000E+00	0.000000E+00	0.000000E+00	0.000000E+00	0.000000E+00	0.000000E+00	0.000000E+00	0.000000E+00	0.000000E+00	0.000000E+00	
8.560194E+02	1.409377E+02	3.034500E+00	8.418770E-03	2.987030E-06	0.000000E+00	0.000000E+00	0.000000E+00	0.000000E+00	0.000000E+00	0.000000E+00	0.000000E+00	0.000000E+00	0.000000E+00	0.000000E+00	0.000000E+00	0.000000E+00	0.000000E+00	0.000000E+00	0.000000E+00	0.000000E+00	0.000000E+00	0.000000E+00	0.000000E+00	0.000000E+00	0.000000E+00	0.000000E+00	0.000000E+00	0.000000E+00	0.000000E+00	0.000000E+00	0.000000E+00	0.000000E+00	0.000000E+00	0.000000E+00	0.000000E+00	0.000000E+00	0.000000E+00	0.000000E+00	0.000000E+00	0.000000E+00	
8.560194E+02	1.409377E+02	3.034500E+00	8.418771E-03	2.987140E-06	0.000000E+00	0.000000E+00	0.000000E+00	0.000000E+00	0.000000E+00	0.000000E+00	0.000000E+00	0.000000E+00	0.000000E+00	0.000000E+00	0.000000E+00	0.000000E+00	0.000000E+00	0.000000E+00	0.000000E+00	0.000000E+00	0.000000E+00	0.000000E+00	0.000000E+00	0.000000E+00	0.000000E+00	0.000000E+00	0.000000E+00	0.000000E+00	0.000000E+00	0.000000E+00	0.000000E+00	0.000000E+00	0.000000E+00	0.000000E+00	0.000000E+00	0.000000E+00	0.000000E+00	0.000000E+00	0.000000E+00	0.000000E+00	
8.560194E+02	1.409377E+02	3.034500E+00	8.418771E-03	2.987311E-06	0.000000E+00	0.000000E+00	0.000000E+00	0.000000E+00	0.000000E+00	0.000000E+00	0.000000E+00	0.000000E+00	0.000000E+00	0.000000E+00	0.000000E+00	0.000000E+00	0.000000E+00	0.000000E+00	0.000000E+00	0.000000E+00	0.000000E+00	0.000000E+00	0.000000E+00	0.000000E+00	0.000000E+00	0.000000E+00	0.000000E+00	0.000000E+00	0.000000E+00	0.000000E+00	0.000000E+00	0.000000E+00	0.000000E+00	0.000000E+00	0.000000E+00	0.000000E+00	0.000000E+00	0.000000E+00	0.000000E+00	0.000000E+00	
8.560194E+02	1.409377E+02	3.034500E+00	8.418772E-03	2.987497E-06	0.000000E+00	0.000000E+00	0.000000E+00	0.000000E+00	0.000000E+00	0.000000E+00	0.000000E+00	0.000000E+00	0.000000E+00	0.000000E+00	0.000000E+00	0.000000E+00	0.000000E+00	0.000000E+00	0.000000E+00	0.000000E+00	0.000000E+00	0.000000E+00	0.000000E+00	0.000000E+00	0.000000E+00	0.000000E+00	0.000000E+00	0.000000E+00	0.000000E+00	0.000000E+00	0.000000E+00	0.000000E+00	0.000000E+00	0.000000E+00	0.000000E+00	0.000000E+00	0.000000E+00	0.000000E+00	0.000000E+00	0.000000E+00	
8.560194E+02	1.409377E+02	3.034500E+00	8.418772E-03	2.987460E-06	0.000000E+00	0.000000E+00	0.000000E+00	0.000000E+00	0.000000E+00	0.000000E+00	0.000000E+00	0.000000E+00	0.000000E+00	0.000000E+00	0.000000E+00	0.000000E+00	0.000000E+00	0.000000E+00	0.000000E+00	0.000000E+00	0.000000E+00	0.000000E+00	0.000000E+00	0.000000E+00	0.000000E+00	0.000000E+00	0.000000E+00	0.000000E+00	0.000000E+00	0.000000E+00	0.000000E+00	0.000000E+00	0.000000E+00	0.000000E+00	0.000000E+00	0.000000E+00	0.000000E+00	0.000000E+00	0.000000E+00	0.000000E+00	
8.560194E+02	1.409377E+02	3.034500E+00	8.418773E-03	2.987884E-06	0.000000E+00	0.000000E+00	0.000000E+00	0.000000E+00	0.000000E+00	0.000000E+00	0.000000E+00	0.000000E+00	0.000000E+00	0.000000E+00	0.000000E+00	0.000000E+00	0.000000E+00	0.000000E+00	0.000000E+00	0.000000E+00	0.000000E+00	0.000000E+00	0.000000E+00	0.000000E+00	0.000000E+00	0.000000E+00	0.000000E+00	0.000000E+00	0.000000E+00	0.000000E+00	0.000000E+00	0.000000E+00	0.000000E+00	0.000000E+00	0.000000E+00	0.000000E+00	0.000000E+00	0.000000E+00	0.000000E+00	0.000000E+00	
8.560194E+02	1.409377E+02	3.034500E+00	8.418773E-03	2.987860E-06	0.000000E+00	0.000000E+00	0.000000E+00	0.000000E+00	0.000000E+00	0.000000E+00	0.000000E+00	0.000000E+00	0.000000E+00	0.000000E+00	0.000000E+00	0.000000E+00	0.000000E+00	0.000000E+00	0.000000E+00	0.000000E+00	0.000000E+00	0.000000E+00	0.000000E+00	0.000000E+00	0.000000E+00	0.000000E+00	0.000000E+00	0.000000E+00	0.000000E+00	0.000000E+00	0.000000E+00	0.000000E+00	0.000000E+00	0.000000E+00	0.000000E+00	0.000000E+00	0.000000E+00	0.000000E+00	0.000000E+00	0.000000E+00	
8.560194E+02	1.409377E+02	3.034500E+00	8.418767E-03	2.985618E-06	0.000000E+00	0.000000E+00	0.000000E+00	0.000000E+00	0.000000E+00	0.000000E+00	0.000000E+00	0.000000E+00	0.000000E+00	0.000000E+00	0.000000E+00	0.000000E+00	0.000000E+00	0.000000E+00	0.000000E+00	0.000000E+00	0.000000E+00	0.000000E+00	0.000000E+00	0.000000E+00	0.000000E+00	0.000000E+00	0.000000E+00	0.000000E+00	0.000000E+00	0.000000E+00	0.000000E+00	0.000000E+00	0.000000E+00	0.000000E+00	0.000000E+00	0.000000E+00	0.000000E+00	0.000000E+00	0.000000E+00	0.000000E+00	
8.560194E+02	1.409377E+02	3.034500E+00	8.418768E-03	2.985748E-06	0.000000E+00	0.000000E+00	0.000000E+00	0.000000E+00	0.000000E+00	0.000000E+00	0.000000E+00	0.000000E+00	0.000000E+00	0.000000E+00	0.000000E+00	0.000000E+00	0.000000E+00	0.000000E+00	0.000000E+00	0.000000E+00	0.000000E+00	0.000000E+00	0.000000E+00	0.000000E+00	0.000000E+00	0.000000E+00	0.000000E+00	0.000000E+00	0.000000E+00	0.000000E+00	0.000000E+00	0.000000E+00	0.000000E+00	0.000000E+00	0.000000E+00	0.000000E+00	0.000000E+00	0.000000E+00	0.000000E+00	0.000000E+00	
8.560194E+02	1.409377E+02	3.034500E+00	8.418768E-03	2.985939E-06	0.000000E+00	0.000000E+00	0.000000E+00	0.000000E+00	0.000000E+00	0.000000E+00	0.000000E+00	0.000000E+00	0.000000E+00	0.000000E+00	0.000000E+00	0.000000E+00	0.000000E+00	0.000000E+00	0.000000E+00	0.000000E+00	0.000000E+00	0.000000E+00	0.000000E+00	0.000000E+00	0.000000E+00	0.000000E+00	0.000000E+00	0.000000E+00	0.000000E+00	0.000000E+00	0.000000E+00	0.000000E+00	0.000000E+00	0.000000E+00	0.000000E+00	0.000000E+00	0.000000E+00	0.000000E+00	0.000000E+00	0.000000E+00	
8.560194E+02	1.409377E+02	3.034500E+00	8.418768E-03	2.986128E-06	0.000000E+00	0.000000E+00	0.000000E+00	0.000000E+00	0.000000E+00	0.000000E+00	0.000000E+00	0.000000E+00	0.000000E+00	0.000000E+00	0.000000E+00	0.000000E+00	0.000000E+00	0.000000E+00	0.000000E+00	0.000000E+00	0.000000E+00	0.000000E+00	0.000000E+00	0.000000E+00	0.000000E+00	0.000000E+00	0.000000E+00	0.000000E+00	0.000000E+00	0.000000E+00	0.000000E+00	0.000000E+00	0.000000E+00	0.000000E+00	0.000000E+00	0.000000E+00	0.000000E+00	0.000000E+00	0.000000E+00	0.000000E+00	
8.560194E+02	1.409377E+02	3.034500E+00	8.418769E-03	2.986193E-06	0.000000E+00	0.000000E+00	0.000000E+00	0.000000E+00	0.000000E+00	0.000000E+00	0.000000E+00	0.000000E+00	0.000000E+00	0.000000E+00	0.000000E+00	0.000000E+00	0.000000E+00	0.000000E+00	0.000000E+00	0.000000E+00	0.000000E+00	0.000000E+00	0.000000E+00	0.000000E+00	0.000000E+00	0.000000E+00	0.000000E+00	0.000000E+00	0.000000E+00	0.000000E+00	0.000000E+00	0.000000E+00	0.000000E+00	0.000000E+00	0.000000E+00	0.000000E+00	0.000000E+00	0.000000E+00	0.000000E+00	0.000000E+00	
8.560194E+02	1.409377E+02	3.034500E+00	8.418769E-03	2.986487E-06	0.000000E+00	0.000000E+00	0.000000E+00	0.000000E+00	0.000000E+00	0.000000E+00	0.000000E+00	0.000000E+00	0.000000E+00	0.000000E+00	0.000000E+00	0.000000E+00	0.000000E+00	0.000000E+00	0.000000E+00	0.000000E+00	0.000000E+00	0.000000E+00	0.000000E+00	0.000000E+00	0.000000E+00	0.000000E+00	0.000000E+00	0.000000E+00	0.000000E+00	0.000000E+00	0.000000E+00	0.000000E+00	0.000000E+00	0.000000E+00	0.000000E+00	0.000000E+00	0.000000E+00	0.000000E+00	0.000000E+00	0.000000E+00	
8.560194E+02	1.409377E+02	3.034500E+00	8.418769E-03	2.986551E-06	0.000000E+00	0.000000E+00	0.000000E+00	0.000000E+00	0.000000E+00	0.000000E+00	0.000000E+00	0.000000E+00	0.000000E+00	0.000000E+00	0.000000E+00	0.000000E+00	0.000000E+00	0.000000E+00	0.000000E+00	0.000000E+00	0.000000E+00	0.000000E+00	0.000000E+00	0.000000E+00	0.000000E+00	0.000000E+00	0.000000E+00	0.000000E+00	0.000000E+00	0.000000E+00	0.000000E+00	0.000000E+00	0.000000E+00	0.000000E+00	0.000000E+00	0.000000E+00	0.000000E+00	0.000000E+00	0.000000E+00	0.000000E+00	
8.560194E+02	1.409377E+02	3.034500E+00	8.418770E-03	2.986857E-06	0.000000E+00	0.000000E+00	0.000000E+00	0.000000E+00	0.000000E+00	0.000000E+00	0.000000E+00	0.000000E+00	0.000000E+00	0.000000E+00	0.000000E+00	0.000000E+00	0.000000E+00	0.000000E+00	0.000000E+00	0.000000E+00	0.000000E+00	0.000000E+00	0.000000E+00	0.000000E+00	0.000000E+00	0.000000E+00	0.000000E+00	0.000000E+00	0.000000E+00	0.000000E+00	0.000000E+00	0.000000E+00	0.000000E+00	0.000000E+00	0.000000E+00	0.000000E+00	0.000000E+00	0.000000E+00	0.000000E+00	0.000000E+00	
8.560194E+02	1.409377E+02	3.034500E+00	8.418770E-03	2.986882E-06	0.000000E+00	0.000000E+00	0.000000E+00	0.000000E+00	0.000000E+00	0.000000E+00	0.000000E+00	0.000000E+00	0.000000E+00	0.000000E+00	0.000000E+00	0.000000E+00	0.000000E+00	0.000000E+00	0.000000E+00	0.000000E+00	0.000000E+00	0.000000E+00	0.000000E+00	0.000000E+00	0.000000E+00	0.000000E+00	0.000000E+00	0.000000E+00	0.000000E+00	0.000000E+00	0.000000E+00	0.000000E+00	0.000000E+00	0.000000E+00	0.000000E+00	0.000000E+00	0.000000E+00	0.000000E+00	0.000000E+00	0.000000E+00	
8.560194E+02	1.409377E+02	3.034500E+00	8.418771E-03	2.987085E-06	0.000000E+00	0.000000E+00	0.000000E+00	0.000000E+00	0.000000E+00	0.000000E+00	0.000000E+00	0.000000E+00	0.000000E+00	0.000000E+00	0.000000E+00	0.000000E+00	0.000000E+00	0.000000E+00	0.000000E+00	0.000000E+00	0.000000E+00	0.000000E+00	0.000000E+00	0.000000E+00	0.000000E+00	0.000000E+00	0.000000E+00	0.000000E+00	0.000000E+00	0.000000E+00	0.000000E+00	0.000000E+00	0.000000E+00	0.000000E+00	0.000000E+00	0.000000E+00	0.000000E+00	0.000000E+00	0.000000E+00	0.000000E+00	
8.560194E+02	1.409377E+02	3.034500E+00	8.418771E-03	2.987212E-06	0.000000E+00	0.000000E+00	0.000000E+00	0.000000E+00	0.000000E+00	0.000000E+00	0.000000E+00	0.000000E+00	0.000000E+00	0.000000E+00	0.000000E+00	0.000000E+00	0.000000E+00	0.000000E+00	0.000000E+00	0.000000E+00	0.000000E+00	0.000000E+00	0.000000E+00	0.000000E+00	0.000000E+00	0.000000E+00	0.000000E+00	0.000000E+00	0.000000E+00	0.000000E+00	0.000000E+00	0.000000E+00	0.000000E+00	0.000000E+00	0.000000E+00	0.000000E+00	0.000000E+00	0.000000E+00	0.000000E+00	0.000000E+00	
8.560194E+02	1.409377E+02	3.034500E+00	8.418771E-03	2.987354E-06	0.000000E+00	0.000000E+00	0.000000E+00	0.000000E+00	0.000000E+00	0.000000E+00	0.000000E+00	0.000000E+00	0.000000E+00	0.000000E+00	0.000000E+00	0.000000E+00	0.000000E+00	0.000000E+00	0.000000E+00	0.000000E+00	0.000000E+00	0.000000E+00	0.000000E+00	0.000000E+00	0.000000E+00	0.000000E+00	0.000000E+00	0.000000E+00	0.000000E+00	0.000000E+00	0.000000E+00	0.000000E+00	0.000000E+00	0.000000E+00	0.000000E+00	0.000000E+00	0.000000E+00	0.000000E+00	0.000000E+00	0.000000E+00	
8.560194E+02	1.409377E+02	3.034500E+00	8.418772E-03	2.987718E-06	0.000000E+00	0.000000E+00	0.000000E+00	0.000000E+00	0.000000E+00	0.000000E+00	0.000000E+00	0.000000E+00	0.000000E+00	0.000000E+00	0.000000E+00	0.000000E+00	0.000000E+00	0.000000E+00	0.000000E+00	0.000000E+00	0.000000E+00	0.000000E+00	0.000000E+00	0.000000E+00	0.000000E+00	0.000000E+00	0.000000E+00	0.000000E+00	0.000000E+00	0.000000E+00	0.000000E+00	0.000000E+00	0.000000E+00	0.000000E+00	0.000000E+00	0.000000E+00	0.000000E+00	0.000000E+00	0.000000E+00	0.000000E+00	
8.560194E+02	1.409377E+02	3.034500E+00	8.418772E-03	2.987707E-06	0.000000E+00	0.000000E+00	0.000000E+00	0.000000E+00	0.000000E+00	0.000000E+00	0.000000E+00	0.000000E+00	0.000000E+00	0.000000E+00	0.000000E+00	0.000000E+00	0.000000E+00	0.000000E+00	0.000000E+00	0.000000E+00	0.000000E+00	0.000000E+00	0.000000E+00	0.000000E+00	0.000000E+00	0.000000E+00	0.000000E+00	0.000000E+00	0.000000E+00	0.000000E+00	0.000000E+00	0.000000E+00	0.000000E+00	0.000000E+00	0.000000E+00	0.000000E+00	0.000000E+00	0.000000E+00	0.000000E+00	0.000000E+00	
8.560194E+02	1.409377E+02	3.034500E+00	8.418772E-03	2.987861E-06	0.000000E+00	0.000000E+00	0.000000E+00	0.000000E+00	0.000000E+00	0.000000E+00	0.000000E+00	0.000000E+00	0.000000E+00	0.000000E+00	0.000000E+00	0.000000E+00	0.000000E+00	0.000000E+00	0.000000E+00	0.000000E+00	0.000000E+00	0.000000E+00	0.000000E+00	0.000000E+00	0.000000E+00	0.000000E+00	0.000000E+00	0.000000E+00	0.000000E+00	0.000000E+00	0.000000E+00	0.000000E+00	0.000000E+00	0.000000E+00	0.000000E+00	0.000000E+00	0.000000E+00	0.000000E+00	0.000000E+00	0.000000E+00	
8.560194E+02	1.409377E+02	3.034500E+00	8.418773E-03	2.988064E-06	0.000000E+00	0.000000E+00	0.000000E+00	0.000000E+00	0.000000E+00	0.000000E+00	0.000000E+00	0.000000E+00	0.000000E+00	0.000000E+00	0.000000E+00	0.000000E+00	0.000000E+00	0.000000E+00	0.000000E+00	0.000000E+00	0.000000E+00	0.000000E+00	0.000000E+00	0.000000E+00	0.000000E+00	0.000000E+00	0.000000E+00	0.000000E+00	0.000000E+00	0.000000E+00	0.000000E+00	0.000000E+00	0.000000E+00	0.000000E+00	0.000000E+00	0.000000E+00	0.000000E+00	0.000000E+00	0.000000E+00	0.000000E+00	
8.560194E+02	1.409377E+02	3.034500E+00	8.418767E-03	2.985617E-06	0.000000E+00	0.000000E+00	0.000000E+00	0.000000E+00	0.000000E+00	0.000000E+00	0.000000E+00	0.000000E+00	0.000000E+00	0.000000E+00	0.000000E+00	0.000000E+00	0.000000E+00	0.000000E+00	0.000000E+00	0.000000E+00	0.000000E+00	0.000000E+00	0.000000E+00	0.000000E+00	0.000000E+00	0.000000E+00	0.000000E+00	0.000000E+00	0.000000E+00	0.000000E+00	0.000000E+00	0.000000E+00	0.000000E+00	0.000000E+00	0.000000E+00	0.000000E+00	0.000000E+00	0.000000E+00	0.000000E+00	0.000000E+00	
8.560194E+02	1.409377E+02	3.034500E+00	8.418768E-03	2.985757E-06	0.000000E+00	0.000000E+00	0.000000E+00	0.000000E+00	0.000000E+00	0.000000E+00	0.000000E+00	0.000000E+00	0.000000E+00	0.000000E+00	0.000000E+00	0.000000E+00	0.000000E+00	0.000000E+00	0.000000E+00	0.000000E+00	0.000000E+00	0.000000E+00	0.000000E+00	0.000000E+00	0.000000E+00	0.000000E+00	0.000000E+00	0.000000E+00	0.000000E+00	0.000000E+00	0.000000E+00	0.000000E+00	0.000000E+00	0.000000E+00	0.000000E+00	0.000000E+00	0.000000E+00	0.000000E+00	0.000000E+00	0.000000E+00	
8.560194E+02	1.409377E+02	3.034501E+00	8.418807E-03	3.002093E-06	6.485314E-09	3.659202E-09	2.295777E-09	1.535370E-09	1.076953E-09	7.857736E-10	5.904552E-10	4.560543E-10	3.598067E-10	2.891521E-10	2.362212E-10	1.956968E-10	1.641247E-10	1.391916E-10	1.192037E-10	1.030284E-10	8.976260E-11	7.881919E-11	6.962586E-11	6.191587E-11	5.539611E-11	4.983132E-11	4.504430E-11	4.088192E-11	3.731059E-11	3.418031E-11	3.143447E-11	2.900539E-11	2.690791E-11	2.505527E-11	2.329636E-11	2.176762E-11	2.049056E-11	1.919289E-11	1.796940E-11	1.692267E-11	
8.560194E+02	1.409377E+02	3.034501E+00	8.418807E-03	3.002067E-06	6.474902E-09	3.649259E-09	2.289952E-09	1.530822E-09	1.074142E-09	7.835763E-10	5.895232E-10	4.552760E-10	3.591462E-10	2.885707E-10	2.357250E-10	1.952999E-10	1.638097E-10	1.389254E-10	1.189948E-10	1.028502E-10	8.961397E-11	7.869437E-11	6.950427E-11	6.179702E-11	5.528312E-11	4.973024E-11	4.495919E-11	4.081355E-11	3.724678E-11	3.412119E-11	3.139017E-11	2.896813E-11	2.684400E-11	2.499329E-11	2.328587E-11	2.182707E-11	2.060239E-11	1.913971E-11	1.822413E-11	1.727518E-11	
8.560194E+02	1.409377E+02	3.034501E+00	8.418807E-03	3.002321E-06	6.615660E-09	3.729812E-09	2.336542E-09	1.562088E-09	1.095402E-09	7.991732E-10	6.011613E-10	4.642871E-10	3.662724E-10	2.943413E-10	2.403559E-10	1.991030E-10	1.670176E-10	1.416411E-10	1.213244E-10	1.048628E-10	9.135946E-11	8.022338E-11	7.086405E-11	6.301533E-11	5.637306E-11	5.070742E-11	4.583806E-11	4.160477E-11	3.797158E-11	3.478987E-11	3.199866E-11	2.952854E-11	2.734382E-11	2.549080E-11	2.374774E-11	2.224490E-11	2.093709E-11	1.963114E-11	1.883834E-11	1.788684E-11	
8.560194E+02	1.409377E+02	3.034501E+00	8.418808E-03	3.002551E-06	6.715581E-09	3.795148E-09	2.380682E-09	1.591396E-09	1.117101E-09	8.148716E-10	6.130703E-10	4.734955E-10	3.736630E-10	3.002700E-10	2.452503E-10	2.031773E-10	1.704321E-10	1.445499E-10	1.238086E-10	1.070058E-10	9.323007E-11	8.186682E-11	7.231398E-11	6.430147E-11	5.751552E-11	5.172821E-11	4.676282E-11	4.244642E-11	3.874168E-11	3.549654E-11	3.265744E-11	3.014931E-11	2.793885E-11	2.604958E-11	2.422273E-11	2.263447E-11	2.124487E-11	2.011093E-11	1.907232E-11	1.793071E-11	
8.560194E+02	1.409377E+02	3.034501E+00	8.418808E-03	3.002511E-06	6.694612E-09	3.771363E-09	2.367656E-09	1.582924E-09	1.111434E-09	8.109972E-10	6.095205E-10	4.707765E-10	3.715323E-10	2.985819E-10	2.439382E-10	2.020610E-10	1.694851E-10	1.437284E-10	1.230729E-10	1.063737E-10	9.267953E-11	8.138318E-11	7.187890E-11	6.390771E-11	5.717147E-11	5.142654E-11	4.649569E-11	4.220890E-11	3.852272E-11	3.529312E-11	3.244829E-11	2.993900E-11	2.776205E-11	2.582219E-11	2.404195E-11	2.249500E-11	2.111820E-11	1.976887E-11	1.886710E-11	1.757920E-11	
8.560194E+02	1.409377E+02	3.034501E+00	8.418809E-03	3.002865E-06	6.867349E-09	3.870157E-09	2.431477E-09	1.625441E-09	1.141373E-09	8.327397E-10	6.262185E-10	4.836173E-10	3.816059E-10	3.066448E-10	2.504560E-10	2.074761E-10	1.740445E-10	1.476244E-10	1.264545E-10	1.092895E-10	9.521337E-11	8.360508E-11	7.385476E-11	6.567727E-11	5.875402E-11	5.284829E-11	4.776699E-11	4.334820E-11	3.955820E-11	3.623894E-11	3.333609E-11	3.077208E-11	2.853461E-11	2.649726E-11	2.466204E-11	2.304813E-11	2.179102E-11	2.041845E-11	1.905482E-11	1.799879E-11	
8.560194E+02	1.409377E+02	3.034501E+00	8.418809E-03	3.003020E-06	6.962668E-09	3.923651E-09	2.462545E-09	1.645756E-09	1.155903E-09	8.433321E-10	6.340908E-10	4.897593E-10	3.864327E-10	3.105241E-10	2.536029E-10	2.100707E-10	1.762151E-10	1.494427E-10	1.279828E-10	1.106171E-10	9.637721E-11	8.463231E-11	7.475583E-11	6.647366E-11	5.946958E-11	5.349752E-11	4.836358E-11	4.390161E-11	4.007416E-11	3.672117E-11	3.377613E-11	3.117455E-11	2.890755E-11	2.687235E-11	2.503012E-11	2.340266E-11	2.205441E-11	2.072846E-11	1.971999E-11	1.869942E-11	
8.560194E+02	1.409377E+02	3.034501E+00	8.418809E-03	3.003274E-06	7.095207E-09	4.003704E-09	2.514995E-09	1.680995E-09	1.181033E-09	8.614109E-10	6.477137E-10	5.002905E-10	3.947931E-10	3.172653E-10	2.592326E-10	2.147527E-10	1.801609E-10	1.527876E-10	1.308690E-10	1.131110E-10	9.854808E-11	8.653781E-11	7.644140E-11	6.797468E-11	6.081103E-11	5.469964E-11	4.945932E-11	4.490597E-11	4.097920E-11	3.754157E-11	3.452015E-11	3.184857E-11	2.952504E-11	2.745558E-11	2.557900E-11	2.390085E-11	2.242791E-11	2.094642E-11	2.012263E-11	1.896023E-11	
8.560194E+02	1.409377E+02	3.034501E+00	8.418810E-03	3.003564E-06	7.225776E-09	4.080331E-09	2.560317E-09	1.711532E-09	1.200920E-09	8.761665E-10	6.591643E-10	5.090905E-10	4.018030E-10	3.228736E-10	2.638195E-10	2.185402E-10	1.833028E-10	1.554595E-10	1.331716E-10	1.151003E-10	1.002852E-10	8.806322E-11	7.778549E-11	6.916716E-11	6.187045E-11	5.564789E-11	5.030609E-11	4.566652E-11	4.167785E-11	3.817829E-11	3.510255E-11	3.239405E-11	3.002574E-11	2.792233E-11	2.600037E-11	2.426981E-11	2.284799E-11	2.161800E-11	2.019556E-11	1.932355E-11	
8.560194E+02	1.409377E+02	3.034501E+00	8.418810E-03	3.003683E-06	7.292367E-09	4.113406E-09	2.579143E-09	1.724298E-09	1.210672E-09	8.831209E-10	6.642471E-10	5.130161E-10	4.048003E-10	3.252687E-10	2.656928E-10	2.200876E-10	1.846197E-10	1.565786E-10	1.341098E-10	1.159193E-10	1.010009E-10	8.869351E-11	7.833687E-11	6.965229E-11	6.231094E-11	5.605176E-11	5.067409E-11	4.600281E-11	4.198881E-11	3.847154E-11	3.537764E-11	3.264469E-11	3.024792E-11	2.811090E-11	2.621453E-11	2.450330E-11	2.303343E-11	2.183223E-11	2.046655E-11	1.950218E-11	
8.560194E+02	1.409377E+02	3.034501E+00	8.418811E-03	3.003759E-06	7.315261E-09	4.127303E-09	2.588182E-09	1.730082E-09	1.214015E-09	8.857255E-10	6.662858E-10	5.146179E-10	4.062542E-10	3.264806E-10	2.666949E-10	2.209368E-10	1.853011E-10	1.571574E-10	1.346029E-10	1.163415E-10	1.013656E-10	8.901235E-11	7.862368E-11	6.991038E-11	6.253552E-11	5.624466E-11	5.085081E-11	4.616258E-11	4.213148E-11	3.860449E-11	3.550237E-11	3.275124E-11	3.031678E-11	2.822669E-11	2.629531E-11	2.460619E-11	2.306082E-11	2.172499E-11	2.081755E-11	1.971609E-11	
8.560194E+02	1.409377E+02	3.034501E+00	8.418811E-03	3.004059E-06	7.471366E-09	4.220125E-09	2.649536E-09	1.770758E-09	1.242470E-09	9.063397E-10	6.813862E-10	5.262507E-10	4.153559E-10	3.337500E-10	2.726862E-10	2.258746E-10	1.894479E-10	1.606786E-10	1.375889E-10	1.189200E-10	1.036114E-10	9.098177E-11	8.035733E-11	7.144706E-11	6.392371E-11	5.750835E-11	5.200428E-11	4.721849E-11	4.309072E-11	3.947403E-11	3.629266E-11	3.347644E-11	3.103231E-11	2.887217E-11	2.688723E-11	2.518857E-11	2.371453E-11	2.233966E-11	2.107151E-11	2.012228E-11	
8.560194E+02	1.409377E+02	3.034501E+00	8.418811E-03	3.004033E-06	7.471443E-09	4.225582E-09	2.649572E-09	1.770990E-09	1.242378E-09	9.064348E-10	6.819867E-10	5.267499E-10	4.156887E-10	3.340090E-10	2.727973E-10	2.259911E-10	1.895464E-10	1.607455E-10	1.377000E-10	1.190059E-10	1.036763E-10	9.103499E-11	8.041400E-11	7.150838E-11	6.396779E-11	5.753543E-11	5.201332E-11	4.721202E-11	4.307468E-11	3.945001E-11	3.629536E-11	3.349824E-11	3.107144E-11	2.898134E-11	2.694786E-11	2.517615E-11	2.368727E-11	2.219096E-11	2.078949E-11	1.992450E-11	
8.560194E+02	1.409377E+02	3.034501E+00	8.418806E-03	3.001730E-06	6.293548E-09	3.547775E-09	2.227091E-09	1.488950E-09	1.044760E-09	7.621983E-10	5.731740E-10	4.427331E-10	3.492871E-10	2.806787E-10	2.292328E-10	1.899151E-10	1.593160E-10	1.351065E-10	1.157085E-10	1.000068E-10	8.713014E-11	7.650826E-11	6.758207E-11	6.009633E-11	5.376864E-11	4.836919E-11	4.373087E-11	3.969745E-11	3.621199E-11	3.316029E-11	3.051246E-11	2.815489E-11	2.609605E-11	2.426531E-11	2.260267E-11	2.119055E-11	1.991168E-11	1.867040E-11	1.794809E-11	1.693221E-11	
8.560194E+02	1.409377E+02	3.034501E+00	8.418806E-03	3.001874E-06	6.378989E-09	3.592296E-09	2.256097E-09	1.508579E-09	1.059196E-09	7.727886E-10	5.811630E-10	4.488666E-10	3.541295E-10	2.845794E-10	2.325427E-10	1.926418E-10	1.615977E-10	1.370307E-10	1.173533E-10	1.014215E-10	8.835879E-11	7.758262E-11	6.852760E-11	6.093274E-11	5.450939E-11	4.903064E-11	4.433455E-11	4.025083E-11	3.672026E-11	3.362503E-11	3.094135E-11	2.855566E-11	2.646305E-11	2.460618E-11	2.291063E-11	2.142608E-11	2.021520E-11	1.904943E-11	1.791340E-11	1.692780E-11	
8.560194E+02	1.409377E+02	3.034501E+00	8.418807E-03	3.002089E-06	6.477921E-09	3.650522E-09	2.292277E-09	1.532285E-09	1.074561E-09	7.840330E-10	5.895901E-10	4.553787E-10	3.593128E-10	2.887252E-10	2.359520E-10	1.954489E-10	1.639280E-10	1.390141E-10	1.190457E-10	1.028921E-10	8.965205E-11	7.872648E-11	6.953174E-11	6.182135E-11	5.530481E-11	4.974718E-11	4.498077E-11	4.083920E-11	3.727716E-11	3.415723E-11	3.140599E-11	2.898118E-11	2.683871E-11	2.495639E-11	2.320863E-11	2.165969E-11	2.040596E-11	1.922747E-11	1.824827E-11	1.731252E-11	
8.560194E+02	1.409377E+02	3.034501E+00	8.418807E-03	3.002341E-06	6.621496E-09	3.733888E-09	2.343159E-09	1.566511E-09	1.100855E-09	8.030916E-10	6.040202E-10	4.665393E-10	3.682198E-10	2.958867E-10	2.416499E-10	2.001984E-10	1.679648E-10	1.424564E-10	1.220207E-10	1.054579E-10	9.187788E-11	8.067528E-11	7.125936E-11	6.336646E-11	5.669723E-11	5.100833E-11	4.610402E-11	4.184133E-11	3.818070E-11	3.497290E-11	3.216757E-11	2.966849E-11	2.750418E-11	2.561394E-11	2.385753E-11	2.235728E-11	2.101210E-11	1.978347E-11	1.887484E-11	1.799491E-11	
8.560194E+02	1.409377E+02	3.034501E+00	8.418808E-03	3.002577E-06	6.715384E-09	3.788596E-09	2.380136E-09	1.590859E-09	1.116259E-09	8.142901E-10	6.122060E-10	4.728343E-10	3.731155E-10	2.998105E-10	2.449025E-10	2.028735E-10	1.701870E-10	1.443378E-10	1.236298E-10	1.068497E-10	9.309281E-11	8.174435E-11	7.220225E-11	6.420002E-11	5.743178E-11	5.165947E-11	4.670457E-11	4.239971E-11	3.869170E-11	3.544482E-11	3.259649E-11	3.007619E-11	2.786837E-11	2.592107E-11	2.411555E-11	2.256174E-11	2.119396E-11	2.016856E-11	1.891428E-11	1.806526E-11	
8.560194E+02	1.409377E+02	3.034501E+00	8.418808E-03	3.002606E-06	6.750565E-09	3.815224E-09	2.395232E-09	1.600784E-09	1.123880E-09	8.200580E-10	6.166694E-10	4.762224E-10	3.756006E-10	3.018023E-10	2.465443E-10	2.042303E-10	1.712958E-10	1.452733E-10	1.244069E-10	1.075240E-10	9.368172E-11	8.226446E-11	7.266085E-11	6.460763E-11	5.779598E-11	5.198730E-11	4.700909E-11	4.267924E-11	3.894246E-11	3.566743E-11	3.280563E-11	3.028029E-11	2.805851E-11	2.613883E-11	2.434496E-11	2.268542E-11	2.138247E-11	2.021171E-11	1.916885E-11	1.820301E-11	
8.560194E+02	1.409377E+02	3.034501E+00	8.418808E-03	3.002746E-06	6.832936E-09	3.853197E-09	2.417106E-09	1.615626E-09	1.133683E-09	8.270681E-10	6.218988E-10	4.803120E-10	3.791154E-10	3.046266E-10	2.487675E-10	2.060857E-10	1.728783E-10	1.466037E-10	1.255618E-10	1.085253E-10	9.455567E-11	8.303289E-11	7.334460E-11	6.521887E-11	5.834317E-11	5.247959E-11	4.744500E-11	4.306543E-11	3.930703E-11	3.601051E-11	3.310237E-11	3.053579E-11	2.831619E-11	2.634786E-11	2.455737E-11	2.299358E-11	2.164521E-11	2.029735E-11	1.904872E-11	1.808836E-11	
8.560194E+02	1.409377E+02	3.034501E+00	8.418808E-03	3.002824E-06	6.839351E-09	3.856250E-09	2.420589E-09	1.618173E-09	1.135580E-09	8.286183E-10	6.232088E-10	4.813817E-10	3.800554E-10	3.053888E-10	2.494255E-10	2.066187E-10	1.733128E-10	1.470011E-10	1.259155E-10	1.088312E-10	9.482218E-11	8.326583E-11	7.354740E-11	6.539951E-11	5.851610E-11	5.264416E-11	4.758814E-11	4.319405E-11	3.942166E-11	3.611836E-11	3.321963E-11	3.065900E-11	2.843400E-11	2.641274E-11	2.461568E-11	2.301051E-11	2.168432E-11	2.045491E-11	1.915934E-11	1.831175E-11	
8.560194E+02	1.409377E+02	3.034501E+00	8.418808E-03	3.002794E-06	6.846885E-09	3.860735E-09	2.422428E-09	1.619625E-09	1.136699E-09	8.291492E-10	6.235232E-10	4.815735E-10	3.800129E-10	3.053927E-10	2.494606E-10	2.066526E-10	1.733753E-10	1.470398E-10	1.259414E-10	1.088568E-10	9.484716E-11	8.329209E-11	7.357349E-11	6.542417E-11	5.853397E-11	5.265678E-11	4.759572E-11	4.319846E-11	3.941824E-11	3.610523E-11	3.320172E-11	3.063831E-11	2.840206E-11	2.641753E-11	2.458505E-11	2.303153E-11	2.153386E-11	2.026436E-11	1.923907E-11	1.823282E-11	
8.560194E+02	1.409377E+02	3.034501E+00	8.418809E-03	3.002963E-06	6.917142E-09	3.900643E-09	2.448483E-09	1.636448E-09	1.147651E-09	8.371626E-10	6.300347E-10	4.866292E-10	3.839020E-10	3.084778E-10	2.519755E-10	2.087451E-10	1.750884E-10	1.484924E-10	1.271981E-10	1.099373E-10	9.578628E-11	8.411538E-11	7.430462E-11	6.607744E-11	5.910881E-11	5.316878E-11	4.806261E-11	4.362329E-11	3.980788E-11	3.646116E-11	3.353669E-11	3.095511E-11	2.868551E-11	2.662417E-11	2.481643E-11	2.326591E-11	2.192696E-11	2.050906E-11	1.950976E-11	1.848844E-11	
8.560194E+02	1.409377E+02	3.034501E+00	8.418809E-03	3.003212E-06	7.059606E-09	3.989449E-09	2.501870E-09	1.672051E-09	1.173683E-09	8.562940E-10	6.440658E-10	4.973734E-10	3.924346E-10	3.153600E-10	2.576151E-10	2.134079E-10	1.790258E-10	1.518251E-10	1.300175E-10	1.123691E-10	9.789926E-11	8.595846E-11	7.592968E-11	6.751811E-11	6.040482E-11	5.433669E-11	4.912566E-11	4.459822E-11	4.069820E-11	3.728315E-11	3.428569E-11	3.163330E-11	2.929100E-11	2.722707E-11	2.537034E-11	2.367988E-11	2.228212E-11	2.111787E-11	1.985005E-11	1.884637E-11	
8.560194E+02	1.409377E+02	3.034501E+00	8.418810E-03	3.003696E-06	7.306654E-09	4.127217E-09	2.589000E-09	1.730254E-09	1.214415E-09	8.859567E-10	6.661204E-10	5.144158E-10	4.059103E-10	3.261924E-10	2.664393E-10	2.207123E-10	1.851351E-10	1.570048E-10	1.344758E-10	1.162332E-10	1.012750E-10	8.893511E-11	7.856262E-11	6.986392E-11	6.250376E-11	5.622580E-11	5.082578E-11	4.612981E-11	4.208977E-11	3.855042E-11	3.546020E-11	3.273425E-11	3.031206E-11	2.817581E-11	2.626725E-11	2.460289E-11	2.321118E-11	2.186297E-11	2.053975E-11	1.972213E-11	
8.560194E+02	1.409377E+02	3.034501E+00	8.418810E-03	3.003551E-06	7.216555E-09	4.070657E-09	2.553394E-09	1.706181E-09	1.197152E-09	8.734158E-10	6.565561E-10	5.071138E-10	4.001089E-10	3.214984E-10	2.625941E-10	2.175189E-10	1.824426E-10	1.547190E-10	1.325194E-10	1.145492E-10	9.981800E-11	8.766440E-11	7.742800E-11	6.884317E-11	6.158007E-11	5.538597E-11	5.007508E-11	4.545728E-11	4.148206E-11	3.799923E-11	3.493626E-11	3.223417E-11	2.987634E-11	2.778620E-11	2.589130E-11	2.428272E-11	2.275981E-11	2.145188E-11	2.024533E-11	1.929050E-11	
8.560194E+02	1.409377E+02	3.034501E+00	8.418811E-03	3.003681E-06	7.297882E-09	4.120556E-09	2.586205E-09	1.728922E-09	1.213124E-09	8.847989E-10	6.654320E-10	5.139570E-10	4.057230E-10	3.260280E-10	2.663161E-10	2.206136E-10	1.850461E-10	1.569289E-10	1.343931E-10	1.161559E-10	1.011994E-10	8.886160E-11	7.849309E-11	6.979786E-11	6.244242E-11	5.616958E-11	5.077677E-11	4.609116E-11	4.206281E-11	3.853607E-11	3.543923E-11	3.269437E-11	3.029631E-11	2.809927E-11	2.620026E-11	2.450593E-11	2.309030E-11	2.157308E-11	2.027578E-11	1.929284E-11	
8.560194E+02	1.409377E+02	3.034501E+00	8.418811E-03	3.004027E-06	7.463043E-09	4.219831E-09	2.646308E-09	1.768780E-09	1.242286E-09	9.063214E-10	6.815876E-10	5.263981E-10	4.154072E-10	3.338097E-10	2.726786E-10	2.258559E-10	1.894369E-10	1.606483E-10	1.375899E-10	1.189220E-10	1.036125E-10	9.098232E-11	8.036457E-11	7.146003E-11	6.393002E-11	5.750825E-11	5.198518E-11	4.718155E-11	4.305838E-11	3.944430E-11	3.629176E-11	3.348502E-11	3.104035E-11	2.886962E-11	2.689773E-11	2.517115E-11	2.372786E-11	2.226554E-11	2.113229E-11	2.021639E-11	
8.560194E+02	1.409377E+02	3.034501E+00	8.418812E-03	3.004349E-06	7.633102E-09	4.309807E-09	2.704985E-09	1.808794E-09	1.269154E-09	9.259388E-10	6.964527E-10	5.379475E-10	4.245565E-10	3.411600E-10	2.787054E-10	2.308670E-10	1.936338E-10	1.642064E-10	1.406270E-10	1.215460E-10	1.058991E-10	9.299312E-11	8.214162E-11	7.304061E-11	6.534214E-11	5.877729E-11	5.314118E-11	4.824166E-11	4.402025E-11	4.032129E-11	3.708708E-11	3.421794E-11	3.169964E-11	2.946035E-11	2.744219E-11	2.574362E-11	2.426072E-11	2.303780E-11	2.146395E-11	2.058462E-11	
8.560194E+02	1.409377E+02	3.034501E+00	8.418806E-03	3.001823E-06	6.339903E-09	3.567810E-09	2.240717E-09	1.498102E-09	1.051539E-09	7.671224E-10	5.772482E-10	4.458004E-10	3.516877E-10	2.825803E-10	2.308477E-10	1.912207E-10	1.604323E-10	1.360587E-10	1.165306E-10	1.007153E-10	8.774644E-11	7.704775E-11	6.805924E-11	6.052028E-11	5.414615E-11	4.870956E-11	4.403874E-11	3.997619E-11	3.646510E-11	3.339038E-11	3.073249E-11	2.836092E-11	2.631886E-11	2.443188E-11	2.276419E-11	2.133026E-11	2.007535E-11	1.880952E-11	1.777793E-11	1.703457E-11	
8.560194E+02	1.409377E+02	3.034501E+00	8.418806E-03	3.001832E-06	6.355277E-09	3.572505E-09	2.238388E-09	1.496569E-09	1.051570E-09	7.672167E-10	5.767437E-10	4.454193E-10	3.514782E-10	2.824419E-10	2.307084E-10	1.910972E-10	1.603207E-10	1.359642E-10	1.164408E-10	1.006397E-10	8.768242E-11	7.699172E-11	6.800697E-11	6.047197E-11	5.410404E-11	4.867149E-11	4.400377E-11	3.994484E-11	3.645080E-11	3.339118E-11	3.072843E-11	2.835326E-11	2.626212E-11	2.441591E-11	2.274540E-11	2.129963E-11	1.999354E-11	1.894510E-11	1.794480E-11	1.690749E-11	
8.560194E+02	1.409377E+02	3.034501E+00	8.418806E-03	3.002061E-06	6.462559E-09	3.639489E-09	2.283278E-09	1.526133E-09	1.071267E-09	7.815416E-10	5.877693E-10	4.539676E-10	3.583857E-10	2.879671E-10	2.352074E-10	1.948561E-10	1.634622E-10	1.386388E-10	1.187681E-10	1.026484E-10	8.942907E-11	7.852744E-11	6.936675E-11	6.168442E-11	5.518253E-11	4.963906E-11	4.486587E-11	4.071734E-11	3.715682E-11	3.404050E-11	3.130009E-11	2.888191E-11	2.677091E-11	2.482147E-11	2.313881E-11	2.168159E-11	2.043028E-11	1.912497E-11	1.829723E-11	1.719588E-11	
8.560194E+02	1.409377E+02	3.034501E+00	8.418807E-03	3.002260E-06	6.564020E-09	3.696515E-09	2.320876E-09	1.551113E-09	1.088739E-09	7.942669E-10	5.971683E-10	4.612338E-10	3.638113E-10	2.922973E-10	2.387032E-10	1.977570E-10	1.659072E-10	1.407098E-10	1.204991E-10	1.041491E-10	9.074332E-11	7.968372E-11	7.038557E-11	6.258743E-11	5.599005E-11	5.036318E-11	4.553794E-11	4.134103E-11	3.772125E-11	3.455368E-11	3.178008E-11	2.932460E-11	2.721695E-11	2.528900E-11	2.359631E-11	2.202072E-11	2.077579E-11	1.949486E-11	1.852681E-11	1.750234E-11	
8.560194E+02	1.409377E+02	3.034501E+00	8.418808E-03	3.002492E-06	6.696458E-09	3.778611E-09	2.369835E-09	1.584348E-09	1.111973E-09	8.110996E-10	6.100255E-10	4.711754E-10	3.718487E-10	2.987812E-10	2.440613E-10	2.021821E-10	1.696299E-10	1.438755E-10	1.232387E-10	1.065039E-10	9.278382E-11	8.146696E-11	7.195967E-11	6.398810E-11	5.724911E-11	5.150472E-11	4.656393E-11	4.227248E-11	3.856795E-11	3.532551E-11	3.248879E-11	2.998233E-11	2.777548E-11	2.580129E-11	2.402707E-11	2.248661E-11	2.117478E-11	1.990093E-11	1.878114E-11	1.783039E-11	
8.560194E+02	1.409377E+02	3.034501E+00	8.418808E-03	3.002700E-06	6.791860E-09	3.831764E-09	2.406479E-09	1.608057E-09	1.127944E-09	8.226769E-10	6.184132E-10	4.776425E-10	3.768126E-10	3.028103E-10	2.473283E-10	2.048666E-10	1.718095E-10	1.457065E-10	1.248080E-10	1.078837E-10	9.400550E-11	8.255357E-11	7.291800E-11	6.483570E-11	5.800207E-11	5.217036E-11	4.716611E-11	4.281353E-11	3.908021E-11	3.580661E-11	3.292508E-11	3.038969E-11	2.816334E-11	2.617414E-11	2.440575E-11	2.283438E-11	2.148969E-11	2.034296E-11	1.917380E-11	1.821893E-11	
8.560194E+02	1.409377E+02	3.034501E+00	8.418808E-03	3.002575E-06	6.744474E-09	3.791041E-09	2.380045E-09	1.590662E-09	1.117296E-09	8.152966E-10	6.129406E-10	4.734411E-10	3.736180E-10	3.001693E-10	2.452008E-10	2.031086E-10	1.703856E-10	1.444982E-10	1.237671E-10	1.069696E-10	9.319597E-11	8.183288E-11	7.228362E-11	6.427488E-11	5.750274E-11	5.172580E-11	4.675929E-11	4.244356E-11	3.873672E-11	3.548959E-11	3.264010E-11	3.012496E-11	2.792473E-11	2.591613E-11	2.419036E-11	2.260254E-11	2.117448E-11	2.017787E-11	1.921732E-11	1.809723E-11	
8.560194E+02	1.409377E+02	3.034501E+00	8.418809E-03	3.003118E-06	7.013373E-09	3.953942E-09	2.483645E-09	1.660415E-09	1.165289E-09	8.502098E-10	6.395945E-10	4.939837E-10	3.899386E-10	3.133376E-10	2.559134E-10	2.119836E-10	1.778090E-10	1.507883E-10	1.291605E-10	1.116398E-10	9.727181E-11	8.542114E-11	7.546002E-11	6.710618E-11	6.002690E-11	5.398835E-11	4.879909E-11	4.428885E-11	4.043066E-11	3.704920E-11	3.407330E-11	3.145280E-11	2.915763E-11	2.707688E-11	2.521546E-11	2.358103E-11	2.228102E-11	2.088950E-11	1.948886E-11	1.861049E-11	
8.560194E+02	1.409377E+02	3.034501E+00	8.418809E-03	3.003170E-06	7.049842E-09	3.973961E-09	2.491433E-09	1.665941E-09	1.169611E-09	8.533250E-10	6.414441E-10	4.953620E-10	3.910104E-10	3.141754E-10	2.567128E-10	2.126579E-10	1.783949E-10	1.513006E-10	1.295919E-10	1.120078E-10	9.759016E-11	8.569883E-11	7.569224E-11	6.730136E-11	6.020524E-11	5.415374E-11	4.896697E-11	4.445679E-11	4.056971E-11	3.715883E-11	3.417101E-11	3.153287E-11	2.922000E-11	2.715566E-11	2.538220E-11	2.368620E-11	2.226162E-11	2.096798E-11	1.990207E-11	1.896432E-11	
8.560194E+02	1.409377E+02	3.034501E+00	8.418810E-03	3.003371E-06	7.144293E-09	4.037177E-09	2.535781E-09	1.694751E-09	1.188990E-09	8.673431E-10	6.519750E-10	5.035059E-10	3.972313E-10	3.191768E-10	2.606911E-10	2.159570E-10	1.811366E-10	1.536277E-10	1.316060E-10	1.137458E-10	9.910072E-11	8.702066E-11	7.686886E-11	6.835522E-11	6.115560E-11	5.501582E-11	4.973176E-11	4.514131E-11	4.119511E-11	3.773411E-11	3.469511E-11	3.201746E-11	2.968034E-11	2.760133E-11	2.573815E-11	2.406864E-11	2.259392E-11	2.118490E-11	2.025352E-11	1.909346E-11	
8.560194E+02	1.409377E+02	3.034501E+00	8.418810E-03	3.003469E-06	7.182704E-09	4.056907E-09	2.545133E-09	1.701180E-09	1.192317E-09	8.698085E-10	6.540488E-10	5.051186E-10	3.985780E-10	3.203084E-10	2.616048E-10	2.167041E-10	1.818195E-10	1.541939E-10	1.320680E-10	1.141507E-10	9.945913E-11	8.734219E-11	7.714673E-11	6.859759E-11	6.136875E-11	5.520358E-11	4.989901E-11	4.528850E-11	4.133030E-11	3.786079E-11	3.481820E-11	3.212852E-11	2.975718E-11	2.766064E-11	2.576837E-11	2.409862E-11	2.257397E-11	2.137486E-11	2.011797E-11	1.915658E-11	
8.560194E+02	1.409377E+02	3.034501E+00	8.418810E-03	3.003530E-06	7.221610E-09	4.072582E-09	2.555661E-09	1.708291E-09	1.198712E-09	8.744522E-10	6.575837E-10	5.078339E-10	4.006318E-10	3.219302E-10	2.629211E-10	2.177941E-10	1.826715E-10	1.549295E-10	1.327034E-10	1.146944E-10	9.992626E-11	8.774435E-11	7.751514E-11	6.893421E-11	6.166351E-11	5.546067E-11	5.014042E-11	4.551603E-11	4.154734E-11	3.806523E-11	3.502221E-11	3.231466E-11	2.994919E-11	2.782921E-11	2.595896E-11	2.425102E-11	2.288830E-11	2.150574E-11	2.042225E-11	1.929270E-11	
8.560194E+02	1.409377E+02	3.034501E+00	8.418811E-03	3.003875E-06	7.388782E-09	4.176597E-09	2.620966E-09	1.752146E-09	1.229775E-09	8.970933E-10	6.747898E-10	5.211404E-10	4.113776E-10	3.305654E-10	2.699736E-10	2.236496E-10	1.876061E-10	1.590979E-10	1.362940E-10	1.178041E-10	1.026409E-10	9.013106E-11	7.961877E-11	7.080158E-11	6.333658E-11	5.697157E-11	5.150881E-11	4.675935E-11	4.268128E-11	3.910385E-11	3.595770E-11	3.317112E-11	3.075768E-11	2.859414E-11	2.666507E-11	2.491669E-11	2.349189E-11	2.197134E-11	2.070280E-11	1.981936E-11	
8.560194E+02	1.409377E+02	3.034501E+00	8.418810E-03	3.003685E-06	7.286684E-09	4.110456E-09	2.579575E-09	1.724180E-09	1.209883E-09	8.827697E-10	6.639572E-10	5.128028E-10	4.046965E-10	3.252290E-10	2.656732E-10	2.200806E-10	1.846491E-10	1.566002E-10	1.341332E-10	1.159276E-10	1.010030E-10	8.869012E-11	7.833718E-11	6.965633E-11	6.232438E-11	5.606878E-11	5.068013E-11	4.599453E-11	4.196889E-11	3.844255E-11	3.536164E-11	3.263490E-11	3.024561E-11	2.813725E-11	2.618667E-11	2.450273E-11	2.317823E-11	2.182281E-11	2.049878E-11	1.954731E-11	
8.560194E+02	1.409377E+02	3.034501E+00	8.418811E-03	3.003811E-06	7.354214E-09	4.153028E-09	2.606371E-09	1.742496E-09	1.222275E-09	8.915124E-10	6.703329E-10	5.177405E-10	4.084493E-10	3.282152E-10	2.681102E-10	2.221003E-10	1.863354E-10	1.580316E-10	1.353455E-10	1.169859E-10	1.019304E-10	8.951179E-11	7.906259E-11	7.029991E-11	6.289533E-11	5.657686E-11	5.114471E-11	4.642318E-11	4.237019E-11	3.882175E-11	3.571287E-11	3.296286E-11	3.051103E-11	2.834032E-11	2.637147E-11	2.467115E-11	2.313768E-11	2.183584E-11	2.096080E-11	1.969028E-11	
8.560194E+02	1.409377E+02	3.034501E+00	8.418811E-03	3.003964E-06	7.433418E-09	4.191456E-09	2.628361E-09	1.757149E-09	1.233642E-09	8.999187E-10	6.770171E-10	5.228906E-10	4.126353E-10	3.315742E-10	2.708557E-10	2.243558E-10	1.882232E-10	1.596379E-10	1.367388E-10	1.181782E-10	1.029600E-10	9.040652E-11	7.986077E-11	7.101682E-11	6.352859E-11	5.714189E-11	5.165840E-11	4.689191E-11	4.279745E-11	3.920747E-11	3.606509E-11	3.326661E-11	3.083590E-11	2.862752E-11	2.674139E-11	2.508735E-11	2.357118E-11	2.203254E-11	2.076469E-11	1.973371E-11	
8.560194E+02	1.409377E+02	3.034501E+00	8.418806E-03	3.001698E-06	6.304628E-09	3.548983E-09	2.225563E-09	1.487829E-09	1.043778E-09	7.615289E-10	5.728972E-10	4.424270E-10	3.491455E-10	2.805700E-10	2.292064E-10	1.898559E-10	1.592675E-10	1.350741E-10	1.156769E-10	9.996970E-11	8.708991E-11	7.646648E-11	6.754691E-11	6.006685E-11	5.373458E-11	4.833544E-11	4.369797E-11	3.966736E-11	3.619205E-11	3.314931E-11	3.049799E-11	2.814124E-11	2.607441E-11	2.423703E-11	2.262253E-11	2.112780E-11	1.966249E-11	1.860566E-11	1.759375E-11	1.657862E-11	
8.560194E+02	1.409377E+02	3.034501E+00	8.418806E-03	3.001765E-06	6.303814E-09	3.553035E-09	2.229006E-09	1.490075E-09	1.045690E-09	7.630681E-10	5.735730E-10	4.430297E-10	3.495900E-10	2.808904E-10	2.294492E-10	1.900786E-10	1.594366E-10	1.352239E-10	1.158312E-10	1.001082E-10	8.721145E-11	7.657502E-11	6.764716E-11	6.016011E-11	5.381782E-11	4.841152E-11	4.377527E-11	3.974022E-11	3.625044E-11	3.319056E-11	3.053341E-11	2.818338E-11	2.609619E-11	2.427925E-11	2.263610E-11	2.119202E-11	1.987721E-11	1.865444E-11	1.780705E-11	1.677258E-11	
8.560194E+02	1.409377E+02	3.034501E+00	8.418806E-03	3.001924E-06	6.403914E-09	3.595851E-09	2.253585E-09	1.506435E-09	1.056983E-09	7.713155E-10	5.801551E-10	4.480808E-10	3.534090E-10	2.839830E-10	2.319590E-10	1.921468E-10	1.611868E-10	1.367133E-10	1.171153E-10	1.012256E-10	8.819504E-11	7.744695E-11	6.841160E-11	6.083617E-11	5.442006E-11	4.894937E-11	4.425135E-11	4.016706E-11	3.665110E-11	3.356912E-11	3.088113E-11	2.849925E-11	2.641520E-11	2.453802E-11	2.293600E-11	2.143136E-11	2.009083E-11	1.911012E-11	1.792373E-11	1.707086E-11	
8.560194E+02	1.409377E+02	3.034501E+00	8.418807E-03	3.002178E-06	6.532762E-09	3.687299E-09	2.313360E-09	1.545793E-09	1.085325E-09	7.915506E-10	5.951597E-10	4.596283E-10	3.626620E-10	2.914321E-10	2.380757E-10	1.972236E-10	1.654405E-10	1.403167E-10	1.201886E-10	1.038781E-10	9.050372E-11	7.947100E-11	7.019787E-11	6.241889E-11	5.583523E-11	5.022241E-11	4.540723E-11	4.122171E-11	3.761424E-11	3.444991E-11	3.167469E-11	2.922462E-11	2.706520E-11	2.516547E-11	2.347306E-11	2.199634E-11	2.067560E-11	1.957646E-11	1.847467E-11	1.763116E-11	
8.560194E+02	1.409377E+02	3.034501E+00	8.418807E-03	3.002214E-06	6.547543E-09	3.693722E-09	2.316223E-09	1.548636E-09	1.087014E-09	7.932249E-10	5.965400E-10	4.606621E-10	3.635402E-10	2.921681E-10	2.386836E-10	1.977324E-10	1.658787E-10	1.406837E-10	1.205091E-10	1.041536E-10	9.074445E-11	7.968401E-11	7.038616E-11	6.258879E-11	5.599153E-11	5.036585E-11	4.553571E-11	4.133916E-11	3.772248E-11	3.455353E-11	3.177383E-11	2.932105E-11	2.713659E-11	2.523676E-11	2.354370E-11	2.200097E-11	2.069840E-11	1.949105E-11	1.845876E-11	1.750672E-11	
8.560194E+02	1.409377E+02	3.034501E+00	8.418808E-03	3.002508E-06	6.698071E-09	3.770180E-09	2.361878E-09	1.578706E-09	1.108424E-09	8.087029E-10	6.078326E-10	4.694580E-10	3.705635E-10	2.977870E-10	2.432745E-10	2.015180E-10	1.690492E-10	1.433663E-10	1.228247E-10	1.061569E-10	9.249001E-11	8.121668E-11	7.174652E-11	6.380569E-11	5.707903E-11	5.134087E-11	4.640383E-11	4.211246E-11	3.843386E-11	3.520645E-11	3.237391E-11	2.986621E-11	2.768336E-11	2.573647E-11	2.396716E-11	2.248136E-11	2.104411E-11	2.006750E-11	1.891940E-11	1.795388E-11	
8.560194E+02	1.409377E+02	3.034501E+00	8.418808E-03	3.002652E-06	6.771905E-09	3.823536E-09	2.397103E-09	1.602670E-09	1.124084E-09	8.200990E-10	6.166349E-10	4.762991E-10	3.759314E-10	3.020822E-10	2.467178E-10	2.043810E-10	1.714497E-10	1.453952E-10	1.245583E-10	1.076672E-10	9.381419E-11	8.238511E-11	7.277557E-11	6.471778E-11	5.789094E-11	5.206789E-11	4.706813E-11	4.272234E-11	3.898984E-11	3.571995E-11	3.284820E-11	3.030813E-11	2.804888E-11	2.615616E-11	2.436225E-11	2.277330E-11	2.141638E-11	2.030397E-11	1.919348E-11	1.817145E-11	
8.560194E+02	1.409377E+02	3.034501E+00	8.418808E-03	3.002772E-06	6.834195E-09	3.858644E-09	2.417323E-09	1.615704E-09	1.133701E-09	8.270244E-10	6.220109E-10	4.804286E-10	3.790224E-10	3.046043E-10	2.488133E-10	2.061335E-10	1.729241E-10	1.466568E-10	1.256107E-10	1.085616E-10	9.458074E-11	8.304743E-11	7.335704E-11	6.523194E-11	5.835869E-11	5.249578E-11	4.745984E-11	4.308098E-11	3.930311E-11	3.599665E-11	3.311620E-11	3.056571E-11	2.831160E-11	2.633178E-11	2.455808E-11	2.300178E-11	2.164761E-11	2.016658E-11	1.931967E-11	1.816583E-11	
8.560194E+02	1.409377E+02	3.034501E+00	8.418809E-03	3.003076E-06	6.984672E-09	3.944591E-09	2.474145E-09	1.653401E-09	1.160235E-09	8.464618E-10	6.367186E-10	4.918070E-10	3.880466E-10	3.118268E-10	2.547138E-10	2.109646E-10	1.770118E-10	1.501158E-10	1.285793E-10	1.111315E-10	9.682571E-11	8.502451E-11	7.510010E-11	6.677905E-11	5.975433E-11	5.376211E-11	4.859747E-11	4.411035E-11	4.025244E-11	3.687059E-11	3.390279E-11	3.129007E-11	2.896540E-11	2.693803E-11	2.507140E-11	2.344395E-11	2.203146E-11	2.083006E-11	1.991692E-11	1.880047E-11	
8.560194E+02	1.409377E+02	3.034501E+00	8.418809E-03	3.003092E-06	6.994707E-09	3.948621E-09	2.478531E-09	1.656914E-09	1.161987E-09	8.480024E-10	6.379425E-10	4.927725E-10	3.889499E-10	3.125380E-10	2.552705E-10	2.114811E-10	1.774075E-10	1.504605E-10	1.288733E-10	1.113889E-10	9.705056E-11	8.522266E-11	7.527332E-11	6.693016E-11	5.986815E-11	5.384647E-11	4.868111E-11	4.419286E-11	4.032667E-11	3.693602E-11	3.396521E-11	3.134202E-11	2.902273E-11	2.697163E-11	2.513924E-11	2.357078E-11	2.207474E-11	2.072155E-11	1.966873E-11	1.874710E-11	
8.560194E+02	1.409377E+02	3.034501E+00	8.418810E-03	3.003319E-06	7.119158E-09	4.013904E-09	2.514686E-09	1.681252E-09	1.180056E-09	8.609860E-10	6.475896E-10	5.001052E-10	3.946675E-10	3.171348E-10	2.590275E-10	2.145862E-10	1.800240E-10	1.526621E-10	1.307402E-10	1.130008E-10	9.845270E-11	8.645447E-11	7.636155E-11	6.789841E-11	6.073611E-11	5.462850E-11	4.938960E-11	4.483485E-11	4.090894E-11	3.747239E-11	3.448532E-11	3.183026E-11	2.947467E-11	2.738170E-11	2.556825E-11	2.392204E-11	2.252105E-11	2.101228E-11	1.992121E-11	1.884344E-11	
8.560194E+02	1.409377E+02	3.034501E+00	8.418810E-03	3.003559E-06	7.236994E-09	4.092933E-09	2.565802E-09	1.714853E-09	1.203362E-09	8.780618E-10	6.601642E-10	5.098564E-10	4.021487E-10	3.231421E-10	2.639169E-10	2.186356E-10	1.833782E-10	1.555362E-10	1.332200E-10	1.151426E-10	1.003176E-10	8.808899E-11	7.780639E-11	6.918286E-11	6.188800E-11	5.566752E-11	5.033159E-11	4.569247E-11	4.168982E-11	3.818092E-11	3.512238E-11	3.241558E-11	3.002581E-11	2.793417E-11	2.604032E-11	2.437059E-11	2.289796E-11	2.161903E-11	2.022813E-11	1.937414E-11	
8.560194E+02	1.409377E+02	3.034501E+00	8.418810E-03	3.003630E-06	7.270972E-09	4.104759E-09	2.576485E-09	1.722102E-09	1.209092E-09	8.823833E-10	6.635236E-10	5.124950E-10	4.044860E-10	3.250769E-10	2.655827E-10	2.199967E-10	1.845587E-10	1.565254E-10	1.340789E-10	1.158815E-10	1.009608E-10	8.865483E-11	7.830875E-11	6.963355E-11	6.228692E-11	5.602124E-11	5.064266E-11	4.596783E-11	4.195646E-11	3.844107E-11	3.534293E-11	3.260157E-11	3.026004E-11	2.814384E-11	2.624434E-11	2.453011E-11	2.308305E-11	2.154909E-11	2.046838E-11	1.954807E-11	
8.560194E+02	1.409377E+02	3.034501E+00	8.418811E-03	3.003782E-06	7.344119E-09	4.147274E-09	2.601601E-09	1.739159E-09	1.219888E-09	8.899733E-10	6.692486E-10	5.169009E-10	4.079833E-10	3.278425E-10	2.678535E-10	2.218886E-10	1.861624E-10	1.578887E-10	1.352404E-10	1.168969E-10	1.018527E-10	8.944198E-11	7.900572E-11	7.025428E-11	6.285610E-11	5.654711E-11	5.111772E-11	4.640033E-11	4.234528E-11	3.878982E-11	3.565597E-11	3.288390E-11	3.048162E-11	2.835061E-11	2.642984E-11	2.476564E-11	2.324751E-11	2.184524E-11	2.090883E-11	1.979408E-11	
8.560194E+02	1.409377E+02	3.034501E+00	8.418811E-03	3.003937E-06	7.422067E-09	4.190012E-09	2.625396E-09	1.755183E-09	1.231630E-09	8.986033E-10	6.758873E-10	5.219554E-10	4.118539E-10	3.309252E-10	2.703912E-10	2.239847E-10	1.878760E-10	1.593334E-10	1.364816E-10	1.179675E-10	1.027875E-10	9.026553E-11	7.973237E-11	7.090123E-11	6.341743E-11	5.703585E-11	5.156529E-11	4.681008E-11	4.270962E-11	3.911594E-11	3.598037E-11	3.319878E-11	3.074723E-11	2.858519E-11	2.660386E-11	2.489104E-11	2.340287E-11	2.197069E-11	2.083721E-11	1.965572E-11	
8.560194E+02	1.409377E+02	3.034501E+00	8.418806E-03	3.001667E-06	6.260029E-09	3.514995E-09	2.204089E-09	1.472748E-09	1.033099E-09	7.538031E-10	5.667567E-10	4.377525E-10	3.456192E-10	2.777094E-10	2.268682E-10	1.879290E-10	1.576397E-10	1.336927E-10	1.145188E-10	9.898147E-11	8.624241E-11	7.573173E-11	6.690227E-11	5.949683E-11	5.322699E-11	4.788112E-11	4.328722E-11	3.929421E-11	3.586999E-11	3.286488E-11	3.021675E-11	2.787200E-11	2.580401E-11	2.396158E-11	2.236037E-11	2.095993E-11	1.982296E-11	1.849037E-11	1.769737E-11	1.669187E-11	
8.560194E+02	1.409377E+02	3.034501E+00	8.418806E-03	3.001800E-06	6.341405E-09	3.571264E-09	2.238934E-09	1.496697E-09	1.049773E-09	7.659695E-10	5.760448E-10	4.448783E-10	3.510133E-10	2.820562E-10	2.303757E-10	1.908549E-10	1.601016E-10	1.357843E-10	1.163015E-10	1.005242E-10	8.758702E-11	7.691611E-11	6.794367E-11	6.042032E-11	5.405069E-11	4.861967E-11	4.395391E-11	3.990080E-11	3.640904E-11	3.334908E-11	3.066996E-11	2.829927E-11	2.623255E-11	2.441496E-11	2.272472E-11	2.128322E-11	2.005295E-11	1.881849E-11	1.770844E-11	1.682859E-11	
8.560194E+02	1.409377E+02	3.034501E+00	8.418806E-03	3.001987E-06	6.440740E-09	3.635662E-09	2.280110E-09	1.524558E-09	1.069391E-09	7.801050E-10	5.865861E-10	4.530215E-10	3.573880E-10	2.871784E-10	2.345231E-10	1.942706E-10	1.629610E-10	1.382055E-10	1.183646E-10	1.023094E-10	8.914599E-11	7.828577E-11	6.914654E-11	6.148144E-11	5.499908E-11	4.947003E-11	4.472317E-11	4.059426E-11	3.705031E-11	3.394367E-11	3.123096E-11	2.882274E-11	2.670585E-11	2.484818E-11	2.317292E-11	2.160391E-11	2.025387E-11	1.902942E-11	1.823179E-11	1.726358E-11	
8.560194E+02	1.409377E+02	3.034501E+00	8.418807E-03	3.002020E-06	6.443796E-09	3.628520E-09	2.275024E-09	1.520767E-09	1.067276E-09	7.786891E-10	5.857023E-10	4.524066E-10	3.569985E-10	2.868719E-10	2.342766E-10	1.940577E-10	1.627670E-10	1.380421E-10	1.182141E-10	1.021739E-10	8.902255E-11	7.817283E-11	6.904400E-11	6.138740E-11	5.492345E-11	4.940943E-11	4.466819E-11	4.054422E-11	3.699047E-11	3.387727E-11	3.117393E-11	2.877201E-11	2.667782E-11	2.476969E-11	2.311007E-11	2.157038E-11	2.037390E-11	1.919062E-11	1.809713E-11	1.699496E-11	
8.560194E+02	1.409377E+02	3.034501E+00	8.418807E-03	3.002459E-06	6.667652E-09	3.760813E-09	2.358417E-09	1.576481E-09	1.106405E-09	8.072588E-10	6.068842E-10	4.687331E-10	3.700959E-10	2.973635E-10	2.429225E-10	2.012322E-10	1.687951E-10	1.431560E-10	1.226045E-10	1.059673E-10	9.232477E-11	8.107063E-11	7.160809E-11	6.367365E-11	5.696936E-11	5.124975E-11	4.633292E-11	4.205956E-11	3.838425E-11	3.516460E-11	3.233151E-11	2.982355E-11	2.761803E-11	2.566249E-11	2.396589E-11	2.241383E-11	2.115539E-11	1.984493E-11	1.873544E-11	1.787310E-11	
8.560194E+02	1.409377E+02	3.034501E+00	8.418807E-03	3.002340E-06	6.609393E-09	3.720791E-09	2.335112E-09	1.560947E-09	1.095587E-09	7.992895E-10	6.015411E-10	4.645740E-10	3.665772E-10	2.945347E-10	2.405896E-10	1.993028E-10	1.671431E-10	1.417418E-10	1.214012E-10	1.049261E-10	9.141488E-11	8.027171E-11	7.091437E-11	6.306355E-11	5.640402E-11	5.072443E-11	4.585619E-11	4.162253E-11	3.798091E-11	3.479226E-11	3.201076E-11	2.954985E-11	2.737925E-11	2.540426E-11	2.367570E-11	2.214318E-11	2.087924E-11	1.959998E-11	1.870779E-11	1.762406E-11	
8.560194E+02	1.409377E+02	3.034501E+00	8.418808E-03	3.002761E-06	6.830199E-09	3.846784E-09	2.409219E-09	1.610419E-09	1.130164E-09	8.246429E-10	6.204154E-10	4.791201E-10	3.780010E-10	3.037465E-10	2.480781E-10	2.054935E-10	1.723883E-10	1.461954E-10	1.252154E-10	1.082199E-10	9.428553E-11	8.279143E-11	7.312882E-11	6.502429E-11	5.817589E-11	5.233132E-11	4.730388E-11	4.293256E-11	3.918113E-11	3.589732E-11	3.301838E-11	3.047813E-11	2.824720E-11	2.624002E-11	2.452482E-11	2.294554E-11	2.164460E-11	2.037430E-11	1.928634E-11	1.838234E-11	
