5.179000E+00 4.285000E+00 0.000000E+00 0.000000E+00 0.000000E+00
5.178000E+00 4.284000E+00 0.000000E+00 0.000000E+00 0.000000E+00
5.178000E+00 4.284000E+00 1.634000E-29 1.046000E-27 2.193000E-21
5.178000E+00 4.283000E+00 0.000000E+00 0.000000E+00 0.000000E+00
5.178000E+00 4.283000E+00 0.000000E+00 0.000000E+00 1.097000E-21
5.178000E+00 4.283000E+00 0.000000E+00 0.000000E+00 0.000000E+00
5.178000E+00 4.283000E+00 0.000000E+00 0.000000E+00 0.000000E+00
5.178000E+00 4.283000E+00 0.000000E+00 0.000000E+00 0.000000E+00
5.178000E+00 4.283000E+00 0.000000E+00 5.229000E-28 0.000000E+00
5.178000E+00 4.283000E+00 8.169000E-30 5.228000E-28 1.096000E-21
5.100000E+00 4.361000E+00 0.000000E+00 0.000000E+00 0.000000E+00
5.188000E+00 4.274000E+00 0.000000E+00 0.000000E+00 0.000000E+00
5.188000E+00 4.274000E+00 0.000000E+00 5.239000E-28 1.099000E-21
5.188000E+00 4.274000E+00 0.000000E+00 5.238000E-28 0.000000E+00
5.188000E+00 4.274000E+00 0.000000E+00 0.000000E+00 0.000000E+00
5.188000E+00 4.273000E+00 1.637000E-29 1.048000E-27 1.099000E-21
5.187000E+00 4.273000E+00 0.000000E+00 0.000000E+00 0.000000E+00
5.187000E+00 4.272000E+00 0.000000E+00 0.000000E+00 0.000000E+00
5.107000E+00 4.349000E+00 0.000000E+00 0.000000E+00 0.000000E+00
5.194000E+00 4.261000E+00 0.000000E+00 0.000000E+00 0.000000E+00
5.194000E+00 4.260000E+00 0.000000E+00 5.245000E-28 1.100000E-21
5.158000E+00 4.215000E+00 8.138000E-30 5.208000E-28 2.184000E-21
5.158000E+00 4.214000E+00 8.137000E-30 5.208000E-28 1.092000E-21
5.203000E+00 4.243000E+00 0.000000E+00 0.000000E+00 0.000000E+00
5.206000E+00 4.238000E+00 8.213000E-30 0.000000E+00 0.000000E+00
5.211000E+00 4.228000E+00 8.221000E-30 0.000000E+00 0.000000E+00
5.218000E+00 4.220000E+00 0.000000E+00 0.000000E+00 0.000000E+00
5.221000E+00 4.207000E+00 8.238000E-30 7.908000E-28 1.106000E-21
5.237000E+00 4.192000E+00 8.262000E-30 2.644000E-28 0.000000E+00
5.243000E+00 4.169000E+00 0.000000E+00 5.294000E-28 1.110000E-21
5.259000E+00 4.153000E+00 4.148000E-30 2.655000E-28 0.000000E+00
5.278000E+00 4.126000E+00 4.164000E-30 5.330000E-28 1.118000E-21
5.287000E+00 4.090000E+00 0.000000E+00 0.000000E+00 0.000000E+00
5.330000E+00 4.051000E+00 8.409000E-30 2.691000E-28 0.000000E+00
5.373000E+00 4.011000E+00 4.238000E-30 5.425000E-28 1.138000E-21
5.411000E+00 3.951000E+00 0.000000E+00 2.732000E-28 0.000000E+00
5.456000E+00 3.893000E+00 0.000000E+00 2.754000E-28 1.155000E-21
5.506000E+00 3.820000E+00 0.000000E+00 0.000000E+00 0.000000E+00
5.555000E+00 3.778000E+00 0.000000E+00 0.000000E+00 0.000000E+00
5.600000E+00 3.714000E+00 0.000000E+00 2.827000E-28 5.930000E-22
5.642000E+00 3.663000E+00 0.000000E+00 0.000000E+00 0.000000E+00
5.683000E+00 3.611000E+00 0.000000E+00 0.000000E+00 0.000000E+00
5.726000E+00 3.558000E+00 4.517000E-30 0.000000E+00 0.000000E+00
5.768000E+00 3.508000E+00 0.000000E+00 0.000000E+00 0.000000E+00
5.802000E+00 3.466000E+00 0.000000E+00 0.000000E+00 0.000000E+00
5.849000E+00 3.409000E+00 4.614000E-30 1.476000E-28 6.193000E-22
5.891000E+00 3.364000E+00 0.000000E+00 0.000000E+00 0.000000E+00
5.927000E+00 3.316000E+00 2.338000E-30 0.000000E+00 6.275000E-22
5.970000E+00 3.271000E+00 0.000000E+00 0.000000E+00 0.000000E+00
6.006000E+00 3.222000E+00 2.369000E-30 1.516000E-28 0.000000E+00
6.037000E+00 3.186000E+00 0.000000E+00 0.000000E+00 0.000000E+00
6.096000E+00 3.165000E+00 0.000000E+00 0.000000E+00 0.000000E+00
6.100000E+00 3.114000E+00 0.000000E+00 0.000000E+00 0.000000E+00
6.125000E+00 3.083000E+00 4.832000E-30 3.092000E-28 6.485000E-22
6.142000E+00 3.048000E+00 0.000000E+00 0.000000E+00 3.252000E-22
6.184000E+00 3.014000E+00 0.000000E+00 0.000000E+00 0.000000E+00
6.204000E+00 2.987000E+00 0.000000E+00 0.000000E+00 0.000000E+00
6.228000E+00 2.961000E+00 0.000000E+00 0.000000E+00 0.000000E+00
6.247000E+00 2.934000E+00 2.464000E-30 1.577000E-28 0.000000E+00
6.272000E+00 2.908000E+00 0.000000E+00 1.583000E-28 0.000000E+00
6.292000E+00 2.881000E+00 2.482000E-30 0.000000E+00 3.331000E-22
6.306000E+00 2.869000E+00 0.000000E+00 0.000000E+00 0.000000E+00
6.321000E+00 2.848000E+00 0.000000E+00 0.000000E+00 3.346000E-22
6.336000E+00 2.827000E+00 0.000000E+00 0.000000E+00 0.000000E+00
6.346000E+00 2.812000E+00 2.503000E-30 1.602000E-28 3.360000E-22
6.361000E+00 2.800000E+00 0.000000E+00 0.000000E+00 0.000000E+00
6.376000E+00 2.787000E+00 2.515000E-30 0.000000E+00 3.375000E-22
6.381000E+00 2.771000E+00 0.000000E+00 0.000000E+00 0.000000E+00
6.396000E+00 2.759000E+00 0.000000E+00 1.615000E-28 0.000000E+00
6.399000E+00 2.750000E+00 0.000000E+00 0.000000E+00 0.000000E+00
6.411000E+00 2.737000E+00 0.000000E+00 0.000000E+00 0.000000E+00
6.343000E+00 2.700000E+00 0.000000E+00 0.000000E+00 0.000000E+00
6.424000E+00 2.718000E+00 0.000000E+00 1.622000E-28 0.000000E+00
6.431000E+00 2.706000E+00 0.000000E+00 0.000000E+00 0.000000E+00
6.443000E+00 2.697000E+00 0.000000E+00 0.000000E+00 3.411000E-22
6.443000E+00 2.696000E+00 0.000000E+00 0.000000E+00 0.000000E+00
6.446000E+00 2.683000E+00 0.000000E+00 0.000000E+00 0.000000E+00
6.458000E+00 2.673000E+00 0.000000E+00 0.000000E+00 0.000000E+00
6.457000E+00 2.673000E+00 2.547000E-30 1.630000E-28 6.837000E-22
6.469000E+00 2.663000E+00 5.103000E-30 0.000000E+00 3.425000E-22
6.477000E+00 2.652000E+00 0.000000E+00 1.635000E-28 0.000000E+00
6.476000E+00 2.651000E+00 0.000000E+00 1.635000E-28 3.428000E-22
6.476000E+00 2.637000E+00 2.554000E-30 1.635000E-28 6.856000E-22
6.475000E+00 2.636000E+00 0.000000E+00 0.000000E+00 0.000000E+00
6.491000E+00 2.628000E+00 5.120000E-30 0.000000E+00 6.872000E-22
6.490000E+00 2.627000E+00 2.560000E-30 1.638000E-28 3.436000E-22
6.498000E+00 2.616000E+00 0.000000E+00 0.000000E+00 0.000000E+00
6.497000E+00 2.615000E+00 0.000000E+00 0.000000E+00 0.000000E+00
6.509000E+00 2.605000E+00 2.567000E-30 1.643000E-28 0.000000E+00
6.508000E+00 2.605000E+00 2.567000E-30 1.643000E-28 0.000000E+00
6.520000E+00 2.595000E+00 0.000000E+00 0.000000E+00 0.000000E+00
6.519000E+00 2.594000E+00 0.000000E+00 1.646000E-28 3.451000E-22
6.523000E+00 2.581000E+00 0.000000E+00 0.000000E+00 0.000000E+00
6.535000E+00 2.571000E+00 0.000000E+00 0.000000E+00 0.000000E+00
6.535000E+00 2.570000E+00 0.000000E+00 0.000000E+00 0.000000E+00
6.542000E+00 2.558000E+00 5.161000E-30 1.652000E-28 3.464000E-22
6.532000E+00 2.539000E+00 0.000000E+00 8.245000E-29 0.000000E+00
6.532000E+00 2.539000E+00 0.000000E+00 0.000000E+00 0.000000E+00
6.557000E+00 2.533000E+00 0.000000E+00 0.000000E+00 0.000000E+00
6.565000E+00 2.521000E+00 0.000000E+00 0.000000E+00 0.000000E+00
6.564000E+00 2.520000E+00 0.000000E+00 8.285000E-29 3.475000E-22
6.576000E+00 2.510000E+00 2.594000E-30 8.301000E-29 3.482000E-22
6.580000E+00 2.496000E+00 0.000000E+00 0.000000E+00 0.000000E+00
6.579000E+00 2.495000E+00 2.595000E-30 8.304000E-29 0.000000E+00
6.591000E+00 2.485000E+00 0.000000E+00 0.000000E+00 0.000000E+00
6.603000E+00 2.474000E+00 5.209000E-30 1.667000E-28 3.496000E-22
6.602000E+00 2.473000E+00 0.000000E+00 0.000000E+00 0.000000E+00
6.610000E+00 2.461000E+00 0.000000E+00 0.000000E+00 0.000000E+00
6.626000E+00 2.452000E+00 1.307000E-30 1.673000E-28 3.508000E-22
6.625000E+00 2.451000E+00 0.000000E+00 0.000000E+00 0.000000E+00
6.624000E+00 2.435000E+00 1.306000E-30 0.000000E+00 0.000000E+00
6.631000E+00 2.423000E+00 0.000000E+00 0.000000E+00 0.000000E+00
6.630000E+00 2.422000E+00 0.000000E+00 0.000000E+00 0.000000E+00
6.642000E+00 2.411000E+00 0.000000E+00 0.000000E+00 0.000000E+00
6.654000E+00 2.400000E+00 2.625000E-30 1.680000E-28 3.523000E-22
6.653000E+00 2.399000E+00 1.312000E-30 8.397000E-29 3.522000E-22
6.656000E+00 2.385000E+00 0.000000E+00 0.000000E+00 0.000000E+00
6.654000E+00 2.384000E+00 0.000000E+00 0.000000E+00 0.000000E+00
6.666000E+00 2.373000E+00 0.000000E+00 0.000000E+00 0.000000E+00
6.665000E+00 2.372000E+00 0.000000E+00 8.412000E-29 0.000000E+00
6.672000E+00 2.359000E+00 0.000000E+00 0.000000E+00 0.000000E+00
6.714000E+00 2.359000E+00 0.000000E+00 0.000000E+00 0.000000E+00
6.713000E+00 2.358000E+00 2.648000E-30 8.473000E-29 1.777000E-22
6.684000E+00 2.333000E+00 1.318000E-30 8.437000E-29 0.000000E+00
6.683000E+00 2.332000E+00 0.000000E+00 8.435000E-29 1.769000E-22
6.690000E+00 2.319000E+00 0.000000E+00 0.000000E+00 0.000000E+00
6.688000E+00 2.318000E+00 0.000000E+00 0.000000E+00 0.000000E+00
6.700000E+00 2.306000E+00 0.000000E+00 0.000000E+00 0.000000E+00
6.697000E+00 2.305000E+00 0.000000E+00 0.000000E+00 0.000000E+00
6.699000E+00 2.290000E+00 2.642000E-30 1.691000E-28 3.547000E-22
6.697000E+00 2.289000E+00 0.000000E+00 0.000000E+00 0.000000E+00
6.695000E+00 2.288000E+00 1.320000E-30 8.450000E-29 0.000000E+00
6.706000E+00 2.276000E+00 0.000000E+00 0.000000E+00 0.000000E+00
6.718000E+00 2.265000E+00 0.000000E+00 0.000000E+00 0.000000E+00
6.715000E+00 2.264000E+00 0.000000E+00 0.000000E+00 0.000000E+00
6.713000E+00 2.262000E+00 1.324000E-30 0.000000E+00 0.000000E+00
6.719000E+00 2.249000E+00 1.325000E-30 1.696000E-28 1.779000E-22
6.716000E+00 2.247000E+00 1.325000E-30 8.477000E-29 0.000000E+00
6.712000E+00 2.230000E+00 1.324000E-30 0.000000E+00 0.000000E+00
6.709000E+00 2.229000E+00 0.000000E+00 0.000000E+00 0.000000E+00
6.706000E+00 2.227000E+00 0.000000E+00 0.000000E+00 1.775000E-22
6.723000E+00 2.217000E+00 1.326000E-30 0.000000E+00 0.000000E+00
6.720000E+00 2.215000E+00 2.650000E-30 1.696000E-28 3.557000E-22
6.716000E+00 2.214000E+00 0.000000E+00 0.000000E+00 0.000000E+00
6.722000E+00 2.200000E+00 2.651000E-30 8.484000E-29 0.000000E+00
6.719000E+00 2.198000E+00 0.000000E+00 0.000000E+00 0.000000E+00
6.715000E+00 2.196000E+00 0.000000E+00 0.000000E+00 0.000000E+00
6.726000E+00 2.184000E+00 0.000000E+00 0.000000E+00 0.000000E+00
6.722000E+00 2.182000E+00 0.000000E+00 0.000000E+00 0.000000E+00
6.732000E+00 2.169000E+00 0.000000E+00 0.000000E+00 0.000000E+00
6.728000E+00 2.167000E+00 0.000000E+00 0.000000E+00 0.000000E+00
6.725000E+00 2.165000E+00 0.000000E+00 0.000000E+00 0.000000E+00
6.720000E+00 2.163000E+00 0.000000E+00 0.000000E+00 0.000000E+00
6.720000E+00 2.147000E+00 1.325000E-30 0.000000E+00 1.779000E-22
6.715000E+00 2.144000E+00 0.000000E+00 0.000000E+00 0.000000E+00
6.711000E+00 2.142000E+00 0.000000E+00 0.000000E+00 1.776000E-22
6.720000E+00 2.129000E+00 1.325000E-30 1.696000E-28 0.000000E+00
6.716000E+00 2.126000E+00 1.324000E-30 0.000000E+00 0.000000E+00
6.711000E+00 2.123000E+00 2.647000E-30 8.470000E-29 1.776000E-22
6.706000E+00 2.120000E+00 1.322000E-30 0.000000E+00 1.775000E-22
6.709000E+00 2.105000E+00 0.000000E+00 0.000000E+00 0.000000E+00
6.704000E+00 2.102000E+00 0.000000E+00 8.461000E-29 1.774000E-22
6.698000E+00 2.098000E+00 0.000000E+00 8.454000E-29 1.773000E-22
6.692000E+00 2.095000E+00 0.000000E+00 8.447000E-29 0.000000E+00
6.716000E+00 2.086000E+00 1.325000E-30 0.000000E+00 1.778000E-22
6.710000E+00 2.082000E+00 0.000000E+00 0.000000E+00 0.000000E+00
6.704000E+00 2.078000E+00 0.000000E+00 0.000000E+00 0.000000E+00
6.697000E+00 2.074000E+00 0.000000E+00 0.000000E+00 0.000000E+00
6.673000E+00 2.057000E+00 2.632000E-30 8.422000E-29 3.533000E-22
6.670000E+00 2.046000E+00 1.315000E-30 0.000000E+00 1.766000E-22
6.663000E+00 2.042000E+00 0.000000E+00 0.000000E+00 0.000000E+00
6.655000E+00 2.037000E+00 1.312000E-30 8.400000E-29 1.762000E-22
6.647000E+00 2.032000E+00 1.311000E-30 1.678000E-28 3.519000E-22
6.639000E+00 2.027000E+00 0.000000E+00 0.000000E+00 0.000000E+00
6.637000E+00 2.016000E+00 1.309000E-30 8.377000E-29 0.000000E+00
6.629000E+00 2.003000E+00 1.307000E-30 1.673000E-28 3.510000E-22
6.620000E+00 1.997000E+00 1.306000E-30 0.000000E+00 1.752000E-22
6.610000E+00 1.991000E+00 0.000000E+00 0.000000E+00 0.000000E+00
6.600000E+00 1.984000E+00 1.302000E-30 8.330000E-29 1.747000E-22
6.604000E+00 1.967000E+00 0.000000E+00 0.000000E+00 0.000000E+00
6.592000E+00 1.959000E+00 0.000000E+00 0.000000E+00 0.000000E+00
6.581000E+00 1.952000E+00 0.000000E+00 0.000000E+00 0.000000E+00
6.569000E+00 1.943000E+00 0.000000E+00 8.291000E-29 0.000000E+00
6.556000E+00 1.934000E+00 1.293000E-30 8.275000E-29 1.735000E-22
6.548000E+00 1.918000E+00 0.000000E+00 0.000000E+00 0.000000E+00
6.533000E+00 1.900000E+00 0.000000E+00 0.000000E+00 0.000000E+00
6.519000E+00 1.890000E+00 1.286000E-30 8.228000E-29 1.726000E-22
6.504000E+00 1.879000E+00 1.283000E-30 8.210000E-29 0.000000E+00
6.489000E+00 1.867000E+00 0.000000E+00 0.000000E+00 0.000000E+00
6.472000E+00 1.855000E+00 1.276000E-30 1.634000E-28 3.426000E-22
6.470000E+00 1.831000E+00 1.276000E-30 0.000000E+00 1.713000E-22
6.451000E+00 1.818000E+00 1.272000E-30 0.000000E+00 0.000000E+00
6.432000E+00 1.804000E+00 2.537000E-30 0.000000E+00 0.000000E+00
6.411000E+00 1.790000E+00 0.000000E+00 0.000000E+00 0.000000E+00
6.389000E+00 1.774000E+00 1.260000E-30 0.000000E+00 0.000000E+00
6.381000E+00 1.747000E+00 0.000000E+00 0.000000E+00 0.000000E+00
6.357000E+00 1.730000E+00 0.000000E+00 0.000000E+00 1.683000E-22
6.330000E+00 1.712000E+00 0.000000E+00 0.000000E+00 0.000000E+00
6.303000E+00 1.693000E+00 0.000000E+00 0.000000E+00 0.000000E+00
6.274000E+00 1.666000E+00 0.000000E+00 0.000000E+00 0.000000E+00
6.242000E+00 1.645000E+00 0.000000E+00 0.000000E+00 0.000000E+00
6.216000E+00 1.618000E+00 0.000000E+00 0.000000E+00 0.000000E+00
6.180000E+00 1.595000E+00 1.219000E-30 0.000000E+00 0.000000E+00
6.141000E+00 1.571000E+00 1.211000E-30 7.751000E-29 1.625000E-22
6.099000E+00 1.545000E+00 1.203000E-30 7.698000E-29 0.000000E+00
6.055000E+00 1.518000E+00 1.194000E-30 0.000000E+00 0.000000E+00
6.011000E+00 1.484000E+00 1.185000E-30 0.000000E+00 1.591000E-22
5.959000E+00 1.455000E+00 0.000000E+00 0.000000E+00 0.000000E+00
5.921000E+00 1.421000E+00 1.168000E-30 7.473000E-29 1.567000E-22
5.861000E+00 1.389000E+00 2.312000E-30 7.398000E-29 3.103000E-22
5.796000E+00 1.354000E+00 0.000000E+00 0.000000E+00 0.000000E+00
5.727000E+00 1.319000E+00 0.000000E+00 0.000000E+00 1.516000E-22
5.652000E+00 1.281000E+00 0.000000E+00 3.567000E-29 0.000000E+00
5.570000E+00 1.242000E+00 5.493000E-31 0.000000E+00 0.000000E+00
5.482000E+00 1.200000E+00 5.405000E-31 6.919000E-29 0.000000E+00
5.386000E+00 1.157000E+00 0.000000E+00 0.000000E+00 0.000000E+00
5.267000E+00 1.115000E+00 0.000000E+00 0.000000E+00 0.000000E+00
5.155000E+00 1.068000E+00 0.000000E+00 0.000000E+00 0.000000E+00
5.032000E+00 1.018000E+00 0.000000E+00 0.000000E+00 0.000000E+00
4.894000E+00 9.715000E-01 0.000000E+00 0.000000E+00 0.000000E+00
4.746000E+00 9.177000E-01 0.000000E+00 0.000000E+00 0.000000E+00
4.582000E+00 8.614000E-01 0.000000E+00 2.892000E-29 6.064000E-23
4.407000E+00 7.900000E-01 0.000000E+00 0.000000E+00 0.000000E+00
4.233000E+00 6.942000E-01 0.000000E+00 0.000000E+00 0.000000E+00
4.022000E+00 6.029000E-01 1.983000E-31 0.000000E+00 0.000000E+00
3.795000E+00 5.005000E-01 0.000000E+00 0.000000E+00 0.000000E+00
3.523000E+00 4.014000E-01 0.000000E+00 0.000000E+00 0.000000E+00
3.247000E+00 3.046000E-01 0.000000E+00 0.000000E+00 0.000000E+00
2.864000E+00 2.239000E-01 0.000000E+00 0.000000E+00 0.000000E+00
2.471000E+00 1.594000E-01 0.000000E+00 0.000000E+00 0.000000E+00
2.070000E+00 1.099000E-01 5.104000E-32 1.633000E-30 0.000000E+00
1.685000E+00 7.378000E-02 0.000000E+00 0.000000E+00 0.000000E+00
1.342000E+00 4.907000E-02 0.000000E+00 0.000000E+00 4.441000E-24
1.040000E+00 3.259000E-02 0.000000E+00 0.000000E+00 0.000000E+00
7.934000E-01 2.148000E-02 1.222000E-33 0.000000E+00 0.000000E+00
5.974000E-01 1.397000E-02 0.000000E+00 0.000000E+00 0.000000E+00
4.460000E-01 9.179000E-03 3.436000E-34 4.398000E-32 7.378000E-25
3.283000E-01 6.007000E-03 5.058000E-34 6.474000E-32 1.086000E-24
2.384000E-01 4.092000E-03 0.000000E+00 0.000000E+00 0.000000E+00
1.717000E-01 2.776000E-03 0.000000E+00 0.000000E+00 2.841000E-25
1.225000E-01 1.840000E-03 0.000000E+00 1.208000E-32 2.027000E-25
8.692000E-02 1.200000E-03 0.000000E+00 0.000000E+00 0.000000E+00
6.124000E-02 7.676000E-04 5.897000E-36 3.019000E-33 0.000000E+00
4.313000E-02 4.888000E-04 0.000000E+00 0.000000E+00 0.000000E+00
3.053000E-02 3.056000E-04 0.000000E+00 0.000000E+00 0.000000E+00
2.188000E-02 1.897000E-04 0.000000E+00 0.000000E+00 0.000000E+00
1.598000E-02 1.175000E-04 0.000000E+00 0.000000E+00 0.000000E+00
1.218000E-02 7.352000E-05 0.000000E+00 0.000000E+00 0.000000E+00
9.489000E-03 4.562000E-05 0.000000E+00 0.000000E+00 0.000000E+00
7.746000E-03 6.061000E-06 0.000000E+00 0.000000E+00 0.000000E+00
6.551000E-03 1.685000E-05 0.000000E+00 0.000000E+00 0.000000E+00
5.697000E-03 8.932000E-06 8.571000E-39 0.000000E+00 0.000000E+00
5.117000E-03 3.227000E-06 1.925000E-39 7.884000E-36 2.646000E-28
4.617000E-03 8.885000E-07 4.341000E-40 3.557000E-36 5.967000E-29
4.163000E-03 8.013000E-07 0.000000E+00 0.000000E+00 0.000000E+00
3.739000E-03 7.197000E-07 0.000000E+00 0.000000E+00 0.000000E+00
3.366000E-03 6.480000E-07 0.000000E+00 0.000000E+00 0.000000E+00
2.993000E-03 5.762000E-07 0.000000E+00 0.000000E+00 0.000000E+00
2.622000E-03 5.047000E-07 2.465000E-40 4.039000E-36 3.388000E-29
2.218000E-03 4.270000E-07 0.000000E+00 0.000000E+00 0.000000E+00
1.875000E-03 3.611000E-07 0.000000E+00 0.000000E+00 0.000000E+00
1.574000E-03 3.030000E-07 7.399000E-41 1.212000E-36 0.000000E+00
1.264000E-03 2.434000E-07 0.000000E+00 0.000000E+00 0.000000E+00
9.226000E-04 1.775000E-07 0.000000E+00 0.000000E+00 0.000000E+00
7.363000E-04 1.418000E-07 3.462000E-41 5.672000E-37 0.000000E+00
5.352000E-04 1.030000E-07 0.000000E+00 0.000000E+00 0.000000E+00
3.774000E-04 7.266000E-08 0.000000E+00 0.000000E+00 0.000000E+00
2.607000E-04 5.018000E-08 6.128000E-42 0.000000E+00 3.369000E-30
1.770000E-04 3.407000E-08 4.161000E-42 0.000000E+00 2.288000E-30
1.202000E-04 2.314000E-08 2.826000E-42 1.852000E-37 0.000000E+00
8.276000E-05 1.593000E-08 1.946000E-42 1.275000E-37 1.070000E-30
5.924000E-05 1.140000E-08 0.000000E+00 0.000000E+00 0.000000E+00
4.528000E-05 8.716000E-09 0.000000E+00 0.000000E+00 0.000000E+00
3.739000E-05 7.197000E-09 0.000000E+00 0.000000E+00 0.000000E+00
3.315000E-05 6.380000E-09 0.000000E+00 0.000000E+00 0.000000E+00
3.094000E-05 5.956000E-09 0.000000E+00 0.000000E+00 0.000000E+00
2.984000E-05 5.743000E-09 7.015000E-43 2.299000E-38 3.856000E-31
2.930000E-05 5.640000E-09 0.000000E+00 0.000000E+00 0.000000E+00
2.905000E-05 5.592000E-09 0.000000E+00 0.000000E+00 0.000000E+00
2.894000E-05 5.571000E-09 6.805000E-43 0.000000E+00 0.000000E+00
2.890000E-05 5.562000E-09 0.000000E+00 0.000000E+00 0.000000E+00
2.888000E-05 5.917000E-09 6.789000E-43 2.225000E-38 0.000000E+00
2.887000E-05 5.885000E-09 0.000000E+00 0.000000E+00 0.000000E+00
2.887000E-05 5.866000E-09 6.787000E-43 2.224000E-38 7.462000E-31
2.887000E-05 5.856000E-09 0.000000E+00 0.000000E+00 0.000000E+00
2.887000E-05 5.851000E-09 6.786000E-43 0.000000E+00 0.000000E+00
2.887000E-05 5.848000E-09 0.000000E+00 2.224000E-38 0.000000E+00
2.887000E-05 5.847000E-09 6.786000E-43 0.000000E+00 0.000000E+00
2.886000E-05 9.046000E-09 0.000000E+00 0.000000E+00 0.000000E+00
2.886000E-05 1.137000E-08 1.357000E-42 0.000000E+00 0.000000E+00
2.886000E-05 1.485000E-08 2.714000E-42 8.892000E-38 1.492000E-30
2.885000E-05 1.832000E-08 0.000000E+00 4.445000E-38 0.000000E+00
2.885000E-05 2.439000E-08 0.000000E+00 0.000000E+00 1.491000E-30
2.885000E-05 2.064000E-08 5.426000E-42 0.000000E+00 0.000000E+00
