3.024336E-16	4.000037E-21	5.042087E-18	9.642741E-314	1.529422E-314	0.000000E+00	0.000000E+00	
3.024336E-16	4.000029E-21	5.042087E-18	9.602539E-314	1.523028E-314	0.000000E+00	0.000000E+00	
3.024336E-16	4.000028E-21	5.042087E-18	9.597645E-314	1.522250E-314	0.000000E+00	0.000000E+00	
3.024336E-16	4.000027E-21	5.042087E-18	9.592156E-314	1.521377E-314	0.000000E+00	0.000000E+00	
3.024336E-16	4.000026E-21	5.042087E-18	9.586002E-314	1.520399E-314	0.000000E+00	0.000000E+00	
3.024336E-16	4.000025E-21	5.042087E-18	9.579102E-314	1.519301E-314	0.000000E+00	0.000000E+00	
3.024336E-16	4.000024E-21	5.042087E-18	9.571366E-314	1.518071E-314	0.000000E+00	0.000000E+00	
3.024336E-16	4.000022E-21	5.042087E-18	9.562693E-314	1.516692E-314	0.000000E+00	0.000000E+00	
3.024336E-16	4.000020E-21	5.042087E-18	9.552971E-314	1.515146E-314	0.000000E+00	0.000000E+00	
3.024336E-16	4.000018E-21	5.042087E-18	9.542075E-314	1.513413E-314	0.000000E+00	0.000000E+00	
3.024336E-16	4.000016E-21	5.042087E-18	9.529864E-314	1.511471E-314	0.000000E+00	0.000000E+00	
3.024336E-16	4.000013E-21	5.042087E-18	9.516181E-314	1.509295E-314	0.000000E+00	0.000000E+00	
3.024336E-16	4.000011E-21	5.042087E-18	9.500852E-314	1.506857E-314	0.000000E+00	0.000000E+00	
3.024336E-16	4.000007E-21	5.042087E-18	9.483683E-314	1.504127E-314	0.000000E+00	0.000000E+00	
3.024336E-16	4.000004E-21	5.042087E-18	9.464455E-314	1.501069E-314	0.000000E+00	0.000000E+00	
3.024336E-16	4.000000E-21	5.042087E-18	9.442927E-314	1.497646E-314	0.000000E+00	0.000000E+00	
3.024336E-16	3.999995E-21	5.042087E-18	9.418831E-314	1.493814E-314	0.000000E+00	0.000000E+00	
3.024336E-16	3.999990E-21	5.042087E-18	9.391868E-314	1.489527E-314	0.000000E+00	0.000000E+00	
3.024336E-16	3.999984E-21	5.073061E-18	9.361706E-314	1.484730E-314	0.000000E+00	0.000000E+00	
3.024336E-16	3.999978E-21	5.051009E-18	9.327979E-314	1.479367E-314	0.000000E+00	0.000000E+00	
3.024336E-16	3.999971E-21	5.085309E-18	9.290282E-314	1.473373E-314	0.000000E+00	0.000000E+00	
3.024336E-16	3.999963E-21	5.080995E-18	9.248166E-314	1.466676E-314	0.000000E+00	0.000000E+00	
3.024336E-16	3.999954E-21	5.099649E-18	9.201137E-314	1.459198E-314	0.000000E+00	0.000000E+00	
3.024384E-16	3.999944E-21	5.086889E-18	9.148655E-314	1.450852E-314	0.000000E+00	0.000000E+00	
3.024567E-16	3.999932E-21	5.100068E-18	9.090125E-314	1.441546E-314	0.000000E+00	0.000000E+00	
3.024590E-16	3.999919E-21	5.089933E-18	9.024897E-314	1.431174E-314	0.000000E+00	0.000000E+00	
3.024712E-16	3.999905E-21	5.111676E-18	8.952268E-314	1.419626E-314	0.000000E+00	0.000000E+00	
3.024689E-16	3.999889E-21	5.107736E-18	8.871470E-314	1.406779E-314	0.000000E+00	0.000000E+00	
3.024596E-16	3.999871E-21	5.129115E-18	8.781681E-314	1.392504E-314	0.000000E+00	0.000000E+00	
3.024719E-16	3.999851E-21	5.133158E-18	8.682015E-314	1.376658E-314	0.000000E+00	0.000000E+00	
3.024760E-16	3.999828E-21	5.146584E-18	8.571533E-314	1.359093E-314	0.000000E+00	0.000000E+00	
3.024960E-16	3.999803E-21	5.158292E-18	8.449240E-314	1.339651E-314	0.000000E+00	0.000000E+00	
3.024876E-16	3.999774E-21	5.173991E-18	8.314099E-314	1.318168E-314	0.000000E+00	0.000000E+00	
3.024981E-16	3.999742E-21	5.190525E-18	8.165036E-314	1.294472E-314	0.000000E+00	0.000000E+00	
3.025072E-16	3.999706E-21	5.211617E-18	8.000958E-314	1.268391E-314	0.000000E+00	0.000000E+00	
3.025130E-16	3.999666E-21	5.227443E-18	7.820778E-314	1.239752E-314	0.000000E+00	0.000000E+00	
3.025237E-16	3.999621E-21	5.247759E-18	7.623432E-314	1.208386E-314	0.000000E+00	0.000000E+00	
3.025390E-16	3.999570E-21	5.274975E-18	7.407920E-314	1.174136E-314	0.000000E+00	0.000000E+00	
3.025529E-16	3.999513E-21	5.299738E-18	7.173345E-314	1.136859E-314	0.000000E+00	0.000000E+00	
3.025637E-16	3.999449E-21	5.325025E-18	6.918968E-314	1.096439E-314	0.000000E+00	0.000000E+00	
3.025728E-16	3.999377E-21	5.349753E-18	6.644261E-314	1.052793E-314	0.000000E+00	0.000000E+00	
3.025889E-16	3.999297E-21	5.382298E-18	6.348981E-314	1.005884E-314	0.000000E+00	0.000000E+00	
3.026050E-16	3.999207E-21	5.414734E-18	6.033245E-314	9.557316E-315	0.000000E+00	0.000000E+00	
3.026230E-16	3.999105E-21	5.458129E-18	5.697612E-314	9.024264E-315	0.000000E+00	0.000000E+00	
3.026461E-16	3.998992E-21	5.502838E-18	5.343172E-314	8.461432E-315	0.000000E+00	0.000000E+00	
3.026722E-16	3.998865E-21	5.555991E-18	4.971634E-314	7.871556E-315	0.000000E+00	0.000000E+00	
3.027001E-16	3.998722E-21	5.614568E-18	4.585389E-314	7.258455E-315	0.000000E+00	0.000000E+00	
3.027319E-16	3.998561E-21	5.680737E-18	4.187576E-314	6.627136E-315	0.000000E+00	0.000000E+00	
3.027699E-16	3.998382E-21	5.754448E-18	3.782114E-314	5.983842E-315	0.000000E+00	0.000000E+00	
3.028107E-16	3.998180E-21	5.839463E-18	3.373664E-314	5.335993E-315	0.000000E+00	0.000000E+00	
3.028558E-16	3.997954E-21	5.934272E-18	2.967591E-314	4.692122E-315	0.000000E+00	0.000000E+00	
3.029082E-16	3.997700E-21	6.039714E-18	2.569791E-314	4.061597E-315	0.000000E+00	0.000000E+00	
3.029668E-16	3.997416E-21	6.160032E-18	2.186503E-314	3.454320E-315	0.000000E+00	0.000000E+00	
3.030327E-16	3.997097E-21	6.294740E-18	1.824000E-314	2.880235E-315	0.000000E+00	0.000000E+00	
3.031078E-16	3.996740E-21	6.446746E-18	1.488227E-314	2.348752E-315	0.000000E+00	0.000000E+00	
3.031933E-16	3.996339E-21	6.617858E-18	1.184414E-314	1.868132E-315	0.000000E+00	0.000000E+00	
3.032887E-16	3.995889E-21	6.811328E-18	9.166432E-315	1.444802E-315	0.000000E+00	0.000000E+00	
3.033983E-16	3.995385E-21	7.029676E-18	6.874946E-315	1.082792E-315	0.000000E+00	0.000000E+00	
3.035220E-16	3.994821E-21	7.276777E-18	4.977767E-315	7.833166E-316	0.000000E+00	0.000000E+00	
3.036621E-16	3.994188E-21	7.556662E-18	3.464288E-315	5.446255E-316	0.000000E+00	0.000000E+00	
3.038222E-16	3.993479E-21	7.873942E-18	2.306172E-315	3.621642E-316	0.000000E+00	0.000000E+00	
3.040044E-16	3.992684E-21	8.234371E-18	1.460455E-315	2.290732E-316	0.000000E+00	0.000000E+00	
3.042128E-16	3.991794E-21	8.644221E-18	8.744327E-316	1.369683E-316	0.000000E+00	0.000000E+00	
3.044507E-16	3.990797E-21	9.111191E-18	4.915823E-316	7.688198E-317	0.000000E+00	0.000000E+00	
3.047233E-16	3.989681E-21	9.644282E-18	2.574587E-316	4.019654E-317	0.000000E+00	0.000000E+00	
3.050360E-16	3.988431E-21	1.025383E-17	1.245229E-316	1.940399E-317	0.000000E+00	0.000000E+00	
3.053960E-16	3.987033E-21	1.095261E-17	5.507104E-317	8.562933E-318	0.000000E+00	0.000000E+00	
3.058107E-16	3.985468E-21	1.175527E-17	2.202368E-317	3.416098E-318	0.000000E+00	0.000000E+00	
3.062874E-16	3.983718E-21	1.267935E-17	7.864962E-318	1.216597E-318	0.000000E+00	0.000000E+00	
3.068435E-16	3.981762E-21	1.374770E-17	2.472754E-318	3.813248E-319	0.000000E+00	0.000000E+00	
3.074885E-16	3.979576E-21	1.498421E-17	6.736091E-319	0.000000E+00	0.000000E+00	0.000000E+00	
3.082414E-16	3.977135E-21	1.642039E-17	1.561445E-319	0.000000E+00	0.000000E+00	0.000000E+00	
3.091214E-16	3.974410E-21	1.809293E-17	0.000000E+00	0.000000E+00	0.000000E+00	0.000000E+00	
3.101534E-16	3.971371E-21	2.004723E-17	0.000000E+00	0.000000E+00	0.000000E+00	0.000000E+00	
3.113684E-16	3.967983E-21	2.233908E-17	0.000000E+00	0.000000E+00	0.000000E+00	0.000000E+00	
3.128042E-16	3.964210E-21	2.503720E-17	0.000000E+00	0.000000E+00	0.000000E+00	0.000000E+00	
3.145085E-16	3.960011E-21	2.822703E-17	0.000000E+00	0.000000E+00	0.000000E+00	0.000000E+00	
3.165413E-16	3.955345E-21	3.201538E-17	0.000000E+00	0.000000E+00	0.000000E+00	0.000000E+00	
3.189785E-16	3.950164E-21	3.653681E-17	0.000000E+00	0.000000E+00	0.000000E+00	0.000000E+00	
3.219171E-16	3.944419E-21	4.196224E-17	0.000000E+00	0.000000E+00	0.000000E+00	0.000000E+00	
3.254826E-16	3.938060E-21	4.851041E-17	0.000000E+00	0.000000E+00	0.000000E+00	0.000000E+00	
3.298386E-16	3.931033E-21	5.646405E-17	0.000000E+00	0.000000E+00	0.000000E+00	0.000000E+00	
3.352008E-16	3.923283E-21	6.619188E-17	0.000000E+00	0.000000E+00	0.000000E+00	0.000000E+00	
3.418565E-16	3.914754E-21	7.817961E-17	0.000000E+00	0.000000E+00	0.000000E+00	0.000000E+00	
3.501939E-16	3.905393E-21	9.307484E-17	0.000000E+00	0.000000E+00	0.000000E+00	0.000000E+00	
3.607436E-16	3.895147E-21	1.117501E-16	0.000000E+00	0.000000E+00	0.000000E+00	0.000000E+00	
3.742415E-16	3.883972E-21	1.353980E-16	0.000000E+00	0.000000E+00	0.000000E+00	0.000000E+00	
3.913540E-16	4.368854E-22	0.000000E+00	0.000000E+00	0.000000E+00	0.000000E+00	3.825783E-17	
0.000000E+00	5.824793E-22	2.939844E-18	2.816654E-17	0.000000E+00	0.000000E+00	0.000000E+00	
0.000000E+00	3.825783E-17	0.000000E+00	5.824701E-22	2.939844E-18	3.160333E-17	0.000000E+00	
0.000000E+00	0.000000E+00	0.000000E+00	3.825783E-17	0.000000E+00	5.824689E-22	2.939844E-18	
3.545918E-17	0.000000E+00	0.000000E+00	0.000000E+00	0.000000E+00	3.825783E-17	0.000000E+00	
5.824677E-22	2.939844E-18	3.978574E-17	0.000000E+00	0.000000E+00	0.000000E+00	0.000000E+00	
3.825783E-17	0.000000E+00	5.824663E-22	2.939844E-18	4.464014E-17	0.000000E+00	0.000000E+00	
0.000000E+00	0.000000E+00	3.825783E-17	0.000000E+00	5.824647E-22	2.939844E-18	5.008675E-17	
0.000000E+00	0.000000E+00	0.000000E+00	0.000000E+00	3.825783E-17	0.000000E+00	5.824629E-22	
2.939844E-18	5.619776E-17	0.000000E+00	0.000000E+00	0.000000E+00	0.000000E+00	3.825783E-17	
0.000000E+00	5.824609E-22	2.939844E-18	6.305442E-17	0.000000E+00	0.000000E+00	0.000000E+00	
0.000000E+00	3.825783E-17	0.000000E+00	5.824586E-22	2.939844E-18	7.074781E-17	0.000000E+00	
0.000000E+00	0.000000E+00	0.000000E+00	3.825783E-17	0.000000E+00	5.824561E-22	2.939844E-18	
7.937947E-17	0.000000E+00	0.000000E+00	0.000000E+00	0.000000E+00	3.825783E-17	0.000000E+00	
5.824532E-22	2.939844E-18	8.906451E-17	0.000000E+00	0.000000E+00	0.000000E+00	0.000000E+00	
3.825783E-17	0.000000E+00	5.824501E-22	2.939844E-18	9.993096E-17	0.000000E+00	0.000000E+00	
0.000000E+00	0.000000E+00	3.825783E-17	1.696704E-31	5.824465E-22	2.939844E-18	1.121229E-16	
0.000000E+00	0.000000E+00	0.000000E+00	0.000000E+00	3.825783E-17	0.000000E+00	5.824425E-22	
2.939844E-18	1.258022E-16	0.000000E+00	0.000000E+00	0.000000E+00	0.000000E+00	3.825783E-17	
0.000000E+00	5.824380E-22	2.939844E-18	1.411501E-16	0.000000E+00	0.000000E+00	0.000000E+00	
0.000000E+00	3.825783E-17	0.000000E+00	5.824329E-22	2.939844E-18	1.583702E-16	0.000000E+00	
0.000000E+00	0.000000E+00	0.000000E+00	3.825783E-17	1.344743E-31	5.824273E-22	2.939844E-18	
1.776906E-16	0.000000E+00	0.000000E+00	0.000000E+00	0.000000E+00	3.825783E-17	0.000000E+00	
5.824209E-22	2.939844E-18	1.993674E-16	0.000000E+00	0.000000E+00	0.000000E+00	0.000000E+00	
3.825783E-17	1.693187E-31	5.824138E-22	2.939844E-18	2.236878E-16	0.000000E+00	0.000000E+00	
0.000000E+00	0.000000E+00	3.825783E-17	0.000000E+00	5.824058E-22	2.939844E-18	2.509736E-16	
0.000000E+00	0.000000E+00	0.000000E+00	0.000000E+00	3.825783E-17	0.000000E+00	5.823968E-22	
2.939844E-18	2.815867E-16	0.000000E+00	0.000000E+00	0.000000E+00	0.000000E+00	3.825783E-17	
0.000000E+00	5.823868E-22	2.939844E-18	3.159316E-16	0.000000E+00	0.000000E+00	0.000000E+00	
0.000000E+00	3.825783E-17	0.000000E+00	5.823755E-22	2.939844E-18	3.544628E-16	0.000000E+00	
0.000000E+00	0.000000E+00	0.000000E+00	3.825783E-17	0.000000E+00	5.823628E-22	2.939844E-18	
3.976895E-16	0.000000E+00	0.000000E+00	0.000000E+00	0.000000E+00	3.825783E-17	0.000000E+00	
5.823486E-22	2.939844E-18	4.461817E-16	0.000000E+00	0.000000E+00	0.000000E+00	0.000000E+00	
3.825783E-17	3.790772E-31	5.823326E-22	2.939844E-18	5.005786E-16	0.000000E+00	0.000000E+00	
0.000000E+00	0.000000E+00	3.825783E-17	0.000000E+00	5.823148E-22	2.939844E-18	5.615949E-16	
