1	9	12	3	4	
12	10	13	4	9	0	3	5	2	
5	11	10	1	4	
1	4	12	0	7	6	
1	10	13	12	3	0	5	14	2	7	
10	14	13	4	11	2	1	7	8	
7	15	12	3	
12	16	13	4	15	6	3	14	17	8	5	
7	17	14	5	
21	12	10	18	1	0	
19	22	13	14	11	20	21	18	12	9	1	4	5	2	
19	10	14	20	5	2	
21	10	13	9	18	15	16	24	1	0	4	3	7	6	
23	16	22	14	19	10	21	12	1	4	5	7	
23	22	13	16	17	26	19	20	10	11	5	4	7	8	
21	12	16	24	7	6	
23	22	13	25	14	17	26	21	15	12	24	7	
23	14	16	26	7	8	
21	19	10	9	12	
14	22	13	10	23	20	11	21	18	
19	23	14	22	11	10	
10	22	13	19	18	12	9	16	15	25	24	
23	16	13	25	14	26	19	10	20	21	
16	22	13	25	14	17	26	19	20	
21	25	16	15	12	
23	16	22	26	21	24	
23	25	22	16	17	14	
