2.713720E-01	8.332763E-01	1.441541E+00	2.187227E+00	3.103360E+00	4.114447E+00	4.925569E+00	5.256126E+00	5.048295E+00	4.464099E+00	3.718725E+00	2.957412E+00	2.268325E+00	1.700835E+00	1.272455E+00	9.454126E-01	6.994016E-01	5.177713E-01	3.838131E-01	2.851759E-01	2.127893E-01	1.570984E-01	1.161987E-01	8.598574E-02	6.372611E-02	4.728097E-02	3.509955E-02	2.605485E-02	1.931198E-02	1.430377E-02	1.055727E-02	7.764093E-03	5.676176E-03	4.118306E-03	2.954867E-03	2.086044E-03	1.438705E-03	9.567178E-04	5.997280E-04	3.359804E-04	1.418500E-04	
4.011767E-02	1.099809E-01	1.525611E-01	1.611019E-01	1.406274E-01	1.041803E-01	6.604072E-02	3.589290E-02	1.671588E-02	6.674310E-03	2.286106E-03	6.722594E-04	1.725661E-04	3.908062E-05	7.709412E-06	1.318161E-06	2.029508E-07	2.759294E-08	3.349976E-09	3.707470E-10	3.660753E-11	3.235016E-12	2.672542E-13	2.715708E-14	9.118440E-15	7.294213E-15	6.617630E-15	6.082504E-15	5.609821E-15	5.172355E-15	4.783715E-15	4.432393E-15	4.114861E-15	3.848411E-15	3.636943E-15	3.418589E-15	3.244343E-15	3.120482E-15	2.989017E-15	2.821648E-15	2.767540E-15	
5.129880E-02	1.392495E-01	1.893003E-01	1.938779E-01	1.624064E-01	1.142247E-01	6.802446E-02	3.438947E-02	1.476214E-02	5.390215E-03	1.677321E-03	4.452419E-04	1.027299E-04	2.081936E-05	3.674852E-06	5.617906E-07	7.747547E-08	9.444648E-09	1.028980E-09	1.035896E-10	9.275312E-12	7.108256E-13	1.914089E-14	0.000000E+00	0.000000E+00	0.000000E+00	0.000000E+00	0.000000E+00	0.000000E+00	0.000000E+00	0.000000E+00	0.000000E+00	0.000000E+00	0.000000E+00	0.000000E+00	0.000000E+00	0.000000E+00	0.000000E+00	0.000000E+00	0.000000E+00	0.000000E+00	
5.865703E-02	1.593251E-01	2.168753E-01	2.225698E-01	1.869635E-01	1.319744E-01	7.894877E-02	4.012631E-02	1.733154E-02	6.372438E-03	1.998111E-03	5.348085E-04	1.244833E-04	2.546356E-05	4.537508E-06	7.004178E-07	9.754194E-08	1.200759E-08	1.321173E-09	1.343285E-10	1.228090E-11	1.086700E-12	1.622552E-13	8.576720E-14	7.394070E-14	6.732483E-14	6.165498E-14	5.665647E-14	5.222667E-14	4.823707E-14	4.464134E-14	4.144582E-14	3.859039E-14	3.603912E-14	3.375706E-14	3.174109E-14	2.981382E-14	2.822179E-14	2.688534E-14	2.551669E-14	2.436847E-14	
6.828961E-02	1.848632E-01	2.499259E-01	2.538274E-01	2.102133E-01	1.457221E-01	8.526827E-02	4.222579E-02	1.770213E-02	6.294532E-03	1.902228E-03	4.888826E-04	1.089157E-04	2.124690E-05	3.603543E-06	5.286215E-07	6.979445E-08	8.140901E-09	8.482245E-10	8.192943E-11	7.091872E-12	5.716014E-13	6.121312E-14	2.289640E-14	1.874030E-14	1.699689E-14	1.555418E-14	1.429441E-14	1.317865E-14	1.217370E-14	1.127226E-14	1.048213E-14	9.782100E-15	9.137540E-15	8.551164E-15	7.952871E-15	7.429073E-15	6.991407E-15	6.669824E-15	6.435244E-15	6.117394E-15	
7.811761E-02	2.108270E-01	2.832947E-01	2.850346E-01	2.330460E-01	1.589049E-01	9.111087E-02	4.404031E-02	1.795010E-02	6.181016E-03	1.801647E-03	4.445151E-04	9.463514E-05	1.754338E-05	2.814854E-06	3.893079E-07	4.810728E-08	5.234195E-09	5.069056E-10	4.524873E-11	3.500495E-12	1.460055E-13	0.000000E+00	0.000000E+00	0.000000E+00	0.000000E+00	0.000000E+00	0.000000E+00	0.000000E+00	0.000000E+00	0.000000E+00	0.000000E+00	0.000000E+00	0.000000E+00	0.000000E+00	0.000000E+00	0.000000E+00	0.000000E+00	0.000000E+00	0.000000E+00	0.000000E+00	
8.779806E-02	2.363761E-01	3.160817E-01	3.156404E-01	2.554079E-01	1.718316E-01	9.689410E-02	4.590598E-02	1.827308E-02	6.121952E-03	1.729016E-03	4.112428E-04	8.392814E-05	1.480509E-05	2.243404E-06	2.911394E-07	3.323408E-08	3.304580E-09	2.886721E-10	2.253263E-11	1.395051E-12	0.000000E+00	0.000000E+00	0.000000E+00	0.000000E+00	0.000000E+00	0.000000E+00	0.000000E+00	0.000000E+00	0.000000E+00	0.000000E+00	0.000000E+00	0.000000E+00	0.000000E+00	0.000000E+00	0.000000E+00	0.000000E+00	0.000000E+00	0.000000E+00	0.000000E+00	0.000000E+00	
9.739497E-02	2.616159E-01	3.481955E-01	3.452852E-01	2.768167E-01	1.841130E-01	1.024299E-01	4.779338E-02	1.870731E-02	6.155464E-03	1.705829E-03	3.977956E-04	7.955659E-05	1.374327E-05	2.039385E-06	2.591279E-07	2.894622E-08	2.814575E-09	2.403558E-10	1.854851E-11	1.342062E-12	1.691348E-13	9.127231E-14	7.968811E-14	7.242560E-14	6.621615E-14	6.064270E-14	5.570869E-14	5.134476E-14	4.742547E-14	4.388708E-14	4.076694E-14	3.796518E-14	3.549252E-14	3.326359E-14	3.124666E-14	2.947590E-14	2.785378E-14	2.638658E-14	2.525922E-14	2.413375E-14	
1.069466E-01	2.865905E-01	3.795764E-01	3.736675E-01	2.966848E-01	1.949800E-01	1.069600E-01	4.911873E-02	1.889295E-02	6.101631E-03	1.658288E-03	3.790341E-04	7.428975E-05	1.257520E-05	1.829960E-06	2.281302E-07	2.503511E-08	2.392985E-09	2.009371E-10	1.525575E-11	1.040648E-12	8.907116E-14	3.077230E-14	2.536591E-14	2.299165E-14	2.101288E-14	1.923702E-14	1.765875E-14	1.626230E-14	1.501958E-14	1.390901E-14	1.293170E-14	1.208128E-14	1.127449E-14	1.048157E-14	9.788066E-15	9.209309E-15	8.765048E-15	8.261224E-15	8.361091E-15	7.749423E-15	
1.154240E-01	3.087920E-01	4.075856E-01	3.991911E-01	3.147962E-01	2.051397E-01	1.114151E-01	5.058728E-02	1.921589E-02	6.123219E-03	1.640892E-03	3.696352E-04	7.138820E-05	1.190536E-05	1.707787E-06	2.099333E-07	2.273810E-08	2.146147E-09	1.779831E-10	1.335338E-11	8.710534E-13	4.653344E-14	0.000000E+00	0.000000E+00	0.000000E+00	0.000000E+00	0.000000E+00	0.000000E+00	0.000000E+00	0.000000E+00	0.000000E+00	0.000000E+00	0.000000E+00	0.000000E+00	0.000000E+00	0.000000E+00	0.000000E+00	0.000000E+00	0.000000E+00	0.000000E+00	0.000000E+00	
1.235059E-01	3.299559E-01	4.342889E-01	4.235391E-01	3.321055E-01	2.148955E-01	1.157409E-01	5.205232E-02	1.956470E-02	6.163896E-03	1.632126E-03	3.631114E-04	6.924718E-05	1.140104E-05	1.615281E-06	1.961658E-07	2.100685E-08	1.961376E-09	1.611361E-10	1.216650E-11	9.457568E-13	1.956891E-13	1.394005E-13	1.248082E-13	1.136135E-13	1.038799E-13	9.511953E-14	8.738317E-14	8.055003E-14	7.440437E-14	6.884774E-14	6.392604E-14	5.951249E-14	5.561864E-14	5.206600E-14	4.894037E-14	4.601824E-14	4.348399E-14	4.142709E-14	3.971176E-14	3.760402E-14	
1.313204E-01	3.503760E-01	4.599414E-01	4.467649E-01	3.484456E-01	2.239661E-01	1.196717E-01	5.333316E-02	1.984477E-02	6.184293E-03	1.618734E-03	3.558179E-04	6.702755E-05	1.089830E-05	1.525422E-06	1.830612E-07	1.938510E-08	1.790220E-09	1.452077E-10	1.056774E-11	5.366522E-13	0.000000E+00	0.000000E+00	0.000000E+00	0.000000E+00	0.000000E+00	0.000000E+00	0.000000E+00	0.000000E+00	0.000000E+00	0.000000E+00	0.000000E+00	0.000000E+00	0.000000E+00	0.000000E+00	0.000000E+00	0.000000E+00	0.000000E+00	0.000000E+00	0.000000E+00	0.000000E+00	
1.386466E-01	3.695459E-01	4.840998E-01	4.687611E-01	3.640692E-01	2.327822E-01	1.236066E-01	5.469276E-02	2.018855E-02	6.237100E-03	1.617590E-03	3.521492E-04	6.568395E-05	1.057243E-05	1.465331E-06	1.741609E-07	1.827578E-08	1.673329E-09	1.348182E-10	9.963655E-12	7.004815E-13	9.650827E-14	5.698240E-14	5.025777E-14	4.570955E-14	4.178316E-14	3.824656E-14	3.513691E-14	3.238725E-14	2.992450E-14	2.768904E-14	2.572638E-14	2.395306E-14	2.237023E-14	2.094098E-14	1.961714E-14	1.845611E-14	1.758917E-14	1.650597E-14	1.589049E-14	1.532371E-14	
1.455075E-01	3.875248E-01	5.068322E-01	4.895768E-01	3.789917E-01	2.413302E-01	1.275188E-01	5.610669E-02	2.058049E-02	6.314806E-03	1.625843E-03	3.512400E-04	6.500002E-05	1.037810E-05	1.427092E-06	1.683057E-07	1.753209E-08	1.593796E-09	1.273897E-10	9.233247E-12	5.252751E-13	0.000000E+00	0.000000E+00	0.000000E+00	0.000000E+00	0.000000E+00	0.000000E+00	0.000000E+00	0.000000E+00	0.000000E+00	0.000000E+00	0.000000E+00	0.000000E+00	0.000000E+00	0.000000E+00	0.000000E+00	0.000000E+00	0.000000E+00	0.000000E+00	0.000000E+00	0.000000E+00	
1.524039E-01	4.054645E-01	5.291615E-01	5.094933E-01	3.926938E-01	2.486893E-01	1.305484E-01	5.700689E-02	2.073421E-02	6.303407E-03	1.606941E-03	3.435495E-04	6.289604E-05	9.931512E-06	1.350947E-06	1.576333E-07	1.625442E-08	1.462985E-09	1.155276E-10	8.032426E-12	1.939891E-13	0.000000E+00	0.000000E+00	0.000000E+00	0.000000E+00	0.000000E+00	0.000000E+00	0.000000E+00	0.000000E+00	0.000000E+00	0.000000E+00	0.000000E+00	0.000000E+00	0.000000E+00	0.000000E+00	0.000000E+00	0.000000E+00	0.000000E+00	0.000000E+00	0.000000E+00	0.000000E+00	
1.583182E-01	4.210482E-01	5.491000E-01	5.281094E-01	4.064405E-01	2.569171E-01	1.345681E-01	5.861166E-02	2.125666E-02	6.441954E-03	1.636739E-03	3.486733E-04	6.359882E-05	1.000425E-05	1.355754E-06	1.576122E-07	1.619606E-08	1.453647E-09	1.151787E-10	8.682945E-12	8.694372E-13	3.421184E-13	2.853586E-13	2.582761E-13	2.352642E-13	2.151515E-13	1.969955E-13	1.809770E-13	1.668360E-13	1.541065E-13	1.425998E-13	1.323670E-13	1.232066E-13	1.151131E-13	1.078065E-13	1.013077E-13	9.539850E-14	8.997342E-14	8.505161E-14	8.167363E-14	7.765922E-14	
1.645916E-01	4.373482E-01	5.693427E-01	5.461014E-01	4.187583E-01	2.634902E-01	1.372514E-01	5.939969E-02	2.138811E-02	6.430893E-03	1.620143E-03	3.420441E-04	6.180990E-05	9.629350E-06	1.292592E-06	1.488657E-07	1.516057E-08	1.348881E-09	1.058533E-10	7.807407E-12	6.712577E-13	2.032414E-13	1.618217E-13	1.460386E-13	1.329963E-13	1.216290E-13	1.113615E-13	1.023131E-13	9.432533E-14	8.711772E-14	8.059710E-14	7.483591E-14	6.967251E-14	6.508468E-14	6.101692E-14	5.725997E-14	5.392580E-14	5.096220E-14	4.828433E-14	4.597130E-14	4.395845E-14	
1.704596E-01	4.526299E-01	5.884181E-01	5.632076E-01	4.306452E-01	2.699955E-01	1.400317E-01	6.029893E-02	2.158904E-02	6.450933E-03	1.614294E-03	3.383718E-04	6.069116E-05	9.381954E-06	1.249757E-06	1.428449E-07	1.444130E-08	1.275325E-09	9.885300E-11	6.753382E-12	1.331634E-13	0.000000E+00	0.000000E+00	0.000000E+00	0.000000E+00	0.000000E+00	0.000000E+00	0.000000E+00	0.000000E+00	0.000000E+00	0.000000E+00	0.000000E+00	0.000000E+00	0.000000E+00	0.000000E+00	0.000000E+00	0.000000E+00	0.000000E+00	0.000000E+00	0.000000E+00	0.000000E+00	
1.759178E-01	4.668964E-01	6.063681E-01	5.795221E-01	4.422255E-01	2.765489E-01	1.429901E-01	6.135318E-02	2.187793E-02	6.508219E-03	1.620811E-03	3.379925E-04	6.029801E-05	9.269079E-06	1.227878E-06	1.395752E-07	1.403669E-08	1.233752E-09	9.557546E-11	6.881277E-12	4.933937E-13	8.732329E-14	5.936477E-14	5.301482E-14	4.825867E-14	4.414147E-14	4.041866E-14	3.713949E-14	3.424596E-14	3.162028E-14	2.924997E-14	2.717455E-14	2.534543E-14	2.365505E-14	2.212046E-14	2.075666E-14	1.977630E-14	1.848248E-14	1.698060E-14	1.673024E-14	1.588583E-14	
1.812292E-01	4.807585E-01	6.237555E-01	5.952457E-01	4.533021E-01	2.827481E-01	1.457426E-01	6.230891E-02	2.212809E-02	6.552991E-03	1.623998E-03	3.368846E-04	5.977109E-05	9.135477E-06	1.203290E-06	1.360090E-07	1.360347E-08	1.189397E-09	9.166470E-11	6.567373E-12	4.630360E-13	7.711219E-14	5.113211E-14	4.558257E-14	4.149855E-14	3.796029E-14	3.476043E-14	3.191226E-14	2.940613E-14	2.714959E-14	2.509810E-14	2.334107E-14	2.177196E-14	2.029237E-14	1.904753E-14	1.783029E-14	1.668505E-14	1.572552E-14	1.453334E-14	1.476543E-14	1.336516E-14	
1.860828E-01	4.935223E-01	6.400230E-01	6.103450E-01	4.643639E-01	2.893038E-01	1.489081E-01	6.355613E-02	2.252841E-02	6.657619E-03	1.646192E-03	3.406573E-04	6.028600E-05	9.189507E-06	1.207176E-06	1.360874E-07	1.357665E-08	1.184389E-09	9.130737E-11	6.753340E-12	6.774026E-13	2.746207E-13	2.304815E-13	2.087117E-13	1.901281E-13	1.738978E-13	1.592265E-13	1.462418E-13	1.347899E-13	1.245091E-13	1.152141E-13	1.069214E-13	9.949211E-14	9.294852E-14	8.703930E-14	8.191913E-14	7.713546E-14	7.290865E-14	6.858742E-14	6.612294E-14	6.285578E-14	
1.912073E-01	5.068542E-01	6.566339E-01	6.252011E-01	4.746531E-01	2.949154E-01	1.513007E-01	6.433128E-02	2.270453E-02	6.677523E-03	1.642514E-03	3.379894E-04	5.946116E-05	9.007695E-06	1.175978E-06	1.317563E-07	1.306529E-08	1.132429E-09	8.607669E-11	5.670683E-12	0.000000E+00	0.000000E+00	0.000000E+00	0.000000E+00	0.000000E+00	0.000000E+00	0.000000E+00	0.000000E+00	0.000000E+00	0.000000E+00	0.000000E+00	0.000000E+00	0.000000E+00	0.000000E+00	0.000000E+00	0.000000E+00	0.000000E+00	0.000000E+00	0.000000E+00	0.000000E+00	0.000000E+00	
1.959113E-01	5.191962E-01	6.722899E-01	6.396247E-01	4.851071E-01	3.010203E-01	1.541909E-01	6.544034E-02	2.304799E-02	6.762923E-03	1.659347E-03	3.405284E-04	5.973677E-05	9.022252E-06	1.174333E-06	1.311791E-07	1.297075E-08	1.121677E-09	8.557526E-11	6.124022E-12	4.672047E-13	1.088225E-13	8.155984E-14	7.333554E-14	6.677691E-14	6.106671E-14	5.589845E-14	5.136701E-14	4.736713E-14	4.374850E-14	4.046939E-14	3.758138E-14	3.500549E-14	3.278585E-14	3.074138E-14	2.877804E-14	2.700324E-14	2.568595E-14	2.425219E-14	2.299366E-14	2.188406E-14	
2.009357E-01	5.322393E-01	6.884680E-01	6.539858E-01	4.949392E-01	3.062880E-01	1.563732E-01	6.611130E-02	2.318232E-02	6.769233E-03	1.652073E-03	3.370871E-04	5.877420E-05	8.820070E-06	1.140639E-06	1.266003E-07	1.243907E-08	1.068618E-09	8.050221E-11	5.236602E-12	0.000000E+00	0.000000E+00	0.000000E+00	0.000000E+00	0.000000E+00	0.000000E+00	0.000000E+00	0.000000E+00	0.000000E+00	0.000000E+00	0.000000E+00	0.000000E+00	0.000000E+00	0.000000E+00	0.000000E+00	0.000000E+00	0.000000E+00	0.000000E+00	0.000000E+00	0.000000E+00	0.000000E+00	
2.055486E-01	5.443344E-01	7.037913E-01	6.680752E-01	5.051234E-01	3.122148E-01	1.591669E-01	6.717778E-02	2.351054E-02	6.850236E-03	1.667891E-03	3.394422E-04	5.902409E-05	8.832128E-06	1.138894E-06	1.260432E-07	1.235007E-08	1.058819E-09	8.022944E-11	5.823377E-12	5.488938E-13	2.065870E-13	1.716356E-13	1.553456E-13	1.415170E-13	1.294264E-13	1.184898E-13	1.088562E-13	1.003521E-13	9.268385E-14	8.575344E-14	7.966701E-14	7.417913E-14	6.931881E-14	6.480677E-14	6.095310E-14	5.735124E-14	5.440202E-14	5.136946E-14	4.899394E-14	4.688322E-14	
2.102538E-01	5.566353E-01	7.192801E-01	6.821762E-01	5.151676E-01	3.179386E-01	1.617856E-01	6.813537E-02	2.378681E-02	6.911670E-03	1.677780E-03	3.403373E-04	5.897427E-05	8.792217E-06	1.129539E-06	1.245452E-07	1.215879E-08	1.038725E-09	7.840868E-11	5.648673E-12	5.072143E-13	1.767930E-13	1.451006E-13	1.312494E-13	1.195759E-13	1.093392E-13	1.000808E-13	9.194003E-14	8.475670E-14	7.826438E-14	7.241714E-14	6.719132E-14	6.252335E-14	5.839858E-14	5.469048E-14	5.155432E-14	4.852554E-14	4.606991E-14	4.344319E-14	4.138996E-14	3.991224E-14	
2.151308E-01	5.693365E-01	7.351447E-01	6.964290E-01	5.251174E-01	3.234410E-01	1.641918E-01	6.895463E-02	2.399558E-02	6.947362E-03	1.679817E-03	3.392932E-04	5.852598E-05	8.683260E-06	1.110091E-06	1.218033E-07	1.183316E-08	1.005597E-09	7.500761E-11	4.879037E-12	0.000000E+00	0.000000E+00	0.000000E+00	0.000000E+00	0.000000E+00	0.000000E+00	0.000000E+00	0.000000E+00	0.000000E+00	0.000000E+00	0.000000E+00	0.000000E+00	0.000000E+00	0.000000E+00	0.000000E+00	0.000000E+00	0.000000E+00	0.000000E+00	0.000000E+00	0.000000E+00	0.000000E+00	
2.199341E-01	5.818813E-01	7.509088E-01	7.107349E-01	5.352607E-01	3.291846E-01	1.667968E-01	6.989569E-02	2.426229E-02	7.004959E-03	1.688544E-03	3.399132E-04	5.842357E-05	8.635118E-06	1.099678E-06	1.201960E-07	1.163276E-08	9.852798E-10	7.355741E-11	5.068508E-12	2.786241E-13	0.000000E+00	0.000000E+00	0.000000E+00	0.000000E+00	0.000000E+00	0.000000E+00	0.000000E+00	0.000000E+00	0.000000E+00	0.000000E+00	0.000000E+00	0.000000E+00	0.000000E+00	0.000000E+00	0.000000E+00	0.000000E+00	0.000000E+00	0.000000E+00	0.000000E+00	0.000000E+00	
2.249315E-01	5.948827E-01	7.671150E-01	7.252465E-01	5.453419E-01	3.347210E-01	1.691935E-01	7.069923E-02	2.446153E-02	7.036807E-03	1.689430E-03	3.386025E-04	5.792607E-05	8.518859E-06	1.079362E-06	1.173761E-07	1.130273E-08	9.529802E-10	7.111064E-11	5.154131E-12	5.321650E-13	2.308767E-13	1.959832E-13	1.776258E-13	1.618429E-13	1.480257E-13	1.355229E-13	1.244867E-13	1.147532E-13	1.059974E-13	9.808049E-14	9.104989E-14	8.477511E-14	7.921386E-14	7.411846E-14	6.975263E-14	6.586971E-14	6.173187E-14	5.895687E-14	5.634001E-14	5.343154E-14	
2.296592E-01	6.072981E-01	7.828965E-01	7.398366E-01	5.559757E-01	3.409846E-01	1.721978E-01	7.187523E-02	2.483697E-02	7.134677E-03	1.710248E-03	3.421876E-04	5.843187E-05	8.576350E-06	1.084465E-06	1.176936E-07	1.131033E-08	9.516132E-10	7.073476E-11	4.992824E-12	4.051047E-13	1.173773E-13	9.311893E-14	8.408617E-14	7.661843E-14	7.006808E-14	6.413949E-14	5.888018E-14	5.424439E-14	5.011756E-14	4.639201E-14	4.312010E-14	4.019100E-14	3.749476E-14	3.508137E-14	3.302949E-14	3.097010E-14	2.947251E-14	2.759022E-14	2.715075E-14	2.537113E-14	
2.348377E-01	6.207617E-01	7.996563E-01	7.548117E-01	5.663464E-01	3.466550E-01	1.746372E-01	7.268535E-02	2.503454E-02	7.164953E-03	1.710520E-03	3.407142E-04	5.790170E-05	8.454928E-06	1.063500E-06	1.148106E-07	1.097512E-08	9.187359E-10	6.798640E-11	4.809506E-12	4.152570E-13	1.381513E-13	1.126146E-13	1.018346E-13	9.277142E-14	8.484811E-14	7.767333E-14	7.136155E-14	6.579636E-14	6.080248E-14	5.628461E-14	5.224206E-14	4.863603E-14	4.545840E-14	4.257272E-14	3.999218E-14	3.749060E-14	3.544248E-14	3.324247E-14	3.289806E-14	3.109366E-14	
2.399931E-01	6.342066E-01	8.165028E-01	7.700297E-01	5.770659E-01	3.526706E-01	1.773328E-01	7.364315E-02	2.529954E-02	7.219968E-03	1.718165E-03	3.410380E-04	5.773825E-05	8.396901E-06	1.051808E-06	1.130738E-07	1.076365E-08	8.973833E-10	6.616244E-11	4.682121E-12	4.178218E-13	1.482946E-13	1.222595E-13	1.106250E-13	1.007833E-13	9.214481E-14	8.433186E-14	7.747119E-14	7.141362E-14	6.596283E-14	6.103089E-14	5.668794E-14	5.278710E-14	4.935064E-14	4.618515E-14	4.335312E-14	4.082858E-14	3.849461E-14	3.680032E-14	3.514902E-14	3.354947E-14	
2.454071E-01	6.482729E-01	8.339893E-01	7.856206E-01	5.878302E-01	3.585316E-01	1.798398E-01	7.446897E-02	2.549826E-02	7.249445E-03	1.718019E-03	3.394476E-04	5.718520E-05	8.272201E-06	1.030506E-06	1.101716E-07	1.042829E-08	8.642046E-10	6.291164E-11	4.008016E-12	0.000000E+00	0.000000E+00	0.000000E+00	0.000000E+00	0.000000E+00	0.000000E+00	0.000000E+00	0.000000E+00	0.000000E+00	0.000000E+00	0.000000E+00	0.000000E+00	0.000000E+00	0.000000E+00	0.000000E+00	0.000000E+00	0.000000E+00	0.000000E+00	0.000000E+00	0.000000E+00	0.000000E+00	
2.505667E-01	6.618056E-01	8.511484E-01	8.014232E-01	5.992860E-01	3.652320E-01	1.830252E-01	7.570225E-02	2.588673E-02	7.349062E-03	1.738779E-03	3.429284E-04	5.765858E-05	8.323028E-06	1.034570E-06	1.103625E-07	1.042335E-08	8.622955E-10	6.298518E-11	4.319360E-12	2.852319E-13	4.136463E-14	2.605255E-14	2.316145E-14	2.109582E-14	1.929797E-14	1.767109E-14	1.621849E-14	1.493586E-14	1.381029E-14	1.278573E-14	1.187615E-14	1.105731E-14	1.037668E-14	9.783579E-15	9.129556E-15	8.778029E-15	8.446983E-15	8.099054E-15	7.290955E-15	6.903696E-15	
2.562469E-01	6.765564E-01	8.694686E-01	8.177335E-01	6.105237E-01	3.713338E-01	1.856256E-01	7.655449E-02	2.609022E-02	7.378719E-03	1.738422E-03	3.412541E-04	5.708625E-05	8.195162E-06	1.012880E-06	1.074277E-07	1.008665E-08	8.295942E-10	6.017052E-11	4.024427E-12	1.890247E-13	0.000000E+00	0.000000E+00	0.000000E+00	0.000000E+00	0.000000E+00	0.000000E+00	0.000000E+00	0.000000E+00	0.000000E+00	0.000000E+00	0.000000E+00	0.000000E+00	0.000000E+00	0.000000E+00	0.000000E+00	0.000000E+00	0.000000E+00	0.000000E+00	0.000000E+00	0.000000E+00	
2.619241E-01	6.913453E-01	8.879574E-01	8.343759E-01	6.221885E-01	3.778366E-01	1.885142E-01	7.756929E-02	2.636663E-02	7.434724E-03	1.745808E-03	3.414419E-04	5.688898E-05	8.131292E-06	1.000433E-06	1.056207E-07	9.870001E-09	8.077120E-10	5.800189E-11	3.573203E-12	0.000000E+00	0.000000E+00	0.000000E+00	0.000000E+00	0.000000E+00	0.000000E+00	0.000000E+00	0.000000E+00	0.000000E+00	0.000000E+00	0.000000E+00	0.000000E+00	0.000000E+00	0.000000E+00	0.000000E+00	0.000000E+00	0.000000E+00	0.000000E+00	0.000000E+00	0.000000E+00	0.000000E+00	
2.676382E-01	7.062642E-01	9.066984E-01	8.513792E-01	6.342497E-01	3.846804E-01	1.916352E-01	7.871050E-02	2.669835E-02	7.510335E-03	1.758870E-03	3.429778E-04	5.696039E-05	8.112836E-06	9.944950E-07	1.046037E-07	9.738729E-09	7.951564E-10	5.795730E-11	4.529249E-12	8.380637E-13	5.655792E-13	5.029446E-13	4.570490E-13	4.165013E-13	3.809722E-13	3.487747E-13	3.203819E-13	2.953427E-13	2.727894E-13	2.523781E-13	2.342666E-13	2.180631E-13	2.038156E-13	1.907432E-13	1.791541E-13	1.687362E-13	1.600304E-13	1.514305E-13	1.442809E-13	1.378309E-13	
2.736085E-01	7.218090E-01	9.261134E-01	8.688290E-01	6.464543E-01	3.914649E-01	1.946379E-01	7.976025E-02	2.698239E-02	7.567293E-03	1.766213E-03	3.431095E-04	5.674724E-05	8.046030E-06	9.816450E-07	1.027553E-07	9.518169E-09	7.725014E-10	5.524256E-11	3.587843E-12	1.030506E-13	0.000000E+00	0.000000E+00	0.000000E+00	0.000000E+00	0.000000E+00	0.000000E+00	0.000000E+00	0.000000E+00	0.000000E+00	0.000000E+00	0.000000E+00	0.000000E+00	0.000000E+00	0.000000E+00	0.000000E+00	0.000000E+00	0.000000E+00	0.000000E+00	0.000000E+00	0.000000E+00	
2.796191E-01	7.374941E-01	9.457968E-01	8.866587E-01	6.590734E-01	3.986040E-01	1.978810E-01	8.094023E-02	2.732315E-02	7.644270E-03	1.779324E-03	3.446049E-04	5.680455E-05	8.024702E-06	9.752781E-07	1.016892E-07	9.381195E-09	7.584756E-10	5.414091E-11	3.605597E-12	1.976859E-13	0.000000E+00	0.000000E+00	0.000000E+00	0.000000E+00	0.000000E+00	0.000000E+00	0.000000E+00	0.000000E+00	0.000000E+00	0.000000E+00	0.000000E+00	0.000000E+00	0.000000E+00	0.000000E+00	0.000000E+00	0.000000E+00	0.000000E+00	0.000000E+00	0.000000E+00	0.000000E+00	
2.856197E-01	7.532073E-01	9.656568E-01	9.048575E-01	6.721749E-01	4.061973E-01	2.014494E-01	8.230202E-02	2.774454E-02	7.749981E-03	1.800750E-03	3.480654E-04	5.725047E-05	8.068393E-06	9.781201E-07	1.017245E-07	9.360100E-09	7.555317E-10	5.447640E-11	4.239352E-12	7.988759E-13	5.449657E-13	4.851375E-13	4.408870E-13	4.017722E-13	3.674821E-13	3.364071E-13	3.090075E-13	2.848524E-13	2.630841E-13	2.433869E-13	2.259363E-13	2.103520E-13	1.965016E-13	1.840750E-13	1.726709E-13	1.625595E-13	1.537190E-13	1.466638E-13	1.394219E-13	1.333298E-13	
2.917699E-01	7.693094E-01	9.860015E-01	9.234903E-01	6.855788E-01	4.139582E-01	2.050917E-01	8.368980E-02	2.817311E-02	7.857211E-03	1.822409E-03	3.515470E-04	5.769583E-05	8.111432E-06	9.808147E-07	1.017364E-07	9.334562E-09	7.505880E-10	5.320173E-11	3.437719E-12	1.052491E-13	0.000000E+00	0.000000E+00	0.000000E+00	0.000000E+00	0.000000E+00	0.000000E+00	0.000000E+00	0.000000E+00	0.000000E+00	0.000000E+00	0.000000E+00	0.000000E+00	0.000000E+00	0.000000E+00	0.000000E+00	0.000000E+00	0.000000E+00	0.000000E+00	0.000000E+00	0.000000E+00	
2.985360E-01	7.868522E-01	1.007722E+00	9.427333E-01	6.987460E-01	4.210413E-01	2.080729E-01	8.465020E-02	2.839629E-02	7.887699E-03	1.821217E-03	3.495333E-04	5.704424E-05	7.970252E-06	9.574248E-07	9.864380E-08	8.987010E-09	7.177545E-10	5.064757E-11	3.359785E-12	2.012344E-13	1.681705E-14	6.689759E-15	5.689966E-15	5.174068E-15	4.730017E-15	4.324662E-15	3.955887E-15	3.635980E-15	3.352317E-15	3.100297E-15	2.830349E-15	2.568128E-15	2.482864E-15	2.378174E-15	2.243276E-15	2.226539E-15	1.788239E-15	1.567901E-15	1.387337E-15	8.149474E-16	
3.050106E-01	8.037937E-01	1.029102E+00	9.622787E-01	7.127705E-01	4.291340E-01	2.118545E-01	8.608316E-02	2.883576E-02	7.996698E-03	1.842981E-03	3.529756E-04	5.747359E-05	8.009763E-06	9.595550E-07	9.858655E-08	8.954491E-09	7.124028E-10	4.951581E-11	2.723380E-12	0.000000E+00	0.000000E+00	0.000000E+00	0.000000E+00	0.000000E+00	0.000000E+00	0.000000E+00	0.000000E+00	0.000000E+00	0.000000E+00	0.000000E+00	0.000000E+00	0.000000E+00	0.000000E+00	0.000000E+00	0.000000E+00	0.000000E+00	0.000000E+00	0.000000E+00	0.000000E+00	0.000000E+00	
3.116521E-01	8.211686E-01	1.051021E+00	9.823046E-01	7.271277E-01	4.374095E-01	2.157160E-01	8.754370E-02	2.928263E-02	8.107197E-03	1.864956E-03	3.564304E-04	5.790035E-05	8.048261E-06	9.614903E-07	9.850489E-08	8.921464E-09	7.090708E-10	5.043685E-11	3.954564E-12	8.047902E-13	5.677569E-13	5.067899E-13	4.606271E-13	4.197543E-13	3.839040E-13	3.514051E-13	3.227734E-13	2.975521E-13	2.748646E-13	2.542920E-13	2.361001E-13	2.198332E-13	2.054242E-13	1.923557E-13	1.807758E-13	1.703177E-13	1.606879E-13	1.519828E-13	1.457305E-13	1.391269E-13	
3.223842E-01	8.492432E-01	1.086432E+00	1.014650E+00	7.503095E-01	4.507654E-01	2.219446E-01	8.989810E-02	3.000253E-02	8.285104E-03	1.900321E-03	3.619913E-04	5.858824E-05	8.110648E-06	9.647048E-07	9.838759E-08	8.866810E-09	7.003368E-10	4.864362E-11	2.961704E-12	0.000000E+00	0.000000E+00	0.000000E+00	0.000000E+00	0.000000E+00	0.000000E+00	0.000000E+00	0.000000E+00	0.000000E+00	0.000000E+00	0.000000E+00	0.000000E+00	0.000000E+00	0.000000E+00	0.000000E+00	0.000000E+00	0.000000E+00	0.000000E+00	0.000000E+00	0.000000E+00	0.000000E+00	
3.339110E-01	8.793433E-01	1.124262E+00	1.049006E+00	7.747270E-01	4.646705E-01	2.283271E-01	9.225890E-02	3.070300E-02	8.450903E-03	1.931184E-03	3.663283E-04	5.901333E-05	8.126860E-06	9.612015E-07	9.746047E-08	8.727912E-09	6.846315E-10	4.683898E-11	2.448943E-12	0.000000E+00	0.000000E+00	0.000000E+00	0.000000E+00	0.000000E+00	0.000000E+00	0.000000E+00	0.000000E+00	0.000000E+00	0.000000E+00	0.000000E+00	0.000000E+00	0.000000E+00	0.000000E+00	0.000000E+00	0.000000E+00	0.000000E+00	0.000000E+00	0.000000E+00	0.000000E+00	0.000000E+00	
3.457866E-01	9.103957E-01	1.163397E+00	1.084707E+00	8.002676E-01	4.793515E-01	2.351539E-01	9.483038E-02	3.148597E-02	8.643424E-03	1.969222E-03	3.722628E-04	5.973946E-05	8.191465E-06	9.643339E-07	9.730735E-08	8.669834E-09	6.776169E-10	4.710528E-11	3.352183E-12	4.572865E-13	2.666458E-13	2.344435E-13	2.129609E-13	1.940900E-13	1.775238E-13	1.624946E-13	1.492507E-13	1.375734E-13	1.270613E-13	1.175547E-13	1.092135E-13	1.017535E-13	9.495021E-14	8.899727E-14	8.345327E-14	7.857938E-14	7.467950E-14	7.044260E-14	6.772875E-14	6.414422E-14	
3.579737E-01	9.423291E-01	1.203814E+00	1.121828E+00	8.270860E-01	4.949767E-01	2.425531E-01	9.768571E-02	3.238400E-02	8.874163E-03	2.017702E-03	3.805483E-04	6.091125E-05	8.327836E-06	9.772881E-07	9.829047E-08	8.726281E-09	6.798009E-10	4.728584E-11	3.531161E-12	6.281908E-13	4.222676E-13	3.756703E-13	3.414220E-13	3.111529E-13	2.845967E-13	2.605128E-13	2.392745E-13	2.205555E-13	2.036902E-13	1.883925E-13	1.749608E-13	1.629270E-13	1.522283E-13	1.424975E-13	1.338861E-13	1.259555E-13	1.194468E-13	1.127856E-13	1.083061E-13	1.028737E-13	
3.707028E-01	9.756764E-01	1.246004E+00	1.160554E+00	8.550413E-01	5.112464E-01	2.502467E-01	1.006495E-01	3.331414E-02	9.112522E-03	2.067620E-03	3.890436E-04	6.210610E-05	8.465810E-06	9.902417E-07	9.925481E-08	8.778965E-09	6.812122E-10	4.707865E-11	3.388205E-12	5.105514E-13	3.169099E-13	2.801718E-13	2.545450E-13	2.319734E-13	2.122041E-13	1.942717E-13	1.784123E-13	1.644259E-13	1.518615E-13	1.405391E-13	1.304535E-13	1.214918E-13	1.134976E-13	1.061289E-13	9.993254E-14	9.431469E-14	8.890082E-14	8.497035E-14	8.127760E-14	7.755853E-14	
3.840204E-01	1.010558E+00	1.290118E+00	1.201022E+00	8.842290E-01	5.282146E-01	2.582592E-01	1.037307E-01	3.427899E-02	9.359104E-03	2.119085E-03	3.977643E-04	6.332558E-05	8.605475E-06	1.003190E-06	1.001986E-07	8.827682E-09	6.818992E-10	4.655260E-11	2.987549E-12	1.625980E-13	3.198480E-15	0.000000E+00	0.000000E+00	0.000000E+00	0.000000E+00	0.000000E+00	0.000000E+00	0.000000E+00	0.000000E+00	0.000000E+00	0.000000E+00	0.000000E+00	0.000000E+00	0.000000E+00	0.000000E+00	0.000000E+00	0.000000E+00	0.000000E+00	0.000000E+00	0.000000E+00	
3.982063E-01	1.047623E+00	1.336758E+00	1.243467E+00	9.144939E-01	5.455347E-01	2.662677E-01	1.067256E-01	3.518262E-02	9.578727E-03	2.161814E-03	4.042840E-04	6.409487E-05	8.668748E-06	1.005309E-06	9.986290E-08	8.745100E-09	6.714850E-10	4.563135E-11	2.972371E-12	2.158128E-13	5.590990E-14	4.372916E-14	3.945488E-14	3.593741E-14	3.285023E-14	3.005109E-14	2.760776E-14	2.545133E-14	2.352240E-14	2.176229E-14	2.026034E-14	1.892576E-14	1.765457E-14	1.647885E-14	1.577214E-14	1.464831E-14	1.338695E-14	1.262304E-14	1.327135E-14	1.252154E-14	
4.128738E-01	1.086022E+00	1.385273E+00	1.287905E+00	9.464773E-01	5.640767E-01	2.749924E-01	1.100658E-01	3.622284E-02	9.842772E-03	2.216458E-03	4.134424E-04	6.535689E-05	8.810245E-06	1.017995E-06	1.007351E-07	8.783294E-09	6.710415E-10	4.498550E-11	2.539697E-12	0.000000E+00	0.000000E+00	0.000000E+00	0.000000E+00	0.000000E+00	0.000000E+00	0.000000E+00	0.000000E+00	0.000000E+00	0.000000E+00	0.000000E+00	0.000000E+00	0.000000E+00	0.000000E+00	0.000000E+00	0.000000E+00	0.000000E+00	0.000000E+00	0.000000E+00	0.000000E+00	0.000000E+00	
4.283103E-01	1.126426E+00	1.436299E+00	1.334612E+00	9.800640E-01	5.835251E-01	2.841296E-01	1.135571E-01	3.730750E-02	1.011727E-02	2.273052E-03	4.228805E-04	6.664870E-05	8.953640E-06	1.030643E-06	1.015802E-07	8.818283E-09	6.715545E-10	4.564049E-11	3.317366E-12	5.695289E-13	3.795235E-13	3.375486E-13	3.067889E-13	2.796087E-13	2.557115E-13	2.340275E-13	2.149763E-13	1.981839E-13	1.830689E-13	1.693678E-13	1.572705E-13	1.464096E-13	1.366578E-13	1.280831E-13	1.201931E-13	1.135112E-13	1.068300E-13	1.011161E-13	9.671439E-14	9.190467E-14	
4.444115E-01	1.168627E+00	1.489744E+00	1.383749E+00	1.015622E+00	6.042914E-01	2.939962E-01	1.173823E-01	3.851835E-02	1.043122E-02	2.339867E-03	4.345137E-04	6.833947E-05	9.158855E-06	1.051465E-06	1.033410E-07	8.942215E-09	6.783295E-10	4.553008E-11	2.922616E-12	2.017781E-13	4.637090E-14	3.527363E-14	3.180085E-14	2.899190E-14	2.649034E-14	2.423247E-14	2.229025E-14	2.058196E-14	1.898309E-14	1.753854E-14	1.622905E-14	1.504422E-14	1.415751E-14	1.336375E-14	1.233355E-14	1.135096E-14	1.152275E-14	1.150753E-14	1.105074E-14	9.525896E-15	
4.616229E-01	1.213659E+00	1.546572E+00	1.435706E+00	1.052922E+00	6.258435E-01	3.040936E-01	1.212269E-01	3.970745E-02	1.073048E-02	2.401130E-03	4.446349E-04	6.970687E-05	9.307665E-06	1.064154E-06	1.041317E-07	8.965807E-09	6.764142E-10	4.492813E-11	2.650687E-12	0.000000E+00	0.000000E+00	0.000000E+00	0.000000E+00	0.000000E+00	0.000000E+00	0.000000E+00	0.000000E+00	0.000000E+00	0.000000E+00	0.000000E+00	0.000000E+00	0.000000E+00	0.000000E+00	0.000000E+00	0.000000E+00	0.000000E+00	0.000000E+00	0.000000E+00	0.000000E+00	0.000000E+00	
4.798687E-01	1.261387E+00	1.606773E+00	1.490707E+00	1.092369E+00	6.486060E-01	3.147400E-01	1.252717E-01	4.095511E-02	1.104341E-02	2.464913E-03	4.551114E-04	7.111079E-05	9.458534E-06	1.076734E-06	1.048795E-07	8.983480E-09	6.746778E-10	4.509873E-11	3.127343E-12	4.490314E-13	2.749791E-13	2.430392E-13	2.208221E-13	2.012504E-13	1.840718E-13	1.684922E-13	1.547631E-13	1.426760E-13	1.317317E-13	1.218751E-13	1.130591E-13	1.051137E-13	9.821355E-14	9.193184E-14	8.660219E-14	8.170674E-14	7.670248E-14	7.211569E-14	6.941846E-14	6.580869E-14	
4.992638E-01	1.312108E+00	1.670720E+00	1.549086E+00	1.134195E+00	6.727086E-01	3.259932E-01	1.295375E-01	4.226716E-02	1.137131E-02	2.531440E-03	4.659713E-04	7.255336E-05	9.611418E-06	1.089161E-06	1.055747E-07	8.992621E-09	6.715859E-10	4.474062E-11	3.186227E-12	5.399439E-13	3.600090E-13	3.202988E-13	2.911105E-13	2.652975E-13	2.427021E-13	2.221867E-13	2.040861E-13	1.881363E-13	1.737675E-13	1.607585E-13	1.492812E-13	1.389592E-13	1.298268E-13	1.215181E-13	1.140552E-13	1.078104E-13	1.021151E-13	9.649344E-14	9.128346E-14	8.808194E-14	
5.197244E-01	1.365681E+00	1.738427E+00	1.611139E+00	1.178904E+00	6.986704E-01	3.382377E-01	1.342407E-01	4.373888E-02	1.174752E-02	2.610119E-03	4.793697E-04	7.444586E-05	9.832411E-06	1.110406E-06	1.072411E-07	9.096034E-09	6.764444E-10	4.497374E-11	3.289926E-12	6.374652E-13	4.489887E-13	4.010737E-13	3.645757E-13	3.322461E-13	3.039464E-13	2.782694E-13	2.555669E-13	2.355458E-13	2.175088E-13	2.012061E-13	1.868403E-13	1.738944E-13	1.625264E-13	1.523870E-13	1.433031E-13	1.349846E-13	1.275436E-13	1.222964E-13	1.154796E-13	1.102437E-13	
5.418185E-01	1.423434E+00	1.811173E+00	1.677456E+00	1.226325E+00	7.259267E-01	3.509207E-01	1.390277E-01	4.520315E-02	1.211091E-02	2.683180E-03	4.911488E-04	7.598266E-05	9.990554E-06	1.122539E-06	1.078202E-07	9.086190E-09	6.705988E-10	4.372136E-11	2.678857E-12	1.339845E-13	0.000000E+00	0.000000E+00	0.000000E+00	0.000000E+00	0.000000E+00	0.000000E+00	0.000000E+00	0.000000E+00	0.000000E+00	0.000000E+00	0.000000E+00	0.000000E+00	0.000000E+00	0.000000E+00	0.000000E+00	0.000000E+00	0.000000E+00	0.000000E+00	0.000000E+00	0.000000E+00	
5.655127E-01	1.485353E+00	1.889121E+00	1.748455E+00	1.277034E+00	7.550270E-01	3.644339E-01	1.441146E-01	4.675395E-02	1.249412E-02	2.759795E-03	5.034057E-04	7.756362E-05	1.015013E-05	1.134298E-06	1.083138E-07	9.066380E-09	6.656570E-10	4.432166E-11	3.823220E-12	1.222115E-12	9.855405E-13	8.883486E-13	8.079723E-13	7.364034E-13	6.735465E-13	6.164760E-13	5.662533E-13	5.219860E-13	4.821519E-13	4.460440E-13	4.141463E-13	3.855902E-13	3.602194E-13	3.373601E-13	3.168624E-13	2.985221E-13	2.817246E-13	2.670494E-13	2.559774E-13	2.442815E-13	
5.910007E-01	1.551939E+00	1.972896E+00	1.824693E+00	1.331415E+00	7.861835E-01	3.788706E-01	1.495339E-01	4.840013E-02	1.289903E-02	2.840257E-03	5.161692E-04	7.918909E-05	1.031059E-05	1.145545E-06	1.086963E-07	9.028220E-09	6.558832E-10	4.177493E-11	2.230534E-12	0.000000E+00	0.000000E+00	0.000000E+00	0.000000E+00	0.000000E+00	0.000000E+00	0.000000E+00	0.000000E+00	0.000000E+00	0.000000E+00	0.000000E+00	0.000000E+00	0.000000E+00	0.000000E+00	0.000000E+00	0.000000E+00	0.000000E+00	0.000000E+00	0.000000E+00	0.000000E+00	0.000000E+00	
6.179033E-01	1.622422E+00	2.062086E+00	1.906601E+00	1.390610E+00	8.207023E-01	3.952408E-01	1.558661E-01	5.039962E-02	1.341622E-02	2.950115E-03	5.352762E-04	8.196733E-05	1.064884E-05	1.180115E-06	1.116670E-07	9.245486E-09	6.706214E-10	4.377968E-11	3.444491E-12	9.149595E-13	7.108004E-13	6.393070E-13	5.813727E-13	5.298637E-13	4.847083E-13	4.436998E-13	4.074923E-13	3.755860E-13	3.468929E-13	3.209393E-13	2.979451E-13	2.773389E-13	2.593494E-13	2.427280E-13	2.282458E-13	2.144321E-13	2.031282E-13	1.919219E-13	1.846476E-13	1.750835E-13	
6.477229E-01	1.700286E+00	2.159954E+00	1.995528E+00	1.453913E+00	8.568710E-01	4.119394E-01	1.621047E-01	5.228298E-02	1.387575E-02	3.040455E-03	5.493884E-04	8.372226E-05	1.081466E-05	1.190527E-06	1.118291E-07	9.174880E-09	6.570587E-10	4.053260E-11	1.447896E-12	0.000000E+00	0.000000E+00	0.000000E+00	0.000000E+00	0.000000E+00	0.000000E+00	0.000000E+00	0.000000E+00	0.000000E+00	0.000000E+00	0.000000E+00	0.000000E+00	0.000000E+00	0.000000E+00	0.000000E+00	0.000000E+00	0.000000E+00	0.000000E+00	0.000000E+00	0.000000E+00	0.000000E+00	
6.799983E-01	1.784637E+00	2.266164E+00	2.092314E+00	1.523101E+00	8.966334E-01	4.304410E-01	1.690889E-01	5.442090E-02	1.440734E-02	3.147776E-03	5.668305E-04	8.603289E-05	1.105991E-05	1.210702E-06	1.130228E-07	9.204596E-09	6.556717E-10	4.182757E-11	3.081264E-12	7.151019E-13	5.388370E-13	4.837929E-13	4.399402E-13	4.009555E-13	3.667616E-13	3.357206E-13	3.083742E-13	2.842760E-13	2.625757E-13	2.428788E-13	2.256020E-13	2.101948E-13	1.962079E-13	1.837236E-13	1.725094E-13	1.632275E-13	1.526276E-13	1.457952E-13	1.389074E-13	1.326900E-13	
7.157766E-01	1.878003E+00	2.383375E+00	2.198619E+00	1.598584E+00	9.396181E-01	4.501991E-01	1.764279E-01	5.661988E-02	1.493866E-02	3.250869E-03	5.826329E-04	8.793977E-05	1.122979E-05	1.219642E-06	1.128633E-07	9.091973E-09	6.400228E-10	4.039700E-11	3.022774E-12	7.648206E-13	5.906604E-13	5.312301E-13	4.830930E-13	4.402878E-13	4.027772E-13	3.686920E-13	3.385982E-13	3.120983E-13	2.882803E-13	2.666642E-13	2.475839E-13	2.304032E-13	2.150373E-13	2.015369E-13	1.894065E-13	1.787901E-13	1.694990E-13	1.604324E-13	1.538696E-13	1.475086E-13	
7.547181E-01	1.979862E+00	2.511850E+00	2.316020E+00	1.682855E+00	9.883240E-01	4.730316E-01	1.851303E-01	5.931744E-02	1.562065E-02	3.391681E-03	6.062543E-04	9.121726E-05	1.160419E-05	1.254623E-06	1.155126E-07	9.244399E-09	6.444946E-10	3.886303E-11	1.552432E-12	0.000000E+00	0.000000E+00	0.000000E+00	0.000000E+00	0.000000E+00	0.000000E+00	0.000000E+00	0.000000E+00	0.000000E+00	0.000000E+00	0.000000E+00	0.000000E+00	0.000000E+00	0.000000E+00	0.000000E+00	0.000000E+00	0.000000E+00	0.000000E+00	0.000000E+00	0.000000E+00	0.000000E+00	
7.991152E-01	2.095658E+00	2.657067E+00	2.447514E+00	1.776026E+00	1.041234E+00	4.972612E-01	1.940859E-01	6.198355E-02	1.625946E-02	3.514240E-03	6.247344E-04	9.338821E-05	1.178704E-05	1.262390E-06	1.149928E-07	9.078103E-09	6.234575E-10	3.716700E-11	1.634049E-12	0.000000E+00	0.000000E+00	0.000000E+00	0.000000E+00	0.000000E+00	0.000000E+00	0.000000E+00	0.000000E+00	0.000000E+00	0.000000E+00	0.000000E+00	0.000000E+00	0.000000E+00	0.000000E+00	0.000000E+00	0.000000E+00	0.000000E+00	0.000000E+00	0.000000E+00	0.000000E+00	0.000000E+00	
8.484330E-01	2.224549E+00	2.819366E+00	2.595445E+00	1.881845E+00	1.102115E+00	5.256310E-01	2.048152E-01	6.527676E-02	1.708179E-02	3.681379E-03	6.521979E-04	9.709316E-05	1.219326E-05	1.297968E-06	1.174152E-07	9.185116E-09	6.235474E-10	3.604815E-11	9.201943E-13	0.000000E+00	0.000000E+00	0.000000E+00	0.000000E+00	0.000000E+00	0.000000E+00	0.000000E+00	0.000000E+00	0.000000E+00	0.000000E+00	0.000000E+00	0.000000E+00	0.000000E+00	0.000000E+00	0.000000E+00	0.000000E+00	0.000000E+00	0.000000E+00	0.000000E+00	0.000000E+00	0.000000E+00	
9.055545E-01	2.373450E+00	3.005890E+00	2.764062E+00	2.001059E+00	1.169621E+00	5.564270E-01	2.161400E-01	6.862589E-02	1.787736E-02	3.832260E-03	6.745670E-04	9.964794E-05	1.239535E-05	1.304156E-06	1.163987E-07	8.945633E-09	5.961202E-10	3.492017E-11	2.031931E-12	2.280332E-13	1.292937E-13	1.140053E-13	1.035490E-13	9.434480E-14	8.636011E-14	7.909017E-14	7.266687E-14	6.701487E-14	6.195625E-14	5.732300E-14	5.306865E-14	4.923360E-14	4.586340E-14	4.354840E-14	4.051457E-14	3.733080E-14	3.620681E-14	3.277385E-14	3.153676E-14	2.880689E-14	
9.708371E-01	2.543706E+00	3.219372E+00	2.957364E+00	2.138065E+00	1.247477E+00	5.921156E-01	2.293492E-01	7.256753E-02	1.882582E-02	4.015648E-03	7.026260E-04	1.030422E-04	1.270245E-05	1.321557E-06	1.164151E-07	8.789485E-09	5.747334E-10	3.423638E-11	3.218171E-12	1.450518E-12	1.245891E-12	1.127739E-12	1.025961E-12	9.351703E-13	8.554486E-13	7.830286E-13	7.190565E-13	6.627048E-13	6.121270E-13	5.662777E-13	5.255652E-13	4.891124E-13	4.571429E-13	4.275686E-13	4.014656E-13	3.787831E-13	3.584407E-13	3.412054E-13	3.225791E-13	3.077528E-13	
1.047003E+00	2.742108E+00	3.467550E+00	3.181237E+00	2.295902E+00	1.336527E+00	6.325406E-01	2.441176E-01	7.689777E-02	1.984304E-02	4.205673E-03	7.301724E-04	1.060684E-04	1.292007E-05	1.324006E-06	1.145437E-07	8.428056E-09	5.316177E-10	2.853488E-11	9.640659E-13	0.000000E+00	0.000000E+00	0.000000E+00	0.000000E+00	0.000000E+00	0.000000E+00	0.000000E+00	0.000000E+00	0.000000E+00	0.000000E+00	0.000000E+00	0.000000E+00	0.000000E+00	0.000000E+00	0.000000E+00	0.000000E+00	0.000000E+00	0.000000E+00	0.000000E+00	0.000000E+00	0.000000E+00	
1.138986E+00	2.980474E+00	3.762465E+00	3.442962E+00	2.476417E+00	1.435579E+00	6.759836E-01	2.593300E-01	8.112969E-02	2.077281E-02	4.364284E-03	7.501610E-04	1.077196E-04	1.294096E-05	1.304042E-06	1.106114E-07	7.917782E-09	4.824169E-10	2.501650E-11	1.030864E-12	0.000000E+00	0.000000E+00	0.000000E+00	0.000000E+00	0.000000E+00	0.000000E+00	0.000000E+00	0.000000E+00	0.000000E+00	0.000000E+00	0.000000E+00	0.000000E+00	0.000000E+00	0.000000E+00	0.000000E+00	0.000000E+00	0.000000E+00	0.000000E+00	0.000000E+00	0.000000E+00	0.000000E+00	
1.254492E+00	3.276911E+00	4.121567E+00	3.751642E+00	2.680124E+00	1.541083E+00	7.189286E-01	2.729767E-01	8.446256E-02	2.138071E-02	4.440413E-03	7.545899E-04	1.071585E-04	1.273520E-05	1.270437E-06	1.067331E-07	7.574341E-09	4.575823E-10	2.337368E-11	7.990800E-13	0.000000E+00	0.000000E+00	0.000000E+00	0.000000E+00	0.000000E+00	0.000000E+00	0.000000E+00	0.000000E+00	0.000000E+00	0.000000E+00	0.000000E+00	0.000000E+00	0.000000E+00	0.000000E+00	0.000000E+00	0.000000E+00	0.000000E+00	0.000000E+00	0.000000E+00	0.000000E+00	0.000000E+00	
1.401494E+00	3.650460E+00	4.564477E+00	4.119397E+00	2.910457E+00	1.651441E+00	7.587351E-01	2.832613E-01	8.607157E-02	2.138241E-02	4.356940E-03	7.265711E-04	1.013004E-04	1.182566E-05	1.160216E-06	9.594129E-08	6.712635E-09	4.003709E-10	2.038983E-11	8.690335E-13	0.000000E+00	0.000000E+00	0.000000E+00	0.000000E+00	0.000000E+00	0.000000E+00	0.000000E+00	0.000000E+00	0.000000E+00	0.000000E+00	0.000000E+00	0.000000E+00	0.000000E+00	0.000000E+00	0.000000E+00	0.000000E+00	0.000000E+00	0.000000E+00	0.000000E+00	0.000000E+00	0.000000E+00	
1.583571E+00	4.110733E+00	5.104295E+00	4.559873E+00	3.179315E+00	1.775397E+00	8.007506E-01	2.928620E-01	8.704154E-02	2.113080E-02	4.205883E-03	6.852385E-04	9.339166E-05	1.066414E-05	1.024968E-06	8.311567E-08	5.715008E-09	3.357620E-10	1.723104E-11	1.086140E-12	3.318352E-13	2.758623E-13	2.495399E-13	2.270545E-13	2.069829E-13	1.894492E-13	1.734752E-13	1.591830E-13	1.465634E-13	1.353501E-13	1.252257E-13	1.160902E-13	1.079220E-13	1.007302E-13	9.481687E-14	8.878061E-14	8.443614E-14	8.133772E-14	7.602614E-14	7.240854E-14	6.938320E-14	
1.807506E+00	4.674932E+00	5.761670E+00	5.090969E+00	3.499201E+00	1.920336E+00	8.487442E-01	3.034412E-01	8.799476E-02	2.081916E-02	4.036194E-03	6.405508E-04	8.508879E-05	9.476395E-06	8.899137E-07	7.058577E-08	4.757738E-09	2.731957E-10	1.266186E-11	0.000000E+00	0.000000E+00	0.000000E+00	0.000000E+00	0.000000E+00	0.000000E+00	0.000000E+00	0.000000E+00	0.000000E+00	0.000000E+00	0.000000E+00	0.000000E+00	0.000000E+00	0.000000E+00	0.000000E+00	0.000000E+00	0.000000E+00	0.000000E+00	0.000000E+00	0.000000E+00	0.000000E+00	0.000000E+00	
2.087443E+00	5.376286E+00	6.569515E+00	5.731718E+00	3.874754E+00	2.083585E+00	8.991117E-01	3.128632E-01	8.808764E-02	2.020230E-02	3.793137E-03	5.829271E-04	7.503016E-05	8.103363E-06	7.395797E-07	5.709379E-08	3.759856E-09	2.135486E-10	1.190251E-11	1.944926E-12	1.370601E-12	1.226818E-12	1.112986E-12	1.012758E-12	9.232418E-13	8.446986E-13	7.728648E-13	7.096913E-13	6.541680E-13	6.039204E-13	5.583548E-13	5.182252E-13	4.826005E-13	4.509296E-13	4.218344E-13	3.965546E-13	3.742137E-13	3.534699E-13	3.357898E-13	3.120457E-13	3.051893E-13	
2.428372E+00	6.227926E+00	7.545107E+00	6.499485E+00	4.320642E+00	2.275562E+00	9.579610E-01	3.240372E-01	8.843197E-02	1.961877E-02	3.558747E-03	5.281351E-04	6.567669E-05	6.858660E-06	6.067350E-07	4.546845E-08	2.917101E-09	1.616079E-10	8.738510E-12	1.372155E-12	9.570949E-13	8.561934E-13	7.766576E-13	7.068837E-13	6.445501E-13	5.893560E-13	5.388633E-13	4.948923E-13	4.562311E-13	4.211352E-13	3.895728E-13	3.613009E-13	3.363588E-13	3.139144E-13	2.950394E-13	2.771026E-13	2.611839E-13	2.448848E-13	2.315817E-13	2.261875E-13	2.171611E-13	
2.849646E+00	7.273217E+00	8.726243E+00	7.408518E+00	4.831042E+00	2.483750E+00	1.015626E+00	3.321460E-01	8.729535E-02	1.859560E-02	3.232088E-03	4.590726E-04	5.465019E-05	5.467849E-06	4.647798E-07	3.352978E-08	2.074382E-09	1.052746E-10	0.000000E+00	0.000000E+00	0.000000E+00	0.000000E+00	0.000000E+00	0.000000E+00	0.000000E+00	0.000000E+00	0.000000E+00	0.000000E+00	0.000000E+00	0.000000E+00	0.000000E+00	0.000000E+00	0.000000E+00	0.000000E+00	0.000000E+00	0.000000E+00	0.000000E+00	0.000000E+00	0.000000E+00	0.000000E+00	0.000000E+00	
3.364955E+00	8.541389E+00	1.013544E+01	8.463269E+00	5.397811E+00	2.698002E+00	1.065731E+00	3.345841E-01	8.394720E-02	1.699145E-02	2.795619E-03	3.748460E-04	4.209359E-05	3.974277E-06	3.199014E-07	2.191552E-08	1.292323E-09	5.914049E-11	0.000000E+00	0.000000E+00	0.000000E+00	0.000000E+00	0.000000E+00	0.000000E+00	0.000000E+00	0.000000E+00	0.000000E+00	0.000000E+00	0.000000E+00	0.000000E+00	0.000000E+00	0.000000E+00	0.000000E+00	0.000000E+00	0.000000E+00	0.000000E+00	0.000000E+00	0.000000E+00	0.000000E+00	0.000000E+00	0.000000E+00	
3.966515E+00	1.001339E+01	1.175325E+01	9.653357E+00	6.021499E+00	2.924410E+00	1.114194E+00	3.348435E-01	7.983942E-02	1.525305E-02	2.353890E-03	2.943221E-04	3.071644E-05	2.690749E-06	2.014754E-07	1.289585E-08	7.197790E-10	3.436541E-11	9.328866E-13	0.000000E+00	0.000000E+00	0.000000E+00	0.000000E+00	0.000000E+00	0.000000E+00	0.000000E+00	0.000000E+00	0.000000E+00	0.000000E+00	0.000000E+00	0.000000E+00	0.000000E+00	0.000000E+00	0.000000E+00	0.000000E+00	0.000000E+00	0.000000E+00	0.000000E+00	0.000000E+00	0.000000E+00	0.000000E+00	
4.637762E+00	1.164798E+01	1.353369E+01	1.094555E+01	6.686494E+00	3.159185E+00	1.161635E+00	3.339738E-01	7.549452E-02	1.354287E-02	1.942323E-03	2.230969E-04	2.117259E-05	1.671731E-06	1.123729E-07	6.476225E-09	3.256663E-10	1.227099E-11	0.000000E+00	0.000000E+00	0.000000E+00	0.000000E+00	0.000000E+00	0.000000E+00	0.000000E+00	0.000000E+00	0.000000E+00	0.000000E+00	0.000000E+00	0.000000E+00	0.000000E+00	0.000000E+00	0.000000E+00	0.000000E+00	0.000000E+00	0.000000E+00	0.000000E+00	0.000000E+00	0.000000E+00	0.000000E+00	0.000000E+00	
5.387747E+00	1.344962E+01	1.544009E+01	1.226468E+01	7.313627E+00	3.347793E+00	1.181484E+00	3.225357E-01	6.840394E-02	1.134807E-02	1.477908E-03	1.502576E-04	1.222297E-05	7.920620E-07	4.122513E-08	1.753800E-09	6.516134E-11	7.339161E-12	5.192444E-12	4.654922E-12	4.204200E-12	3.806556E-12	3.455129E-12	3.144837E-12	2.867892E-12	2.623951E-12	2.399194E-12	2.202129E-12	2.029187E-12	1.873911E-12	1.732573E-12	1.607490E-12	1.496096E-12	1.396603E-12	1.309303E-12	1.230381E-12	1.157250E-12	1.090189E-12	1.029194E-12	9.989370E-13	9.419511E-13	
6.188624E+00	1.533340E+01	1.733632E+01	1.349096E+01	7.847243E+00	3.492684E+00	1.194438E+00	3.152392E-01	6.458121E-02	1.035450E-02	1.304757E-03	1.286214E-04	1.016375E-05	6.409669E-07	3.255292E-08	1.356556E-09	5.218075E-11	8.128773E-12	6.271243E-12	5.638103E-12	5.092200E-12	4.610641E-12	4.184986E-12	3.808873E-12	3.473420E-12	3.178080E-12	2.905554E-12	2.666594E-12	2.456916E-12	2.268835E-12	2.097589E-12	1.946507E-12	1.811918E-12	1.692406E-12	1.586994E-12	1.489593E-12	1.399216E-12	1.321796E-12	1.256990E-12	1.207092E-12	1.152240E-12	
6.964947E+00	1.713884E+01	1.911185E+01	1.459795E+01	8.301441E+00	3.600888E+00	1.195808E+00	3.056812E-01	6.060111E-02	9.407468E-03	1.149053E-03	1.100259E-04	8.460838E-06	5.201989E-07	2.582721E-08	1.058806E-09	4.473690E-11	1.063167E-11	8.792704E-12	7.923394E-12	7.157047E-12	6.479728E-12	5.881311E-12	5.352603E-12	4.880983E-12	4.465167E-12	4.081303E-12	3.745862E-12	3.451380E-12	3.187142E-12	2.946716E-12	2.734299E-12	2.545507E-12	2.375342E-12	2.220382E-12	2.089562E-12	1.972750E-12	1.859112E-12	1.767338E-12	1.686644E-12	1.600756E-12	
7.704810E+00	1.882862E+01	2.070846E+01	1.552347E+01	8.628201E+00	3.645305E+00	1.174265E+00	2.903008E-01	5.560243E-02	8.343763E-03	9.864065E-04	9.162649E-05	6.849281E-06	4.101918E-07	1.989795E-08	8.044841E-10	3.926516E-11	1.340033E-11	1.150677E-11	1.038014E-11	9.376122E-12	8.488236E-12	7.703988E-12	7.011751E-12	6.394373E-12	5.849000E-12	5.345115E-12	4.905516E-12	4.519769E-12	4.172740E-12	3.857546E-12	3.579451E-12	3.331298E-12	3.110310E-12	2.912551E-12	2.735332E-12	2.573162E-12	2.433794E-12	2.319930E-12	2.197450E-12	2.107436E-12	
8.297796E+00	2.018758E+01	2.201143E+01	1.631072E+01	8.941758E+00	3.718156E+00	1.174934E+00	2.841530E-01	5.319479E-02	7.805332E-03	9.031140E-04	8.223235E-05	6.034249E-06	3.552388E-07	1.696884E-08	6.748090E-10	3.126342E-11	9.917638E-12	8.468994E-12	7.639324E-12	6.899834E-12	6.246795E-12	5.669851E-12	5.159506E-12	4.704547E-12	4.303760E-12	3.933134E-12	3.609725E-12	3.325695E-12	3.069893E-12	2.837360E-12	2.633262E-12	2.452465E-12	2.288739E-12	2.141850E-12	2.014020E-12	1.892519E-12	1.785882E-12	1.684906E-12	1.633169E-12	1.532707E-12	
8.828401E+00	2.138062E+01	2.310798E+01	1.692147E+01	9.145598E+00	3.740985E+00	1.158715E+00	2.738047E-01	5.003062E-02	7.168536E-03	8.107684E-04	7.228515E-05	5.201971E-06	3.007916E-07	1.414184E-08	5.554118E-10	2.667418E-11	9.227026E-12	7.939869E-12	7.163371E-12	6.470217E-12	5.858560E-12	5.318186E-12	4.839646E-12	4.413060E-12	4.036643E-12	3.688593E-12	3.385499E-12	3.119249E-12	2.879629E-12	2.661420E-12	2.468823E-12	2.296716E-12	2.142872E-12	2.009061E-12	1.886729E-12	1.776685E-12	1.672609E-12	1.592998E-12	1.524774E-12	1.451460E-12	
9.433573E+00	2.266498E+01	2.411861E+01	1.727877E+01	9.086308E+00	3.598859E+00	1.072929E+00	2.428254E-01	4.242078E-02	5.814849E-03	6.303212E-04	5.403484E-05	3.750693E-06	2.098020E-07	9.568888E-09	3.560466E-10	8.192745E-12	0.000000E+00	0.000000E+00	0.000000E+00	0.000000E+00	0.000000E+00	0.000000E+00	0.000000E+00	0.000000E+00	0.000000E+00	0.000000E+00	0.000000E+00	0.000000E+00	0.000000E+00	0.000000E+00	0.000000E+00	0.000000E+00	0.000000E+00	0.000000E+00	0.000000E+00	0.000000E+00	0.000000E+00	0.000000E+00	0.000000E+00	0.000000E+00	
9.808860E+00	2.348353E+01	2.482658E+01	1.762722E+01	9.170626E+00	3.587954E+00	1.052920E+00	2.336847E-01	3.998462E-02	5.370219E-03	5.709210E-04	4.807626E-05	3.283015E-06	1.809121E-07	8.128207E-09	2.843580E-10	0.000000E+00	0.000000E+00	0.000000E+00	0.000000E+00	0.000000E+00	0.000000E+00	0.000000E+00	0.000000E+00	0.000000E+00	0.000000E+00	0.000000E+00	0.000000E+00	0.000000E+00	0.000000E+00	0.000000E+00	0.000000E+00	0.000000E+00	0.000000E+00	0.000000E+00	0.000000E+00	0.000000E+00	0.000000E+00	0.000000E+00	0.000000E+00	0.000000E+00	
1.019405E+01	2.429178E+01	2.545575E+01	1.784863E+01	9.142540E+00	3.513074E+00	1.008034E+00	2.177019E-01	3.618433E-02	4.722542E-03	4.885183E-04	4.011698E-05	2.677606E-06	1.445504E-07	6.400407E-09	2.398775E-10	1.314372E-11	5.789087E-12	5.071946E-12	4.577697E-12	4.133700E-12	3.742545E-12	3.397150E-12	3.091591E-12	2.819286E-12	2.578671E-12	2.355693E-12	2.161588E-12	1.991228E-12	1.838679E-12	1.699308E-12	1.576476E-12	1.466852E-12	1.371323E-12	1.285548E-12	1.208958E-12	1.138250E-12	1.063663E-12	1.015695E-12	9.709079E-13	9.186705E-13	
1.051706E+01	2.496336E+01	2.596935E+01	1.801844E+01	9.110135E+00	3.449046E+00	9.712219E-01	2.048162E-01	3.318003E-02	4.221882E-03	4.262833E-04	3.423890E-05	2.239870E-06	1.187372E-07	5.159649E-09	1.762099E-10	0.000000E+00	0.000000E+00	0.000000E+00	0.000000E+00	0.000000E+00	0.000000E+00	0.000000E+00	0.000000E+00	0.000000E+00	0.000000E+00	0.000000E+00	0.000000E+00	0.000000E+00	0.000000E+00	0.000000E+00	0.000000E+00	0.000000E+00	0.000000E+00	0.000000E+00	0.000000E+00	0.000000E+00	0.000000E+00	0.000000E+00	0.000000E+00	0.000000E+00	
1.085433E+01	2.564068E+01	2.643355E+01	1.809668E+01	8.994938E+00	3.338500E+00	9.171912E-01	1.875363E-01	2.938012E-02	3.615602E-03	3.535859E-04	2.758167E-05	1.757552E-06	9.101818E-08	3.886633E-09	1.396044E-10	6.397189E-12	2.304934E-12	1.996817E-12	1.804040E-12	1.629911E-12	1.475444E-12	1.339125E-12	1.218149E-12	1.110446E-12	1.015313E-12	9.269679E-13	8.508431E-13	7.837399E-13	7.232116E-13	6.674767E-13	6.197623E-13	5.767013E-13	5.386299E-13	5.022352E-13	4.740291E-13	4.502323E-13	4.222231E-13	4.052524E-13	3.844440E-13	3.563247E-13	
1.115795E+01	2.624099E+01	2.682597E+01	1.813501E+01	8.868415E+00	3.229660E+00	8.665749E-01	1.718760E-01	2.604011E-02	3.098518E-03	2.933838E-04	2.221980E-05	1.379066E-06	6.977236E-08	2.920399E-09	1.025656E-10	4.279931E-12	1.345027E-12	1.153349E-12	1.040841E-12	9.400955E-13	8.510611E-13	7.726282E-13	7.031914E-13	6.413196E-13	5.865305E-13	5.356162E-13	4.915084E-13	4.528184E-13	4.176315E-13	3.858528E-13	3.579022E-13	3.322487E-13	3.099465E-13	2.877754E-13	2.745796E-13	2.587652E-13	2.392098E-13	2.066568E-13	2.226843E-13	1.908932E-13	
1.149483E+01	2.688519E+01	2.719632E+01	1.809122E+01	8.660089E+00	3.073677E+00	7.988801E-01	1.521354E-01	2.202913E-02	2.502794E-03	2.265902E-04	1.647118E-05	9.858592E-07	4.833150E-08	1.976141E-09	7.326050E-11	7.975100E-12	5.545232E-12	4.963489E-12	4.484738E-12	4.050180E-12	3.667185E-12	3.329065E-12	3.029091E-12	2.761858E-12	2.526010E-12	2.307316E-12	2.117044E-12	1.950090E-12	1.799929E-12	1.663890E-12	1.541790E-12	1.434043E-12	1.341133E-12	1.254469E-12	1.177551E-12	1.110470E-12	1.051098E-12	1.008068E-12	9.543589E-13	9.144026E-13	
1.182681E+01	2.750703E+01	2.752574E+01	1.800492E+01	8.425383E+00	2.907788E+00	7.298044E-01	1.327984E-01	1.825735E-02	1.964786E-03	1.686313E-04	1.166960E-05	6.690284E-07	3.159604E-08	1.237074E-09	3.011401E-11	0.000000E+00	0.000000E+00	0.000000E+00	0.000000E+00	0.000000E+00	0.000000E+00	0.000000E+00	0.000000E+00	0.000000E+00	0.000000E+00	0.000000E+00	0.000000E+00	0.000000E+00	0.000000E+00	0.000000E+00	0.000000E+00	0.000000E+00	0.000000E+00	0.000000E+00	0.000000E+00	0.000000E+00	0.000000E+00	0.000000E+00	0.000000E+00	0.000000E+00	
1.214836E+01	2.809858E+01	2.781638E+01	1.788869E+01	8.177898E+00	2.740172E+00	6.624789E-01	1.146670E-01	1.486324E-02	1.500688E-03	1.207355E-04	7.863923E-06	4.277643E-07	1.934424E-08	7.377005E-10	2.280478E-11	0.000000E+00	0.000000E+00	0.000000E+00	0.000000E+00	0.000000E+00	0.000000E+00	0.000000E+00	0.000000E+00	0.000000E+00	0.000000E+00	0.000000E+00	0.000000E+00	0.000000E+00	0.000000E+00	0.000000E+00	0.000000E+00	0.000000E+00	0.000000E+00	0.000000E+00	0.000000E+00	0.000000E+00	0.000000E+00	0.000000E+00	0.000000E+00	0.000000E+00	
1.246299E+01	2.866725E+01	2.807454E+01	1.774582E+01	7.918840E+00	2.570977E+00	5.967351E-01	9.764281E-02	1.181072E-02	1.101748E-03	8.144981E-05	4.884005E-06	2.471582E-07	1.054662E-08	3.877900E-10	1.416785E-11	2.432966E-12	1.917633E-12	1.723267E-12	1.557014E-12	1.405777E-12	1.272971E-12	1.155828E-12	1.051777E-12	9.592986E-13	8.773228E-13	8.011466E-13	7.349589E-13	6.770333E-13	6.251004E-13	5.776759E-13	5.362565E-13	4.993933E-13	4.668834E-13	4.369942E-13	4.062559E-13	3.852023E-13	3.613089E-13	3.569174E-13	3.518756E-13	3.171262E-13	
1.275894E+01	2.919421E+01	2.829805E+01	1.759160E+01	7.665694E+00	2.410503E+00	5.362578E-01	8.255312E-02	9.219291E-03	7.786843E-04	5.120815E-05	2.705730E-06	1.217568E-07	4.738010E-09	1.736715E-10	1.566323E-11	1.001110E-11	8.883565E-12	8.010697E-12	7.243100E-12	6.541257E-12	5.920720E-12	5.373364E-12	4.889078E-12	4.457841E-12	4.076565E-12	3.722095E-12	3.414849E-12	3.145213E-12	2.903620E-12	2.683228E-12	2.489500E-12	2.317625E-12	2.166199E-12	2.025886E-12	1.898419E-12	1.792382E-12	1.698912E-12	1.607302E-12	1.531276E-12	1.458233E-12	
1.302004E+01	2.965395E+01	2.848359E+01	1.744502E+01	7.439302E+00	2.270453E+00	4.849227E-01	7.015975E-02	7.175468E-03	5.355232E-04	2.960714E-05	1.233956E-06	4.170211E-08	1.189958E-09	1.080310E-11	0.000000E+00	0.000000E+00	0.000000E+00	0.000000E+00	0.000000E+00	0.000000E+00	0.000000E+00	0.000000E+00	0.000000E+00	0.000000E+00	0.000000E+00	0.000000E+00	0.000000E+00	0.000000E+00	0.000000E+00	0.000000E+00	0.000000E+00	0.000000E+00	0.000000E+00	0.000000E+00	0.000000E+00	0.000000E+00	0.000000E+00	0.000000E+00	0.000000E+00	0.000000E+00	
1.397849E+01	3.111036E+01	2.855731E+01	1.653796E+01	6.624504E+00	1.904127E+00	3.823063E-01	5.156824E-02	4.876116E-03	3.324665E-04	1.636901E-05	5.757422E-07	1.487253E-08	2.774206E-10	1.568848E-12	0.000000E+00	0.000000E+00	0.000000E+00	0.000000E+00	0.000000E+00	0.000000E+00	0.000000E+00	0.000000E+00	0.000000E+00	0.000000E+00	0.000000E+00	0.000000E+00	0.000000E+00	0.000000E+00	0.000000E+00	0.000000E+00	0.000000E+00	0.000000E+00	0.000000E+00	0.000000E+00	0.000000E+00	0.000000E+00	0.000000E+00	0.000000E+00	0.000000E+00	0.000000E+00	
1.563003E+01	3.342493E+01	2.837429E+01	1.490475E+01	5.363736E+00	1.395363E+00	2.542370E-01	3.111240E-02	2.679887E-03	1.678509E-04	7.647755E-06	2.508762E-07	6.076761E-09	1.026944E-10	0.000000E+00	0.000000E+00	0.000000E+00	0.000000E+00	0.000000E+00	0.000000E+00	0.000000E+00	0.000000E+00	0.000000E+00	0.000000E+00	0.000000E+00	0.000000E+00	0.000000E+00	0.000000E+00	0.000000E+00	0.000000E+00	0.000000E+00	0.000000E+00	0.000000E+00	0.000000E+00	0.000000E+00	0.000000E+00	0.000000E+00	0.000000E+00	0.000000E+00	0.000000E+00	0.000000E+00	
1.723817E+01	3.549644E+01	2.798149E+01	1.334226E+01	4.308890E+00	1.010702E+00	1.666224E-01	1.847844E-02	1.451074E-03	8.367036E-05	3.538563E-06	1.086315E-07	2.450330E-09	1.436551E-11	0.000000E+00	0.000000E+00	0.000000E+00	0.000000E+00	0.000000E+00	0.000000E+00	0.000000E+00	0.000000E+00	0.000000E+00	0.000000E+00	0.000000E+00	0.000000E+00	0.000000E+00	0.000000E+00	0.000000E+00	0.000000E+00	0.000000E+00	0.000000E+00	0.000000E+00	0.000000E+00	0.000000E+00	0.000000E+00	0.000000E+00	0.000000E+00	0.000000E+00	0.000000E+00	0.000000E+00	
1.927426E+01	3.787509E+01	2.722629E+01	1.141737E+01	3.175926E+00	6.421466E-01	9.183829E-02	8.895152E-03	6.174253E-04	3.195779E-05	1.228438E-06	3.472802E-08	7.528477E-10	2.771436E-11	1.453763E-11	1.279805E-11	1.155300E-11	1.037740E-11	9.362341E-12	8.478681E-12	7.648288E-12	6.913863E-12	6.267512E-12	5.697434E-12	5.191125E-12	4.740370E-12	4.323600E-12	3.965295E-12	3.649090E-12	3.366422E-12	3.108957E-12	2.883198E-12	2.682979E-12	2.502878E-12	2.340716E-12	2.195422E-12	2.074332E-12	1.961790E-12	1.856213E-12	1.757406E-12	1.684978E-12	
2.181240E+01	4.049443E+01	2.597803E+01	9.142218E+00	2.034616E+00	3.231413E-01	3.677053E-02	2.900196E-03	1.687904E-04	7.541035E-06	2.553842E-07	6.467637E-09	1.171702E-10	0.000000E+00	0.000000E+00	0.000000E+00	0.000000E+00	0.000000E+00	0.000000E+00	0.000000E+00	0.000000E+00	0.000000E+00	0.000000E+00	0.000000E+00	0.000000E+00	0.000000E+00	0.000000E+00	0.000000E+00	0.000000E+00	0.000000E+00	0.000000E+00	0.000000E+00	0.000000E+00	0.000000E+00	0.000000E+00	0.000000E+00	0.000000E+00	0.000000E+00	0.000000E+00	0.000000E+00	0.000000E+00	
2.503457E+01	4.332533E+01	2.403885E+01	6.486471E+00	9.359912E-01	7.589681E-02	3.586071E-03	1.104244E-04	3.114047E-06	9.350719E-08	2.480276E-09	2.358079E-11	0.000000E+00	0.000000E+00	0.000000E+00	0.000000E+00	0.000000E+00	0.000000E+00	0.000000E+00	0.000000E+00	0.000000E+00	0.000000E+00	0.000000E+00	0.000000E+00	0.000000E+00	0.000000E+00	0.000000E+00	0.000000E+00	0.000000E+00	0.000000E+00	0.000000E+00	0.000000E+00	0.000000E+00	0.000000E+00	0.000000E+00	0.000000E+00	0.000000E+00	0.000000E+00	0.000000E+00	0.000000E+00	0.000000E+00	
6.931146E+01	2.882973E+01	1.767879E+00	3.686099E-02	3.008490E-04	9.519959E-07	8.845056E-10	8.268541E-11	6.703751E-11	5.705763E-11	5.013153E-11	4.432715E-11	3.938957E-11	3.505025E-11	3.120706E-11	2.784129E-11	2.490937E-11	2.239350E-11	2.021175E-11	1.839486E-11	1.649112E-11	1.481768E-11	1.335852E-11	1.208165E-11	1.096024E-11	9.940446E-12	9.062864E-12	8.298066E-12	7.617548E-12	7.013311E-12	6.466317E-12	5.984322E-12	5.557186E-12	5.176203E-12	4.835047E-12	4.531836E-12	4.261822E-12	4.019168E-12	3.801434E-12	3.585132E-12	3.438635E-12	
6.932447E+01	2.883522E+01	1.768259E+00	3.686869E-02	3.009112E-04	9.520922E-07	7.980351E-10	1.283591E-11	1.025901E-11	8.707123E-12	7.648890E-12	6.763135E-12	6.007616E-12	5.348932E-12	4.757817E-12	4.249185E-12	3.800898E-12	3.411810E-12	3.079490E-12	2.802109E-12	2.512202E-12	2.256952E-12	2.034298E-12	1.839917E-12	1.668988E-12	1.512875E-12	1.378620E-12	1.263630E-12	1.161126E-12	1.069621E-12	9.867745E-13	9.138357E-13	8.485625E-13	7.890011E-13	7.369604E-13	6.930841E-13	6.473696E-13	5.963477E-13	5.809976E-13	5.581006E-13	5.316834E-13	
6.932798E+01	2.883670E+01	1.768383E+00	3.687123E-02	3.009311E-04	9.521854E-07	8.274214E-10	3.648186E-11	2.935240E-11	2.508058E-11	2.204515E-11	1.947441E-11	1.730341E-11	1.539448E-11	1.370753E-11	1.222874E-11	1.094021E-11	9.833805E-12	8.874857E-12	8.077613E-12	7.241117E-12	6.506888E-12	5.866773E-12	5.306098E-12	4.813845E-12	4.365550E-12	3.979608E-12	3.643217E-12	3.343714E-12	3.079158E-12	2.839479E-12	2.627042E-12	2.437105E-12	2.270024E-12	2.119371E-12	1.990139E-12	1.864904E-12	1.755673E-12	1.675977E-12	1.591504E-12	1.515307E-12	
6.932543E+01	2.883564E+01	1.768345E+00	3.687052E-02	3.009241E-04	9.521673E-07	8.329634E-10	4.097007E-11	3.301397E-11	2.810611E-11	2.468882E-11	2.183127E-11	1.940296E-11	1.726875E-11	1.537575E-11	1.371071E-11	1.226743E-11	1.102611E-11	9.950944E-12	9.057589E-12	8.119940E-12	7.296154E-12	6.577921E-12	5.949497E-12	5.397559E-12	4.894283E-12	4.461046E-12	4.083782E-12	3.747835E-12	3.451169E-12	3.182615E-12	2.946342E-12	2.736031E-12	2.551833E-12	2.385693E-12	2.231678E-12	2.100877E-12	1.985833E-12	1.873217E-12	1.811421E-12	1.694924E-12	
6.931888E+01	2.883291E+01	1.768200E+00	3.686768E-02	3.008993E-04	9.521068E-07	8.497955E-10	5.458242E-11	4.416312E-11	3.754372E-11	3.298371E-11	2.916984E-11	2.591843E-11	2.307079E-11	2.054000E-11	1.831769E-11	1.638864E-11	1.473466E-11	1.329805E-11	1.210264E-11	1.084935E-11	9.749305E-12	8.789849E-12	7.949680E-12	7.211970E-12	6.540484E-12	5.962648E-12	5.458385E-12	5.009606E-12	4.612948E-12	4.254163E-12	3.937612E-12	3.657210E-12	3.404428E-12	3.182652E-12	2.975934E-12	2.803237E-12	2.636219E-12	2.500058E-12	2.379890E-12	2.278762E-12	
6.930897E+01	2.882878E+01	1.767965E+00	3.686306E-02	3.008597E-04	9.518968E-07	7.775162E-10	0.000000E+00	0.000000E+00	0.000000E+00	0.000000E+00	0.000000E+00	0.000000E+00	0.000000E+00	0.000000E+00	0.000000E+00	0.000000E+00	0.000000E+00	0.000000E+00	0.000000E+00	0.000000E+00	0.000000E+00	0.000000E+00	0.000000E+00	0.000000E+00	0.000000E+00	0.000000E+00	0.000000E+00	0.000000E+00	0.000000E+00	0.000000E+00	0.000000E+00	0.000000E+00	0.000000E+00	0.000000E+00	0.000000E+00	0.000000E+00	0.000000E+00	0.000000E+00	0.000000E+00	0.000000E+00	
6.929559E+01	2.882320E+01	1.767638E+00	3.685660E-02	3.008050E-04	9.517106E-07	7.651617E-10	0.000000E+00	0.000000E+00	0.000000E+00	0.000000E+00	0.000000E+00	0.000000E+00	0.000000E+00	0.000000E+00	0.000000E+00	0.000000E+00	0.000000E+00	0.000000E+00	0.000000E+00	0.000000E+00	0.000000E+00	0.000000E+00	0.000000E+00	0.000000E+00	0.000000E+00	0.000000E+00	0.000000E+00	0.000000E+00	0.000000E+00	0.000000E+00	0.000000E+00	0.000000E+00	0.000000E+00	0.000000E+00	0.000000E+00	0.000000E+00	0.000000E+00	0.000000E+00	0.000000E+00	0.000000E+00	
6.927943E+01	2.881648E+01	1.767238E+00	3.684868E-02	3.007339E-04	9.513001E-07	7.513595E-10	0.000000E+00	0.000000E+00	0.000000E+00	0.000000E+00	0.000000E+00	0.000000E+00	0.000000E+00	0.000000E+00	0.000000E+00	0.000000E+00	0.000000E+00	0.000000E+00	0.000000E+00	0.000000E+00	0.000000E+00	0.000000E+00	0.000000E+00	0.000000E+00	0.000000E+00	0.000000E+00	0.000000E+00	0.000000E+00	0.000000E+00	0.000000E+00	0.000000E+00	0.000000E+00	0.000000E+00	0.000000E+00	0.000000E+00	0.000000E+00	0.000000E+00	0.000000E+00	0.000000E+00	0.000000E+00	
6.926680E+01	2.881122E+01	1.766926E+00	3.684268E-02	3.006870E-04	9.514322E-07	8.497936E-10	5.504218E-11	4.454594E-11	3.779536E-11	3.320902E-11	2.935069E-11	2.608386E-11	2.320795E-11	2.066325E-11	1.843078E-11	1.649051E-11	1.482475E-11	1.337940E-11	1.217730E-11	1.091710E-11	9.809446E-12	8.843640E-12	7.998052E-12	7.255556E-12	6.579455E-12	5.997453E-12	5.490602E-12	5.039791E-12	4.641073E-12	4.280039E-12	3.961252E-12	3.678930E-12	3.425797E-12	3.202657E-12	3.001292E-12	2.831236E-12	2.657532E-12	2.533998E-12	2.406149E-12	2.289887E-12	
6.927045E+01	2.881273E+01	1.767028E+00	3.684536E-02	3.007063E-04	9.514428E-07	8.055642E-10	1.935375E-11	1.552947E-11	1.322135E-11	1.161536E-11	1.026444E-11	9.120913E-12	8.109038E-12	7.217793E-12	6.441442E-12	5.761532E-12	5.177782E-12	4.673182E-12	4.254851E-12	3.814173E-12	3.427347E-12	3.090084E-12	2.795359E-12	2.536436E-12	2.299826E-12	2.096299E-12	1.919317E-12	1.761596E-12	1.621336E-12	1.494434E-12	1.383011E-12	1.284444E-12	1.196471E-12	1.118246E-12	1.050231E-12	9.901540E-13	9.274109E-13	8.731247E-13	8.439892E-13	7.920284E-13	
6.928631E+01	2.881932E+01	1.767439E+00	3.685456E-02	3.007788E-04	9.516656E-07	8.005250E-10	1.511553E-11	1.208352E-11	1.032396E-11	9.072237E-12	8.026446E-12	7.128820E-12	6.340684E-12	5.644531E-12	5.036527E-12	4.506079E-12	4.050175E-12	3.654108E-12	3.326451E-12	2.982175E-12	2.680520E-12	2.417458E-12	2.186367E-12	1.983581E-12	1.798704E-12	1.639758E-12	1.501658E-12	1.378862E-12	1.268947E-12	1.169251E-12	1.082192E-12	1.004198E-12	9.374999E-13	8.758207E-13	8.221413E-13	7.747985E-13	7.256468E-13	6.667746E-13	6.440103E-13	6.026766E-13	
6.929718E+01	2.882384E+01	1.767723E+00	3.686113E-02	3.008298E-04	9.518010E-07	7.781800E-10	0.000000E+00	0.000000E+00	0.000000E+00	0.000000E+00	0.000000E+00	0.000000E+00	0.000000E+00	0.000000E+00	0.000000E+00	0.000000E+00	0.000000E+00	0.000000E+00	0.000000E+00	0.000000E+00	0.000000E+00	0.000000E+00	0.000000E+00	0.000000E+00	0.000000E+00	0.000000E+00	0.000000E+00	0.000000E+00	0.000000E+00	0.000000E+00	0.000000E+00	0.000000E+00	0.000000E+00	0.000000E+00	0.000000E+00	0.000000E+00	0.000000E+00	0.000000E+00	0.000000E+00	0.000000E+00	
6.930114E+01	2.882549E+01	1.767830E+00	3.686406E-02	3.008510E-04	9.518679E-07	7.801486E-10	0.000000E+00	0.000000E+00	0.000000E+00	0.000000E+00	0.000000E+00	0.000000E+00	0.000000E+00	0.000000E+00	0.000000E+00	0.000000E+00	0.000000E+00	0.000000E+00	0.000000E+00	0.000000E+00	0.000000E+00	0.000000E+00	0.000000E+00	0.000000E+00	0.000000E+00	0.000000E+00	0.000000E+00	0.000000E+00	0.000000E+00	0.000000E+00	0.000000E+00	0.000000E+00	0.000000E+00	0.000000E+00	0.000000E+00	0.000000E+00	0.000000E+00	0.000000E+00	0.000000E+00	0.000000E+00	
6.930225E+01	2.882594E+01	1.767862E+00	3.686547E-02	3.008557E-04	9.516830E-07	7.561376E-10	0.000000E+00	0.000000E+00	0.000000E+00	0.000000E+00	0.000000E+00	0.000000E+00	0.000000E+00	0.000000E+00	0.000000E+00	0.000000E+00	0.000000E+00	0.000000E+00	0.000000E+00	0.000000E+00	0.000000E+00	0.000000E+00	0.000000E+00	0.000000E+00	0.000000E+00	0.000000E+00	0.000000E+00	0.000000E+00	0.000000E+00	0.000000E+00	0.000000E+00	0.000000E+00	0.000000E+00	0.000000E+00	0.000000E+00	0.000000E+00	0.000000E+00	0.000000E+00	0.000000E+00	0.000000E+00	
6.930250E+01	2.882605E+01	1.767873E+00	3.686646E-02	3.008613E-04	9.516909E-07	7.486785E-10	0.000000E+00	0.000000E+00	0.000000E+00	0.000000E+00	0.000000E+00	0.000000E+00	0.000000E+00	0.000000E+00	0.000000E+00	0.000000E+00	0.000000E+00	0.000000E+00	0.000000E+00	0.000000E+00	0.000000E+00	0.000000E+00	0.000000E+00	0.000000E+00	0.000000E+00	0.000000E+00	0.000000E+00	0.000000E+00	0.000000E+00	0.000000E+00	0.000000E+00	0.000000E+00	0.000000E+00	0.000000E+00	0.000000E+00	0.000000E+00	0.000000E+00	0.000000E+00	0.000000E+00	0.000000E+00	
6.930255E+01	2.882606E+01	1.767877E+00	3.686738E-02	3.008706E-04	9.519215E-07	7.781284E-10	0.000000E+00	0.000000E+00	0.000000E+00	0.000000E+00	0.000000E+00	0.000000E+00	0.000000E+00	0.000000E+00	0.000000E+00	0.000000E+00	0.000000E+00	0.000000E+00	0.000000E+00	0.000000E+00	0.000000E+00	0.000000E+00	0.000000E+00	0.000000E+00	0.000000E+00	0.000000E+00	0.000000E+00	0.000000E+00	0.000000E+00	0.000000E+00	0.000000E+00	0.000000E+00	0.000000E+00	0.000000E+00	0.000000E+00	0.000000E+00	0.000000E+00	0.000000E+00	0.000000E+00	0.000000E+00	
