3.414020E-15	3.170317E-15	1.384186E-15	4.302016E-16	1.104625E-16	2.521647E-17	5.436891E-18	1.282710E-18	4.964693E-19	3.822306E-19	3.899870E-19	4.131615E-19	4.318611E-19	4.427133E-19	4.456305E-19	4.413235E-19	4.307756E-19	4.150758E-19	3.953290E-19	3.725951E-19	3.478482E-19	3.219503E-19	2.956388E-19	2.695233E-19	2.440898E-19	2.197101E-19	1.966537E-19	1.751015E-19	1.551598E-19	1.368739E-19	1.202404E-19	1.052187E-19	9.174070E-20	7.971896E-20	6.905376E-20	5.963858E-20	5.136448E-20	4.412343E-20	3.781085E-20	3.232728E-20	
3.414023E-15	3.170361E-15	1.384353E-15	4.305613E-16	1.109937E-16	2.580783E-17	1.139470E-17	1.525030E-17	2.077340E-17	2.343803E-17	2.335380E-17	2.165268E-17	1.871809E-17	1.472982E-17	1.152336E-17	9.233372E-18	7.082405E-18	5.467370E-18	4.289098E-18	3.274582E-18	2.593037E-18	2.081283E-18	2.301939E-18	8.707054E-18	4.376642E-17	6.820967E-17	5.625251E-17	4.277023E-17	3.678696E-17	4.316050E-17	1.693805E-17	1.052134E-19	9.173594E-20	7.971470E-20	6.904996E-20	5.963521E-20	5.136150E-20	4.412080E-20	3.780854E-20	3.232525E-20	
3.414024E-15	3.170369E-15	1.384383E-15	4.306208E-16	1.110758E-16	2.588954E-17	1.091282E-17	1.389884E-17	1.871858E-17	2.106316E-17	2.095130E-17	1.942653E-17	1.678166E-17	1.326774E-17	1.041693E-17	8.388935E-18	6.463734E-18	5.011311E-18	3.997133E-18	3.051175E-18	2.326259E-18	8.736606E-19	2.956267E-19	2.695118E-19	2.440789E-19	2.197000E-19	1.966443E-19	1.750928E-19	1.551519E-19	1.368666E-19	1.202338E-19	1.052128E-19	9.173536E-20	7.971418E-20	6.904950E-20	5.963480E-20	5.136113E-20	4.412048E-20	3.780826E-20	3.232500E-20	
3.414025E-15	3.170385E-15	1.384445E-15	4.307491E-16	1.112573E-16	2.608012E-17	1.110634E-17	1.410075E-17	1.892710E-17	2.126987E-17	2.115008E-17	1.960954E-17	1.694248E-17	1.339292E-17	1.051323E-17	8.464742E-18	6.521705E-18	5.053496E-18	4.027965E-18	3.110749E-18	2.662510E-18	3.901170E-18	1.876384E-17	6.991558E-17	8.375167E-17	7.203218E-17	5.703497E-17	5.358083E-17	5.550625E-17	3.991318E-17	5.347279E-17	1.052121E-19	9.173471E-20	7.971360E-20	6.904898E-20	5.963434E-20	5.136072E-20	4.412012E-20	3.780794E-20	3.232473E-20	
3.414026E-15	3.170405E-15	1.384515E-15	4.308913E-16	1.114516E-16	2.627788E-17	1.108256E-17	1.372746E-17	1.825314E-17	2.043030E-17	2.025370E-17	1.873768E-17	1.614745E-17	1.275917E-17	1.001691E-17	8.056636E-18	6.211983E-18	4.819894E-18	3.860341E-18	2.973016E-18	2.446358E-18	2.719735E-18	1.008215E-17	5.306638E-17	7.927633E-17	7.090733E-17	5.783514E-17	4.566134E-17	3.579139E-17	2.675754E-17	1.106981E-17	1.052112E-19	9.173398E-20	7.971294E-20	6.904840E-20	5.963382E-20	5.136027E-20	4.411972E-20	3.780759E-20	3.232442E-20	
3.414028E-15	3.170430E-15	1.384606E-15	4.310726E-16	1.116966E-16	2.652229E-17	1.110979E-17	1.341548E-17	1.764180E-17	1.964055E-17	1.938464E-17	1.786421E-17	1.532058E-17	1.206852E-17	9.458645E-18	7.559791E-18	5.821666E-18	4.509644E-18	3.597310E-18	2.689849E-18	1.401380E-18	3.219325E-19	2.956217E-19	2.695070E-19	2.440745E-19	2.196958E-19	1.966404E-19	1.750892E-19	1.551486E-19	1.368637E-19	1.202311E-19	1.052103E-19	9.173316E-20	7.971221E-20	6.904774E-20	5.963324E-20	5.135975E-20	4.411927E-20	3.780719E-20	3.232407E-20	
3.414031E-15	3.170462E-15	1.384723E-15	4.313040E-16	1.120053E-16	2.682446E-17	1.120941E-17	1.320536E-17	1.715617E-17	1.898078E-17	1.863301E-17	1.707993E-17	1.454597E-17	1.138296E-17	8.877821E-18	6.991654E-18	5.339515E-18	4.094908E-18	3.180372E-18	2.211932E-18	3.478276E-19	3.219304E-19	2.956197E-19	2.695051E-19	2.440726E-19	2.196940E-19	1.966388E-19	1.750877E-19	1.551472E-19	1.368624E-19	1.202300E-19	1.052093E-19	9.173224E-20	7.971138E-20	6.904701E-20	5.963259E-20	5.135918E-20	4.411876E-20	3.780674E-20	3.232368E-20	
3.414034E-15	3.170503E-15	1.384869E-15	4.315901E-16	1.123844E-16	2.719363E-17	1.139232E-17	1.313656E-17	1.689686E-17	1.863385E-17	1.827502E-17	1.675092E-17	1.426454E-17	1.117097E-17	8.717107E-18	6.865709E-18	5.243355E-18	4.021848E-18	3.159085E-18	2.555542E-18	3.855127E-18	2.306817E-17	9.081059E-17	9.910754E-17	8.660939E-17	7.292613E-17	6.367022E-17	5.399380E-17	4.484689E-17	3.232287E-17	1.237008E-17	1.052082E-19	9.173121E-20	7.971046E-20	6.904618E-20	5.963186E-20	5.135853E-20	4.411819E-20	3.780624E-20	3.232324E-20	
3.414038E-15	3.170553E-15	1.385046E-15	4.319358E-16	1.128369E-16	2.762786E-17	1.161713E-17	1.308716E-17	1.664355E-17	1.828927E-17	1.792216E-17	1.643280E-17	1.400063E-17	1.098202E-17	8.579269E-18	6.769927E-18	5.176289E-18	3.974687E-18	3.125405E-18	2.428190E-18	2.647204E-18	1.090610E-17	6.695027E-17	9.805414E-17	8.879688E-17	7.255609E-17	6.656311E-17	5.061051E-17	3.359737E-17	4.360878E-17	2.106854E-17	1.052069E-19	9.173005E-20	7.970942E-20	6.904526E-20	5.963104E-20	5.135780E-20	4.411755E-20	3.780568E-20	3.232274E-20	
3.414043E-15	3.170615E-15	1.385267E-15	4.323618E-16	1.133896E-16	2.815258E-17	1.193275E-17	1.314068E-17	1.650370E-17	1.805806E-17	1.767307E-17	1.620414E-17	1.380896E-17	1.084398E-17	8.478656E-18	6.699118E-18	5.126439E-18	3.937587E-18	3.099376E-18	2.341935E-18	1.741978E-18	3.219221E-19	2.956118E-19	2.694976E-19	2.440656E-19	2.196874E-19	1.966326E-19	1.750821E-19	1.551420E-19	1.368577E-19	1.202257E-19	1.052054E-19	9.172875E-20	7.970826E-20	6.904422E-20	5.963011E-20	5.135699E-20	4.411683E-20	3.780504E-20	3.232219E-20	
3.414049E-15	3.170690E-15	1.385533E-15	4.328737E-16	1.140491E-16	2.877365E-17	1.232557E-17	1.325668E-17	1.641765E-17	1.787422E-17	1.746545E-17	1.601010E-17	1.364497E-17	1.072497E-17	8.391144E-18	6.637764E-18	5.083847E-18	3.911317E-18	3.124482E-18	2.755844E-18	6.736301E-18	4.653623E-17	1.080346E-16	1.014153E-16	8.651046E-17	7.599357E-17	5.985364E-17	5.829818E-17	3.864722E-17	2.778979E-17	6.123835E-17	1.052038E-19	9.172729E-20	7.970695E-20	6.904306E-20	5.962908E-20	5.135607E-20	4.411602E-20	3.780434E-20	3.232157E-20	
3.414056E-15	3.170780E-15	1.385850E-15	4.334804E-16	1.148253E-16	2.949884E-17	1.279155E-17	1.341686E-17	1.635693E-17	1.770590E-17	1.726799E-17	1.582307E-17	1.348612E-17	1.060868E-17	8.305461E-18	6.576775E-18	5.039523E-18	3.872161E-18	3.025191E-18	1.889336E-18	3.478116E-19	3.219149E-19	2.956048E-19	2.694909E-19	2.440593E-19	2.196816E-19	1.966272E-19	1.750771E-19	1.551374E-19	1.368535E-19	1.202219E-19	1.052020E-19	9.172565E-20	7.970549E-20	6.904175E-20	5.962792E-20	5.135505E-20	4.411512E-20	3.780354E-20	3.232087E-20	
3.414064E-15	3.170888E-15	1.386229E-15	4.342021E-16	1.157442E-16	3.035186E-17	1.335593E-17	1.365062E-17	1.635571E-17	1.758893E-17	1.711542E-17	1.567495E-17	1.335874E-17	1.051501E-17	8.236159E-18	6.528218E-18	5.006072E-18	3.854749E-18	3.075853E-18	2.522334E-18	4.296392E-18	2.840667E-17	9.827214E-17	1.029753E-16	8.872262E-17	7.654479E-17	5.994290E-17	4.688748E-17	3.846232E-17	4.313537E-17	2.342711E-17	1.051999E-19	9.172382E-20	7.970385E-20	6.904029E-20	5.962662E-20	5.135390E-20	4.411410E-20	3.780265E-20	3.232009E-20	
3.414074E-15	3.171017E-15	1.386678E-15	4.350552E-16	1.168261E-16	3.135156E-17	1.402892E-17	1.395955E-17	1.640896E-17	1.751580E-17	1.700039E-17	1.555866E-17	1.325766E-17	1.044011E-17	8.180802E-18	6.488143E-18	4.977454E-18	3.829657E-18	3.022895E-18	2.090537E-18	3.478021E-19	3.219057E-19	2.955960E-19	2.694826E-19	2.440514E-19	2.196742E-19	1.966203E-19	1.750707E-19	1.551316E-19	1.368482E-19	1.202171E-19	1.051976E-19	9.172176E-20	7.970200E-20	6.903865E-20	5.962516E-20	5.135261E-20	4.411297E-20	3.780165E-20	3.231921E-20	
3.414086E-15	3.171166E-15	1.387199E-15	4.360385E-16	1.180654E-16	3.248857E-17	1.478205E-17	1.428803E-17	1.644085E-17	1.740230E-17	1.684019E-17	1.539953E-17	1.311916E-17	1.033723E-17	8.104607E-18	6.432467E-18	4.938005E-18	3.792485E-18	2.914842E-18	1.079286E-18	3.477965E-19	3.219002E-19	2.955908E-19	2.694776E-19	2.440467E-19	2.196698E-19	1.966163E-19	1.750670E-19	1.551282E-19	1.368450E-19	1.202142E-19	1.051951E-19	9.171945E-20	7.969993E-20	6.903680E-20	5.962353E-20	5.135116E-20	4.411169E-20	3.780053E-20	3.231823E-20	
3.414100E-15	3.171345E-15	1.387823E-15	4.372182E-16	1.195514E-16	3.385018E-17	1.571765E-17	1.476925E-17	1.661187E-17	1.741959E-17	1.680164E-17	1.534895E-17	1.307251E-17	1.030192E-17	8.078196E-18	6.413823E-18	4.927514E-18	3.807964E-18	3.145239E-18	3.539167E-18	1.612931E-17	8.619720E-17	1.174444E-16	1.046133E-16	9.071443E-17	7.238719E-17	6.598410E-17	4.634991E-17	5.695675E-17	5.531319E-17	3.103682E-18	1.051922E-19	9.171685E-20	7.969761E-20	6.903473E-20	5.962169E-20	5.134953E-20	4.411026E-20	3.779927E-20	3.231713E-20	
3.414116E-15	3.171549E-15	1.388533E-15	4.385527E-16	1.212227E-16	3.537189E-17	1.673688E-17	1.525049E-17	1.672457E-17	1.735208E-17	1.667251E-17	1.521389E-17	1.295337E-17	1.021223E-17	8.011555E-18	6.365531E-18	4.891370E-18	3.778719E-18	3.085106E-18	3.056368E-18	1.101784E-17	6.970028E-17	1.157297E-16	1.023561E-16	9.035553E-17	7.416802E-17	6.440312E-17	6.095132E-17	5.135356E-17	2.464047E-17	3.948122E-17	1.051889E-19	9.171394E-20	7.969501E-20	6.903241E-20	5.961963E-20	5.134771E-20	4.410865E-20	3.779785E-20	3.231589E-20	
3.414135E-15	3.171789E-15	1.389363E-15	4.401093E-16	1.231658E-16	3.713369E-17	1.792388E-17	1.583339E-17	1.689932E-17	1.732786E-17	1.657816E-17	1.510800E-17	1.285805E-17	1.014022E-17	7.957578E-18	6.325256E-18	4.861948E-18	3.738579E-18	2.877170E-18	9.502328E-19	3.477751E-19	3.218796E-19	2.955710E-19	2.694588E-19	2.440290E-19	2.196532E-19	1.966008E-19	1.750527E-19	1.551151E-19	1.368331E-19	1.202034E-19	1.051853E-19	9.171068E-20	7.969209E-20	6.902981E-20	5.961732E-20	5.134567E-20	4.410684E-20	3.779627E-20	3.231450E-20	
3.414157E-15	3.172068E-15	1.390332E-15	4.419227E-16	1.254244E-16	3.917591E-17	1.930732E-17	1.653467E-17	1.714458E-17	1.735152E-17	1.652206E-17	1.503480E-17	1.279021E-17	1.008826E-17	7.918519E-18	6.296877E-18	4.843139E-18	3.740095E-18	3.021496E-18	2.586409E-18	5.697663E-18	4.091305E-17	1.079298E-16	1.034009E-16	8.790856E-17	7.797575E-17	6.142973E-17	5.645269E-17	5.438047E-17	2.075286E-17	3.249401E-17	1.051812E-19	9.170701E-20	7.968881E-20	6.902689E-20	5.961472E-20	5.134337E-20	4.410482E-20	3.779449E-20	3.231294E-20	
3.414183E-15	3.172392E-15	1.391450E-15	4.440108E-16	1.280183E-16	4.151402E-17	2.088789E-17	1.733761E-17	1.743070E-17	1.738773E-17	1.646824E-17	1.496087E-17	1.272099E-17	1.003487E-17	7.878581E-18	6.266558E-18	4.822407E-18	3.724234E-18	3.010120E-18	2.546261E-18	5.317886E-18	3.826426E-17	1.068600E-16	1.026561E-16	9.126296E-17	7.332201E-17	6.170909E-17	5.510652E-17	3.943342E-17	5.628836E-17	2.949325E-17	1.051767E-19	9.170290E-20	7.968513E-20	6.902361E-20	5.961181E-20	5.134080E-20	4.410255E-20	3.779249E-20	3.231119E-20	
3.414213E-15	3.172768E-15	1.392753E-15	4.464446E-16	1.310397E-16	4.423487E-17	2.273824E-17	1.830355E-17	1.781368E-17	1.748943E-17	1.646675E-17	1.493209E-17	1.268981E-17	1.000999E-17	7.859802E-18	6.252949E-18	4.813201E-18	3.726907E-18	3.103018E-18	3.567180E-18	1.694161E-17	8.880894E-17	1.194534E-16	1.033846E-16	9.027254E-17	7.275884E-17	6.551951E-17	6.143856E-17	5.719616E-17	5.704437E-17	8.614278E-18	1.051715E-19	9.169829E-20	7.968101E-20	6.901993E-20	5.960855E-20	5.133791E-20	4.410000E-20	3.779025E-20	3.230923E-20	
3.414247E-15	3.173197E-15	1.394232E-15	4.491986E-16	1.344471E-16	4.729142E-17	2.479776E-17	1.935246E-17	1.819748E-17	1.755393E-17	1.641600E-17	1.485434E-17	1.261548E-17	9.952341E-18	7.816288E-18	6.219859E-18	4.786042E-18	3.680559E-18	2.789711E-18	3.724768E-19	3.477324E-19	3.218382E-19	2.955313E-19	2.694211E-19	2.439934E-19	2.196200E-19	1.965700E-19	1.750242E-19	1.550890E-19	1.368093E-19	1.201818E-19	1.051658E-19	9.169312E-20	7.967638E-20	6.901581E-20	5.960488E-20	5.133467E-20	4.409714E-20	3.778774E-20	3.230702E-20	
3.414286E-15	3.173696E-15	1.395954E-15	4.524030E-16	1.384090E-16	5.084178E-17	2.720027E-17	2.060205E-17	1.869389E-17	1.768980E-17	1.642017E-17	1.482333E-17	1.258108E-17	9.924642E-18	7.795432E-18	6.204854E-18	4.777712E-18	3.694031E-18	3.012947E-18	2.743430E-18	7.881039E-18	5.561116E-17	1.136684E-16	1.046413E-16	8.994917E-17	7.366242E-17	6.637965E-17	4.948132E-17	5.390359E-17	3.768572E-17	6.139005E-17	1.051593E-19	9.168732E-20	7.967118E-20	6.901118E-20	5.960077E-20	5.133103E-20	4.409394E-20	3.778492E-20	3.230455E-20	
3.414331E-15	3.174263E-15	1.397905E-15	4.560235E-16	1.428701E-16	5.482380E-17	2.987371E-17	2.196615E-17	1.920518E-17	1.779475E-17	1.637880E-17	1.474593E-17	1.250497E-17	9.865177E-18	7.750030E-18	6.170366E-18	4.750758E-18	3.653851E-18	2.761486E-18	3.724462E-19	3.477025E-19	3.218092E-19	2.955035E-19	2.693946E-19	2.439685E-19	2.195966E-19	1.965483E-19	1.750042E-19	1.550706E-19	1.367925E-19	1.201666E-19	1.051521E-19	9.168080E-20	7.966535E-20	6.900598E-20	5.959616E-20	5.132695E-20	4.409034E-20	3.778176E-20	3.230178E-20	
3.414384E-15	3.174922E-15	1.400175E-15	4.602358E-16	1.480577E-16	5.945042E-17	3.299065E-17	2.358403E-17	1.985279E-17	1.798168E-17	1.639839E-17	1.472006E-17	1.247279E-17	9.838620E-18	7.730040E-18	6.155655E-18	4.742904E-18	3.675652E-18	3.058017E-18	3.363820E-18	1.515152E-17	8.523080E-17	1.188626E-16	1.047221E-16	9.047714E-17	7.336716E-17	6.025124E-17	5.317930E-17	3.829350E-17	4.122415E-17	3.313057E-17	1.051439E-19	9.167350E-20	7.965882E-20	6.900016E-20	5.959099E-20	5.132237E-20	4.408630E-20	3.777821E-20	3.229867E-20	
3.414444E-15	3.175677E-15	1.402769E-15	4.650432E-16	1.539682E-16	6.471134E-17	3.652562E-17	2.541160E-17	2.057855E-17	1.818612E-17	1.641389E-17	1.468489E-17	1.243103E-17	9.804526E-18	7.703588E-18	6.135836E-18	4.728978E-18	3.664125E-18	3.038092E-18	3.210123E-18	1.354534E-17	8.008973E-17	1.187079E-16	1.034058E-16	8.962764E-17	7.242657E-17	5.979352E-17	6.183830E-17	5.182757E-17	5.548676E-17	3.057628E-17	1.051348E-19	9.166530E-20	7.965148E-20	6.899362E-20	5.958518E-20	5.131724E-20	4.408177E-20	3.777423E-20	3.229518E-20	
3.414512E-15	3.176539E-15	1.405730E-15	4.705196E-16	1.606863E-16	7.067536E-17	4.051910E-17	2.746524E-17	2.138525E-17	1.840486E-17	1.642071E-17	1.463547E-17	1.237547E-17	9.759809E-18	7.669608E-18	6.108605E-18	4.707034E-18	3.624555E-18	2.764348E-18	3.723848E-19	3.476424E-19	3.217510E-19	2.954476E-19	2.693416E-19	2.439185E-19	2.195498E-19	1.965048E-19	1.749641E-19	1.550338E-19	1.367590E-19	1.201361E-19	1.051246E-19	9.165610E-20	7.964325E-20	6.898628E-20	5.957867E-20	5.131147E-20	4.407669E-20	3.776977E-20	3.229127E-20	
3.414591E-15	3.177532E-15	1.409137E-15	4.768152E-16	1.683991E-16	7.751095E-17	4.509216E-17	2.982230E-17	2.232388E-17	1.867718E-17	1.645316E-17	1.460300E-17	1.233312E-17	9.724791E-18	7.642587E-18	6.088002E-18	4.694809E-18	3.629820E-18	2.917276E-18	2.051197E-18	3.476173E-19	3.217267E-19	2.954243E-19	2.693194E-19	2.438976E-19	2.195303E-19	1.964867E-19	1.749474E-19	1.550185E-19	1.367450E-19	1.201234E-19	1.051131E-19	9.164578E-20	7.963402E-20	6.897805E-20	5.957136E-20	5.130501E-20	4.407099E-20	3.776475E-20	3.228688E-20	
3.414682E-15	3.178666E-15	1.413023E-15	4.839828E-16	1.771605E-16	8.525520E-17	5.025541E-17	3.247029E-17	2.336842E-17	1.897148E-17	1.647869E-17	1.455647E-17	1.227713E-17	9.678523E-18	7.606990E-18	6.061244E-18	4.675942E-18	3.630115E-18	3.058432E-18	3.688035E-18	1.904942E-17	9.520738E-17	1.201177E-16	1.052909E-16	9.001524E-17	7.251515E-17	6.399404E-17	6.025260E-17	5.147667E-17	4.041284E-17	1.467157E-17	1.051002E-19	9.163421E-20	7.962366E-20	6.896882E-20	5.956317E-20	5.129776E-20	4.406460E-20	3.775913E-20	3.228195E-20	
3.414786E-15	3.179980E-15	1.417526E-15	4.922890E-16	1.873123E-16	9.422530E-17	5.624363E-17	3.556223E-17	2.461979E-17	1.936381E-17	1.656252E-17	1.455460E-17	1.225807E-17	9.660637E-18	7.593031E-18	6.050150E-18	4.667839E-18	3.616226E-18	2.985232E-18	2.919895E-18	1.047011E-17	6.951340E-17	1.176544E-16	1.038947E-16	8.928214E-17	7.227175E-17	6.520679E-17	5.306204E-17	3.617130E-17	5.554145E-17	5.174652E-17	1.050858E-19	9.162122E-20	7.961204E-20	6.895846E-20	5.955397E-20	5.128962E-20	4.405742E-20	3.775283E-20	3.227642E-20	
3.414905E-15	3.181469E-15	1.422621E-15	5.016667E-16	1.987432E-16	1.042948E-16	6.293450E-17	3.898643E-17	2.597521E-17	1.975724E-17	1.661272E-17	1.451235E-17	1.220121E-17	9.613412E-18	7.555937E-18	6.021675E-18	4.646946E-18	3.603663E-18	2.994200E-18	3.097444E-18	1.266456E-17	7.819656E-17	1.188524E-16	1.046727E-16	9.025326E-17	7.374611E-17	6.495705E-17	5.061129E-17	3.517504E-17	2.669329E-17	1.393332E-17	1.050696E-19	9.160665E-20	7.959900E-20	6.894684E-20	5.954365E-20	5.128049E-20	4.404938E-20	3.774575E-20	3.227022E-20	
3.415042E-15	3.183183E-15	1.428482E-15	5.124441E-16	2.118628E-16	1.158324E-16	7.059052E-17	4.290616E-17	2.753801E-17	2.022801E-17	1.669481E-17	1.448833E-17	1.215836E-17	9.576159E-18	7.527333E-18	5.998952E-18	4.631535E-18	3.593391E-18	2.994615E-18	3.201704E-18	1.395073E-17	8.244862E-17	1.197161E-16	1.042145E-16	9.118315E-17	7.545100E-17	6.202762E-17	4.698585E-17	3.824026E-17	2.830790E-17	5.818626E-17	1.050514E-19	9.159030E-20	7.958437E-20	6.893381E-20	5.953208E-20	5.127025E-20	4.404035E-20	3.773782E-20	3.226327E-20	
3.415198E-15	3.185141E-15	1.435166E-15	5.247100E-16	2.267603E-16	1.288978E-16	7.923111E-17	4.730996E-17	2.928068E-17	2.074305E-17	1.677478E-17	1.445090E-17	1.210099E-17	9.526669E-18	7.488702E-18	5.968202E-18	4.606389E-18	3.552180E-18	2.722079E-18	3.721756E-19	3.474376E-19	3.215527E-19	2.952575E-19	2.691608E-19	2.437481E-19	2.193905E-19	1.963568E-19	1.748275E-19	1.549085E-19	1.366447E-19	1.200324E-19	1.050310E-19	9.157197E-20	7.956796E-20	6.891919E-20	5.951910E-20	5.125877E-20	4.403022E-20	3.772891E-20	3.225547E-20	
3.415379E-15	3.187409E-15	1.442912E-15	5.389276E-16	2.440267E-16	1.440365E-16	8.924877E-17	5.243554E-17	3.134048E-17	2.139157E-17	1.692327E-17	1.446159E-17	1.208290E-17	9.507720E-18	7.473645E-18	5.956885E-18	4.599589E-18	3.564997E-18	2.912254E-18	2.417136E-18	4.609416E-18	3.378995E-17	1.058650E-16	1.042664E-16	9.034767E-17	7.550286E-17	6.749266E-17	4.835337E-17	5.372656E-17	4.770540E-17	5.563385E-17	1.050081E-19	9.155140E-20	7.954956E-20	6.890278E-20	5.950453E-20	5.124588E-20	4.401886E-20	3.771893E-20	3.224671E-20	
3.415585E-15	3.189980E-15	1.451676E-15	5.549769E-16	2.634641E-16	1.610245E-16	1.004417E-16	5.812175E-17	3.359033E-17	2.206623E-17	1.704297E-17	1.443131E-17	1.202534E-17	9.457268E-18	7.433919E-18	5.924570E-18	4.576458E-18	3.542414E-18	2.847014E-18	1.799858E-18	3.473314E-19	3.214499E-19	2.951588E-19	2.690671E-19	2.436598E-19	2.193078E-19	1.962800E-19	1.747566E-19	1.548435E-19	1.365854E-19	1.199787E-19	1.049824E-19	9.152832E-20	7.952891E-20	6.888438E-20	5.948819E-20	5.123143E-20	4.400611E-20	3.770772E-20	3.223690E-20	
3.415821E-15	3.192941E-15	1.461761E-15	5.734259E-16	2.857783E-16	1.804940E-16	1.132485E-16	6.462320E-17	3.617129E-17	2.285640E-17	1.720417E-17	1.442159E-17	1.198224E-17	9.417431E-18	7.402117E-18	5.899618E-18	4.556746E-18	3.511103E-18	2.642002E-18	3.720027E-19	3.472684E-19	3.213888E-19	2.951003E-19	2.690115E-19	2.436073E-19	2.192588E-19	1.962345E-19	1.747146E-19	1.548050E-19	1.365502E-19	1.199467E-19	1.049536E-19	9.150244E-20	7.950575E-20	6.886374E-20	5.946987E-20	5.121521E-20	4.399182E-20	3.769516E-20	3.222588E-20	
3.416093E-15	3.196344E-15	1.473348E-15	5.946074E-16	3.113704E-16	2.027933E-16	1.278964E-16	7.205313E-17	3.912592E-17	2.377266E-17	1.740613E-17	1.442936E-17	1.195038E-17	9.385314E-18	7.376337E-18	5.879308E-18	4.547385E-18	3.562957E-18	3.297455E-18	6.894126E-18	4.835972E-17	1.256844E-16	1.233220E-16	1.064600E-16	9.041720E-17	7.355985E-17	6.017045E-17	5.924936E-17	5.570405E-17	3.816211E-17	4.877058E-18	1.049213E-19	9.147340E-20	7.947977E-20	6.884058E-20	5.944931E-20	5.119703E-20	4.397578E-20	3.768106E-20	3.221353E-20	
3.416405E-15	3.200234E-15	1.486578E-15	6.187570E-16	3.404962E-16	2.281171E-16	1.444881E-16	8.044207E-17	4.244705E-17	2.479389E-17	1.762451E-17	1.443044E-17	1.190792E-17	9.344379E-18	7.343403E-18	5.852149E-18	4.523818E-18	3.500652E-18	2.775991E-18	1.230179E-18	3.471184E-19	3.212436E-19	2.949610E-19	2.688791E-19	2.434826E-19	2.191420E-19	1.961260E-19	1.746146E-19	1.547132E-19	1.364665E-19	1.198708E-19	1.048851E-19	9.144084E-20	7.945063E-20	6.881461E-20	5.942625E-20	5.117663E-20	4.395780E-20	3.766526E-20	3.219968E-20	
3.416763E-15	3.204707E-15	1.501782E-15	6.464878E-16	3.739054E-16	2.571257E-16	1.634664E-16	9.002714E-17	4.624494E-17	2.597273E-17	1.789159E-17	1.445069E-17	1.187701E-17	9.311547E-18	7.316868E-18	5.830689E-18	4.508568E-18	3.495994E-18	2.841000E-18	2.056323E-18	3.470295E-19	3.211575E-19	2.948784E-19	2.688006E-19	2.434085E-19	2.190728E-19	1.960617E-19	1.745552E-19	1.546588E-19	1.364169E-19	1.198258E-19	1.048444E-19	9.140431E-20	7.941794E-20	6.878548E-20	5.940039E-20	5.115375E-20	4.393762E-20	3.764752E-20	3.218414E-20	
3.417175E-15	3.209854E-15	1.519275E-15	6.783807E-16	4.123086E-16	2.904464E-16	1.852504E-16	1.010270E-16	5.061171E-17	2.734293E-17	1.822018E-17	1.449665E-17	1.186270E-17	9.290669E-18	7.299287E-18	5.816712E-18	4.501491E-18	3.529991E-18	3.286809E-18	7.052731E-18	4.998933E-17	1.269307E-16	1.239006E-16	1.064195E-16	9.111492E-17	7.284194E-17	6.403426E-17	5.200431E-17	4.025505E-17	2.525604E-17	4.606391E-17	1.047988E-19	9.136333E-20	7.938128E-20	6.875281E-20	5.937139E-20	5.112809E-20	4.391500E-20	3.762764E-20	3.216671E-20	
3.417647E-15	3.215752E-15	1.539309E-15	7.148843E-16	4.562278E-16	3.285148E-16	2.101093E-16	1.135636E-16	5.558299E-17	2.890267E-17	1.859647E-17	1.455227E-17	1.184986E-17	9.269855E-18	7.281687E-18	5.801745E-18	4.486320E-18	3.473960E-18	2.764919E-18	1.289323E-18	3.468177E-19	3.209524E-19	2.946818E-19	2.686137E-19	2.432324E-19	2.189081E-19	1.959087E-19	1.744140E-19	1.545293E-19	1.362988E-19	1.197186E-19	1.047477E-19	9.131738E-20	7.934016E-20	6.871617E-20	5.933886E-20	5.109932E-20	4.388963E-20	3.760534E-20	3.214717E-20	
3.418183E-15	3.222440E-15	1.561983E-15	7.561006E-16	5.056743E-16	3.712310E-16	2.378883E-16	1.274937E-16	6.105370E-17	3.057815E-17	1.896269E-17	1.456773E-17	1.179420E-17	9.213674E-18	7.236033E-18	5.763773E-18	4.459826E-18	3.460379E-18	2.834425E-18	2.228071E-18	2.732248E-18	1.495702E-17	8.191599E-17	1.011427E-16	8.966586E-17	7.266394E-17	6.257417E-17	5.397859E-17	5.492580E-17	4.202465E-17	5.240092E-17	1.046903E-19	9.126585E-20	7.929405E-20	6.867508E-20	5.930238E-20	5.106705E-20	4.386118E-20	3.758033E-20	3.212526E-20	
3.418805E-15	3.230196E-15	1.588284E-15	8.039139E-16	5.630333E-16	4.207711E-16	2.701019E-16	1.436618E-16	6.743306E-17	3.257212E-17	1.944577E-17	1.464429E-17	1.178364E-17	9.192092E-18	7.216891E-18	5.747684E-18	4.442988E-18	3.412336E-18	2.393829E-18	3.712701E-19	3.465514E-19	3.206945E-19	2.944345E-19	2.683787E-19	2.430109E-19	2.187008E-19	1.957162E-19	1.742364E-19	1.543664E-19	1.361502E-19	1.195839E-19	1.046260E-19	9.120806E-20	7.924235E-20	6.862901E-20	5.926147E-20	5.103086E-20	4.382927E-20	3.755229E-20	3.210068E-20	
3.419518E-15	3.239084E-15	1.618412E-15	8.586489E-16	6.286407E-16	4.773766E-16	3.068650E-16	1.620884E-16	7.469375E-17	3.484001E-17	1.999694E-17	1.473441E-17	1.177509E-17	9.170362E-18	7.198009E-18	5.732093E-18	4.440580E-18	3.488249E-18	3.314441E-18	7.734109E-18	5.514765E-17	1.288031E-16	1.234030E-16	1.069298E-16	8.933651E-17	7.747537E-17	6.320230E-17	4.923502E-17	5.708920E-17	4.295214E-17	5.673810E-17	1.045539E-19	9.114325E-20	7.918437E-20	6.857734E-20	5.921561E-20	5.099029E-20	4.379350E-20	3.752085E-20	3.207314E-20	
3.420337E-15	3.249294E-15	1.652983E-15	9.213727E-16	7.037028E-16	5.420158E-16	3.487499E-16	1.830223E-16	8.291021E-17	3.738808E-17	2.060269E-17	1.482087E-17	1.175187E-17	9.135101E-18	7.167453E-18	5.705866E-18	4.414356E-18	3.411848E-18	2.622553E-18	3.709276E-19	3.462162E-19	3.203700E-19	2.941233E-19	2.680830E-19	2.427322E-19	2.184402E-19	1.954741E-19	1.740130E-19	1.541615E-19	1.359634E-19	1.194144E-19	1.044730E-19	9.107059E-20	7.911936E-20	6.851941E-20	5.916418E-20	5.094480E-20	4.375339E-20	3.748561E-20	3.204225E-20	
3.421286E-15	3.261114E-15	1.692962E-15	9.938006E-16	7.902166E-16	6.163492E-16	3.967873E-16	2.069544E-16	9.226633E-17	4.027297E-17	2.127955E-17	1.491061E-17	1.171868E-17	9.088913E-18	7.128639E-18	5.672353E-18	4.387453E-18	3.366224E-18	2.291022E-18	3.707246E-19	3.460175E-19	3.201776E-19	2.939389E-19	2.679077E-19	2.425670E-19	2.182856E-19	1.953306E-19	1.738806E-19	1.540401E-19	1.358527E-19	1.193139E-19	1.043824E-19	9.098912E-20	7.904647E-20	6.845446E-20	5.910653E-20	5.089380E-20	4.370843E-20	3.744609E-20	3.200763E-20	
3.422392E-15	3.274885E-15	1.739512E-15	1.078064E-15	8.907554E-16	7.026100E-16	4.524391E-16	2.346310E-16	1.030727E-16	4.361104E-17	2.207721E-17	1.503402E-17	1.169973E-17	9.052296E-18	7.096649E-18	5.645513E-18	4.373094E-18	3.417937E-18	3.027470E-18	4.944688E-18	3.386553E-17	1.172015E-16	1.239743E-16	1.050761E-16	9.255667E-17	7.841954E-17	6.645319E-17	5.855191E-17	4.182728E-17	2.205715E-17	9.475612E-18	1.042807E-19	9.089779E-20	7.896476E-20	6.838166E-20	5.904190E-20	5.083663E-20	4.365804E-20	3.740181E-20	3.196882E-20	
3.423682E-15	3.290942E-15	1.793777E-15	1.176251E-15	1.007840E-15	8.029884E-16	5.171390E-16	2.667788E-16	1.156219E-16	4.749922E-17	2.302471E-17	1.520188E-17	1.170151E-17	9.029316E-18	7.074629E-18	5.626683E-18	4.361046E-18	3.420124E-18	3.167849E-18	6.625589E-18	4.810460E-17	1.267669E-16	1.241251E-16	1.055054E-16	9.087953E-17	7.458219E-17	6.917499E-17	5.798627E-17	5.349334E-17	2.386749E-17	3.912626E-17	1.041668E-19	9.079541E-20	7.887317E-20	6.830005E-20	5.896946E-20	5.077256E-20	4.360156E-20	3.735217E-20	3.192533E-20	
3.425180E-15	3.309591E-15	1.856766E-15	1.290144E-15	1.143533E-15	9.191922E-16	5.919412E-16	3.038901E-16	1.300851E-16	5.197431E-17	2.411612E-17	1.539836E-17	1.170734E-17	9.006113E-18	7.052449E-18	5.607244E-18	4.344330E-18	3.400853E-18	3.061569E-18	5.505644E-18	3.914284E-17	1.214168E-16	1.242869E-16	1.062200E-16	9.007685E-17	7.636334E-17	6.877856E-17	4.813632E-17	3.570765E-17	4.005718E-17	5.591947E-17	1.040390E-19	9.068066E-20	7.877052E-20	6.820859E-20	5.888828E-20	5.070076E-20	4.353826E-20	3.729655E-20	3.187660E-20	
3.426922E-15	3.331256E-15	1.929906E-15	1.422296E-15	1.300836E-15	1.053751E-15	6.784431E-16	3.467392E-16	1.467562E-16	5.712482E-17	2.537259E-17	1.562740E-17	1.171785E-17	8.983255E-18	7.029477E-18	5.586372E-18	4.326579E-18	3.362624E-18	2.754322E-18	2.045403E-18	8.575005E-19	3.191446E-19	2.929484E-19	2.669665E-19	2.416801E-19	2.174562E-19	1.945604E-19	1.731700E-19	1.533884E-19	1.352585E-19	1.187750E-19	1.038959E-19	9.055207E-20	7.865548E-20	6.810610E-20	5.879731E-20	5.062030E-20	4.346734E-20	3.723423E-20	3.182200E-20	
3.428940E-15	3.356345E-15	2.014509E-15	1.574951E-15	1.482239E-15	1.208615E-15	7.777595E-16	3.957935E-16	1.657720E-16	6.296784E-17	2.678031E-17	1.587021E-17	1.171506E-17	8.944811E-18	6.993327E-18	5.555128E-18	4.302615E-18	3.348875E-18	2.793297E-18	2.650147E-18	9.122072E-18	6.616407E-17	1.171823E-16	1.064721E-16	8.879267E-17	7.572733E-17	6.730295E-17	5.121950E-17	3.766277E-17	4.714616E-17	4.732974E-18	1.037355E-19	9.040797E-20	7.852659E-20	6.799127E-20	5.869539E-20	5.053017E-20	4.338789E-20	3.716442E-20	3.176084E-20	
3.431297E-15	3.385634E-15	2.113246E-15	1.753023E-15	1.693707E-15	1.388988E-15	8.933114E-16	4.528004E-16	1.878507E-16	6.975804E-17	2.843348E-17	1.617651E-17	1.173654E-17	8.921069E-18	6.968400E-18	5.532447E-18	4.283389E-18	3.306433E-18	2.454948E-18	3.688707E-19	3.442035E-19	3.184214E-19	2.922552E-19	2.663079E-19	2.410595E-19	2.168759E-19	1.940215E-19	1.726729E-19	1.529327E-19	1.348429E-19	1.183981E-19	1.035558E-19	9.024653E-20	7.838219E-20	6.786263E-20	5.858123E-20	5.042921E-20	4.329890E-20	3.708623E-20	3.169234E-20	
3.434039E-15	3.419702E-15	2.228026E-15	1.959869E-15	1.939110E-15	1.598057E-15	1.027055E-15	5.186704E-16	2.133135E-16	7.757419E-17	3.033488E-17	1.653143E-17	1.176485E-17	8.897327E-18	6.942982E-18	5.508993E-18	4.270621E-18	3.350506E-18	3.091935E-18	6.375272E-18	4.706590E-17	1.268106E-16	1.245249E-16	1.054094E-16	9.121900E-17	7.409920E-17	6.534774E-17	4.774113E-17	5.667767E-17	4.396955E-17	3.811258E-17	1.033545E-19	9.006571E-20	7.822046E-20	6.771855E-20	5.845337E-20	5.031614E-20	4.319925E-20	3.699868E-20	3.161565E-20	
3.437239E-15	3.459450E-15	2.361910E-15	2.201059E-15	2.225131E-15	1.841585E-15	1.182725E-15	5.952753E-16	2.429036E-16	8.665865E-17	3.255633E-17	1.696074E-17	1.181511E-17	8.885250E-18	6.925223E-18	5.492305E-18	4.255031E-18	3.310843E-18	2.758042E-18	2.554142E-18	8.213351E-18	6.152735E-17	1.176962E-16	1.049091E-16	9.204826E-17	7.387325E-17	7.076601E-17	5.920960E-17	5.144556E-17	4.942323E-17	5.287411E-17	1.031290E-19	8.986320E-20	7.803935E-20	6.755723E-20	5.831021E-20	5.018955E-20	4.308769E-20	3.690067E-20	3.152980E-20	
3.440957E-15	3.505606E-15	2.517247E-15	2.480615E-15	2.556245E-15	2.123098E-15	1.362365E-15	6.834889E-16	2.768901E-16	9.705613E-17	3.508181E-17	1.743773E-17	1.186133E-17	8.861682E-18	6.897230E-18	5.466026E-18	4.232912E-18	3.279911E-18	2.552266E-18	3.673432E-19	3.427092E-19	3.169751E-19	2.908689E-19	2.649910E-19	2.398188E-19	2.157159E-19	1.929446E-19	1.716796E-19	1.520220E-19	1.340128E-19	1.176454E-19	1.028766E-19	8.963646E-20	7.783658E-20	6.737662E-20	5.814995E-20	5.004786E-20	4.296283E-20	3.679098E-20	3.143372E-20	
3.445291E-15	3.559392E-15	2.698141E-15	2.805887E-15	2.941106E-15	2.449889E-15	1.570571E-15	7.855402E-16	3.161235E-16	1.090313E-16	3.798538E-17	1.798790E-17	1.191795E-17	8.838141E-18	6.868381E-18	5.439389E-18	4.215656E-18	3.299411E-18	2.958892E-18	5.235995E-18	3.801243E-17	1.210764E-16	1.247533E-16	1.051424E-16	9.016919E-17	7.685844E-17	6.805568E-17	5.429348E-17	4.940225E-17	2.651936E-17	5.709815E-17	1.025940E-19	8.938266E-20	7.760963E-20	6.717450E-20	5.797062E-20	4.988930E-20	4.282311E-20	3.666826E-20	3.132624E-20	
3.450348E-15	3.622117E-15	2.908949E-15	3.184619E-15	3.388742E-15	2.829482E-15	1.812029E-15	9.036609E-16	3.614331E-16	1.228274E-16	4.132363E-17	1.862192E-17	1.198640E-17	8.814500E-18	6.837340E-18	5.410662E-18	4.193129E-18	3.289555E-18	3.033219E-18	6.287856E-18	4.711808E-17	1.268708E-16	1.243252E-16	1.060861E-16	9.292873E-17	7.438528E-17	6.139494E-17	5.647657E-17	3.799294E-17	4.359283E-17	5.622326E-17	1.022777E-19	8.909866E-20	7.735569E-20	6.694836E-20	5.776999E-20	4.971194E-20	4.266684E-20	3.653100E-20	3.120604E-20	
3.456266E-15	3.695507E-15	3.155513E-15	3.627382E-15	3.911764E-15	3.272678E-15	2.093680E-15	1.041290E-15	4.141623E-16	1.388699E-16	4.521351E-17	1.937505E-17	1.208411E-17	8.803129E-18	6.815201E-18	5.388769E-18	4.176067E-18	3.282849E-18	3.110631E-18	7.327054E-18	5.523395E-17	1.306667E-16	1.251575E-16	1.065227E-16	9.022563E-17	7.331806E-17	6.628519E-17	6.076647E-17	3.839135E-17	2.956158E-17	1.993769E-17	1.019239E-19	8.878096E-20	7.707165E-20	6.669543E-20	5.754562E-20	4.951362E-20	4.249212E-20	3.637755E-20	3.107167E-20	
3.463166E-15	3.781009E-15	3.442487E-15	4.142126E-15	4.518998E-15	3.786404E-15	2.419517E-15	1.200131E-15	4.748434E-16	1.572635E-16	4.964690E-17	2.021969E-17	1.218274E-17	8.779798E-18	6.781014E-18	5.355183E-18	4.146379E-18	3.223711E-18	2.642077E-18	1.903036E-18	3.397328E-19	3.140951E-19	2.881092E-19	2.623703E-19	2.373504E-19	2.134087E-19	1.908033E-19	1.697052E-19	1.502126E-19	1.323639E-19	1.161506E-19	1.015282E-19	8.842568E-20	7.675405E-20	6.641266E-20	5.729481E-20	4.929194E-20	4.229684E-20	3.620607E-20	3.092154E-20	
3.471240E-15	3.881004E-15	3.777825E-15	4.743022E-15	5.227029E-15	4.384537E-15	2.798207E-15	1.384334E-15	5.450314E-16	1.784767E-16	5.474505E-17	2.119080E-17	1.229921E-17	8.756503E-18	6.744994E-18	5.320514E-18	4.126191E-18	3.287732E-18	3.643567E-18	1.382194E-17	8.963017E-17	1.390635E-16	1.247190E-16	1.058521E-16	8.992935E-17	7.596885E-17	6.505590E-17	5.517331E-17	4.542286E-17	1.985507E-17	1.481572E-17	1.010858E-19	8.802857E-20	7.639910E-20	6.609667E-20	5.701456E-20	4.904427E-20	4.207870E-20	3.601454E-20	3.075386E-20	
3.480698E-15	3.998081E-15	4.170103E-15	5.445219E-15	6.053409E-15	5.081598E-15	3.238703E-15	1.598109E-15	6.262657E-16	2.029521E-16	6.060822E-17	2.230620E-17	1.243566E-17	8.733111E-18	6.706101E-18	5.281068E-18	4.084391E-18	3.155166E-18	2.335171E-18	3.621768E-19	3.376573E-19	3.120875E-19	2.861862E-19	2.605447E-19	2.356316E-19	2.118027E-19	1.893133E-19	1.683318E-19	1.489543E-19	1.312176E-19	1.151118E-19	1.005915E-19	8.758488E-20	7.600257E-20	6.574372E-20	5.670159E-20	4.876773E-20	4.183516E-20	3.580073E-20	3.056671E-20	
3.491853E-15	4.136112E-15	4.632564E-15	6.273032E-15	7.027643E-15	5.903335E-15	3.757894E-15	1.850008E-15	7.219690E-16	2.318021E-16	6.754975E-17	2.366112E-17	1.263753E-17	8.741782E-18	6.690959E-18	5.264450E-18	4.078394E-18	3.226948E-18	3.335035E-18	1.078281E-17	7.714883E-17	1.370871E-16	1.247499E-16	1.059020E-16	8.984109E-17	7.800050E-17	6.552214E-17	6.238585E-17	5.699830E-17	5.067024E-17	5.967140E-17	1.000394E-19	8.708943E-20	7.555986E-20	6.534972E-20	5.635226E-20	4.845911E-20	4.156341E-20	3.556220E-20	3.035796E-20	
3.504874E-15	4.297104E-15	5.171157E-15	7.235570E-15	8.158377E-15	6.855044E-15	4.357644E-15	2.140061E-15	8.317300E-16	2.647145E-16	7.539592E-17	2.515268E-17	1.282749E-17	8.719476E-18	6.646607E-18	5.217822E-18	4.028347E-18	3.062330E-18	1.665676E-18	3.595187E-19	3.350595E-19	3.095754E-19	2.837807E-19	2.582618E-19	2.334829E-19	2.097957E-19	1.874517E-19	1.666165E-19	1.473833E-19	1.297869E-19	1.138158E-19	9.942311E-20	8.653649E-20	7.506586E-20	6.491015E-20	5.596261E-20	4.811493E-20	4.126041E-20	3.529629E-20	3.012528E-20	
3.520232E-15	4.486856E-15	5.805507E-15	8.368365E-15	9.487997E-15	7.972960E-15	5.061148E-15	2.479686E-15	9.599787E-16	3.030846E-16	8.453167E-17	2.690035E-17	1.306662E-17	8.710770E-18	6.609976E-18	5.180358E-18	4.008136E-18	3.158448E-18	3.129993E-18	9.111951E-18	6.910397E-17	1.356676E-16	1.252607E-16	1.069904E-16	9.163520E-17	7.551409E-17	6.837921E-17	5.261164E-17	4.073001E-17	2.308083E-17	3.697831E-17	9.873566E-20	8.591980E-20	7.451502E-20	6.442011E-20	5.552830E-20	4.773137E-20	4.092281E-20	3.500007E-20	2.986614E-20	
3.538294E-15	4.709823E-15	6.549862E-15	9.695620E-15	1.104329E-14	9.278011E-15	5.880363E-15	2.873934E-15	1.108281E-15	3.472427E-16	9.497629E-17	2.887405E-17	1.332249E-17	8.688263E-18	6.557845E-18	5.126250E-18	3.962998E-18	3.126637E-18	3.178640E-18	1.014916E-17	7.547714E-17	1.371126E-16	1.251736E-16	1.064634E-16	9.261069E-17	7.528269E-17	6.704882E-17	5.462851E-17	4.409979E-17	4.300131E-17	3.410059E-18	9.796935E-20	8.523251E-20	7.390126E-20	6.387421E-20	5.504459E-20	4.730430E-20	4.054699E-20	3.467038E-20	2.957778E-20	
3.559753E-15	4.974565E-15	7.433317E-15	1.127042E-14	1.288826E-14	1.082564E-14	6.851291E-15	3.340811E-15	1.283735E-15	3.994489E-16	1.073435E-16	3.124476E-17	1.366803E-17	8.701509E-18	6.530058E-18	5.092890E-18	3.925721E-18	2.997014E-18	1.819325E-18	3.542355E-19	3.298987E-19	3.045877E-19	2.790070E-19	2.537339E-19	2.292235E-19	2.058192E-19	1.837656E-19	1.632218E-19	1.442759E-19	1.269586E-19	1.112549E-19	9.711581E-20	8.446719E-20	7.321799E-20	6.326665E-20	5.450638E-20	4.682921E-20	4.012902E-20	3.430383E-20	2.925725E-20	
3.585035E-15	5.286100E-15	8.470966E-15	1.311651E-14	1.504656E-14	1.263163E-14	7.980811E-15	3.881817E-15	1.486051E-15	4.592683E-16	1.213786E-16	3.387868E-17	1.401372E-17	8.678894E-18	6.467910E-18	5.026027E-18	3.869536E-18	2.964275E-18	1.969443E-18	3.520473E-19	3.277622E-19	3.025239E-19	2.770328E-19	2.518622E-19	2.274637E-19	2.041772E-19	1.822442E-19	1.618214E-19	1.429947E-19	1.257930E-19	1.102001E-19	9.616597E-20	8.361577E-20	7.245806E-20	6.259111E-20	5.390813E-20	4.630128E-20	3.966470E-20	3.389672E-20	2.890138E-20	
3.615256E-15	5.658188E-15	9.709455E-15	1.531878E-14	1.762034E-14	1.478422E-14	9.325975E-15	4.525333E-15	1.726343E-15	5.302137E-16	1.380267E-16	3.703430E-17	1.446687E-17	8.694233E-18	6.429680E-18	4.980972E-18	3.825827E-18	2.880772E-18	1.282008E-18	3.496053E-19	3.253787E-19	3.002222E-19	2.748318E-19	2.497762E-19	2.255030E-19	2.023483E-19	1.805503E-19	1.602626E-19	1.415691E-19	1.244964E-19	1.090272E-19	9.511004E-20	8.266956E-20	7.161380E-20	6.184084E-20	5.324391E-20	4.571533E-20	3.914951E-20	3.344516E-20	2.850676E-20	
3.651129E-15	6.099191E-15	1.117411E-14	1.791758E-14	2.065073E-14	1.731197E-14	1.090019E-14	5.275102E-15	2.004750E-15	6.118245E-16	1.569785E-16	4.055357E-17	1.492885E-17	8.670561E-18	6.352254E-18	4.895789E-18	3.757811E-18	2.914924E-18	2.513768E-18	4.048132E-18	3.206202E-17	1.204939E-16	1.252027E-16	1.069002E-16	9.349533E-17	7.732499E-17	6.166206E-17	5.161694E-17	5.789719E-17	4.167075E-17	4.864578E-17	9.393753E-20	8.161925E-20	7.067699E-20	6.100864E-20	5.250742E-20	4.506584E-20	3.857866E-20	3.294501E-20	2.806983E-20	
3.694245E-15	6.628509E-15	1.292930E-14	2.102758E-14	2.427253E-14	2.032822E-14	1.277442E-14	6.165062E-15	2.333949E-15	7.078823E-16	1.791740E-16	4.466458E-17	1.548206E-17	8.661369E-18	6.278845E-18	4.811364E-18	3.690285E-18	2.958412E-18	3.961317E-18	2.360621E-17	1.224252E-16	1.442292E-16	1.265588E-16	1.070474E-16	9.097613E-17	7.432491E-17	6.395878E-17	5.063113E-17	4.962199E-17	5.098843E-17	2.532875E-17	9.263720E-20	8.045492E-20	6.963891E-20	6.008684E-20	5.169196E-20	4.434701E-20	3.794712E-20	3.239189E-20	2.758683E-20	
3.746104E-15	7.263976E-15	1.503149E-14	2.474427E-14	2.859164E-14	2.391595E-14	1.499605E-14	7.215107E-15	2.720068E-15	8.197052E-16	2.047548E-16	4.933154E-17	1.608324E-17	8.629823E-18	6.176714E-18	4.692388E-18	3.565568E-18	2.688326E-18	1.579838E-18	3.404683E-19	3.164678E-19	2.916240E-19	2.666160E-19	2.419961E-19	2.181961E-19	1.955380E-19	1.742475E-19	1.544677E-19	1.362733E-19	1.196842E-19	1.046772E-19	9.119725E-20	7.916615E-20	6.849041E-20	5.906744E-20	5.079057E-20	4.355280E-20	3.724967E-20	3.178133E-20	2.705391E-20	
3.808124E-15	8.020890E-15	1.752738E-14	2.914315E-14	3.368993E-14	2.813848E-14	1.760112E-14	8.440615E-15	3.168188E-15	9.486247E-16	2.340187E-16	5.461942E-17	1.675871E-17	8.600054E-18	6.070574E-18	4.570404E-18	3.451600E-18	2.605109E-18	1.856643E-18	3.367097E-19	3.128055E-19	2.880934E-19	2.632455E-19	2.388073E-19	2.152039E-19	1.927518E-19	1.716714E-19	1.521013E-19	1.341127E-19	1.177226E-19	1.029057E-19	8.960527E-20	7.774205E-20	6.722194E-20	5.794215E-20	4.979606E-20	4.267697E-20	3.648093E-20	3.110870E-20	2.646711E-20	
3.881749E-15	8.912156E-15	2.045061E-14	3.426623E-14	3.960130E-14	3.301341E-14	2.059528E-14	9.842813E-15	3.678956E-15	1.095201E-15	2.673362E-16	6.070265E-17	1.760487E-17	8.651805E-18	6.034994E-18	4.539315E-18	3.427559E-18	2.571952E-18	1.591037E-18	3.325334E-19	3.087384E-19	2.841748E-19	2.595068E-19	2.352720E-19	2.118886E-19	1.896665E-19	1.688202E-19	1.494837E-19	1.317242E-19	1.155554E-19	1.009496E-19	8.784843E-20	7.617137E-20	6.582372E-20	5.670246E-20	4.870106E-20	4.171321E-20	3.563550E-20	3.036940E-20	2.582251E-20	
3.970223E-15	9.972282E-15	2.388841E-14	4.021594E-14	4.638002E-14	3.852813E-14	2.393248E-14	1.138083E-14	4.230073E-15	1.250743E-15	3.020975E-16	6.690158E-17	1.840700E-17	8.663303E-18	5.970564E-18	4.490161E-18	3.394484E-18	2.569455E-18	1.910634E-18	3.278985E-19	3.042276E-19	2.798315E-19	2.553654E-19	2.313586E-19	2.082211E-19	1.862555E-19	1.656702E-19	1.465937E-19	1.290888E-19	1.131657E-19	9.879413E-20	8.591369E-20	7.444276E-20	6.428591E-20	5.533988E-20	4.749831E-20	4.065529E-20	3.470806E-20	2.955889E-20	2.511628E-20	
4.080558E-15	1.128141E-14	2.807448E-14	4.734813E-14	5.436848E-14	4.490441E-14	2.770928E-14	1.308104E-14	4.824508E-15	1.414354E-15	3.377570E-16	7.308252E-17	1.915744E-17	8.646892E-18	5.888317E-18	4.429705E-18	3.354983E-18	2.592311E-18	2.711374E-18	1.317249E-17	1.048658E-16	1.449227E-16	1.283588E-16	1.079521E-16	9.453011E-17	7.696461E-17	6.975282E-17	5.606487E-17	4.440506E-17	3.564486E-17	8.461387E-18	8.378799E-20	7.254492E-20	6.259876E-20	5.384607E-20	4.618066E-20	3.949715E-20	3.369350E-20	2.867290E-20	2.434484E-20	
4.221216E-15	1.293372E-14	3.327815E-14	5.606726E-14	6.395440E-14	5.239437E-14	3.203750E-14	1.497623E-14	5.467687E-15	1.586008E-15	3.740219E-16	7.916226E-17	1.984892E-17	8.607590E-18	5.793388E-18	4.359750E-18	3.292852E-18	2.370573E-18	3.390599E-19	3.170777E-19	2.937085E-19	2.697144E-19	2.457298E-19	2.222637E-19	1.997074E-19	1.783465E-19	1.583747E-19	1.399081E-19	1.229992E-19	1.076502E-19	9.382497E-20	8.145867E-20	7.046698E-20	6.075303E-20	5.221318E-20	4.474152E-20	3.823324E-20	3.258719E-20	2.770756E-20	2.350498E-20	
4.400995E-15	1.501894E-14	3.972589E-14	6.665878E-14	7.534507E-14	6.106882E-14	3.690002E-14	1.703223E-14	6.139167E-15	1.758052E-15	4.088468E-16	8.471190E-17	2.039655E-17	8.521992E-18	5.673960E-18	4.279426E-18	3.269352E-18	2.808455E-18	7.229806E-18	6.475462E-17	1.614757E-16	1.494504E-16	1.294712E-16	1.105795E-16	9.242789E-17	8.061126E-17	6.357834E-17	5.397541E-17	5.579147E-17	4.518186E-17	4.498465E-17	7.891380E-20	6.819885E-20	5.874021E-20	5.043411E-20	4.317497E-20	3.685871E-20	3.138515E-20	2.665964E-20	2.259412E-20	
4.636539E-15	1.771668E-14	4.791840E-14	7.986779E-14	8.925869E-14	7.140159E-14	4.251377E-14	1.931863E-14	6.854504E-15	1.932845E-15	4.424423E-16	8.975642E-17	2.082142E-17	8.406003E-18	5.540814E-18	4.187716E-18	3.202883E-18	2.737298E-18	6.947220E-18	6.322107E-17	1.616162E-16	1.501978E-16	1.306089E-16	1.116669E-16	9.336199E-17	7.675455E-17	6.269036E-17	5.687776E-17	5.637271E-17	2.891911E-17	5.426127E-17	7.614280E-20	6.573173E-20	5.655307E-20	4.850296E-20	4.147627E-20	3.536976E-20	3.008439E-20	2.552684E-20	2.161049E-20	
4.942753E-15	2.116516E-14	5.815605E-14	9.600266E-14	1.058325E-13	8.333200E-14	4.873892E-14	2.172877E-14	7.563621E-15	2.093933E-15	4.707772E-16	9.350238E-17	2.096823E-17	8.212384E-18	5.367563E-18	4.059242E-18	2.961268E-18	3.374306E-19	3.178474E-19	2.962634E-19	2.735231E-19	2.503474E-19	2.273294E-19	2.049383E-19	1.835288E-19	1.633539E-19	1.445790E-19	1.272966E-19	1.115402E-19	9.729715E-20	8.452019E-20	7.313705E-20	6.305873E-20	5.418617E-20	4.641553E-20	3.964224E-20	3.376407E-20	2.868327E-20	2.430804E-20	2.055341E-20	
5.343003E-15	2.557974E-14	7.090958E-14	1.155750E-13	1.253477E-13	9.684319E-14	5.541820E-14	2.413177E-14	8.203781E-15	2.220656E-15	4.887871E-16	9.497195E-17	2.066131E-17	7.894058E-18	5.131722E-18	3.893337E-18	2.701332E-18	3.288259E-19	3.093143E-19	2.879098E-19	2.654407E-19	2.426108E-19	2.199961E-19	1.980497E-19	1.771114E-19	1.574210E-19	1.391327E-19	1.223296E-19	1.070379E-19	9.323902E-20	8.088164E-20	6.989070E-20	6.017556E-20	5.163653E-20	4.416988E-20	3.767178E-20	3.204118E-20	2.718186E-20	2.300372E-20	1.942363E-20	
5.874484E-15	3.130965E-14	8.702340E-14	1.397291E-13	1.488243E-13	1.125211E-13	6.275496E-14	2.656170E-14	8.771333E-15	2.309033E-15	4.950889E-16	9.385425E-17	1.984617E-17	7.433333E-18	4.825715E-18	3.707748E-18	2.816139E-18	1.512633E-18	2.999655E-19	2.787709E-19	2.566114E-19	2.341716E-19	2.120087E-19	1.905577E-19	1.701421E-19	1.509875E-19	1.332356E-19	1.169596E-19	1.021774E-19	8.886454E-20	7.696527E-20	6.640165E-20	5.708145E-20	4.890440E-20	4.176706E-20	3.556653E-20	3.020317E-20	2.558247E-20	2.161632E-20	1.822366E-20	
6.577500E-15	3.869214E-14	1.072296E-13	1.694299E-13	1.771548E-13	1.308916E-13	7.092537E-14	2.904344E-14	9.260737E-15	2.354506E-15	4.878879E-16	8.959933E-17	1.835029E-17	6.734833E-18	4.373941E-18	3.367868E-18	2.275926E-18	3.090575E-19	2.897547E-19	2.688055E-19	2.469994E-19	2.249996E-19	2.033420E-19	1.824421E-19	1.626055E-19	1.440418E-19	1.268797E-19	1.111814E-19	9.695622E-20	8.417337E-20	7.277242E-20	6.267254E-20	5.377998E-20	4.599404E-20	3.921177E-20	3.333143E-20	2.825503E-20	2.389009E-20	2.015070E-20	1.695813E-20	
7.471164E-15	4.772076E-14	1.310773E-13	2.036454E-13	2.091240E-13	1.508812E-13	7.920895E-14	3.122212E-14	9.541032E-15	2.318173E-15	4.568836E-16	7.947529E-17	1.529209E-17	5.265223E-18	3.287118E-18	2.552722E-18	6.648469E-18	9.314900E-17	2.227525E-16	2.014190E-16	1.817464E-16	1.564393E-16	1.352850E-16	1.153280E-16	9.740246E-17	7.835394E-17	6.851434E-17	5.561066E-17	3.891392E-17	3.693394E-17	3.201199E-17	5.871193E-20	5.028018E-20	4.291467E-20	3.651319E-20	3.097543E-20	2.620538E-20	2.211286E-20	1.861448E-20	1.563413E-20	
8.572203E-15	5.821195E-14	1.581020E-13	2.424156E-13	2.465113E-13	1.752613E-13	9.004699E-14	3.456698E-14	1.027664E-14	2.433222E-15	4.692479E-16	8.009374E-17	1.515701E-17	5.172303E-18	3.231236E-18	2.636564E-18	9.536885E-18	1.249484E-16	2.284714E-16	2.026225E-16	1.827817E-16	1.572499E-16	1.352219E-16	1.152215E-16	9.875254E-17	7.882978E-17	6.534386E-17	5.694142E-17	6.046276E-17	5.624295E-17	4.076779E-17	5.453567E-20	4.659769E-20	3.968147E-20	3.368582E-20	2.851225E-20	2.406704E-20	2.026266E-20	1.701858E-20	1.426160E-20	
9.965633E-15	7.080824E-14	1.890725E-13	2.860853E-13	2.885085E-13	2.024623E-13	1.019042E-13	3.812392E-14	1.103378E-14	2.547619E-15	4.810750E-16	8.064257E-17	1.502436E-17	5.084705E-18	3.185929E-18	2.875403E-18	1.586582E-17	1.670782E-16	2.334243E-16	2.038884E-16	1.839721E-16	1.577564E-16	1.364382E-16	1.158089E-16	1.000300E-16	8.267580E-17	6.983326E-17	6.630628E-17	5.665598E-17	3.974391E-17	2.008363E-17	5.016790E-20	4.275562E-20	3.631629E-20	3.075014E-20	2.596085E-20	2.185743E-20	1.835538E-20	1.537738E-20	1.285349E-20	
1.165467E-14	8.506276E-14	2.222871E-13	3.322408E-13	3.331580E-13	2.313361E-13	1.142397E-13	4.169860E-14	1.176117E-14	2.651163E-15	4.907916E-16	8.090565E-17	1.486045E-17	4.993051E-18	3.146958E-18	3.296111E-18	2.600564E-17	2.021818E-16	2.363471E-16	2.048339E-16	1.845996E-16	1.593722E-16	1.371352E-16	1.154923E-16	1.002998E-16	8.072211E-17	7.018616E-17	5.634702E-17	4.393604E-17	3.926650E-17	1.931226E-17	4.564255E-20	3.878581E-20	3.284870E-20	2.773335E-20	2.334610E-20	1.959911E-20	1.641135E-20	1.370909E-20	1.142601E-20	
1.374690E-14	1.016808E-13	2.596446E-13	3.845375E-13	3.849986E-13	2.654409E-13	1.288478E-13	4.592719E-14	1.262813E-14	2.779240E-15	5.042214E-16	8.172713E-17	1.479633E-17	4.929241E-18	3.093527E-18	3.130852E-18	2.347938E-17	1.970536E-16	2.371426E-16	2.056033E-16	1.851964E-16	1.592754E-16	1.367722E-16	1.171807E-16	1.005757E-16	8.458852E-17	6.795027E-17	6.120944E-17	4.187385E-17	5.071980E-17	1.194468E-17	4.100386E-20	3.472916E-20	2.931620E-20	2.466958E-20	2.069881E-20	1.731973E-20	1.445521E-20	1.203556E-20	9.998437E-21	
1.613307E-14	1.189951E-13	2.965246E-13	4.364939E-13	4.384436E-13	3.015051E-13	1.442919E-13	5.032148E-14	1.350613E-14	2.904867E-15	5.168401E-16	8.241594E-17	1.471450E-17	4.862450E-18	3.051374E-18	3.234200E-18	2.667466E-17	2.059133E-16	2.382086E-16	2.062607E-16	1.861922E-16	1.605571E-16	1.378986E-16	1.178784E-16	9.981761E-17	8.421649E-17	6.852868E-17	6.169171E-17	4.572029E-17	3.786156E-17	4.538053E-17	3.630723E-20	3.063623E-20	2.576460E-20	2.160002E-20	1.805579E-20	1.505195E-20	1.251582E-20	1.038214E-20	8.592912E-21	
1.860895E-14	1.343647E-13	3.255564E-13	4.765676E-13	4.814769E-13	3.311398E-13	1.565362E-13	5.350667E-14	1.405075E-14	2.961756E-15	5.186224E-16	8.164011E-17	1.442189E-17	4.737128E-18	2.898843E-18	1.640198E-18	2.255438E-19	2.095345E-19	1.923776E-19	1.747584E-19	1.572341E-19	1.402381E-19	1.240888E-19	1.090043E-19	9.511794E-20	8.249420E-20	7.114362E-20	6.103628E-20	5.211333E-20	4.429671E-20	3.749685E-20	3.161878E-20	2.656671E-20	2.224736E-20	1.857222E-20	1.545907E-20	1.283274E-20	1.062547E-20	8.776883E-21	7.233717E-21	
2.165544E-14	1.521282E-13	3.591887E-13	5.249907E-13	5.357754E-13	3.698122E-13	1.729186E-13	5.794102E-14	1.487933E-14	3.071850E-15	5.287635E-16	8.210102E-17	1.433737E-17	4.667831E-18	2.723593E-18	2.212465E-19	2.072712E-19	1.916339E-19	1.750943E-19	1.582886E-19	1.417256E-19	1.257923E-19	1.107656E-19	9.682762E-20	8.408162E-20	7.256800E-20	6.227899E-20	5.317145E-20	4.517786E-20	3.821521E-20	3.219212E-20	2.701419E-20	2.258807E-20	1.882420E-20	1.563872E-20	1.295457E-20	1.070198E-20	8.818622E-21	7.249431E-21	5.946196E-21	
2.482783E-14	1.678675E-13	3.862873E-13	5.647311E-13	5.840822E-13	4.061846E-13	1.883408E-13	6.195774E-14	1.557933E-14	3.154259E-15	5.345159E-16	8.198068E-17	1.417537E-17	4.603273E-18	2.897880E-18	3.662626E-18	3.942996E-17	2.303425E-16	2.415550E-16	2.082874E-16	1.879975E-16	1.617777E-16	1.390515E-16	1.192192E-16	9.987978E-17	8.285020E-17	6.866797E-17	5.900593E-17	6.067671E-17	3.641053E-17	2.912564E-17	2.257659E-20	1.877347E-20	1.555908E-20	1.285504E-20	1.059018E-20	8.700729E-21	7.130285E-21	5.829458E-21	4.755380E-21	
2.824618E-14	1.825823E-13	4.102102E-13	6.010420E-13	6.318617E-13	4.443519E-13	2.047571E-13	6.619394E-14	1.630639E-14	3.239239E-15	5.406157E-16	8.194295E-17	1.403122E-17	4.516495E-18	2.638952E-18	1.821463E-19	1.686502E-19	1.540991E-19	1.391429E-19	1.243045E-19	1.099826E-19	9.646314E-20	8.393446E-20	7.250379E-20	6.221403E-20	5.305903E-20	4.499712E-20	3.796241E-20	3.187402E-20	2.664329E-20	2.217923E-20	1.839245E-20	1.519788E-20	1.251650E-20	1.027630E-20	8.412680E-21	6.868440E-21	5.593513E-21	4.544490E-21	3.684050E-21	
3.168441E-14	1.945198E-13	4.271197E-13	6.274460E-13	6.713228E-13	4.787373E-13	2.195929E-13	6.981458E-14	1.686207E-14	3.290405E-15	5.417424E-16	8.129689E-17	1.381290E-17	4.437887E-18	2.758496E-18	3.047963E-18	2.875441E-17	2.173440E-16	2.448701E-16	2.105127E-16	1.889789E-16	1.632025E-16	1.399459E-16	1.177670E-16	1.023502E-16	8.417935E-17	7.173729E-17	5.763454E-17	5.687716E-17	4.023851E-17	5.621865E-17	1.454655E-20	1.193341E-20	9.757288E-21	7.953380E-21	6.464307E-21	5.239898E-21	4.236731E-21	3.417571E-21	2.750734E-21	
3.521093E-14	2.045964E-13	4.400346E-13	6.484068E-13	7.066703E-13	5.123167E-13	2.342429E-13	7.326040E-14	1.735198E-14	3.328087E-15	5.410613E-16	8.048409E-17	1.358324E-17	4.346800E-18	2.686346E-18	2.767141E-18	2.361365E-17	2.062373E-16	2.437025E-16	2.104721E-16	1.899769E-16	1.633958E-16	1.413576E-16	1.193161E-16	1.034548E-16	8.093153E-17	7.452496E-17	5.855199E-17	4.875134E-17	4.279874E-17	4.153757E-17	1.111515E-20	9.043145E-21	7.333110E-21	5.928152E-21	4.778625E-21	3.841688E-21	3.080729E-21	2.464727E-21	1.967587E-21	
3.855972E-14	2.114235E-13	4.459360E-13	6.583791E-13	7.300407E-13	5.385863E-13	2.455174E-13	7.549149E-14	1.753326E-14	3.309063E-15	5.324461E-16	7.874405E-17	1.324135E-17	4.244375E-18	2.821875E-18	7.481299E-18	1.066855E-16	2.662231E-16	2.465842E-16	2.112708E-16	1.908824E-16	1.641551E-16	1.413291E-16	1.187688E-16	1.011570E-16	8.295869E-17	7.423924E-17	5.665139E-17	6.191574E-17	3.664545E-17	5.425825E-17	8.158364E-21	6.574582E-21	5.280841E-21	4.228689E-21	3.376497E-21	2.688860E-21	2.135936E-21	1.692771E-21	1.338641E-21	
4.177163E-14	2.160515E-13	4.477671E-13	6.617264E-13	7.453060E-13	5.597144E-13	2.542540E-13	7.674025E-14	1.745841E-14	3.243352E-15	5.174694E-16	7.631258E-17	1.281675E-17	4.060865E-18	1.863126E-18	1.009470E-19	9.016883E-20	7.947137E-20	6.921053E-20	5.963066E-20	5.088150E-20	4.303680E-20	3.611243E-20	3.008260E-20	2.489347E-20	2.047416E-20	1.674524E-20	1.362486E-20	1.103318E-20	8.895126E-21	7.142126E-21	5.712878E-21	4.553561E-21	3.617621E-21	2.865292E-21	2.262972E-21	1.782531E-21	1.400620E-21	1.097994E-21	8.589013E-22	
4.478318E-14	2.188808E-13	4.466390E-13	6.600068E-13	7.534266E-13	5.757995E-13	2.603454E-13	7.693396E-14	1.710257E-14	3.124887E-15	4.949992E-16	7.305090E-17	1.231577E-17	3.951008E-18	2.338946E-18	8.203921E-20	7.235424E-20	6.296275E-20	5.413781E-20	4.605189E-20	3.879569E-20	3.239724E-20	2.683921E-20	2.207370E-20	1.803410E-20	1.464430E-20	1.182527E-20	9.499792E-21	7.595391E-21	6.046095E-21	4.793246E-21	3.785671E-21	2.979418E-21	2.337236E-21	1.827910E-21	1.425538E-21	1.108813E-21	8.603413E-22	6.660212E-22	5.144900E-22	
4.750536E-14	2.201542E-13	4.430850E-13	6.539086E-13	7.544737E-13	5.860871E-13	2.632101E-13	7.581714E-14	1.638457E-14	2.933128E-15	4.609510E-16	6.835892E-17	1.164602E-17	3.804223E-18	2.753804E-18	1.263652E-17	1.639131E-16	2.764054E-16	2.493317E-16	2.131543E-16	1.930088E-16	1.664978E-16	1.433386E-16	1.224992E-16	1.046934E-16	8.467239E-17	7.331701E-17	6.545643E-17	6.143136E-17	5.461921E-17	5.706293E-17	2.351300E-21	1.823568E-21	1.409700E-21	1.086478E-21	8.350168E-22	6.400796E-22	4.894572E-22	3.734304E-22	2.843060E-22	
4.992115E-14	2.204386E-13	4.383305E-13	6.454691E-13	7.506951E-13	5.918628E-13	2.632810E-13	7.344561E-14	1.527662E-14	2.647813E-15	4.086090E-16	6.090952E-17	1.063680E-17	3.912859E-18	9.321656E-18	1.283628E-16	2.982522E-16	2.839820E-16	2.517558E-16	2.142962E-16	1.934396E-16	1.667625E-16	1.434511E-16	1.220334E-16	1.034132E-16	8.675291E-17	7.424933E-17	6.139406E-17	4.307025E-17	5.176658E-17	5.624968E-17	1.353661E-21	1.032127E-21	7.844345E-22	5.944005E-22	4.491506E-22	3.385162E-22	2.545185E-22	1.909346E-22	1.429361E-22	
5.205575E-14	2.203335E-13	4.336507E-13	6.369751E-13	7.452639E-13	5.957419E-13	2.618771E-13	7.018961E-14	1.381245E-14	2.243631E-15	3.219204E-16	4.550290E-17	7.743745E-18	9.496131E-19	4.164699E-20	3.540920E-20	2.965273E-20	2.449941E-20	1.999960E-20	1.615121E-20	1.291740E-20	1.024088E-20	8.054614E-21	6.289386E-21	4.878669E-21	3.761548E-21	2.884167E-21	2.200169E-21	1.670504E-21	1.262851E-21	9.508495E-22	7.132738E-22	5.332165E-22	3.973396E-22	2.952097E-22	2.187264E-22	1.616435E-22	1.191737E-22	8.766778E-23	6.435838E-23	
5.022981E-14	2.022977E-13	3.988662E-13	5.905748E-13	7.085554E-13	5.823859E-13	2.576201E-13	6.775658E-14	1.295978E-14	2.026847E-15	2.735953E-16	3.487784E-17	5.066874E-18	5.996049E-19	2.933458E-20	2.437067E-20	1.994199E-20	1.609926E-20	1.284148E-20	1.013309E-20	7.918772E-21	6.134372E-21	4.714482E-21	3.597170E-21	2.726627E-21	2.054336E-21	1.539271E-21	1.147495E-21	8.514376E-22	6.290409E-22	4.628835E-22	3.393603E-22	2.479508E-22	1.805900E-22	1.311431E-22	9.497570E-23	6.860883E-23	4.944547E-23	3.555703E-23	2.551789E-23	
4.578018E-14	1.741860E-13	3.436623E-13	5.144010E-13	6.378553E-13	5.419861E-13	2.438258E-13	6.400008E-14	1.220812E-14	1.908981E-15	2.588128E-16	3.312728E-17	4.639714E-18	2.380311E-20	1.957528E-20	1.583303E-20	1.261372E-20	9.914201E-21	7.699167E-21	5.914941E-21	4.500394E-21	3.394328E-21	2.539900E-21	1.886911E-21	1.392624E-21	1.021664E-21	7.454031E-22	5.411009E-22	3.909705E-22	2.812850E-22	2.015715E-22	1.439203E-22	1.024105E-22	7.264491E-23	5.138123E-23	3.624388E-23	2.550242E-23	1.790291E-23	1.254108E-23	8.767670E-24	
4.226567E-14	1.527599E-13	2.985692E-13	4.489070E-13	5.702451E-13	4.981915E-13	2.275089E-13	5.980668E-14	1.143578E-14	1.795139E-15	2.449826E-16	3.117861E-17	1.621820E-18	1.546192E-20	1.232630E-20	9.668154E-21	7.469779E-21	5.693946E-21	4.288391E-21	3.195224E-21	2.357811E-21	1.724760E-21	1.251750E-21	9.019647E-22	6.456851E-22	4.594689E-22	3.251723E-22	2.289752E-22	1.604931E-22	1.120149E-22	7.787361E-23	5.394250E-23	3.724068E-23	2.563063E-23	1.758963E-23	1.203935E-23	8.220232E-24	5.599890E-24	3.806830E-24	2.582885E-24	
3.809757E-14	1.306681E-13	2.493005E-13	3.728504E-13	4.825949E-13	4.340446E-13	2.022848E-13	5.376420E-14	1.040632E-14	1.651481E-15	2.283163E-16	3.035016E-17	1.051750E-17	1.060322E-16	3.738160E-16	3.855525E-16	3.312847E-16	3.000871E-16	2.679854E-16	2.239178E-16	2.017618E-16	1.736814E-16	1.499163E-16	1.275791E-16	1.089094E-16	8.641353E-17	7.364742E-17	7.068985E-17	5.937174E-17	4.347899E-17	2.292341E-17	1.792331E-23	1.196069E-23	7.957342E-24	5.279044E-24	3.493103E-24	2.305806E-24	1.518692E-24	9.982216E-25	6.548834E-25	
3.359878E-14	1.089107E-13	1.971504E-13	2.847732E-13	3.674105E-13	3.421598E-13	1.657325E-13	4.552021E-14	9.077735E-15	1.471692E-15	2.070785E-16	2.565976E-17	9.917504E-21	7.571591E-21	5.728435E-21	4.268978E-21	3.134563E-21	2.270916E-21	1.625604E-21	1.151244E-21	8.074867E-22	5.614760E-22	3.873593E-22	2.653375E-22	1.805770E-22	1.221662E-22	8.220230E-23	5.503727E-23	3.668144E-23	2.434512E-23	1.609526E-23	1.060319E-23	6.962219E-24	4.557659E-24	2.975231E-24	1.937215E-24	1.258346E-24	8.155823E-25	5.275411E-25	3.405926E-25	
2.891286E-14	8.757665E-14	1.410156E-13	1.729661E-13	1.760720E-13	1.353974E-13	6.297632E-14	2.183049E-14	6.120514E-15	1.163796E-15	7.787958E-17	1.333871E-20	9.917503E-21	7.571591E-21	5.728435E-21	4.268978E-21	3.134563E-21	2.270916E-21	1.625604E-21	1.151244E-21	8.074867E-22	5.614760E-22	3.873593E-22	2.653375E-22	1.805770E-22	1.221662E-22	8.220230E-23	5.503727E-23	3.668144E-23	2.434512E-23	1.609526E-23	1.060319E-23	6.962219E-24	4.557659E-24	2.975231E-24	1.937215E-24	1.258346E-24	8.155823E-25	5.275411E-25	3.405926E-25	
3.628280E-15	6.817418E-15	9.004504E-15	8.809039E-15	6.512855E-15	2.639379E-15	2.135288E-13	2.293829E-12	7.574602E-13	1.964025E-13	3.988660E-14	7.376575E-15	1.538634E-15	5.945371E-16	4.463709E-16	4.021526E-16	3.679485E-16	3.324288E-16	3.066801E-16	2.370056E-16	2.132886E-16	1.841795E-16	1.588438E-16	1.367835E-16	1.133910E-16	9.829696E-17	8.080180E-17	7.608873E-17	5.081408E-17	3.602114E-17	3.279583E-17	2.450124E-17	6.962219E-24	4.557659E-24	2.975231E-24	1.937215E-24	1.258346E-24	8.155823E-25	5.275411E-25	3.405926E-25	
3.631735E-15	6.832132E-15	9.007474E-15	8.809234E-15	6.512175E-15	2.381697E-15	3.424325E-14	2.183352E-12	7.485808E-13	1.962404E-13	3.988222E-14	7.361960E-15	1.543782E-15	5.911809E-16	4.492467E-16	4.015947E-16	3.642995E-16	3.324335E-16	3.063290E-16	2.371602E-16	2.132039E-16	1.841022E-16	1.587807E-16	1.362977E-16	1.137926E-16	9.762036E-17	8.415791E-17	7.588933E-17	6.011631E-17	3.871136E-17	5.811035E-17	5.672506E-17	6.962219E-24	4.557659E-24	2.975231E-24	1.937215E-24	1.258346E-24	8.155823E-25	5.275411E-25	3.405926E-25	
3.633008E-15	6.843551E-15	9.010751E-15	8.809448E-15	6.512391E-15	2.468932E-15	9.623105E-14	2.233566E-12	7.700628E-13	1.967963E-13	3.969314E-14	7.372474E-15	1.537094E-15	5.947929E-16	4.462808E-16	4.019723E-16	3.676156E-16	3.322170E-16	3.069142E-16	2.368983E-16	2.134403E-16	1.843459E-16	1.593591E-16	1.356759E-16	1.130773E-16	9.579760E-17	8.130521E-17	7.490798E-17	5.121887E-17	5.848666E-17	4.685830E-17	1.317391E-17	6.962219E-24	4.557659E-24	2.975231E-24	1.937215E-24	1.258346E-24	8.155823E-25	5.275411E-25	3.405926E-25	
3.633666E-15	6.852613E-15	9.014341E-15	8.809681E-15	6.512430E-15	2.485475E-15	1.078456E-13	2.245401E-12	7.582444E-13	1.961871E-13	3.989607E-14	7.383795E-15	1.540308E-15	5.946441E-16	4.450462E-16	4.022498E-16	3.674600E-16	3.321340E-16	3.069800E-16	2.369568E-16	2.134556E-16	1.842315E-16	1.592281E-16	1.361581E-16	1.129983E-16	9.831216E-17	8.092495E-17	7.207183E-17	6.055937E-17	4.938105E-17	2.595858E-17	2.618662E-17	6.962219E-24	4.557659E-24	2.975231E-24	1.937215E-24	1.258346E-24	8.155823E-25	5.275411E-25	3.405926E-25	
3.634065E-15	6.859934E-15	9.018249E-15	8.809938E-15	6.512561E-15	2.535740E-15	1.427748E-13	2.277561E-12	7.536862E-13	1.963252E-13	3.992271E-14	7.373157E-15	1.541532E-15	5.943471E-16	4.453388E-16	4.021217E-16	3.681676E-16	3.322037E-16	3.067935E-16	2.369485E-16	2.133508E-16	1.840666E-16	1.591089E-16	1.364596E-16	1.134964E-16	9.772519E-17	8.144454E-17	7.064227E-17	6.602109E-17	4.673545E-17	3.202922E-17	2.379896E-17	6.962219E-24	4.557659E-24	2.975231E-24	1.937215E-24	1.258346E-24	8.155823E-25	5.275411E-25	3.405926E-25	
3.634331E-15	6.865936E-15	9.022479E-15	8.810221E-15	6.511994E-15	2.321094E-15	3.611824E-18	9.672802E-19	2.101106E-19	5.264125E-20	2.119653E-20	1.333867E-20	9.917499E-21	7.571590E-21	5.728434E-21	4.268977E-21	3.134563E-21	2.270916E-21	1.625604E-21	1.151244E-21	8.074866E-22	5.614760E-22	3.873593E-22	2.653375E-22	1.805770E-22	1.221662E-22	8.220230E-23	5.503727E-23	3.668144E-23	2.434512E-23	1.609526E-23	1.060319E-23	6.962219E-24	4.557659E-24	2.975231E-24	1.937215E-24	1.258346E-24	8.155823E-25	5.275411E-25	3.405926E-25	
3.634521E-15	6.870915E-15	9.027034E-15	8.810541E-15	6.511917E-15	2.284759E-15	3.611824E-18	9.672802E-19	2.101106E-19	5.264125E-20	2.119653E-20	1.333867E-20	9.917499E-21	7.571590E-21	5.728434E-21	4.268977E-21	3.134563E-21	2.270916E-21	1.625604E-21	1.151244E-21	8.074866E-22	5.614760E-22	3.873593E-22	2.653375E-22	1.805770E-22	1.221662E-22	8.220230E-23	5.503727E-23	3.668144E-23	2.434512E-23	1.609526E-23	1.060319E-23	6.962219E-24	4.557659E-24	2.975231E-24	1.937215E-24	1.258346E-24	8.155823E-25	5.275411E-25	3.405926E-25	
3.634661E-15	6.875086E-15	9.031910E-15	8.810776E-15	6.510662E-15	2.244626E-15	3.611824E-18	9.672802E-19	2.101106E-19	5.264125E-20	2.119653E-20	1.333867E-20	9.917499E-21	7.571590E-21	5.728434E-21	4.268977E-21	3.134563E-21	2.270916E-21	1.625604E-21	1.151244E-21	8.074866E-22	5.614760E-22	3.873593E-22	2.653375E-22	1.805770E-22	1.221662E-22	8.220230E-23	5.503727E-23	3.668144E-23	2.434512E-23	1.609526E-23	1.060319E-23	6.962219E-24	4.557659E-24	2.975231E-24	1.937215E-24	1.258346E-24	8.155823E-25	5.275411E-25	3.405926E-25	
3.634769E-15	6.878610E-15	9.037114E-15	8.811309E-15	6.512601E-15	2.537529E-15	1.440493E-13	2.279496E-12	7.475877E-13	1.964474E-13	3.979309E-14	7.380489E-15	1.537732E-15	5.945358E-16	4.457957E-16	4.022384E-16	3.679029E-16	3.322593E-16	3.069075E-16	2.371081E-16	2.135038E-16	1.842703E-16	1.587757E-16	1.368348E-16	1.134429E-16	9.971994E-17	8.277449E-17	7.270052E-17	5.456292E-17	3.955574E-17	2.733263E-17	2.102330E-17	6.962219E-24	4.557659E-24	2.975231E-24	1.937215E-24	1.258346E-24	8.155823E-25	5.275411E-25	3.405926E-25	
3.634854E-15	6.881608E-15	9.042628E-15	8.811766E-15	6.512275E-15	2.405746E-15	5.150645E-14	2.212896E-12	7.583645E-13	1.963128E-13	3.976484E-14	7.375799E-15	1.531046E-15	5.935265E-16	4.472546E-16	4.014578E-16	3.671007E-16	3.323013E-16	3.077186E-16	2.369869E-16	2.134067E-16	1.843975E-16	1.597289E-16	1.354513E-16	1.134249E-16	9.914164E-17	8.658643E-17	6.872160E-17	5.755372E-17	3.999988E-17	4.683259E-17	2.352735E-17	6.962219E-24	4.557659E-24	2.975231E-24	1.937215E-24	1.258346E-24	8.155823E-25	5.275411E-25	3.405926E-25	
3.634922E-15	6.884174E-15	9.048444E-15	8.812284E-15	6.512251E-15	2.390178E-15	4.029779E-14	2.184909E-12	7.697532E-13	1.965586E-13	4.000610E-14	7.356427E-15	1.534792E-15	5.939723E-16	4.467869E-16	4.020979E-16	3.674623E-16	3.314339E-16	3.073439E-16	2.369792E-16	2.137486E-16	1.848364E-16	1.587615E-16	1.364296E-16	1.121358E-16	9.537942E-17	8.283761E-17	6.763473E-17	5.124005E-17	4.544806E-17	5.893465E-17	6.259358E-17	6.962219E-24	4.557659E-24	2.975231E-24	1.937215E-24	1.258346E-24	8.155823E-25	5.275411E-25	3.405926E-25	
3.634978E-15	6.886382E-15	9.054544E-15	8.812872E-15	6.512098E-15	2.323305E-15	3.611824E-18	9.672802E-19	2.101106E-19	5.264125E-20	2.119653E-20	1.333867E-20	9.917499E-21	7.571590E-21	5.728434E-21	4.268977E-21	3.134563E-21	2.270916E-21	1.625604E-21	1.151244E-21	8.074866E-22	5.614760E-22	3.873593E-22	2.653375E-22	1.805770E-22	1.221662E-22	8.220230E-23	5.503727E-23	3.668144E-23	2.434512E-23	1.609526E-23	1.060319E-23	6.962219E-24	4.557659E-24	2.975231E-24	1.937215E-24	1.258346E-24	8.155823E-25	5.275411E-25	3.405926E-25	
3.635024E-15	6.888290E-15	9.060905E-15	8.813538E-15	6.512123E-15	2.329004E-15	3.611824E-18	9.672802E-19	2.101106E-19	5.264125E-20	2.119653E-20	1.333867E-20	9.917499E-21	7.571590E-21	5.728434E-21	4.268977E-21	3.134563E-21	2.270916E-21	1.625604E-21	1.151244E-21	8.074866E-22	5.614760E-22	3.873593E-22	2.653375E-22	1.805770E-22	1.221662E-22	8.220230E-23	5.503727E-23	3.668144E-23	2.434512E-23	1.609526E-23	1.060319E-23	6.962219E-24	4.557659E-24	2.975231E-24	1.937215E-24	1.258346E-24	8.155823E-25	5.275411E-25	3.405926E-25	
3.635062E-15	6.889944E-15	9.067492E-15	8.814168E-15	6.510787E-15	2.257955E-15	3.611824E-18	9.672802E-19	2.101106E-19	5.264125E-20	2.119653E-20	1.333867E-20	9.917499E-21	7.571590E-21	5.728434E-21	4.268977E-21	3.134563E-21	2.270916E-21	1.625604E-21	1.151244E-21	8.074866E-22	5.614760E-22	3.873593E-22	2.653375E-22	1.805770E-22	1.221662E-22	8.220230E-23	5.503727E-23	3.668144E-23	2.434512E-23	1.609526E-23	1.060319E-23	6.962219E-24	4.557659E-24	2.975231E-24	1.937215E-24	1.258346E-24	8.155823E-25	5.275411E-25	3.405926E-25	
3.635094E-15	6.891384E-15	9.074281E-15	8.815023E-15	6.510755E-15	2.235725E-15	3.611824E-18	9.672802E-19	2.101106E-19	5.264125E-20	2.119653E-20	1.333867E-20	9.917499E-21	7.571590E-21	5.728434E-21	4.268977E-21	3.134563E-21	2.270916E-21	1.625604E-21	1.151244E-21	8.074866E-22	5.614760E-22	3.873593E-22	2.653375E-22	1.805770E-22	1.221662E-22	8.220230E-23	5.503727E-23	3.668144E-23	2.434512E-23	1.609526E-23	1.060319E-23	6.962219E-24	4.557659E-24	2.975231E-24	1.937215E-24	1.258346E-24	8.155823E-25	5.275411E-25	3.405926E-25	
3.635122E-15	6.892639E-15	9.081232E-15	8.816116E-15	6.512170E-15	2.322859E-15	3.611824E-18	9.672802E-19	2.101106E-19	5.264125E-20	2.119653E-20	1.333867E-20	9.917499E-21	7.571590E-21	5.728434E-21	4.268977E-21	3.134563E-21	2.270916E-21	1.625604E-21	1.151244E-21	8.074866E-22	5.614760E-22	3.873593E-22	2.653375E-22	1.805770E-22	1.221662E-22	8.220230E-23	5.503727E-23	3.668144E-23	2.434512E-23	1.609526E-23	1.060319E-23	6.962219E-24	4.557659E-24	2.975231E-24	1.937215E-24	1.258346E-24	8.155823E-25	5.275411E-25	3.405926E-25	
