5.204550E-03	2.875224E-06	2.913408E-06	6.050709E-17	4.457037E-20	
5.204490E-03	2.875189E-06	2.913373E-06	8.030941E-17	5.585962E-19	
5.204480E-03	2.875184E-06	2.913367E-06	1.760206E-17	0.000000E+00	
5.204469E-03	2.875178E-06	2.913361E-06	0.000000E+00	0.000000E+00	
5.204457E-03	2.875172E-06	2.913354E-06	4.400516E-17	0.000000E+00	
5.204445E-03	2.875165E-06	2.913347E-06	0.000000E+00	0.000000E+00	
5.204432E-03	2.875157E-06	2.913340E-06	3.190374E-17	0.000000E+00	
5.204418E-03	2.875149E-06	2.913332E-06	4.510528E-17	3.846410E-21	
5.204402E-03	2.875141E-06	2.913323E-06	5.610657E-17	6.484902E-19	
5.204386E-03	2.875131E-06	2.913314E-06	0.000000E+00	0.000000E+00	
5.204368E-03	2.875122E-06	2.913304E-06	2.420284E-17	4.487169E-19	
5.204350E-03	2.875111E-06	2.913293E-06	0.000000E+00	0.000000E+00	
5.204329E-03	2.875100E-06	2.913282E-06	0.000000E+00	0.000000E+00	
5.204308E-03	2.875088E-06	2.913269E-06	0.000000E+00	0.000000E+00	
5.204285E-03	2.875075E-06	2.913256E-06	1.287151E-16	1.186724E-18	
5.204260E-03	2.875061E-06	2.913242E-06	9.461108E-17	2.116893E-19	
5.204234E-03	2.875047E-06	2.913227E-06	0.000000E+00	0.000000E+00	
5.204206E-03	2.875031E-06	2.913211E-06	0.000000E+00	0.000000E+00	
5.204176E-03	2.875014E-06	2.913194E-06	2.530296E-17	0.000000E+00	
5.204144E-03	2.874996E-06	2.913176E-06	9.791147E-17	8.359711E-19	
5.204109E-03	2.874977E-06	2.913157E-06	2.530296E-17	0.000000E+00	
5.204073E-03	2.874957E-06	2.913136E-06	1.320155E-17	7.337846E-20	
5.204034E-03	2.874935E-06	2.913114E-06	0.000000E+00	0.000000E+00	
5.203992E-03	2.874912E-06	2.913090E-06	5.610657E-17	6.484902E-19	
5.203948E-03	2.874887E-06	2.913065E-06	6.710786E-17	7.545232E-19	
5.203901E-03	2.874861E-06	2.913039E-06	0.000000E+00	0.000000E+00	
5.203851E-03	2.874833E-06	2.913010E-06	0.000000E+00	0.000000E+00	
5.203797E-03	2.874803E-06	2.912980E-06	0.000000E+00	0.000000E+00	
5.203740E-03	2.874771E-06	2.912947E-06	7.480876E-17	5.055797E-19	
5.203679E-03	2.874737E-06	2.912913E-06	0.000000E+00	0.000000E+00	
5.203614E-03	2.874701E-06	2.912876E-06	0.000000E+00	0.000000E+00	
5.203545E-03	2.874662E-06	2.912837E-06	9.901160E-17	6.849912E-19	
5.203472E-03	2.874621E-06	2.912795E-06	0.000000E+00	5.674190E-19	
5.203394E-03	2.874578E-06	2.912751E-06	0.000000E+00	0.000000E+00	
5.203311E-03	2.874531E-06	2.912704E-06	3.300387E-18	3.549764E-19	
5.203222E-03	2.874482E-06	2.912654E-06	1.100129E-16	1.060330E-18	
5.203128E-03	2.874430E-06	2.912601E-06	0.000000E+00	0.000000E+00	
5.203028E-03	2.874374E-06	2.912544E-06	0.000000E+00	0.000000E+00	
5.202922E-03	2.874315E-06	2.912484E-06	5.610657E-17	6.484902E-19	
5.202809E-03	2.874251E-06	2.912420E-06	0.000000E+00	0.000000E+00	
5.202689E-03	2.874184E-06	2.912352E-06	1.870219E-17	3.957004E-19	
5.202561E-03	2.874113E-06	2.912279E-06	0.000000E+00	0.000000E+00	
5.202425E-03	2.874037E-06	2.912202E-06	1.100129E-18	6.569364E-19	
5.202281E-03	2.873957E-06	2.912120E-06	0.000000E+00	0.000000E+00	
5.202128E-03	2.873871E-06	2.912034E-06	0.000000E+00	0.000000E+00	
5.201965E-03	2.873781E-06	2.911941E-06	0.000000E+00	0.000000E+00	
5.201791E-03	2.873684E-06	2.911843E-06	0.000000E+00	0.000000E+00	
5.201608E-03	2.873581E-06	2.911739E-06	0.000000E+00	4.494701E-20	
5.201412E-03	2.873472E-06	2.911628E-06	0.000000E+00	0.000000E+00	
5.201205E-03	2.873357E-06	2.911511E-06	4.730554E-17	2.404974E-19	
5.200984E-03	2.873234E-06	2.911386E-06	0.000000E+00	0.000000E+00	
5.200750E-03	2.873103E-06	2.911253E-06	0.000000E+00	0.000000E+00	
5.200502E-03	2.872965E-06	2.911113E-06	8.691018E-17	9.992436E-19	
5.200238E-03	2.872818E-06	2.910963E-06	0.000000E+00	6.895908E-19	
5.199958E-03	2.872662E-06	2.910805E-06	2.970348E-17	0.000000E+00	
5.199661E-03	2.872496E-06	2.910636E-06	5.830683E-17	1.154447E-18	
5.199345E-03	2.872320E-06	2.910458E-06	0.000000E+00	0.000000E+00	
5.199010E-03	2.872133E-06	2.910268E-06	0.000000E+00	0.000000E+00	
5.198654E-03	2.871935E-06	2.910066E-06	0.000000E+00	0.000000E+00	
5.198277E-03	2.871724E-06	2.909853E-06	0.000000E+00	0.000000E+00	
5.197876E-03	2.871501E-06	2.909626E-06	2.420284E-17	1.794114E-19	
5.197451E-03	2.871264E-06	2.909385E-06	1.342157E-16	9.704355E-19	
5.197000E-03	2.871013E-06	2.909130E-06	0.000000E+00	0.000000E+00	
5.196522E-03	2.870746E-06	2.908859E-06	0.000000E+00	0.000000E+00	
5.196014E-03	2.870463E-06	2.908571E-06	7.040825E-17	1.109500E-18	
5.195475E-03	2.870163E-06	2.908266E-06	6.380747E-17	3.995468E-19	
5.194904E-03	2.869844E-06	2.907943E-06	0.000000E+00	0.000000E+00	
5.194297E-03	2.869506E-06	2.907599E-06	0.000000E+00	0.000000E+00	
5.193654E-03	2.869147E-06	2.907235E-06	0.000000E+00	0.000000E+00	
5.192971E-03	2.868767E-06	2.906849E-06	0.000000E+00	0.000000E+00	
5.192247E-03	2.868363E-06	2.906439E-06	1.320155E-17	7.337846E-20	
5.191480E-03	2.867935E-06	2.906004E-06	1.034121E-16	1.158293E-18	
5.190665E-03	2.867481E-06	2.905543E-06	0.000000E+00	9.796349E-20	
5.189801E-03	2.867000E-06	2.905054E-06	0.000000E+00	0.000000E+00	
5.188885E-03	2.866489E-06	2.904535E-06	0.000000E+00	0.000000E+00	
5.187913E-03	2.865947E-06	2.903985E-06	0.000000E+00	0.000000E+00	
5.186882E-03	2.865373E-06	2.903402E-06	2.200258E-17	4.813714E-19	
5.185789E-03	2.864764E-06	2.902783E-06	6.160722E-17	4.322013E-19	
5.184630E-03	2.864118E-06	2.902127E-06	0.000000E+00	0.000000E+00	
5.183400E-03	2.863432E-06	2.901431E-06	1.012119E-16	1.190948E-18	
5.182096E-03	2.862706E-06	2.900693E-06	1.078126E-16	8.236786E-19	
5.180713E-03	2.861935E-06	2.899910E-06	2.090245E-17	9.374044E-20	
5.179247E-03	2.861118E-06	2.899080E-06	0.000000E+00	0.000000E+00	
5.177692E-03	2.860251E-06	2.898200E-06	0.000000E+00	0.000000E+00	
5.176043E-03	2.859332E-06	2.897266E-06	3.300387E-18	3.549764E-19	
5.174295E-03	2.858358E-06	2.896277E-06	8.470992E-17	1.031898E-18	
5.172440E-03	2.857325E-06	2.895227E-06	0.000000E+00	0.000000E+00	
5.170474E-03	2.856229E-06	2.894115E-06	0.000000E+00	0.000000E+00	
5.168389E-03	2.855067E-06	2.892935E-06	1.320155E-17	7.337846E-20	
5.166178E-03	2.853835E-06	2.891683E-06	0.000000E+00	1.632725E-19	
5.163834E-03	2.852529E-06	2.890357E-06	0.000000E+00	0.000000E+00	
5.161348E-03	2.851144E-06	2.888950E-06	0.000000E+00	0.000000E+00	
5.142344E-03	2.888506E-06	2.933167E-06	0.000000E+00	9.796349E-20	
5.139611E-03	2.886957E-06	2.931590E-06	9.901160E-18	2.570129E-19	
5.136712E-03	2.885314E-06	2.929919E-06	0.000000E+00	1.390641E-19	
5.133639E-03	2.883573E-06	2.928146E-06	4.730554E-17	5.098028E-19	
5.130380E-03	2.881726E-06	2.926266E-06	6.270735E-17	1.089138E-18	
5.126924E-03	2.879767E-06	2.924273E-06	0.000000E+00	0.000000E+00	
5.123260E-03	2.877691E-06	2.922159E-06	0.000000E+00	0.000000E+00	
5.119373E-03	2.875488E-06	2.919918E-06	0.000000E+00	0.000000E+00	
5.115251E-03	2.873153E-06	2.917540E-06	9.791147E-17	1.105277E-18	
5.110880E-03	2.870676E-06	2.915019E-06	0.000000E+00	0.000000E+00	
5.106244E-03	2.868049E-06	2.912346E-06	0.000000E+00	0.000000E+00	
5.101327E-03	2.865263E-06	2.909510E-06	0.000000E+00	0.000000E+00	
5.096111E-03	2.862308E-06	2.906503E-06	1.870219E-17	3.957004E-19	
5.090580E-03	2.859173E-06	2.903313E-06	0.000000E+00	0.000000E+00	
5.084712E-03	2.855848E-06	2.899930E-06	0.000000E+00	0.000000E+00	
5.078487E-03	2.852322E-06	2.896341E-06	0.000000E+00	0.000000E+00	
5.071884E-03	2.848581E-06	2.892534E-06	2.860335E-17	6.527133E-19	
5.051383E-03	2.879235E-06	2.929167E-06	1.496175E-16	1.819076E-18	
5.044097E-03	2.875045E-06	2.924895E-06	3.520412E-17	2.854444E-19	
5.036367E-03	2.870600E-06	2.920363E-06	8.030941E-17	8.279017E-19	
5.028164E-03	2.865883E-06	2.915554E-06	2.970348E-17	0.000000E+00	
5.019460E-03	2.860879E-06	2.910451E-06	2.750322E-17	0.000000E+00	
5.010223E-03	2.855568E-06	2.905036E-06	1.540180E-16	1.484461E-18	
5.000419E-03	2.849931E-06	2.899289E-06	0.000000E+00	0.000000E+00	
4.990013E-03	2.843949E-06	2.893190E-06	0.000000E+00	0.000000E+00	
4.978966E-03	2.837598E-06	2.886716E-06	8.746025E-17	1.058406E-18	
4.967239E-03	2.830857E-06	2.879843E-06	4.400516E-18	0.000000E+00	
4.954787E-03	2.823700E-06	2.872546E-06	0.000000E+00	5.109327E-20	
4.941564E-03	2.816100E-06	2.864799E-06	0.000000E+00	0.000000E+00	
4.927521E-03	2.808029E-06	2.856571E-06	3.740438E-17	0.000000E+00	
4.912604E-03	2.799456E-06	2.847832E-06	6.600773E-18	4.406474E-19	
4.896758E-03	2.790350E-06	2.838549E-06	0.000000E+00	0.000000E+00	
4.867037E-03	2.814911E-06	2.868868E-06	9.021057E-17	5.463037E-19	
4.849497E-03	2.804679E-06	2.858419E-06	0.000000E+00	0.000000E+00	
4.830854E-03	2.793806E-06	2.847315E-06	0.000000E+00	0.000000E+00	
4.811035E-03	2.782248E-06	2.835512E-06	0.000000E+00	0.000000E+00	
4.789962E-03	2.769959E-06	2.822963E-06	5.885689E-17	4.056930E-19	
4.767550E-03	2.756891E-06	2.809619E-06	0.000000E+00	0.000000E+00	
4.743708E-03	2.742991E-06	2.795425E-06	4.510528E-17	3.846411E-21	
4.725149E-03	2.710630E-06	2.759687E-06	2.805329E-17	0.000000E+00	
4.697858E-03	2.694850E-06	2.743591E-06	3.190374E-17	4.690788E-19	
4.668798E-03	2.678050E-06	2.726454E-06	0.000000E+00	0.000000E+00	
4.611186E-03	2.729833E-06	2.789876E-06	0.000000E+00	0.000000E+00	
4.579591E-03	2.710993E-06	2.770589E-06	1.595187E-17	9.988670E-20	
4.545920E-03	2.690917E-06	2.750038E-06	9.901160E-17	9.542966E-19	
4.510022E-03	2.669516E-06	2.728132E-06	1.210142E-17	0.000000E+00	
4.459945E-03	2.676298E-06	2.739188E-06	6.050709E-18	0.000000E+00	
4.419904E-03	2.652099E-06	2.714382E-06	4.840567E-17	6.281283E-19	
4.377159E-03	2.626271E-06	2.687907E-06	7.700902E-17	7.422307E-19	
4.331499E-03	2.598687E-06	2.659634E-06	8.085947E-17	3.484535E-19	
4.271074E-03	2.598058E-06	2.662966E-06	5.720670E-17	2.282048E-19	
4.219932E-03	2.566737E-06	2.630817E-06	0.000000E+00	0.000000E+00	
4.165201E-03	2.533227E-06	2.596423E-06	3.410400E-17	4.364243E-19	
4.095027E-03	2.525434E-06	2.592272E-06	0.000000E+00	0.000000E+00	
4.033469E-03	2.487223E-06	2.552999E-06	0.000000E+00	3.880076E-20	
1.297859E-03	8.449582E-07	8.734902E-07	5.335625E-17	0.000000E+00	
1.233663E-03	8.105449E-07	8.389633E-07	5.693167E-17	6.397076E-20	
1.152049E-03	7.568529E-07	7.833783E-07	4.166738E-17	0.000000E+00	
1.138787E-03	7.859914E-07	8.188634E-07	9.213579E-17	0.000000E+00	
1.069462E-03	7.454841E-07	7.776437E-07	1.149635E-16	4.428791E-20	
1.002339E-03	7.086918E-07	7.405875E-07	1.234895E-16	0.000000E+00	
9.323440E-04	6.684920E-07	6.997902E-07	1.463171E-16	1.848986E-19	
8.989690E-04	6.947899E-07	7.337700E-07	2.150752E-16	3.968824E-20	
8.133157E-04	6.161172E-07	6.491989E-07	1.567684E-16	0.000000E+00	
2.998885E-02	4.576078E-06	3.703824E-06	0.000000E+00	0.000000E+00	
2.998723E-02	5.213809E-06	4.332891E-06	2.860335E-16	4.911300E-18	
2.998724E-02	5.212220E-06	4.330133E-06	2.288268E-16	3.067263E-18	
2.998725E-02	5.210310E-06	4.327061E-06	0.000000E+00	1.942378E-18	
2.998736E-02	5.164503E-06	4.279419E-06	0.000000E+00	0.000000E+00	
2.998762E-02	5.063801E-06	4.178123E-06	0.000000E+00	0.000000E+00	
2.999036E-02	3.967616E-06	3.101373E-06	6.116717E-16	3.310100E-18	
2.999085E-02	3.763075E-06	2.901114E-06	0.000000E+00	0.000000E+00	
2.998910E-02	4.475098E-06	3.602397E-06	0.000000E+00	0.000000E+00	
2.998982E-02	4.198941E-06	3.334383E-06	3.520412E-17	0.000000E+00	
2.999040E-02	3.986554E-06	3.128746E-06	6.512763E-16	5.415373E-18	
2.999097E-02	3.767595E-06	2.915948E-06	1.126532E-15	1.344311E-17	
2.999111E-02	3.731431E-06	2.882159E-06	0.000000E+00	0.000000E+00	
2.999154E-02	3.556122E-06	2.712882E-06	1.188139E-16	0.000000E+00	
2.999148E-02	3.601008E-06	2.755996E-06	0.000000E+00	0.000000E+00	
2.999170E-02	3.514190E-06	2.675704E-06	4.400516E-17	0.000000E+00	
2.999180E-02	3.481822E-06	2.646596E-06	0.000000E+00	0.000000E+00	
2.999191E-02	3.443031E-06	2.611606E-06	7.480876E-16	2.901354E-18	
2.999206E-02	3.381312E-06	2.555893E-06	0.000000E+00	0.000000E+00	
2.999210E-02	3.371744E-06	2.547134E-06	5.368629E-16	1.727298E-18	
2.999219E-02	3.338996E-06	2.517461E-06	5.720670E-17	0.000000E+00	
2.999234E-02	3.277196E-06	2.461605E-06	4.928577E-16	5.612054E-18	
2.999238E-02	3.266290E-06	2.451588E-06	4.048474E-16	6.918234E-18	
2.999253E-02	3.204207E-06	2.395482E-06	1.232144E-16	4.634679E-18	
2.999257E-02	3.192172E-06	2.384450E-06	0.000000E+00	0.000000E+00	
2.999265E-02	3.157531E-06	2.353076E-06	6.952814E-16	7.993949E-18	
2.999279E-02	3.094710E-06	2.296355E-06	0.000000E+00	0.000000E+00	
2.999283E-02	3.080660E-06	2.283550E-06	3.828448E-16	4.551724E-18	
2.999292E-02	3.044408E-06	2.250784E-06	0.000000E+00	0.000000E+00	
2.999301E-02	3.001634E-06	2.212177E-06	0.000000E+00	0.000000E+00	
2.999305E-02	2.984440E-06	2.197214E-06	0.000000E+00	0.000000E+00	
2.999309E-02	2.966736E-06	2.181386E-06	0.000000E+00	0.000000E+00	
2.999317E-02	2.927176E-06	2.145979E-06	2.288268E-16	9.128193E-19	
2.999321E-02	2.907336E-06	2.128384E-06	2.728320E-16	3.491395E-18	
2.999330E-02	2.865841E-06	2.091438E-06	7.172840E-16	1.742684E-18	
2.999339E-02	2.817782E-06	2.048755E-06	2.728320E-16	1.336951E-18	
2.999343E-02	2.794392E-06	2.028313E-06	0.000000E+00	0.000000E+00	
2.999348E-02	2.769586E-06	2.006732E-06	0.000000E+00	0.000000E+00	
2.999352E-02	2.743291E-06	1.983962E-06	1.540180E-16	0.000000E+00	
2.999357E-02	2.715432E-06	1.959947E-06	5.280619E-17	3.525179E-18	
2.999362E-02	2.685933E-06	1.934639E-06	6.380747E-16	6.149911E-18	
2.999367E-02	2.654724E-06	1.907985E-06	5.236613E-16	6.770723E-18	
2.999372E-02	2.621734E-06	1.879937E-06	0.000000E+00	0.000000E+00	
2.999378E-02	2.586899E-06	1.850449E-06	3.036356E-16	4.650064E-18	
2.999379E-02	2.573933E-06	1.840734E-06	0.000000E+00	0.000000E+00	
2.999382E-02	2.551766E-06	1.824441E-06	2.112247E-16	1.174055E-18	
2.999385E-02	2.528222E-06	1.806187E-06	0.000000E+00	0.000000E+00	
2.999392E-02	2.483952E-06	1.769761E-06	2.640309E-16	6.853678E-18	
2.999395E-02	2.460153E-06	1.752029E-06	0.000000E+00	0.000000E+00	
2.999400E-02	2.428487E-06	1.727673E-06	0.000000E+00	0.000000E+00	
2.999404E-02	2.398764E-06	1.705487E-06	5.720670E-17	1.844037E-18	
2.999410E-02	2.361186E-06	1.676716E-06	6.380747E-16	3.995468E-18	
2.999417E-02	2.320650E-06	1.645746E-06	0.000000E+00	0.000000E+00	
2.999420E-02	2.298336E-06	1.631545E-06	0.000000E+00	0.000000E+00	
2.999442E-02	2.182637E-06	1.534028E-06	0.000000E+00	0.000000E+00	
2.999454E-02	2.116282E-06	1.483474E-06	0.000000E+00	0.000000E+00	
2.999463E-02	2.065003E-06	1.445232E-06	7.656897E-16	4.794561E-18	
2.999469E-02	2.030101E-06	1.422229E-06	0.000000E+00	0.000000E+00	
2.999476E-02	1.991839E-06	1.396714E-06	0.000000E+00	4.087462E-19	
2.999484E-02	1.950398E-06	1.368784E-06	1.804211E-16	2.169829E-18	
2.999493E-02	1.906854E-06	1.338986E-06	0.000000E+00	0.000000E+00	
2.999503E-02	1.855711E-06	1.304278E-06	0.000000E+00	0.000000E+00	
2.999512E-02	1.807466E-06	1.271022E-06	4.312505E-16	3.294714E-18	
2.999523E-02	1.756810E-06	1.235885E-06	0.000000E+00	0.000000E+00	
2.999537E-02	1.688285E-06	1.184586E-06	0.000000E+00	0.000000E+00	
2.999549E-02	1.634550E-06	1.146757E-06	1.047323E-15	1.138700E-17	
2.999561E-02	1.579813E-06	1.107755E-06	0.000000E+00	0.000000E+00	
2.999572E-02	1.531860E-06	1.078179E-06	0.000000E+00	0.000000E+00	
2.999585E-02	1.470913E-06	1.033720E-06	0.000000E+00	0.000000E+00	
2.999603E-02	1.390790E-06	9.706729E-07	3.960464E-16	5.971630E-18	
2.999616E-02	1.332473E-06	9.267678E-07	0.000000E+00	0.000000E+00	
2.999633E-02	1.253799E-06	8.668308E-07	1.848217E-16	4.886875E-19	
2.999648E-02	1.188850E-06	8.161445E-07	0.000000E+00	0.000000E+00	
2.999663E-02	1.120640E-06	7.609256E-07	2.112247E-16	0.000000E+00	
2.999678E-02	1.046224E-06	7.020932E-07	1.408165E-16	4.373443E-18	
2.999694E-02	9.724833E-07	6.408338E-07	0.000000E+00	0.000000E+00	
2.999709E-02	8.940866E-07	5.766920E-07	3.960464E-17	0.000000E+00	
2.999721E-02	8.285591E-07	5.213265E-07	4.708552E-16	5.399988E-18	
2.999737E-02	7.315870E-07	4.423103E-07	7.172840E-16	6.051571E-18	
2.999748E-02	6.575003E-07	3.797668E-07	0.000000E+00	0.000000E+00	
2.999758E-02	5.749488E-07	3.138900E-07	0.000000E+00	0.000000E+00	
2.999765E-02	4.927300E-07	2.525423E-07	0.000000E+00	0.000000E+00	
2.999768E-02	4.140062E-07	1.950143E-07	2.200258E-16	2.120659E-18	
2.999765E-02	3.434654E-07	1.479483E-07	0.000000E+00	1.828652E-18	
2.999757E-02	2.733878E-07	1.064403E-07	2.200258E-17	2.366509E-18	
2.999739E-02	2.163194E-07	7.393979E-08	0.000000E+00	0.000000E+00	
2.999711E-02	1.683035E-07	5.149301E-08	6.116717E-16	5.464543E-18	
2.999673E-02	1.249758E-07	3.333170E-08	7.304856E-16	9.625920E-18	
2.999625E-02	8.441995E-08	1.802338E-08	7.744907E-16	3.586721E-18	
2.999581E-02	6.146611E-08	1.154014E-08	0.000000E+00	0.000000E+00	
2.999546E-02	4.215397E-08	7.006452E-09	4.972583E-16	3.930912E-18	
2.999502E-02	2.714074E-08	3.794501E-09	0.000000E+00	0.000000E+00	
2.999447E-02	1.263236E-08	1.022742E-09	5.016588E-16	6.558657E-18	
2.999408E-02	1.033889E-08	7.779738E-10	2.904340E-16	3.230159E-18	
2.999205E-02	9.831502E-09	6.955378E-10	1.100129E-16	1.060330E-18	
2.999127E-02	6.601427E-09	4.288546E-10	0.000000E+00	0.000000E+00	
2.998920E-02	4.875064E-09	2.914696E-10	0.000000E+00	0.000000E+00	
2.998682E-02	3.211992E-09	1.770964E-10	0.000000E+00	2.040718E-18	
2.998444E-02	1.718845E-09	8.534456E-11	0.000000E+00	0.000000E+00	
2.998222E-02	3.117555E-10	1.021622E-11	2.112247E-16	5.482942E-18	
2.997977E-02	1.703916E-10	2.690443E-12	0.000000E+00	0.000000E+00	
2.998082E-02	1.844451E-10	2.514344E-12	0.000000E+00	0.000000E+00	
2.997926E-02	1.960206E-10	2.392036E-12	4.928577E-16	7.766497E-18	
2.997671E-02	1.892129E-10	2.301392E-12	0.000000E+00	0.000000E+00	
2.997293E-02	1.995719E-10	2.249333E-12	0.000000E+00	0.000000E+00	
2.996783E-02	2.105385E-10	2.214893E-12	1.020920E-15	1.285608E-17	
2.996014E-02	2.325344E-10	1.949093E-12	0.000000E+00	0.000000E+00	
2.994657E-02	2.449681E-10	1.935008E-12	0.000000E+00	0.000000E+00	
2.992797E-02	2.581374E-10	1.928475E-12	0.000000E+00	0.000000E+00	
2.990202E-02	2.719741E-10	1.916744E-12	2.508294E-16	3.279329E-18	
2.986429E-02	2.862073E-10	1.904967E-12	0.000000E+00	0.000000E+00	
2.980531E-02	3.005524E-10	1.895733E-12	0.000000E+00	0.000000E+00	
2.970259E-02	3.152911E-10	1.879126E-12	0.000000E+00	1.475102E-19	
2.949024E-02	3.292768E-10	1.860056E-12	0.000000E+00	0.000000E+00	
1.881698E-02	2.097795E-10	9.779691E-13	0.000000E+00	0.000000E+00	
2.959076E-02	3.495281E-10	1.932477E-12	1.012119E-16	1.137257E-19	
2.954112E-02	3.673070E-10	1.925177E-12	0.000000E+00	0.000000E+00	
2.988370E-02	3.816541E-10	2.160773E-12	5.500644E-16	9.927605E-19	
1.539113E-02	2.350291E-10	7.969421E-13	4.598539E-16	4.216733E-18	
1.462357E-02	2.281240E-10	7.557710E-13	0.000000E+00	0.000000E+00	
1.423457E-02	2.290293E-10	7.340219E-13	3.080361E-17	8.144791E-20	
1.408040E-02	2.352388E-10	7.281293E-13	0.000000E+00	0.000000E+00	
1.402502E-02	2.420030E-10	7.245939E-13	8.360979E-17	3.749617E-19	
1.392154E-02	2.478761E-10	7.196953E-13	0.000000E+00	0.000000E+00	
1.392266E-02	2.598587E-10	7.183087E-13	0.000000E+00	0.000000E+00	
1.388980E-02	2.687148E-10	7.180421E-13	0.000000E+00	0.000000E+00	
1.387213E-02	2.766524E-10	7.162467E-13	1.474173E-16	1.851730E-18	
1.380862E-02	3.076196E-10	7.129676E-13	6.380747E-17	0.000000E+00	
1.379776E-02	3.439822E-10	7.150209E-13	3.058358E-16	3.809493E-18	
1.365961E-02	3.383002E-09	3.239702E-11	1.100129E-17	1.183255E-18	
1.365294E-02	3.836124E-09	3.568133E-11	2.156253E-16	2.724579E-18	
1.382977E-02	4.066445E-10	7.150404E-13	0.000000E+00	0.000000E+00	
1.382224E-02	4.614060E-10	7.143800E-13	0.000000E+00	0.000000E+00	
1.381225E-02	5.366662E-10	7.122981E-13	0.000000E+00	0.000000E+00	
1.341560E-02	3.568330E-08	1.880659E-10	2.728320E-16	2.414173E-18	
1.363247E-02	7.270586E-09	4.605542E-11	2.112247E-16	9.683348E-20	
1.363247E-02	7.988001E-09	4.605459E-11	4.400516E-18	0.000000E+00	
1.363612E-02	8.471172E-09	4.417383E-11	3.300387E-17	0.000000E+00	
