8.154619E+02
8.154613E+02
8.154613E+02
8.154613E+02
8.154612E+02
8.154612E+02
8.154611E+02
8.154611E+02
8.154610E+02
8.154610E+02
8.154609E+02
8.154609E+02
8.154608E+02
8.154607E+02
8.154607E+02
8.154606E+02
8.154605E+02
8.154604E+02
8.154603E+02
8.154602E+02
8.154601E+02
8.154600E+02
8.154599E+02
8.154598E+02
8.154597E+02
8.154595E+02
8.154594E+02
8.154592E+02
8.154591E+02
8.154589E+02
8.154587E+02
8.154585E+02
8.154583E+02
8.154581E+02
8.154579E+02
8.154577E+02
8.154574E+02
8.154572E+02
8.154569E+02
8.154566E+02
8.154563E+02
8.154559E+02
8.154556E+02
8.154552E+02
8.154548E+02
8.154544E+02
8.154539E+02
8.154534E+02
8.154529E+02
8.154524E+02
8.154519E+02
8.154513E+02
8.154506E+02
8.154500E+02
8.154492E+02
8.154485E+02
8.154477E+02
8.154469E+02
8.154460E+02
8.154450E+02
8.154440E+02
8.154430E+02
8.154418E+02
8.154406E+02
8.154394E+02
8.154380E+02
8.154366E+02
8.154351E+02
8.154335E+02
8.154319E+02
8.154301E+02
8.154282E+02
8.154262E+02
8.154241E+02
8.154218E+02
8.154195E+02
8.154169E+02
8.154143E+02
8.154114E+02
8.154085E+02
8.154053E+02
8.154019E+02
8.153984E+02
8.153946E+02
8.153906E+02
8.153864E+02
8.153819E+02
8.153772E+02
8.153722E+02
8.153669E+02
8.153612E+02
8.153553E+02
8.368068E+02
8.367999E+02
8.367926E+02
8.367849E+02
8.367767E+02
8.367681E+02
8.367589E+02
8.367492E+02
8.367389E+02
8.367280E+02
8.367165E+02
8.367043E+02
8.366914E+02
8.366777E+02
8.366631E+02
8.366478E+02
8.366315E+02
8.558713E+02
8.558526E+02
8.558328E+02
8.558118E+02
8.557896E+02
8.557661E+02
8.557412E+02
8.557148E+02
8.556868E+02
8.556572E+02
8.556258E+02
8.555926E+02
8.555574E+02
8.555201E+02
8.554806E+02
8.751292E+02
8.750839E+02
8.750358E+02
8.749850E+02
8.749312E+02
8.748741E+02
8.748137E+02
8.642571E+02
8.641901E+02
8.641192E+02
9.071953E+02
9.071118E+02
9.070233E+02
9.069296E+02
9.277037E+02
9.275962E+02
9.274824E+02
9.273618E+02
9.485770E+02
9.484387E+02
9.482921E+02
9.699611E+02
9.697929E+02
1.096086E+03
1.121098E+03
1.120867E+03
1.259720E+03
1.288418E+03
1.330106E+03
1.371754E+03
1.605191E+03
1.541151E+03
2.317932E+02
2.534558E+02
2.533682E+02
2.532755E+02
2.516394E+02
2.481817E+02
2.112540E+02
2.044887E+02
2.288532E+02
2.199148E+02
2.130971E+02
2.059666E+02
2.049993E+02
1.992107E+02
2.009400E+02
1.981160E+02
1.971543E+02
1.959644E+02
1.939765E+02
1.937989E+02
1.928200E+02
1.908330E+02
1.906257E+02
1.886379E+02
1.884081E+02
1.873963E+02
1.854023E+02
1.851343E+02
1.840957E+02
1.828375E+02
1.825241E+02
1.821928E+02
1.810999E+02
1.807317E+02
1.796060E+02
1.782611E+02
1.778316E+02
1.773782E+02
1.768997E+02
1.763948E+02
1.758622E+02
1.753004E+02
1.747081E+02
1.740838E+02
1.743365E+02
1.743522E+02
1.743277E+02
1.735489E+02
1.736363E+02
1.734784E+02
1.734693E+02
1.732101E+02
1.728964E+02
1.734317E+02
1.699945E+02
1.688151E+02
1.682662E+02
1.685307E+02
1.687231E+02
1.688392E+02
1.688753E+02
1.686344E+02
1.684985E+02
1.682706E+02
1.670696E+02
1.666483E+02
1.661241E+02
1.661726E+02
1.651869E+02
1.628056E+02
1.615966E+02
1.590287E+02
1.568826E+02
1.541422E+02
1.508361E+02
1.467994E+02
1.421525E+02
1.378902E+02
1.306264E+02
1.247892E+02
1.179952E+02
1.105576E+02
1.033242E+02
9.581882E+01
8.750579E+01
8.093592E+01
7.371612E+01
6.685893E+01
6.067106E+01
5.412501E+01
4.834760E+01
4.385456E+01
3.997858E+01
3.561964E+01
3.415856E+01
2.927238E+01
2.627516E+01
2.378605E+01
2.179209E+01
2.016049E+01
1.923088E+01
1.438702E+01
1.269096E+01
1.150335E+01
1.068910E+01
1.012155E+01
2.725000E+00
2.725000E+00
2.725000E+00
2.725000E+00
2.725000E+00
2.725000E+00
2.725000E+00
2.725000E+00
2.725000E+00
3.514901E+00
3.514901E+00
1.001323E+01
1.449081E+01
1.626324E+01
1.691895E+01
1.659999E+01
1.618614E+01
1.709361E+01
1.682918E+01
1.721505E+01
1.744683E+01
1.848427E+01
1.867135E+01
2.151286E+01
2.167043E+01
1.811176E+01
1.823984E+01
1.841240E+01
2.038050E+01
2.216915E+01
2.216915E+01
2.207857E+01
