8.147123E-08	3.243298E-08	9.741943E-10	8.259919E-12	5.620399E-13	1.304298E-13	3.090338E-14	8.127859E-15	1.956630E-15	4.897384E-16	1.144804E-16	2.762463E-17	6.286185E-18	1.576126E-18	3.566611E-19	6.561476E-20	1.496158E-20	2.828864E-21	4.907499E-22	9.100198E-23	1.519460E-23	2.677028E-24	1.071942E-24	0.000000E+00	0.000000E+00	0.000000E+00	0.000000E+00	0.000000E+00	0.000000E+00	0.000000E+00	0.000000E+00	0.000000E+00	0.000000E+00	0.000000E+00	0.000000E+00	4.998425E-24	0.000000E+00	5.738767E-24	5.978076E-24	0.000000E+00	3.700603E-24	
8.161737E-08	3.250476E-08	9.780330E-10	8.491090E-12	5.857874E-13	1.359484E-13	3.221101E-14	8.471409E-15	2.039324E-15	5.104063E-16	1.193067E-16	2.878654E-17	6.549937E-18	1.642043E-18	3.715261E-19	6.833179E-20	1.558366E-20	2.945789E-21	5.205511E-22	1.026205E-22	1.962211E-23	3.819248E-24	2.670566E-24	3.033265E-24	8.578768E-24	2.513450E-24	3.962631E-24	6.906231E-24	1.897507E-24	0.000000E+00	3.009031E-24	5.585085E-24	4.795668E-24	2.814959E-24	2.139239E-24	1.989596E-24	5.139587E-25	4.282921E-24	6.131153E-25	0.000000E+00	0.000000E+00	
8.163637E-08	3.251406E-08	9.785274E-10	8.520667E-12	5.888247E-13	1.366542E-13	3.237826E-14	8.515346E-15	2.049900E-15	5.130493E-16	1.199239E-16	2.893511E-17	6.583665E-18	1.650474E-18	3.734284E-19	6.867954E-20	1.566084E-20	2.960877E-21	5.188612E-22	1.035591E-22	2.217716E-23	3.863677E-24	0.000000E+00	8.162754E-25	4.124998E-24	3.990500E-24	5.963940E-24	4.388742E-24	0.000000E+00	5.262775E-24	7.376367E-24	6.726497E-24	4.793043E-24	0.000000E+00	1.039751E-23	3.848127E-24	3.161300E-24	4.383492E-24	0.000000E+00	2.942388E-25	0.000000E+00	
8.165800E-08	3.252465E-08	9.790893E-10	8.554230E-12	5.922709E-13	1.374551E-13	3.256801E-14	8.565197E-15	2.061899E-15	5.160481E-16	1.206241E-16	2.910366E-17	6.621916E-18	1.660031E-18	3.755779E-19	6.907358E-20	1.574667E-20	2.975739E-21	5.203426E-22	9.515081E-23	1.257573E-23	0.000000E+00	0.000000E+00	0.000000E+00	0.000000E+00	0.000000E+00	0.000000E+00	0.000000E+00	0.000000E+00	0.000000E+00	0.000000E+00	0.000000E+00	0.000000E+00	0.000000E+00	0.000000E+00	0.000000E+00	6.969239E-25	0.000000E+00	1.534404E-24	0.000000E+00	0.000000E+00	
8.168269E-08	3.253672E-08	9.797290E-10	8.592372E-12	5.961868E-13	1.383651E-13	3.278363E-14	8.621842E-15	2.075534E-15	5.194556E-16	1.214198E-16	2.929518E-17	6.665385E-18	1.670892E-18	3.780231E-19	6.952105E-20	1.584795E-20	2.996047E-21	5.251385E-22	9.986348E-23	1.605086E-23	1.619626E-24	0.000000E+00	0.000000E+00	0.000000E+00	0.000000E+00	0.000000E+00	0.000000E+00	0.000000E+00	0.000000E+00	0.000000E+00	0.000000E+00	0.000000E+00	0.000000E+00	0.000000E+00	0.000000E+00	8.461638E-25	0.000000E+00	0.000000E+00	0.000000E+00	0.000000E+00	
8.171093E-08	3.255051E-08	9.804586E-10	8.635787E-12	6.006436E-13	1.394007E-13	3.302904E-14	8.686312E-15	2.091052E-15	5.233336E-16	1.223253E-16	2.951317E-17	6.714864E-18	1.683263E-18	3.808194E-19	7.003845E-20	1.597291E-20	3.022314E-21	5.307414E-22	1.048993E-22	1.877231E-23	5.097177E-24	1.979902E-24	2.734381E-24	6.061683E-24	6.159426E-25	1.466549E-24	0.000000E+00	1.950821E-25	0.000000E+00	1.055180E-24	0.000000E+00	0.000000E+00	0.000000E+00	0.000000E+00	0.000000E+00	0.000000E+00	0.000000E+00	0.000000E+00	0.000000E+00	0.000000E+00	
8.174331E-08	3.256631E-08	9.812925E-10	8.685300E-12	6.057257E-13	1.405817E-13	3.330887E-14	8.759824E-15	2.108747E-15	5.277556E-16	1.233579E-16	2.976170E-17	6.771270E-18	1.697354E-18	3.839891E-19	7.061209E-20	1.609845E-20	3.046196E-21	5.346099E-22	1.045850E-22	1.851624E-23	4.264342E-24	1.157568E-24	3.429084E-24	6.376722E-24	8.103381E-24	5.221174E-24	5.791072E-24	5.526924E-24	3.414140E-24	0.000000E+00	0.000000E+00	0.000000E+00	0.000000E+00	5.205220E-24	5.169879E-24	3.739478E-24	2.242031E-24	4.431556E-24	6.060471E-24	1.022455E-23	
8.178054E-08	3.258445E-08	9.822480E-10	8.741887E-12	6.115331E-13	1.419312E-13	3.362863E-14	8.843826E-15	2.128967E-15	5.328085E-16	1.245377E-16	3.004569E-17	6.835722E-18	1.713466E-18	3.876308E-19	7.128399E-20	1.625434E-20	3.077353E-21	5.446532E-22	1.119965E-22	2.536633E-23	1.052636E-23	5.064866E-24	7.220059E-24	4.110458E-24	8.245957E-24	8.088437E-24	7.370309E-24	1.178046E-23	2.564745E-24	4.897854E-24	7.233791E-24	0.000000E+00	6.094197E-24	6.169725E-24	0.000000E+00	0.000000E+00	0.000000E+00	0.000000E+00	3.316195E-24	1.064803E-23	
8.182347E-08	3.260535E-08	9.833458E-10	8.806719E-12	6.181855E-13	1.434770E-13	3.399492E-14	8.940048E-15	2.152129E-15	5.385964E-16	1.258892E-16	3.037097E-17	6.909543E-18	1.731902E-18	3.917764E-19	7.203562E-20	1.642343E-20	3.105729E-21	5.446403E-22	1.060156E-22	2.177569E-23	3.982422E-25	0.000000E+00	3.503805E-24	3.994539E-24	4.272420E-24	6.716804E-25	3.558331E-24	4.190429E-24	2.525970E-24	4.901086E-24	2.896950E-24	3.789764E-24	1.484119E-24	0.000000E+00	0.000000E+00	0.000000E+00	1.467963E-24	2.793754E-24	5.883362E-24	1.674384E-23	
8.187319E-08	3.262950E-08	9.846113E-10	8.881207E-12	6.258272E-13	1.452528E-13	3.441569E-14	9.050579E-15	2.178735E-15	5.452448E-16	1.274416E-16	3.074459E-17	6.994335E-18	1.753085E-18	3.965465E-19	7.289773E-20	1.661210E-20	3.134446E-21	5.467228E-22	1.051481E-22	1.615264E-23	4.305540E-25	0.000000E+00	0.000000E+00	2.552628E-25	0.000000E+00	0.000000E+00	3.164531E-24	1.793302E-25	1.022424E-23	2.149741E-24	5.052547E-24	2.123487E-24	0.000000E+00	0.000000E+00	0.000000E+00	0.000000E+00	3.410908E-25	0.000000E+00	0.000000E+00	0.000000E+00	
8.193099E-08	3.265754E-08	9.860753E-10	8.967067E-12	6.346336E-13	1.472991E-13	3.490058E-14	9.177952E-15	2.209394E-15	5.529061E-16	1.292304E-16	3.117513E-17	7.092038E-18	1.777497E-18	4.020538E-19	7.390875E-20	1.684622E-20	3.182547E-21	5.626783E-22	1.136267E-22	2.319902E-23	4.620579E-24	0.000000E+00	0.000000E+00	0.000000E+00	2.313925E-24	7.520558E-25	0.000000E+00	3.472301E-24	5.747451E-25	4.601596E-24	9.057385E-25	0.000000E+00	0.000000E+00	0.000000E+00	0.000000E+00	0.000000E+00	0.000000E+00	0.000000E+00	0.000000E+00	3.734026E-24	
8.199852E-08	3.269024E-08	9.877765E-10	9.066409E-12	6.448201E-13	1.496661E-13	3.546146E-14	9.325282E-15	2.244859E-15	5.617675E-16	1.312995E-16	3.167307E-17	7.205028E-18	1.805722E-18	4.084160E-19	7.507286E-20	1.710930E-20	3.228088E-21	5.629384E-22	1.067257E-22	1.894841E-23	1.530769E-24	6.688531E-25	0.000000E+00	2.105514E-24	7.161090E-25	0.000000E+00	0.000000E+00	0.000000E+00	0.000000E+00	0.000000E+00	2.728323E-24	1.342957E-25	0.000000E+00	1.539655E-24	0.000000E+00	0.000000E+00	0.000000E+00	0.000000E+00	0.000000E+00	0.000000E+00	
8.207787E-08	3.272857E-08	9.897627E-10	9.181846E-12	6.566537E-13	1.524158E-13	3.611303E-14	9.496428E-15	2.286056E-15	5.720611E-16	1.337029E-16	3.225145E-17	7.336275E-18	1.838513E-18	4.158050E-19	7.642280E-20	1.741301E-20	3.290558E-21	5.784044E-22	1.120507E-22	1.970128E-23	5.757953E-24	2.867667E-25	0.000000E+00	0.000000E+00	0.000000E+00	0.000000E+00	1.372845E-24	0.000000E+00	0.000000E+00	0.000000E+00	0.000000E+00	0.000000E+00	1.578631E-24	6.683684E-24	6.145088E-24	4.279488E-24	1.512351E-23	2.077443E-23	3.097262E-23	1.860591E-23	
8.217172E-08	3.277381E-08	9.920952E-10	9.316666E-12	6.704697E-13	1.556261E-13	3.687373E-14	9.696236E-15	2.334152E-15	5.840782E-16	1.365087E-16	3.292662E-17	7.489469E-18	1.876775E-18	4.244177E-19	7.799142E-20	1.776578E-20	3.350618E-21	5.835654E-22	1.104456E-22	1.673748E-23	1.861156E-24	4.717514E-25	0.000000E+00	0.000000E+00	0.000000E+00	0.000000E+00	0.000000E+00	0.000000E+00	0.000000E+00	0.000000E+00	2.840808E-24	1.553993E-24	0.000000E+00	7.648189E-24	5.520865E-24	3.665767E-24	7.015687E-24	0.000000E+00	2.223815E-23	0.000000E+00	
8.228356E-08	3.282756E-08	9.948529E-10	9.475060E-12	6.866953E-13	1.593962E-13	3.776711E-14	9.930881E-15	2.390635E-15	5.981900E-16	1.398035E-16	3.371941E-17	7.669345E-18	1.921694E-18	4.345383E-19	7.983633E-20	1.818419E-20	3.432441E-21	6.036302E-22	1.155678E-22	2.365381E-23	6.383993E-24	3.511479E-24	4.288576E-24	0.000000E+00	2.407225E-24	9.653133E-25	4.671470E-24	3.080925E-24	3.498958E-24	2.631388E-25	0.000000E+00	0.000000E+00	2.384203E-24	0.000000E+00	3.118285E-24	4.736700E-24	8.848167E-24	0.000000E+00	1.553185E-24	1.501910E-23	
8.241804E-08	3.289201E-08	9.981388E-10	9.662452E-12	7.058828E-13	1.638544E-13	3.882356E-14	1.020835E-14	2.457427E-15	6.148763E-16	1.436993E-16	3.465673E-17	7.882000E-18	1.974806E-18	4.465031E-19	8.201704E-20	1.867717E-20	3.523623E-21	6.222248E-22	1.231013E-22	2.511188E-23	1.190930E-23	1.033168E-24	4.274036E-24	4.525260E-24	3.789764E-24	4.556764E-24	5.146453E-24	6.927638E-24	1.517844E-24	3.995549E-24	6.718419E-24	1.042619E-23	5.903759E-24	0.000000E+00	8.724171E-25	1.290854E-24	0.000000E+00	0.000000E+00	0.000000E+00	0.000000E+00	
8.258147E-08	3.297006E-08	1.002091E-09	9.886009E-12	7.287617E-13	1.691702E-13	4.008324E-14	1.053917E-14	2.537065E-15	6.347709E-16	1.483441E-16	3.577419E-17	8.135495E-18	2.038105E-18	4.607636E-19	8.461952E-20	1.926818E-20	3.635653E-21	6.359775E-22	1.219704E-22	2.269981E-23	2.205276E-24	8.772638E-25	0.000000E+00	0.000000E+00	0.000000E+00	0.000000E+00	0.000000E+00	0.000000E+00	0.000000E+00	2.954909E-24	6.320985E-26	2.035034E-24	0.000000E+00	0.000000E+00	0.000000E+00	0.000000E+00	9.748655E-24	9.295079E-24	7.504604E-24	7.253481E-24	
8.278259E-08	3.306575E-08	1.006900E-09	1.015543E-11	7.563186E-13	1.755728E-13	4.160050E-14	1.093763E-14	2.632985E-15	6.587320E-16	1.539383E-16	3.711999E-17	8.440787E-18	2.114331E-18	4.779243E-19	8.774738E-20	1.997411E-20	3.764502E-21	6.576449E-22	1.298173E-22	2.523951E-23	5.734527E-24	2.665719E-26	3.719889E-25	0.000000E+00	3.892353E-24	0.000000E+00	0.000000E+00	0.000000E+00	2.529606E-24	7.039517E-24	0.000000E+00	0.000000E+00	0.000000E+00	0.000000E+00	0.000000E+00	0.000000E+00	0.000000E+00	0.000000E+00	0.000000E+00	0.000000E+00	
8.303404E-08	3.318488E-08	1.012835E-09	1.048437E-11	7.899399E-13	1.833844E-13	4.345175E-14	1.142378E-14	2.750029E-15	6.879702E-16	1.607654E-16	3.876248E-17	8.813445E-18	2.207390E-18	4.988873E-19	9.157244E-20	2.084004E-20	3.925849E-21	6.867586E-22	1.313367E-22	2.371440E-23	2.189928E-24	0.000000E+00	2.009790E-24	0.000000E+00	0.000000E+00	0.000000E+00	1.976671E-24	0.000000E+00	1.908816E-24	3.201286E-24	0.000000E+00	0.000000E+00	5.082637E-24	0.000000E+00	0.000000E+00	0.000000E+00	2.486994E-24	8.565641E-24	1.512291E-23	1.967533E-23	
8.335523E-08	3.333633E-08	1.020308E-09	1.089344E-11	8.317218E-13	1.930927E-13	4.575288E-14	1.202815E-14	2.895573E-15	7.243376E-16	1.692611E-16	4.080757E-17	9.277815E-18	2.323453E-18	5.250590E-19	9.635614E-20	2.192123E-20	4.132165E-21	7.253760E-22	1.402984E-22	2.641162E-23	5.385560E-24	2.173772E-24	5.295491E-24	2.196391E-24	0.000000E+00	2.315540E-24	0.000000E+00	6.377530E-25	4.915424E-24	4.014128E-24	4.247984E-24	3.682327E-24	3.103543E-24	3.845097E-24	6.088744E-24	6.034420E-24	2.434286E-24	1.901546E-24	5.512383E-24	0.000000E+00	
8.378027E-08	3.353574E-08	1.030043E-09	1.141908E-11	8.853778E-13	2.055647E-13	4.871062E-14	1.280546E-14	3.082948E-15	7.712162E-16	1.802323E-16	4.345511E-17	9.880959E-18	2.474733E-18	5.593253E-19	1.026673E-19	2.336103E-20	4.400719E-21	7.646194E-22	1.470677E-22	2.650048E-23	1.817536E-25	3.473512E-25	0.000000E+00	0.000000E+00	0.000000E+00	0.000000E+00	0.000000E+00	0.000000E+00	0.000000E+00	0.000000E+00	0.000000E+00	0.000000E+00	0.000000E+00	8.346527E-24	8.271806E-25	2.113390E-24	0.000000E+00	0.000000E+00	0.000000E+00	0.000000E+00	
8.439042E-08	3.382046E-08	1.043786E-09	1.215044E-11	9.600415E-13	2.229460E-13	5.284002E-14	1.389349E-14	3.346116E-15	8.373726E-16	1.958183E-16	4.725055E-17	1.075585E-17	2.696990E-18	6.104849E-19	1.123669E-19	2.563918E-20	4.851114E-21	8.489539E-22	1.639740E-22	2.984313E-23	1.751296E-24	8.877651E-25	1.534808E-24	2.904422E-24	3.987673E-24	2.996914E-25	1.109504E-24	3.860042E-24	4.480831E-24	5.735940E-24	7.550245E-24	7.274383E-24	9.642632E-24	4.781532E-24	1.158578E-24	0.000000E+00	6.184468E-24	1.328780E-23	7.331938E-24	1.459713E-23	
8.548614E-08	3.432846E-08	1.067971E-09	1.341595E-11	1.089496E-12	2.532184E-13	6.006976E-14	1.581297E-14	3.814929E-15	9.568531E-16	2.244893E-16	5.440644E-17	1.245664E-17	3.143036E-18	7.171191E-19	1.338542E-19	3.096485E-20	5.985442E-21	1.085495E-21	2.171398E-22	3.920222E-23	1.087452E-23	2.450846E-24	2.656833E-24	3.452106E-24	5.263583E-24	9.883354E-25	9.600627E-25	2.220625E-24	1.290854E-24	0.000000E+00	2.831115E-24	1.157770E-24	1.947792E-24	2.682279E-24	0.000000E+00	0.000000E+00	3.472906E-24	2.415101E-24	0.000000E+00	0.000000E+00	
8.876602E-08	3.582882E-08	1.137327E-09	1.690739E-11	1.447898E-12	3.377605E-13	8.046278E-14	2.130469E-14	5.180267E-15	1.313327E-15	3.127300E-16	7.731067E-17	1.815465E-17	4.704637E-18	1.108892E-18	2.185496E-19	5.312604E-20	1.101678E-20	2.183338E-21	4.646970E-22	9.558137E-23	1.524630E-23	0.000000E+00	0.000000E+00	0.000000E+00	0.000000E+00	0.000000E+00	0.000000E+00	0.000000E+00	0.000000E+00	0.000000E+00	5.151703E-25	0.000000E+00	0.000000E+00	0.000000E+00	0.000000E+00	2.625329E-25	0.000000E+00	8.886537E-24	6.075617E-24	2.442445E-23	
1.074823E-07	4.421894E-08	1.507650E-09	3.435993E-11	3.248164E-12	7.681486E-13	1.859282E-13	5.029642E-14	1.257851E-14	3.308589E-15	8.268354E-16	2.169985E-16	5.467982E-17	1.516514E-17	3.850007E-18	8.466745E-19	2.238344E-19	5.151032E-20	1.140732E-20	2.614613E-21	5.802551E-22	1.225148E-22	2.877522E-23	4.803141E-24	0.000000E+00	0.000000E+00	0.000000E+00	1.284796E-24	0.000000E+00	0.000000E+00	0.000000E+00	5.824192E-25	0.000000E+00	3.648198E-24	0.000000E+00	0.000000E+00	1.265207E-24	0.000000E+00	5.533184E-24	0.000000E+00	3.026883E-23	
2.124882E-07	9.281926E-08	3.843346E-09	1.620607E-10	1.663772E-11	3.998967E-12	9.886406E-13	2.737220E-13	7.080032E-14	1.932039E-14	5.064833E-15	1.397736E-15	3.722817E-16	1.081843E-16	2.874275E-17	6.707396E-18	1.838578E-18	4.411114E-19	1.015491E-19	2.375638E-20	5.371905E-21	1.166281E-21	2.530688E-22	4.320242E-23	1.227523E-23	5.652939E-24	6.796775E-24	3.651227E-24	0.000000E+00	3.826518E-24	0.000000E+00	5.906587E-24	0.000000E+00	0.000000E+00	6.543532E-24	2.605417E-23	4.228799E-25	2.294134E-24	8.802930E-24	0.000000E+00	0.000000E+00	
5.342833E-07	2.670819E-07	1.534757E-08	1.056896E-09	1.122106E-10	2.707646E-11	6.784097E-12	1.883844E-12	4.966962E-13	1.366655E-13	3.656178E-14	1.021706E-14	2.772215E-15	8.147738E-16	2.192360E-16	5.194268E-17	1.434987E-17	3.475725E-18	8.076525E-19	1.897001E-19	4.307027E-20	9.363180E-21	1.946275E-21	3.957639E-22	6.410973E-23	3.719082E-24	0.000000E+00	0.000000E+00	4.229607E-24	0.000000E+00	2.767016E-23	1.950175E-23	0.000000E+00	0.000000E+00	0.000000E+00	0.000000E+00	1.955022E-23	4.960176E-23	5.248639E-23	1.177577E-22	9.490524E-23	
9.663055E-07	5.880573E-07	4.724707E-08	4.285999E-09	4.546855E-10	1.078230E-10	2.686937E-11	7.247301E-12	1.892062E-12	5.029190E-13	1.315618E-13	3.540554E-14	9.333714E-15	2.659711E-15	6.992089E-16	1.606358E-16	4.362129E-17	1.036229E-17	2.368894E-18	5.512489E-19	1.242725E-19	2.698787E-20	5.689219E-21	1.169239E-21	2.970419E-22	6.446839E-23	9.184936E-23	7.413606E-23	1.098276E-23	6.570270E-23	1.471897E-22	8.203628E-23	5.639368E-23	8.145467E-23	7.657560E-23	9.094463E-23	0.000000E+00	4.808634E-23	5.651324E-23	4.821558E-23	5.507375E-23	
1.346922E-06	1.028398E-06	1.103579E-07	1.192549E-08	1.262537E-09	2.948430E-10	7.330735E-11	1.925218E-11	4.994595E-12	1.284973E-12	3.290916E-13	8.510826E-14	2.172089E-14	5.965250E-15	1.521098E-15	3.353390E-16	8.861566E-17	2.042779E-17	4.547955E-18	1.041325E-18	2.317276E-19	4.971145E-20	1.035856E-20	2.067215E-21	3.567475E-22	9.693523E-25	0.000000E+00	6.184468E-24	0.000000E+00	3.617623E-23	1.055108E-22	1.055237E-22	0.000000E+00	0.000000E+00	6.501446E-23	9.272178E-23	1.823352E-23	8.594924E-23	7.023280E-23	2.724138E-22	0.000000E+00	
1.560902E-06	1.466409E-06	1.964985E-07	2.392231E-08	2.538708E-09	5.865069E-10	1.458728E-10	3.759922E-11	9.731714E-12	2.446956E-12	6.174189E-13	1.547909E-13	3.845056E-14	1.021706E-14	2.528873E-15	5.346496E-16	1.368581E-16	3.043446E-17	6.549700E-18	1.467553E-18	3.208688E-19	6.808852E-20	1.420680E-20	2.892224E-21	5.855793E-22	1.427662E-22	0.000000E+00	0.000000E+00	3.580141E-24	0.000000E+00	0.000000E+00	0.000000E+00	0.000000E+00	0.000000E+00	0.000000E+00	0.000000E+00	0.000000E+00	0.000000E+00	0.000000E+00	0.000000E+00	0.000000E+00	
1.632812E-06	1.803492E-06	2.837085E-07	3.753232E-08	4.007947E-09	9.200682E-10	2.292290E-10	5.846877E-11	1.514184E-11	3.761203E-12	9.421761E-13	2.320478E-13	5.673304E-14	1.475888E-14	3.580294E-15	7.351078E-16	1.835202E-16	3.963425E-17	8.281607E-18	1.818192E-18	3.902522E-19	8.152811E-20	1.670129E-20	3.338346E-21	7.115046E-22	1.026221E-22	3.927815E-23	3.644765E-23	0.000000E+00	5.397353E-23	0.000000E+00	0.000000E+00	1.130782E-22	4.341406E-23	9.236635E-23	0.000000E+00	1.908332E-23	8.292486E-23	3.620014E-22	1.552902E-23	9.984425E-22	
1.633010E-06	2.014489E-06	3.526352E-07	4.928035E-08	5.298648E-09	1.212211E-09	3.025276E-10	7.676711E-11	1.990646E-11	4.917727E-12	1.228427E-12	2.999860E-13	7.279019E-14	1.872695E-14	4.494477E-15	9.084218E-16	2.234601E-16	4.741758E-17	9.726107E-18	2.106584E-18	4.466333E-19	9.219566E-20	1.873182E-20	3.683048E-21	5.752783E-22	1.288851E-22	0.000000E+00	0.000000E+00	0.000000E+00	0.000000E+00	0.000000E+00	0.000000E+00	0.000000E+00	0.000000E+00	0.000000E+00	0.000000E+00	0.000000E+00	0.000000E+00	0.000000E+00	0.000000E+00	0.000000E+00	
1.608901E-06	2.152892E-06	4.076227E-07	5.931557E-08	6.423898E-09	1.467814E-09	3.672441E-10	9.305962E-11	2.420870E-11	5.980286E-12	1.497422E-12	3.657535E-13	8.890973E-14	2.287097E-14	5.494552E-15	1.113013E-15	2.739504E-16	5.823168E-17	1.197353E-17	2.595554E-18	5.512304E-19	1.140035E-19	2.329858E-20	4.571905E-21	8.954230E-22	2.458665E-22	8.198135E-23	4.885535E-23	8.662132E-23	9.305782E-25	0.000000E+00	0.000000E+00	0.000000E+00	0.000000E+00	0.000000E+00	4.324604E-23	4.910739E-23	0.000000E+00	0.000000E+00	4.550915E-22	7.606055E-22	
1.576816E-06	2.243822E-06	4.509538E-07	6.767558E-08	7.378024E-09	1.685137E-09	4.226194E-10	1.070894E-10	2.794879E-11	6.915317E-12	1.737643E-12	4.256026E-13	1.039023E-13	2.681181E-14	6.469308E-15	1.319992E-15	3.265728E-16	6.992746E-17	1.450070E-17	3.159367E-18	6.741301E-19	1.399578E-19	2.855073E-20	5.759012E-21	1.217791E-21	1.387208E-22	0.000000E+00	1.258865E-23	4.213451E-23	0.000000E+00	4.478408E-23	1.557555E-22	1.562790E-22	1.480330E-22	3.143674E-22	1.179508E-22	6.397725E-24	0.000000E+00	1.257315E-22	6.242112E-22	0.000000E+00	
1.543320E-06	2.304955E-06	4.856589E-07	7.469192E-08	8.191742E-09	1.871046E-09	4.702635E-10	1.192385E-10	3.121530E-11	7.741345E-12	1.952682E-12	4.800832E-13	1.178068E-13	3.053488E-14	7.408433E-15	1.525087E-15	3.798332E-16	8.206576E-17	1.718991E-17	3.768952E-18	8.094675E-19	1.689464E-19	3.453906E-20	7.024108E-21	1.413755E-21	3.515518E-22	1.892434E-22	1.264035E-23	0.000000E+00	0.000000E+00	0.000000E+00	0.000000E+00	0.000000E+00	0.000000E+00	0.000000E+00	0.000000E+00	0.000000E+00	4.605070E-23	5.416094E-23	0.000000E+00	0.000000E+00	
1.510450E-06	2.347159E-06	5.142766E-07	8.071887E-08	8.900990E-09	2.033588E-09	5.121330E-10	1.299805E-10	3.412528E-11	8.484812E-12	2.148457E-12	5.303983E-13	1.308477E-13	3.407914E-14	8.316191E-15	1.727550E-15	4.332103E-16	9.444337E-17	1.997797E-17	4.407284E-18	9.523346E-19	1.999756E-19	4.116420E-20	8.222951E-21	1.647589E-21	1.906134E-22	5.728226E-23	0.000000E+00	0.000000E+00	3.829588E-23	0.000000E+00	0.000000E+00	0.000000E+00	1.015946E-22	2.248639E-22	0.000000E+00	2.480896E-23	1.359872E-22	2.403347E-23	0.000000E+00	0.000000E+00	
1.478514E-06	2.376832E-06	5.386534E-07	8.604709E-08	9.536565E-09	2.179684E-09	5.499407E-10	1.397359E-10	3.678570E-11	9.170804E-12	2.330906E-12	5.778673E-13	1.433101E-13	3.750765E-14	9.204996E-15	1.929040E-15	4.869288E-16	1.070585E-16	2.285343E-17	5.070128E-18	1.101456E-18	2.323075E-19	4.809468E-20	9.909184E-21	2.047737E-21	5.176858E-22	1.003215E-22	1.133754E-22	8.558734E-23	1.224874E-22	1.577976E-22	2.138003E-22	2.456597E-22	7.825904E-23	9.586248E-23	0.000000E+00	0.000000E+00	0.000000E+00	0.000000E+00	1.967074E-22	3.889235E-22	
1.447232E-06	2.397683E-06	5.600492E-07	9.089129E-08	1.012192E-08	2.314634E-09	5.850125E-10	1.488342E-10	3.928197E-11	9.819900E-12	2.505074E-12	6.236713E-13	1.554683E-13	4.088685E-14	1.008977E-14	2.132265E-15	5.415825E-16	1.200183E-16	2.583399E-17	5.760537E-18	1.257503E-18	2.661789E-19	5.520645E-20	1.124263E-20	2.228812E-21	3.270982E-22	0.000000E+00	0.000000E+00	5.149199E-23	4.076449E-23	1.101830E-22	1.714978E-22	3.045705E-22	2.682715E-22	4.124271E-23	1.751296E-22	0.000000E+00	0.000000E+00	0.000000E+00	5.368919E-23	9.862901E-22	
1.416195E-06	2.411831E-06	5.792919E-07	9.540137E-08	1.067384E-08	2.442252E-09	6.183131E-10	1.575181E-10	4.167800E-11	1.044785E-11	2.674933E-12	6.687778E-13	1.675584E-13	4.427719E-14	1.098502E-14	2.340184E-15	5.978959E-16	1.334782E-16	2.895227E-17	6.486361E-18	1.422253E-18	3.022849E-19	6.271841E-20	1.266305E-20	2.472236E-21	4.171575E-22	0.000000E+00	1.357352E-22	9.460878E-23	0.000000E+00	0.000000E+00	0.000000E+00	2.913744E-22	1.069002E-22	3.680307E-23	0.000000E+00	5.757953E-23	0.000000E+00	0.000000E+00	0.000000E+00	0.000000E+00	
1.385024E-06	2.420463E-06	5.969057E-07	9.967718E-08	1.120382E-08	2.565165E-09	6.505125E-10	1.659582E-10	4.401945E-11	1.106617E-11	2.843465E-12	7.139386E-13	1.797713E-13	4.772965E-14	1.190357E-14	2.555594E-15	6.565903E-16	1.476014E-16	3.224417E-17	7.254721E-18	1.597174E-18	3.405389E-19	7.081560E-20	1.420194E-20	2.713127E-21	5.282582E-22	3.386271E-24	1.925780E-23	2.899010E-23	3.020502E-23	2.415626E-23	2.327738E-23	0.000000E+00	0.000000E+00	0.000000E+00	1.288528E-22	0.000000E+00	9.047934E-23	4.885535E-24	0.000000E+00	0.000000E+00	
1.353454E-06	2.424803E-06	6.134981E-07	1.038517E-07	1.173028E-08	2.688345E-09	6.831372E-10	1.746267E-10	4.646113E-11	1.172336E-11	3.026332E-12	7.640923E-13	1.936449E-13	5.173211E-14	1.298809E-14	2.815499E-15	7.284258E-16	1.651405E-16	3.638380E-17	8.228454E-18	1.820322E-18	3.898112E-19	8.129640E-20	1.667089E-20	3.262762E-21	7.949206E-22	2.723621E-22	1.293116E-22	3.013781E-22	2.816033E-22	1.813335E-22	0.000000E+00	1.152107E-22	1.271015E-22	8.627235E-24	0.000000E+00	0.000000E+00	0.000000E+00	0.000000E+00	0.000000E+00	0.000000E+00	
1.321200E-06	2.423898E-06	6.286120E-07	1.078118E-07	1.223442E-08	2.805978E-09	7.141866E-10	1.828473E-10	4.876479E-11	1.234043E-11	3.196843E-12	8.105250E-13	2.063973E-13	5.538691E-14	1.397277E-14	3.050185E-15	7.929781E-16	1.808411E-16	4.007915E-17	9.095618E-18	2.018542E-18	4.332697E-19	9.062234E-20	1.844657E-20	3.577866E-21	7.168037E-22	1.333829E-22	4.809280E-23	1.344168E-24	0.000000E+00	0.000000E+00	0.000000E+00	0.000000E+00	0.000000E+00	5.518846E-24	0.000000E+00	0.000000E+00	4.580513E-23	2.007981E-22	0.000000E+00	0.000000E+00	
1.288201E-06	2.418574E-06	6.426417E-07	1.116488E-07	1.273012E-08	2.922067E-09	7.449593E-10	1.910415E-10	5.107394E-11	1.296380E-11	3.370381E-12	8.581868E-13	2.195923E-13	5.919522E-14	1.500526E-14	3.298214E-15	8.615104E-16	1.975953E-16	4.404089E-17	1.002810E-17	2.232346E-18	4.806221E-19	1.007358E-19	2.056958E-20	4.130113E-21	8.057256E-22	3.002149E-22	0.000000E+00	0.000000E+00	0.000000E+00	0.000000E+00	0.000000E+00	0.000000E+00	0.000000E+00	0.000000E+00	0.000000E+00	0.000000E+00	1.177440E-23	1.848943E-22	3.826098E-22	5.489507E-22	
1.254416E-06	2.408883E-06	6.555842E-07	1.153619E-07	1.321747E-08	3.036665E-09	7.754765E-10	1.992176E-10	5.339163E-11	1.359460E-11	3.547326E-12	9.072069E-13	2.332723E-13	6.317100E-14	1.608977E-14	3.560727E-15	9.343549E-16	2.154889E-16	4.828984E-17	1.103002E-17	2.462573E-18	5.313730E-19	1.115276E-19	2.269755E-20	4.495623E-21	8.161817E-22	9.371698E-23	6.355074E-23	8.314458E-23	1.216602E-22	2.985088E-22	3.763155E-22	3.221998E-22	5.107905E-22	5.822318E-22	6.957041E-22	5.797761E-22	4.659353E-22	2.534856E-22	0.000000E+00	5.008255E-22	
1.219871E-06	2.394846E-06	6.673926E-07	1.189394E-07	1.369523E-08	3.149514E-09	8.056777E-10	2.073627E-10	5.571508E-11	1.423240E-11	3.727652E-12	9.576065E-13	2.474508E-13	6.732025E-14	1.722840E-14	3.838389E-15	1.011716E-15	2.345793E-16	5.284178E-17	1.210613E-17	2.710309E-18	5.862349E-19	1.232202E-19	2.529728E-20	4.973734E-21	9.934051E-22	3.658077E-22	1.194630E-22	4.562418E-23	1.529250E-22	8.694444E-23	9.089939E-23	1.924358E-22	0.000000E+00	0.000000E+00	0.000000E+00	0.000000E+00	0.000000E+00	0.000000E+00	0.000000E+00	0.000000E+00	
1.184640E-06	2.376540E-06	6.780210E-07	1.223690E-07	1.416228E-08	3.260464E-09	8.355561E-10	2.154859E-10	5.805029E-11	1.487994E-11	3.912466E-12	1.009794E-12	2.622689E-13	7.169101E-14	1.843592E-14	4.135241E-15	1.094792E-15	2.551809E-16	5.777478E-17	1.327469E-17	2.979853E-18	6.459469E-19	1.359729E-19	2.787425E-20	5.556327E-21	1.175695E-21	3.067031E-22	5.115595E-23	8.393298E-23	0.000000E+00	0.000000E+00	0.000000E+00	0.000000E+00	0.000000E+00	0.000000E+00	0.000000E+00	0.000000E+00	0.000000E+00	0.000000E+00	6.867538E-23	0.000000E+00	
1.148853E-06	2.353936E-06	6.873179E-07	1.256088E-07	1.461269E-08	3.367962E-09	8.646423E-10	2.234448E-10	6.035114E-11	1.552298E-11	4.097219E-12	1.062350E-12	2.772877E-13	7.614489E-14	1.967201E-14	4.440877E-15	1.180565E-15	2.765240E-16	6.290144E-17	1.449130E-17	3.261108E-18	7.083266E-19	1.495055E-19	3.072790E-20	6.360450E-21	1.253747E-21	3.261935E-22	2.074414E-23	1.904842E-22	2.021810E-22	1.383977E-22	8.240787E-23	1.610676E-22	1.156050E-22	2.345574E-22	0.000000E+00	0.000000E+00	8.729987E-23	2.983343E-22	6.317204E-22	7.865324E-23	
1.112658E-06	2.327238E-06	6.952488E-07	1.286447E-07	1.504505E-08	3.471831E-09	8.929357E-10	2.312541E-10	6.262660E-11	1.616547E-11	4.283493E-12	1.115852E-12	2.927062E-13	8.074955E-14	2.095743E-14	4.760953E-15	1.270714E-15	2.990482E-16	6.833138E-17	1.578252E-17	3.559995E-18	7.748763E-19	1.636572E-19	3.372865E-20	6.874698E-21	1.422544E-21	4.068824E-22	1.502755E-22	2.407871E-23	3.679661E-23	8.196843E-23	1.051683E-22	0.000000E+00	0.000000E+00	0.000000E+00	0.000000E+00	0.000000E+00	9.816307E-24	2.071958E-22	4.859492E-22	8.814126E-22	
1.076230E-06	2.296639E-06	7.017444E-07	1.314512E-07	1.545590E-08	3.571268E-09	9.202257E-10	2.388584E-10	6.486134E-11	1.680336E-11	4.470191E-12	1.170010E-12	3.084468E-13	8.548343E-14	2.228653E-14	5.094191E-15	1.364890E-15	3.226717E-16	7.404592E-17	1.714355E-17	3.875295E-18	8.449212E-19	1.787899E-19	3.675112E-20	7.351826E-21	1.439798E-21	3.127518E-22	1.656171E-22	5.906587E-23	8.632405E-23	9.926167E-23	1.560011E-22	1.098276E-22	0.000000E+00	0.000000E+00	7.088550E-23	8.711892E-23	0.000000E+00	0.000000E+00	0.000000E+00	0.000000E+00	
1.039756E-06	2.262397E-06	7.067536E-07	1.340045E-07	1.584182E-08	3.665474E-09	9.462991E-10	2.462002E-10	6.703910E-11	1.743222E-11	4.656072E-12	1.224479E-12	3.244142E-13	9.031920E-14	2.365192E-14	5.438839E-15	1.462606E-15	3.472764E-16	8.001789E-17	1.856841E-17	4.206197E-18	9.185084E-19	1.944895E-19	3.994698E-20	7.992969E-21	1.634561E-21	3.348531E-22	7.118923E-23	3.892919E-23	5.111718E-23	4.757581E-23	1.145516E-22	7.504079E-23	0.000000E+00	0.000000E+00	1.871496E-23	0.000000E+00	0.000000E+00	3.208685E-22	7.190009E-23	5.754721E-23	
1.003427E-06	2.224829E-06	7.102485E-07	1.362842E-07	1.619965E-08	3.753694E-09	9.709496E-10	2.532226E-10	6.914326E-11	1.804734E-11	4.839779E-12	1.278873E-12	3.404976E-13	9.522410E-14	2.504453E-14	5.792674E-15	1.563235E-15	3.727070E-16	8.620983E-17	2.004855E-17	4.550429E-18	9.953643E-19	2.111130E-19	4.338715E-20	8.618731E-21	1.586313E-21	1.851334E-22	0.000000E+00	9.154563E-23	0.000000E+00	0.000000E+00	0.000000E+00	0.000000E+00	0.000000E+00	0.000000E+00	0.000000E+00	0.000000E+00	0.000000E+00	0.000000E+00	0.000000E+00	0.000000E+00	
9.776943E-07	2.207494E-06	7.197975E-07	1.397453E-07	1.670268E-08	3.876152E-09	1.004606E-09	2.626524E-10	7.192092E-11	1.884456E-11	5.074086E-12	1.347215E-12	3.604537E-13	1.012548E-13	2.674376E-14	6.220790E-15	1.684414E-15	4.031898E-16	9.360446E-17	2.181288E-17	4.960219E-18	1.086675E-18	2.307472E-19	4.752111E-20	9.435572E-21	1.882495E-21	2.096644E-22	2.193321E-23	0.000000E+00	0.000000E+00	0.000000E+00	0.000000E+00	0.000000E+00	0.000000E+00	0.000000E+00	0.000000E+00	0.000000E+00	0.000000E+00	0.000000E+00	0.000000E+00	1.535971E-22	
9.575066E-07	2.199945E-06	7.322657E-07	1.438046E-07	1.728231E-08	4.016934E-09	1.043141E-09	2.734113E-10	7.507647E-11	1.974646E-11	5.338115E-12	1.423956E-12	3.827953E-13	1.079928E-13	2.863892E-14	6.697457E-15	1.819160E-15	4.370533E-16	1.018137E-16	2.377074E-17	5.414560E-18	1.187934E-18	2.524393E-19	5.204088E-20	1.039306E-20	1.934595E-21	3.796630E-22	8.702199E-23	8.827568E-23	2.247993E-22	3.063799E-22	3.423882E-22	2.312358E-22	1.162189E-22	1.965846E-22	1.217506E-22	6.694993E-23	1.858507E-22	2.361665E-22	6.330517E-22	5.860445E-22	
9.368099E-07	2.188680E-06	7.432318E-07	1.476002E-07	1.783560E-08	4.152235E-09	1.080414E-09	2.839024E-10	7.817582E-11	2.064030E-11	5.601830E-12	1.501220E-12	4.054430E-13	1.148616E-13	3.057956E-14	7.188234E-15	1.958236E-15	4.721114E-16	1.103354E-16	2.580586E-17	5.887446E-18	1.293159E-18	2.749905E-19	5.664192E-20	1.126033E-20	2.146146E-21	3.363265E-22	1.568670E-22	3.070908E-23	4.446096E-24	0.000000E+00	7.307624E-23	0.000000E+00	4.137842E-23	2.748437E-23	1.035591E-22	6.636832E-23	0.000000E+00	0.000000E+00	0.000000E+00	4.219009E-22	
9.158078E-07	2.173673E-06	7.523979E-07	1.510297E-07	1.834480E-08	4.276838E-09	1.114699E-09	2.935569E-10	8.102282E-11	2.146169E-11	5.843753E-12	1.572048E-12	4.261818E-13	1.211464E-13	3.235418E-14	7.637201E-15	2.085370E-15	5.041649E-16	1.181314E-16	2.766816E-17	6.320670E-18	1.389805E-18	2.956680E-19	6.090050E-20	1.215666E-20	2.234435E-21	3.157503E-22	0.000000E+00	0.000000E+00	0.000000E+00	0.000000E+00	0.000000E+00	0.000000E+00	1.041731E-23	2.380794E-22	2.213613E-22	6.563161E-23	2.485678E-22	0.000000E+00	0.000000E+00	0.000000E+00	
8.944915E-07	2.155490E-06	7.600997E-07	1.541840E-07	1.882636E-08	4.396032E-09	1.147871E-09	3.030212E-10	8.384913E-11	2.228864E-11	6.090500E-12	1.645199E-12	4.478336E-13	1.277654E-13	3.423608E-14	8.117008E-15	2.221765E-15	5.387005E-16	1.265611E-16	2.968597E-17	6.790897E-18	1.494998E-18	3.183572E-19	6.581083E-20	1.308765E-20	2.586671E-21	5.056400E-22	1.294021E-22	1.175372E-22	0.000000E+00	1.389017E-22	1.346366E-22	1.368919E-22	5.175695E-23	1.043992E-22	0.000000E+00	4.036383E-23	0.000000E+00	7.995864E-23	0.000000E+00	0.000000E+00	
8.729346E-07	2.134440E-06	7.664221E-07	1.570779E-07	1.928315E-08	4.510875E-09	1.180344E-09	3.124466E-10	8.671135E-11	2.314081E-11	6.348931E-12	1.722969E-12	4.711477E-13	1.349651E-13	3.629919E-14	8.647511E-15	2.373215E-15	5.772252E-16	1.360001E-16	3.195025E-17	7.319290E-18	1.613096E-18	3.438075E-19	7.103946E-20	1.423004E-20	2.687574E-21	4.712603E-22	9.649579E-23	9.893856E-23	5.893662E-24	1.220091E-23	0.000000E+00	0.000000E+00	0.000000E+00	0.000000E+00	0.000000E+00	0.000000E+00	0.000000E+00	0.000000E+00	5.196374E-23	1.175954E-22	
8.513740E-07	2.110554E-06	7.710589E-07	1.595968E-07	1.969380E-08	4.614830E-09	1.209887E-09	3.210803E-10	8.934543E-11	2.393029E-11	6.589411E-12	1.795679E-12	4.930244E-13	1.417408E-13	3.824520E-14	9.149531E-15	2.516660E-15	6.137749E-16	1.449703E-16	3.410360E-17	7.822248E-18	1.725772E-18	3.679836E-19	7.607296E-20	1.523792E-20	3.003247E-21	4.686107E-22	1.225261E-22	0.000000E+00	1.114497E-22	1.342488E-22	0.000000E+00	0.000000E+00	0.000000E+00	0.000000E+00	0.000000E+00	4.756289E-23	0.000000E+00	0.000000E+00	0.000000E+00	4.853611E-22	
8.298860E-07	2.084221E-06	7.741405E-07	1.617634E-07	2.006152E-08	4.708907E-09	1.236857E-09	3.290451E-10	9.179554E-11	2.467188E-11	6.817005E-12	1.864996E-12	5.140012E-13	1.482675E-13	4.012628E-14	9.636925E-15	2.656143E-15	6.493973E-16	1.537314E-16	3.620944E-17	8.314714E-18	1.836116E-18	3.919717E-19	8.116464E-20	1.620298E-20	3.296690E-21	7.126549E-22	2.525615E-22	1.917120E-22	9.613390E-23	1.479490E-22	1.163223E-23	1.363685E-22	0.000000E+00	0.000000E+00	0.000000E+00	0.000000E+00	0.000000E+00	0.000000E+00	0.000000E+00	0.000000E+00	
8.085729E-07	2.055774E-06	7.757318E-07	1.635783E-07	2.038524E-08	4.792732E-09	1.261121E-09	3.362925E-10	9.404439E-11	2.535958E-11	7.029681E-12	1.930245E-12	5.338610E-13	1.544746E-13	4.192133E-14	1.010403E-14	2.790020E-15	6.836636E-16	1.621764E-16	3.824123E-17	8.790391E-18	1.942751E-18	4.149802E-19	8.590798E-20	1.727399E-20	3.309705E-21	5.909430E-22	1.451185E-22	0.000000E+00	0.000000E+00	0.000000E+00	5.930497E-23	1.814627E-22	0.000000E+00	2.258591E-23	1.275409E-22	0.000000E+00	0.000000E+00	0.000000E+00	0.000000E+00	0.000000E+00	
7.876238E-07	2.025793E-06	7.760082E-07	1.650672E-07	2.066706E-08	4.866663E-09	1.282735E-09	3.428243E-10	9.608860E-11	2.599112E-11	7.226411E-12	1.991025E-12	5.524601E-13	1.603119E-13	4.361479E-14	1.054648E-14	2.916996E-15	7.162309E-16	1.702180E-16	4.017793E-17	9.244051E-18	2.044515E-18	4.369437E-19	9.033572E-20	1.806957E-20	3.480918E-21	6.696027E-22	2.315847E-22	7.602307E-23	7.058177E-23	0.000000E+00	1.108293E-23	2.066336E-22	9.140992E-23	1.950337E-22	1.228492E-22	2.780942E-22	0.000000E+00	0.000000E+00	0.000000E+00	0.000000E+00	
7.670945E-07	1.994538E-06	7.750412E-07	1.662358E-07	2.090661E-08	4.930484E-09	1.301603E-09	3.486019E-10	9.791337E-11	2.656109E-11	7.405296E-12	2.046689E-12	5.695862E-13	1.657092E-13	4.518553E-14	1.095853E-14	3.035399E-15	7.466627E-16	1.777472E-16	4.199329E-17	9.670079E-18	2.140352E-18	4.577520E-19	9.490489E-20	1.916937E-20	3.669593E-21	6.660743E-22	2.044041E-22	8.841785E-23	1.336155E-22	4.828667E-23	0.000000E+00	4.913970E-23	9.422104E-23	8.052733E-23	0.000000E+00	0.000000E+00	0.000000E+00	3.987075E-22	7.045899E-22	2.853773E-22	
7.470333E-07	1.962262E-06	7.729099E-07	1.670925E-07	2.110396E-08	4.984074E-09	1.317655E-09	3.535926E-10	9.950544E-11	2.706448E-11	7.564528E-12	2.096614E-12	5.850319E-13	1.705975E-13	4.661265E-14	1.133447E-14	3.143563E-15	7.745211E-16	1.846533E-16	4.365990E-17	1.006127E-17	2.228215E-18	4.766431E-19	9.866846E-20	1.972518E-20	3.683009E-21	6.674831E-22	1.144999E-22	0.000000E+00	0.000000E+00	0.000000E+00	1.915440E-23	3.297736E-23	2.855066E-23	2.741328E-23	1.745674E-22	1.012650E-23	2.301242E-23	0.000000E+00	0.000000E+00	2.937654E-22	
7.275191E-07	1.929301E-06	7.697379E-07	1.676568E-07	2.126064E-08	5.027652E-09	1.330909E-09	3.577875E-10	1.008582E-10	2.749802E-11	7.702785E-12	2.140306E-12	5.986257E-13	1.749177E-13	4.787794E-14	1.166921E-14	3.239992E-15	7.994115E-16	1.908370E-16	4.515365E-17	1.041243E-17	2.307211E-18	4.939441E-19	1.024359E-19	2.056089E-20	3.909902E-21	6.938753E-22	7.524759E-23	0.000000E+00	0.000000E+00	0.000000E+00	0.000000E+00	1.159345E-23	0.000000E+00	3.193693E-23	0.000000E+00	2.096903E-22	0.000000E+00	0.000000E+00	0.000000E+00	0.000000E+00	
7.086253E-07	1.895984E-06	7.656561E-07	1.679512E-07	2.137862E-08	5.061550E-09	1.341410E-09	3.611855E-10	1.019671E-10	2.785907E-11	7.818908E-12	2.177319E-12	6.102079E-13	1.786142E-13	4.896410E-14	1.195789E-14	3.323252E-15	8.209525E-16	1.962007E-16	4.645097E-17	1.071772E-17	2.376165E-18	5.088552E-19	1.055590E-19	2.122945E-20	4.106887E-21	8.172415E-22	1.527570E-22	1.992988E-23	7.187424E-23	4.681325E-23	0.000000E+00	9.551997E-23	1.760990E-23	6.405480E-23	0.000000E+00	0.000000E+00	0.000000E+00	1.604149E-22	2.325347E-22	4.761458E-22	
6.904217E-07	1.862631E-06	7.608011E-07	1.680009E-07	2.146030E-08	5.086192E-09	1.349233E-09	3.637924E-10	1.028297E-10	2.814550E-11	7.911881E-12	2.207241E-12	6.196295E-13	1.816344E-13	4.985462E-14	1.219581E-14	3.391957E-15	8.387742E-16	2.006504E-16	4.752831E-17	1.097173E-17	2.433327E-18	5.210910E-19	1.080523E-19	2.181353E-20	4.344042E-21	9.154434E-22	2.962211E-22	1.472381E-22	0.000000E+00	7.727676E-23	1.209752E-22	6.908897E-23	6.945732E-23	0.000000E+00	4.400859E-23	1.179314E-22	0.000000E+00	8.993004E-23	2.086886E-22	0.000000E+00	
6.729744E-07	1.829554E-06	7.553132E-07	1.678332E-07	2.150840E-08	5.102090E-09	1.354471E-09	3.656200E-10	1.034449E-10	2.835560E-11	7.980808E-12	2.229698E-12	6.267505E-13	1.839282E-13	5.053368E-14	1.237844E-14	3.444765E-15	8.525181E-16	2.040943E-16	4.836347E-17	1.116903E-17	2.478012E-18	5.309504E-19	1.101148E-19	2.213429E-20	4.412130E-21	9.199929E-22	2.718452E-22	1.871625E-22	4.947574E-23	1.718726E-22	2.500089E-22	1.854888E-22	1.277736E-22	2.309579E-22	8.462445E-23	1.129425E-22	2.905407E-22	1.600594E-22	1.977414E-22	4.749503E-22	
6.564088E-07	1.797059E-06	7.492516E-07	1.674430E-07	2.151899E-08	5.107559E-09	1.356432E-09	3.664052E-10	1.037132E-10	2.845403E-11	8.013279E-12	2.240505E-12	6.301989E-13	1.850425E-13	5.086507E-14	1.246895E-14	3.470941E-15	8.593839E-16	2.058318E-16	4.878623E-17	1.126949E-17	2.500797E-18	5.359085E-19	1.111737E-19	2.248413E-20	4.429332E-21	8.317430E-22	1.986138E-22	2.086046E-23	2.020130E-23	6.165081E-24	0.000000E+00	0.000000E+00	0.000000E+00	0.000000E+00	0.000000E+00	0.000000E+00	1.148359E-23	0.000000E+00	5.290725E-23	0.000000E+00	
6.408246E-07	1.765886E-06	7.431242E-07	1.669731E-07	2.151512E-08	5.109184E-09	1.357241E-09	3.668365E-10	1.038681E-10	2.851690E-11	8.034472E-12	2.247779E-12	6.325527E-13	1.858097E-13	5.109510E-14	1.253278E-14	3.489439E-15	8.642738E-16	2.070799E-16	4.909060E-17	1.134197E-17	2.517315E-18	5.395131E-19	1.118775E-19	2.245346E-20	4.406934E-21	8.132736E-22	2.197457E-22	1.808941E-22	1.364848E-22	7.368370E-23	1.116435E-22	1.665089E-22	3.120603E-22	1.450603E-22	3.562434E-22	3.019920E-22	3.431572E-22	4.602614E-22	0.000000E+00	1.090780E-22	
6.265174E-07	1.736794E-06	7.371891E-07	1.664647E-07	2.149879E-08	5.106653E-09	1.356555E-09	3.667404E-10	1.038336E-10	2.851489E-11	8.033516E-12	2.247722E-12	6.325364E-13	1.858020E-13	5.109379E-14	1.253443E-14	3.489863E-15	8.644632E-16	2.071554E-16	4.911114E-17	1.134801E-17	2.518933E-18	5.400396E-19	1.122636E-19	2.265742E-20	4.433934E-21	8.733735E-22	2.100651E-22	1.121088E-22	1.695720E-22	2.125143E-22	1.825161E-22	1.181382E-22	1.775078E-22	1.330016E-22	3.086999E-22	0.000000E+00	0.000000E+00	0.000000E+00	2.910319E-22	8.065140E-22	
6.137142E-07	1.710536E-06	7.318013E-07	1.659984E-07	2.147987E-08	5.102159E-09	1.354909E-09	3.662469E-10	1.036417E-10	2.845518E-11	8.011955E-12	2.240624E-12	6.301928E-13	1.850221E-13	5.085955E-14	1.247282E-14	3.471806E-15	8.598223E-16	2.060201E-16	4.883717E-17	1.128431E-17	2.504866E-18	5.368084E-19	1.114141E-19	2.240262E-20	4.394436E-21	7.895180E-22	2.975265E-23	0.000000E+00	0.000000E+00	0.000000E+00	0.000000E+00	0.000000E+00	0.000000E+00	0.000000E+00	0.000000E+00	2.987544E-23	0.000000E+00	0.000000E+00	0.000000E+00	0.000000E+00	
6.026313E-07	1.687833E-06	7.273067E-07	1.656532E-07	2.146809E-08	5.097850E-09	1.352820E-09	3.654791E-10	1.033216E-10	2.834407E-11	7.971026E-12	2.226672E-12	6.255314E-13	1.834615E-13	5.038745E-14	1.234597E-14	3.434605E-15	8.501540E-16	2.036204E-16	4.825536E-17	1.114816E-17	2.474423E-18	5.303885E-19	1.101499E-19	2.226781E-20	4.345206E-21	7.988626E-22	1.079471E-22	9.047288E-25	7.354153E-23	5.295248E-23	8.578121E-23	1.489571E-23	3.784998E-23	8.807535E-23	0.000000E+00	0.000000E+00	0.000000E+00	0.000000E+00	0.000000E+00	5.392571E-22	
5.934833E-07	1.669392E-06	7.240481E-07	1.655083E-07	2.147310E-08	5.095830E-09	1.350784E-09	3.645520E-10	1.028994E-10	2.818668E-11	7.911535E-12	2.205905E-12	6.185131E-13	1.810961E-13	4.966783E-14	1.215065E-14	3.377216E-15	8.351627E-16	1.998776E-16	4.734595E-17	1.093426E-17	2.426216E-18	5.199138E-19	1.079202E-19	2.164450E-20	4.213335E-21	8.675186E-22	8.677642E-23	2.384607E-23	0.000000E+00	8.236263E-23	7.453027E-23	4.717514E-25	0.000000E+00	0.000000E+00	0.000000E+00	0.000000E+00	0.000000E+00	0.000000E+00	0.000000E+00	0.000000E+00	
5.864929E-07	1.655935E-06	7.223726E-07	1.656434E-07	2.150458E-08	5.098174E-09	1.349278E-09	3.635709E-10	1.023971E-10	2.798658E-11	7.833723E-12	2.178168E-12	6.090335E-13	1.778802E-13	4.868445E-14	1.188188E-14	3.298072E-15	8.144163E-16	1.946794E-16	4.608133E-17	1.063620E-17	2.359040E-18	5.054291E-19	1.048431E-19	2.110754E-20	4.186064E-21	8.237943E-22	2.013409E-22	8.307995E-23	3.029549E-23	0.000000E+00	1.161284E-23	0.000000E+00	0.000000E+00	0.000000E+00	7.051068E-23	2.625135E-22	2.735512E-23	4.976008E-25	2.942533E-22	0.000000E+00	
5.819024E-07	1.648222E-06	7.226416E-07	1.661414E-07	2.157240E-08	5.106945E-09	1.348754E-09	3.626297E-10	1.018314E-10	2.774538E-11	7.737098E-12	2.143043E-12	5.969017E-13	1.737393E-13	4.741240E-14	1.153233E-14	3.194907E-15	7.873007E-16	1.878680E-16	4.442216E-17	1.024475E-17	2.270653E-18	4.861976E-19	1.009076E-19	2.026436E-20	3.933890E-21	6.544808E-22	0.000000E+00	0.000000E+00	0.000000E+00	0.000000E+00	0.000000E+00	3.364299E-23	0.000000E+00	0.000000E+00	0.000000E+00	4.324604E-23	0.000000E+00	0.000000E+00	0.000000E+00	0.000000E+00	
5.799865E-07	1.647087E-06	7.252427E-07	1.670899E-07	2.168681E-08	5.124231E-09	1.349648E-09	3.618105E-10	1.012134E-10	2.746230E-11	7.620254E-12	2.099792E-12	5.818174E-13	1.685625E-13	4.581562E-14	1.109172E-14	3.064557E-15	7.529660E-16	1.792267E-16	4.231606E-17	9.747615E-18	2.158590E-18	4.620344E-19	9.596104E-20	1.936881E-20	3.842978E-21	7.932016E-22	2.467195E-22	1.801574E-22	9.559106E-23	1.166842E-22	1.747161E-22	9.995961E-23	2.088502E-22	1.542239E-22	2.323537E-22	6.167019E-23	1.934181E-22	3.217345E-22	5.416417E-22	7.816857E-22	
5.810688E-07	1.653478E-06	7.306043E-07	1.685842E-07	2.185873E-08	5.152174E-09	1.352379E-09	3.611803E-10	1.005463E-10	2.713345E-11	7.480582E-12	2.047241E-12	5.633336E-13	1.621903E-13	4.384319E-14	1.054574E-14	2.902650E-15	7.102472E-16	1.684605E-16	3.969053E-17	9.127012E-18	2.018309E-18	4.315475E-19	8.935430E-20	1.801408E-20	3.457318E-21	5.929205E-22	2.014960E-22	1.379065E-23	1.010324E-22	6.624553E-23	1.317931E-22	1.245295E-23	7.785838E-23	2.016253E-22	3.361326E-22	2.340727E-22	2.349451E-22	2.428551E-22	6.105627E-23	3.563533E-22	
5.855410E-07	1.668509E-06	7.392145E-07	1.707311E-07	2.210001E-08	5.193019E-09	1.357348E-09	3.607884E-10	9.982401E-11	2.675095E-11	7.313921E-12	1.983656E-12	5.408135E-13	1.543997E-13	4.142485E-14	9.874944E-15	2.703243E-15	6.575679E-16	1.551717E-16	3.644887E-17	8.360720E-18	1.845235E-18	3.940580E-19	8.154462E-20	1.648327E-20	3.316038E-21	7.954893E-22	3.179734E-22	1.004895E-22	1.332666E-22	1.247169E-22	7.694072E-23	6.225180E-23	8.624004E-23	0.000000E+00	0.000000E+00	0.000000E+00	0.000000E+00	3.996963E-23	0.000000E+00	5.588445E-22	
5.938588E-07	1.693546E-06	7.517168E-07	1.736811E-07	2.242960E-08	5.250984E-09	1.365575E-09	3.608823E-10	9.910640E-11	2.632825E-11	7.123086E-12	1.909536E-12	5.143268E-13	1.451964E-13	3.855775E-14	9.077862E-15	2.465569E-15	5.946918E-16	1.392965E-16	3.257477E-17	7.444378E-18	1.638047E-18	3.488625E-19	7.198118E-20	1.431309E-20	2.601147E-21	3.423106E-22	0.000000E+00	0.000000E+00	0.000000E+00	0.000000E+00	0.000000E+00	0.000000E+00	0.000000E+00	0.000000E+00	0.000000E+00	4.084204E-23	0.000000E+00	0.000000E+00	0.000000E+00	7.586151E-23	
6.066931E-07	1.730195E-06	7.686536E-07	1.775225E-07	2.285141E-08	5.325094E-09	1.376166E-09	3.610257E-10	9.820441E-11	2.579314E-11	6.881405E-12	1.815566E-12	4.807638E-13	1.335484E-13	3.492879E-14	8.070158E-15	2.164521E-15	5.150570E-16	1.191961E-16	2.767179E-17	6.285327E-18	1.376257E-18	2.922072E-19	6.023683E-20	1.205194E-20	2.439356E-21	4.649789E-22	1.000242E-22	2.778810E-24	7.211981E-24	6.740230E-24	1.145774E-23	0.000000E+00	7.769682E-23	0.000000E+00	2.371036E-23	1.346301E-22	1.700179E-22	0.000000E+00	0.000000E+00	0.000000E+00	
6.247954E-07	1.780546E-06	7.909323E-07	1.824554E-07	2.338864E-08	5.420028E-09	1.390081E-09	3.613935E-10	9.713853E-11	2.514248E-11	6.585214E-12	1.699893E-12	4.393992E-13	1.191986E-13	3.045476E-14	6.829066E-15	1.792774E-15	4.167143E-16	9.438120E-17	2.162101E-17	4.855222E-18	1.053427E-18	2.222005E-19	4.556705E-20	9.074107E-21	1.701989E-21	2.519799E-22	0.000000E+00	4.549493E-23	1.218540E-22	1.318836E-22	5.341777E-23	2.615312E-23	0.000000E+00	0.000000E+00	0.000000E+00	0.000000E+00	5.882030E-23	0.000000E+00	1.270692E-22	0.000000E+00	
6.491767E-07	1.847233E-06	8.195948E-07	1.886906E-07	2.406218E-08	5.539038E-09	1.407605E-09	3.618890E-10	9.582208E-11	2.433440E-11	6.217012E-12	1.555935E-12	3.879562E-13	1.013822E-13	2.489953E-14	5.291173E-15	1.330848E-15	2.945501E-16	6.357583E-17	1.411364E-17	3.081543E-18	6.530073E-19	1.353499E-19	2.741116E-20	5.432638E-21	1.001767E-21	1.792397E-22	4.795063E-24	0.000000E+00	0.000000E+00	0.000000E+00	2.587524E-23	0.000000E+00	7.318610E-23	2.551335E-23	0.000000E+00	0.000000E+00	0.000000E+00	0.000000E+00	0.000000E+00	0.000000E+00	
6.811635E-07	1.933642E-06	8.559426E-07	1.964842E-07	2.489615E-08	5.685469E-09	1.428828E-09	3.622944E-10	9.411135E-11	2.330443E-11	5.750752E-12	1.374069E-12	3.231428E-13	7.900336E-14	1.792610E-14	3.366606E-15	7.510721E-16	1.413183E-16	2.497702E-17	4.714406E-18	8.625745E-19	1.524493E-19	2.699243E-20	4.857282E-21	9.838409E-22	2.446387E-22	8.329967E-23	1.622437E-22	1.058920E-22	3.948495E-23	2.615959E-23	0.000000E+00	8.392006E-23	1.151526E-22	0.000000E+00	7.289529E-24	0.000000E+00	5.192497E-23	0.000000E+00	0.000000E+00	0.000000E+00	
7.231702E-07	2.044411E-06	9.008414E-07	2.058246E-07	2.586750E-08	5.857216E-09	1.457166E-09	3.655437E-10	9.379753E-11	2.291049E-11	5.565529E-12	1.306167E-12	3.009414E-13	7.194105E-14	1.593711E-14	2.872818E-15	6.169219E-16	1.090984E-16	1.753892E-17	3.010471E-18	4.808338E-19	6.991514E-20	9.656791E-21	1.107207E-21	7.791007E-23	6.740230E-23	4.814450E-23	0.000000E+00	0.000000E+00	1.067580E-23	3.108648E-22	2.132446E-22	1.743800E-22	1.121347E-22	2.840138E-22	5.642277E-22	4.693539E-22	3.583954E-22	2.021423E-23	1.725318E-22	0.000000E+00	
7.771296E-07	2.185261E-06	9.570088E-07	2.173540E-07	2.705169E-08	6.065093E-09	1.491488E-09	3.696682E-10	9.359952E-11	2.253859E-11	5.393092E-12	1.246108E-12	2.826126E-13	6.652541E-14	1.455612E-14	2.573405E-15	5.473731E-16	9.539993E-17	1.507212E-17	2.562511E-18	4.046680E-19	5.828839E-20	8.047614E-21	1.138769E-21	1.770167E-22	5.963455E-23	7.589382E-23	8.481186E-23	2.307575E-22	2.500541E-22	6.325347E-23	9.915828E-23	1.157924E-22	3.619949E-22	1.219833E-22	5.659079E-23	2.288641E-22	4.696835E-23	8.606556E-23	0.000000E+00	0.000000E+00	
8.461462E-07	2.363857E-06	1.027286E-06	2.316142E-07	2.849753E-08	6.314963E-09	1.531347E-09	3.739221E-10	9.308452E-11	2.200011E-11	5.157524E-12	1.165745E-12	2.584105E-13	5.945256E-14	1.275592E-14	2.187942E-15	4.571275E-16	7.768420E-17	1.190532E-17	1.987004E-18	3.070385E-19	4.313819E-20	5.895497E-21	8.086207E-22	1.992213E-22	2.217878E-23	4.664523E-23	0.000000E+00	9.654749E-24	0.000000E+00	0.000000E+00	0.000000E+00	1.695591E-22	5.888492E-23	3.540075E-23	1.890883E-22	3.330888E-22	2.422282E-22	4.407839E-22	7.967753E-22	0.000000E+00	
9.344935E-07	2.590138E-06	1.115008E-06	2.491668E-07	3.024400E-08	6.608986E-09	1.575386E-09	3.774862E-10	9.190875E-11	2.117792E-11	4.821806E-12	1.054289E-12	2.254177E-13	4.994341E-14	1.034320E-14	1.679110E-15	3.369913E-16	5.420259E-17	7.744573E-18	1.231280E-18	1.790817E-19	2.355438E-20	3.096370E-21	5.221319E-22	1.807907E-22	0.000000E+00	6.583841E-23	8.510913E-23	4.973423E-23	3.107097E-23	2.139684E-22	2.987414E-22	1.008514E-22	5.080698E-23	5.447760E-23	0.000000E+00	0.000000E+00	0.000000E+00	0.000000E+00	0.000000E+00	0.000000E+00	
1.048338E-06	2.879009E-06	1.225586E-06	2.710553E-07	3.241223E-08	6.980483E-09	1.636217E-09	3.852658E-10	9.203605E-11	2.078001E-11	4.631021E-12	9.901619E-13	2.069184E-13	4.479278E-14	9.108881E-15	1.433672E-15	2.833327E-16	4.443623E-17	6.140306E-18	9.577110E-19	1.357045E-19	1.746199E-20	2.314296E-21	4.287122E-22	0.000000E+00	5.169879E-25	2.066142E-22	2.318691E-22	2.957817E-22	2.206763E-22	3.029032E-22	2.001906E-22	3.452187E-23	0.000000E+00	0.000000E+00	1.107388E-22	0.000000E+00	0.000000E+00	6.214841E-23	1.323489E-22	3.728710E-22	
1.195584E-06	3.248384E-06	1.364840E-06	2.982112E-07	3.504959E-08	7.421801E-09	1.705448E-09	3.932156E-10	9.178060E-11	2.020794E-11	4.384708E-12	9.114166E-13	1.850751E-13	3.892083E-14	7.739944E-15	1.174466E-15	2.281945E-16	3.485405E-17	4.660126E-18	7.155925E-19	9.919746E-20	1.227303E-20	1.490735E-21	3.158796E-22	1.366140E-22	0.000000E+00	0.000000E+00	2.794320E-23	1.452994E-22	9.869299E-23	8.955523E-23	0.000000E+00	0.000000E+00	0.000000E+00	0.000000E+00	0.000000E+00	0.000000E+00	0.000000E+00	0.000000E+00	3.750165E-22	0.000000E+00	
1.380077E-06	3.704659E-06	1.533636E-06	3.304865E-07	3.809092E-08	7.908492E-09	1.774159E-09	3.983767E-10	9.017163E-11	1.917129E-11	3.997621E-12	7.942492E-13	1.536065E-13	3.067284E-14	5.824860E-15	8.219351E-16	1.519980E-16	2.171097E-17	2.665617E-18	3.888299E-19	5.060195E-20	5.727967E-21	7.892854E-22	2.012634E-22	1.812560E-22	0.000000E+00	0.000000E+00	0.000000E+00	5.283616E-23	1.848232E-23	3.197829E-22	2.566716E-22	3.122348E-22	3.886586E-22	0.000000E+00	0.000000E+00	0.000000E+00	0.000000E+00	1.981356E-22	0.000000E+00	0.000000E+00	
1.625789E-06	4.292682E-06	1.741258E-06	3.682069E-07	4.137803E-08	8.385252E-09	1.829020E-09	3.987895E-10	8.741823E-11	1.795364E-11	3.609397E-12	6.895800E-13	1.280431E-13	2.448701E-14	4.496040E-15	5.978757E-16	1.071572E-16	1.454397E-17	1.661981E-18	2.328778E-19	2.830628E-20	2.940058E-21	3.150524E-22	0.000000E+00	5.319805E-23	0.000000E+00	0.000000E+00	5.019952E-23	1.025704E-22	0.000000E+00	0.000000E+00	0.000000E+00	0.000000E+00	0.000000E+00	2.301501E-22	0.000000E+00	0.000000E+00	0.000000E+00	4.974457E-22	1.334721E-21	2.043718E-21	
1.956931E-06	5.068047E-06	2.007461E-06	4.150669E-07	4.526604E-08	8.907201E-09	1.875947E-09	3.939291E-10	8.279713E-11	1.623651E-11	3.106130E-12	5.623202E-13	9.876841E-14	1.781403E-14	3.127207E-15	3.867583E-16	6.690769E-17	8.620447E-18	9.217837E-19	1.257098E-19	1.471265E-20	1.440742E-21	0.000000E+00	0.000000E+00	1.272307E-22	0.000000E+00	0.000000E+00	0.000000E+00	0.000000E+00	0.000000E+00	1.194501E-22	0.000000E+00	0.000000E+00	0.000000E+00	0.000000E+00	0.000000E+00	0.000000E+00	0.000000E+00	0.000000E+00	0.000000E+00	4.931030E-22	
2.410375E-06	6.109127E-06	2.356775E-06	4.750687E-07	5.011816E-08	9.546008E-09	1.934146E-09	3.894743E-10	7.806913E-11	1.451698E-11	2.618029E-12	4.430391E-13	7.228382E-14	1.199506E-14	1.958233E-15	2.151121E-16	3.422292E-17	3.925490E-18	3.576492E-19	4.437731E-20	4.394294E-21	5.784060E-22	9.130006E-23	4.270320E-23	4.607396E-22	2.915812E-22	2.814482E-22	4.751119E-23	4.756289E-24	0.000000E+00	0.000000E+00	0.000000E+00	0.000000E+00	0.000000E+00	0.000000E+00	2.213742E-22	0.000000E+00	6.555665E-22	0.000000E+00	8.967155E-22	2.400233E-21	
3.042398E-06	7.529225E-06	2.821538E-06	5.527710E-07	5.623278E-08	1.033879E-08	2.010765E-09	3.877450E-10	7.417383E-11	1.312739E-11	2.251026E-12	3.616120E-13	5.603500E-14	8.805205E-15	1.388920E-15	1.435278E-16	2.249634E-17	2.496985E-18	2.166068E-19	2.722737E-20	2.838780E-21	1.427921E-22	0.000000E+00	3.222902E-22	5.985686E-22	3.626153E-22	5.110942E-22	5.622760E-22	7.763607E-22	2.891513E-22	5.810944E-22	5.289562E-22	2.266733E-22	6.823723E-22	4.427743E-22	0.000000E+00	6.538863E-22	7.927751E-22	0.000000E+00	0.000000E+00	0.000000E+00	
3.932606E-06	9.474719E-06	3.437255E-06	6.516330E-07	6.355675E-08	1.119544E-08	2.066514E-09	3.758036E-10	6.712961E-11	1.098258E-11	1.721136E-12	2.486261E-13	3.420280E-14	4.671839E-15	6.466394E-16	5.542945E-17	7.409563E-18	6.781123E-19	4.567960E-20	4.909317E-21	3.501042E-22	3.227038E-22	5.645508E-23	3.752298E-22	0.000000E+00	0.000000E+00	0.000000E+00	2.515146E-22	8.323505E-23	0.000000E+00	0.000000E+00	0.000000E+00	1.823933E-22	7.555261E-22	1.234826E-22	0.000000E+00	9.098987E-23	2.848345E-22	0.000000E+00	0.000000E+00	0.000000E+00	
5.195321E-06	1.208408E-05	4.202986E-06	7.628984E-07	7.059082E-08	1.181513E-08	2.059508E-09	3.529399E-10	5.928154E-11	9.110480E-12	1.344749E-12	1.833671E-13	2.389268E-14	3.079952E-15	4.152888E-16	3.352036E-17	4.509461E-18	4.048127E-19	2.654774E-20	2.721838E-21	0.000000E+00	0.000000E+00	0.000000E+00	0.000000E+00	0.000000E+00	0.000000E+00	0.000000E+00	0.000000E+00	0.000000E+00	0.000000E+00	0.000000E+00	3.481396E-22	8.569591E-22	1.376635E-21	1.582603E-21	1.930278E-21	0.000000E+00	1.008178E-21	1.631898E-21	2.177941E-21	1.550886E-21	
7.022273E-06	1.574080E-05	5.239405E-06	9.066991E-07	7.904283E-08	1.242431E-08	2.004574E-09	3.144807E-10	4.757653E-11	6.476413E-12	8.313618E-13	9.613495E-14	1.039141E-14	1.067960E-15	1.146488E-16	7.092016E-18	7.185652E-19	4.740283E-20	1.748246E-21	0.000000E+00	0.000000E+00	0.000000E+00	0.000000E+00	0.000000E+00	0.000000E+00	0.000000E+00	0.000000E+00	0.000000E+00	0.000000E+00	0.000000E+00	0.000000E+00	0.000000E+00	0.000000E+00	0.000000E+00	0.000000E+00	3.726449E-22	0.000000E+00	4.328223E-22	0.000000E+00	0.000000E+00	0.000000E+00	
9.894230E-06	2.134500E-05	6.792810E-06	1.118259E-06	9.200814E-08	1.367371E-08	2.078244E-09	3.071999E-10	4.386544E-11	5.653553E-12	6.918779E-13	7.681461E-14	8.018474E-15	7.936174E-16	8.472861E-17	5.036638E-18	5.228179E-19	3.459931E-20	2.399237E-21	1.116694E-22	0.000000E+00	0.000000E+00	0.000000E+00	1.573711E-22	0.000000E+00	0.000000E+00	1.861156E-23	2.998530E-23	3.262194E-22	0.000000E+00	2.726594E-22	3.969433E-22	1.145128E-21	4.670469E-22	0.000000E+00	0.000000E+00	1.204530E-21	1.206908E-21	2.697177E-21	0.000000E+00	0.000000E+00	
1.465571E-05	3.048987E-05	9.300406E-06	1.455632E-06	1.124849E-07	1.561269E-08	2.184258E-09	2.942124E-10	3.781806E-11	4.350549E-12	4.730710E-13	4.663187E-14	4.346261E-15	3.838674E-16	3.790450E-17	2.083617E-18	2.133762E-19	1.604730E-20	3.338501E-21	2.497258E-21	3.561013E-22	1.055069E-21	0.000000E+00	1.052587E-21	2.082014E-21	2.595279E-22	2.706949E-21	0.000000E+00	3.984943E-22	1.773475E-21	5.016850E-22	0.000000E+00	1.733460E-21	2.569637E-21	4.296479E-21	3.794691E-21	2.525693E-21	5.570648E-21	6.422437E-21	1.014299E-20	5.331696E-21	
2.311728E-05	4.591943E-05	1.327842E-05	1.947539E-06	1.396140E-07	1.795568E-08	2.307930E-09	2.836532E-10	3.288985E-11	3.360288E-12	3.176269E-13	2.637433E-14	1.993824E-15	1.338547E-16	9.443617E-18	3.837159E-19	2.423474E-20	5.216201E-21	4.082136E-21	3.775252E-21	2.209399E-21	2.131644E-21	5.471800E-22	2.808278E-21	4.396051E-21	3.034512E-21	1.594391E-21	2.882311E-21	4.649996E-21	2.795870E-21	1.447566E-24	3.353597E-21	5.188077E-21	0.000000E+00	0.000000E+00	4.787101E-21	0.000000E+00	7.343089E-21	8.789104E-21	4.429552E-22	0.000000E+00	
3.951450E-05	7.467318E-05	2.039212E-05	2.774328E-06	1.818591E-07	2.129767E-08	2.475241E-09	2.754733E-10	2.910610E-11	2.740878E-12	2.427641E-13	1.921685E-14	1.403696E-15	9.139911E-17	6.438949E-18	2.543779E-19	1.734598E-20	0.000000E+00	6.584358E-22	1.555100E-22	0.000000E+00	1.309427E-21	2.165559E-21	1.773475E-21	2.098557E-21	1.760240E-21	6.545480E-21	0.000000E+00	5.195521E-21	0.000000E+00	2.457967E-21	1.989783E-21	0.000000E+00	0.000000E+00	0.000000E+00	0.000000E+00	6.427193E-22	6.637090E-21	2.213970E-20	0.000000E+00	0.000000E+00	
7.319851E-05	1.315650E-04	3.395087E-05	4.251083E-06	2.504968E-07	2.581207E-08	2.540296E-09	2.299916E-10	1.868957E-11	1.275715E-12	7.656505E-14	3.834516E-15	1.661124E-16	5.925690E-18	1.974116E-19	1.244080E-20	0.000000E+00	8.271806E-22	8.030269E-21	6.114519E-21	4.693423E-21	1.195441E-20	1.096180E-20	2.742931E-21	4.701695E-21	7.250238E-21	9.846758E-21	9.463773E-21	8.855796E-21	1.193787E-20	9.326461E-21	7.293251E-21	0.000000E+00	1.067518E-20	1.239075E-20	9.527053E-21	8.040609E-21	8.351215E-21	1.218644E-20	2.340135E-20	5.241223E-20	
1.471836E-04	2.441094E-04	5.760526E-05	6.323773E-06	3.241506E-07	2.955152E-08	2.639063E-09	2.227189E-10	1.731716E-11	1.149591E-12	6.792227E-14	3.373567E-15	1.451620E-16	5.130068E-18	1.468808E-19	0.000000E+00	3.599890E-21	3.116817E-21	4.030024E-21	1.295696E-20	1.538225E-20	1.364848E-20	1.074673E-20	4.966392E-21	1.789026E-20	1.488098E-20	1.824595E-20	1.402402E-20	9.360376E-21	1.782574E-20	0.000000E+00	2.431911E-22	0.000000E+00	8.473638E-21	0.000000E+00	0.000000E+00	0.000000E+00	0.000000E+00	0.000000E+00	0.000000E+00	3.591453E-20	
3.037730E-04	4.673312E-04	1.016130E-04	9.469820E-06	3.902889E-07	2.703268E-08	1.749292E-09	1.061505E-10	6.162081E-12	3.319846E-13	1.734250E-14	8.119962E-16	3.398969E-17	1.195216E-18	3.711063E-20	0.000000E+00	0.000000E+00	0.000000E+00	1.843620E-20	1.293710E-20	2.864692E-20	0.000000E+00	2.316106E-22	4.307957E-21	1.318857E-20	1.249704E-20	4.369499E-20	8.276438E-20	3.277951E-20	6.043382E-20	8.304893E-20	3.099611E-20	1.106271E-20	4.269906E-20	4.530965E-20	2.320076E-20	5.199657E-21	3.781870E-21	5.838241E-20	1.569989E-20	1.713587E-20	
6.422942E-04	7.138411E-04	1.034725E-04	5.036390E-06	1.122004E-07	5.251112E-09	2.657940E-10	1.221909E-11	4.694891E-13	1.381221E-14	3.251889E-16	5.928172E-18	1.044498E-19	2.631096E-20	2.604626E-20	1.958764E-21	0.000000E+00	0.000000E+00	0.000000E+00	0.000000E+00	0.000000E+00	0.000000E+00	2.796532E-20	0.000000E+00	0.000000E+00	0.000000E+00	0.000000E+00	0.000000E+00	0.000000E+00	0.000000E+00	0.000000E+00	0.000000E+00	0.000000E+00	0.000000E+00	5.647327E-20	2.815723E-20	8.400846E-20	5.177820E-20	1.261186E-19	2.695103E-19	5.100727E-20	
3.084200E-04	1.245209E-04	4.263482E-06	2.055295E-08	1.749542E-11	1.050950E-14	4.042253E-18	0.000000E+00	2.509335E-20	2.133464E-20	5.241016E-21	1.704654E-20	2.743593E-20	2.484189E-20	9.039430E-21	1.952146E-21	7.874759E-22	0.000000E+00	0.000000E+00	0.000000E+00	0.000000E+00	0.000000E+00	0.000000E+00	0.000000E+00	0.000000E+00	0.000000E+00	0.000000E+00	0.000000E+00	0.000000E+00	0.000000E+00	0.000000E+00	0.000000E+00	0.000000E+00	0.000000E+00	0.000000E+00	0.000000E+00	9.237953E-21	2.027916E-20	0.000000E+00	0.000000E+00	0.000000E+00	
3.280915E-04	1.325940E-04	4.550525E-06	2.192833E-08	1.866008E-11	1.120290E-14	4.367620E-18	6.352747E-21	2.202286E-20	4.552802E-21	0.000000E+00	0.000000E+00	0.000000E+00	0.000000E+00	0.000000E+00	0.000000E+00	6.875525E-21	3.705769E-21	0.000000E+00	0.000000E+00	0.000000E+00	0.000000E+00	0.000000E+00	8.665544E-21	0.000000E+00	0.000000E+00	0.000000E+00	0.000000E+00	0.000000E+00	0.000000E+00	0.000000E+00	0.000000E+00	0.000000E+00	0.000000E+00	0.000000E+00	0.000000E+00	0.000000E+00	0.000000E+00	0.000000E+00	0.000000E+00	3.878071E-20	
3.472343E-04	1.404941E-04	4.834936E-06	2.328626E-08	1.980575E-11	1.188170E-14	4.593777E-18	0.000000E+00	0.000000E+00	0.000000E+00	0.000000E+00	0.000000E+00	0.000000E+00	0.000000E+00	0.000000E+00	0.000000E+00	0.000000E+00	0.000000E+00	0.000000E+00	0.000000E+00	0.000000E+00	0.000000E+00	1.251690E-20	0.000000E+00	0.000000E+00	0.000000E+00	0.000000E+00	0.000000E+00	0.000000E+00	0.000000E+00	0.000000E+00	3.836464E-21	5.211238E-21	0.000000E+00	2.993567E-21	1.194862E-20	0.000000E+00	6.413131E-21	1.364517E-20	1.492978E-20	0.000000E+00	
4.647481E-04	1.883338E-04	6.505206E-06	3.130512E-08	2.660534E-11	1.594316E-14	6.176776E-18	2.032879E-20	1.037615E-20	3.711063E-20	1.874060E-20	3.441071E-20	1.807886E-20	1.707301E-21	1.647744E-20	1.529953E-20	3.250489E-20	5.718796E-20	4.218621E-20	2.695285E-20	3.190270E-20	8.265189E-21	0.000000E+00	0.000000E+00	3.652830E-21	4.076346E-21	5.724090E-21	0.000000E+00	0.000000E+00	0.000000E+00	0.000000E+00	3.247015E-20	1.897883E-20	4.461812E-20	2.814565E-20	4.568519E-21	3.670118E-20	0.000000E+00	2.722582E-20	8.694992E-20	1.195011E-19	
1.257681E-03	5.114878E-04	1.782301E-05	8.559429E-08	7.259993E-11	4.338511E-14	1.684960E-17	0.000000E+00	0.000000E+00	0.000000E+00	0.000000E+00	0.000000E+00	4.965731E-20	0.000000E+00	1.418780E-20	2.768739E-20	7.014492E-21	3.480776E-20	6.408334E-20	4.711621E-20	1.083276E-19	5.856439E-20	5.127196E-20	4.213989E-20	5.155651E-20	7.438008E-20	1.245271E-19	9.767349E-20	1.051446E-19	1.239514E-19	1.069412E-19	1.069181E-19	3.411955E-20	1.305953E-19	1.111069E-19	8.488527E-20	4.768862E-20	3.868889E-20	6.624228E-20	1.008598E-19	4.597635E-20	
2.047121E-02	8.530683E-03	3.361009E-04	1.574236E-06	1.302003E-09	7.479677E-13	2.887908E-16	0.000000E+00	0.000000E+00	0.000000E+00	0.000000E+00	0.000000E+00	0.000000E+00	1.359488E-19	0.000000E+00	1.042909E-18	0.000000E+00	0.000000E+00	1.740653E-19	6.252162E-19	0.000000E+00	0.000000E+00	0.000000E+00	0.000000E+00	0.000000E+00	1.965646E-19	0.000000E+00	0.000000E+00	0.000000E+00	0.000000E+00	5.047258E-19	9.019313E-19	1.780119E-18	1.685119E-18	1.633794E-18	3.267006E-18	1.780675E-18	6.664561E-19	1.702219E-18	0.000000E+00	0.000000E+00	
5.550959E-02	2.322970E-02	1.152530E-03	5.322226E-06	4.181247E-09	2.213131E-12	8.776955E-16	4.540097E-19	3.899740E-18	3.337310E-18	0.000000E+00	0.000000E+00	0.000000E+00	0.000000E+00	0.000000E+00	0.000000E+00	0.000000E+00	0.000000E+00	0.000000E+00	0.000000E+00	0.000000E+00	0.000000E+00	0.000000E+00	4.446923E-21	3.419048E-18	1.844520E-18	0.000000E+00	2.118535E-18	1.635515E-18	0.000000E+00	0.000000E+00	3.586973E-18	4.578478E-18	5.471833E-18	6.455079E-18	6.759164E-18	0.000000E+00	3.944527E-18	0.000000E+00	1.242280E-18	1.965593E-18	
6.686330E-02	2.792140E-02	1.533468E-03	7.506190E-06	5.611908E-09	2.807382E-12	1.115224E-15	1.382358E-18	0.000000E+00	0.000000E+00	2.371692E-19	1.077426E-18	1.904130E-18	4.861122E-18	1.915989E-18	3.278865E-18	4.656987E-18	1.254456E-18	4.249988E-18	6.340042E-19	0.000000E+00	0.000000E+00	2.539617E-18	2.876100E-18	0.000000E+00	0.000000E+00	0.000000E+00	0.000000E+00	0.000000E+00	0.000000E+00	0.000000E+00	8.726557E-19	2.336752E-18	4.926555E-19	0.000000E+00	1.468173E-18	0.000000E+00	0.000000E+00	9.008778E-18	0.000000E+00	1.191272E-17	
6.868145E-02	2.864597E-02	1.636079E-03	8.754839E-06	6.242157E-09	2.987575E-12	1.178812E-15	3.964114E-18	6.681396E-18	8.693946E-18	4.606165E-18	2.185345E-18	2.202286E-18	0.000000E+00	0.000000E+00	0.000000E+00	0.000000E+00	0.000000E+00	0.000000E+00	0.000000E+00	0.000000E+00	0.000000E+00	0.000000E+00	0.000000E+00	0.000000E+00	1.059850E-18	2.473866E-18	5.303485E-19	0.000000E+00	3.989419E-18	1.950717E-18	9.118310E-19	8.672559E-19	3.399567E-18	0.000000E+00	0.000000E+00	2.247549E-18	0.000000E+00	0.000000E+00	4.353220E-19	0.000000E+00	
6.910754E-02	2.880511E-02	1.676103E-03	9.814405E-06	6.714453E-09	3.094877E-12	1.200063E-15	0.000000E+00	3.388132E-21	8.605855E-19	0.000000E+00	0.000000E+00	0.000000E+00	0.000000E+00	0.000000E+00	0.000000E+00	0.000000E+00	0.000000E+00	0.000000E+00	0.000000E+00	0.000000E+00	0.000000E+00	1.856908E-18	0.000000E+00	1.760346E-18	0.000000E+00	0.000000E+00	4.719032E-19	0.000000E+00	8.681029E-19	0.000000E+00	1.802380E-18	1.957070E-18	5.334614E-18	7.571522E-18	1.924353E-18	3.100088E-18	6.024575E-18	0.000000E+00	0.000000E+00	0.000000E+00	
6.923694E-02	2.884845E-02	1.695643E-03	1.070888E-05	7.096240E-09	3.174412E-12	1.219958E-15	0.000000E+00	1.738112E-18	0.000000E+00	0.000000E+00	0.000000E+00	0.000000E+00	0.000000E+00	0.000000E+00	0.000000E+00	0.000000E+00	9.825582E-20	0.000000E+00	2.030338E-18	3.379661E-19	0.000000E+00	1.223963E-19	2.676624E-19	1.897777E-18	1.762676E-18	1.326242E-18	0.000000E+00	5.617946E-19	1.726888E-19	0.000000E+00	2.460419E-18	0.000000E+00	0.000000E+00	0.000000E+00	0.000000E+00	0.000000E+00	2.932163E-18	0.000000E+00	0.000000E+00	0.000000E+00	
6.928609E-02	2.886300E-02	1.705861E-03	1.135277E-05	7.366875E-09	3.229165E-12	1.226558E-15	0.000000E+00	0.000000E+00	0.000000E+00	0.000000E+00	5.041540E-18	1.089284E-18	0.000000E+00	0.000000E+00	0.000000E+00	0.000000E+00	0.000000E+00	0.000000E+00	0.000000E+00	0.000000E+00	0.000000E+00	0.000000E+00	0.000000E+00	0.000000E+00	0.000000E+00	0.000000E+00	0.000000E+00	0.000000E+00	0.000000E+00	0.000000E+00	0.000000E+00	0.000000E+00	0.000000E+00	0.000000E+00	0.000000E+00	0.000000E+00	0.000000E+00	0.000000E+00	0.000000E+00	8.991890E-18	
6.930588E-02	2.886876E-02	1.710107E-03	1.164106E-05	7.487754E-09	3.253564E-12	1.247686E-15	8.456777E-18	5.878409E-18	1.399298E-18	2.139605E-18	2.329341E-18	1.983751E-18	3.158586E-18	2.309859E-18	4.944978E-18	1.162976E-18	2.285718E-18	2.538981E-18	3.202632E-18	0.000000E+00	0.000000E+00	0.000000E+00	1.821544E-18	3.546315E-18	6.154753E-18	7.953639E-19	4.657940E-18	3.876235E-19	4.322833E-18	1.552611E-18	6.660855E-18	8.399390E-19	2.091430E-18	0.000000E+00	0.000000E+00	0.000000E+00	1.115119E-18	2.059349E-18	9.816582E-19	1.687131E-18	
6.931379E-02	2.887319E-02	1.708656E-03	1.143687E-05	7.404069E-09	3.237596E-12	1.232101E-15	1.511107E-18	0.000000E+00	0.000000E+00	0.000000E+00	0.000000E+00	0.000000E+00	0.000000E+00	0.000000E+00	0.000000E+00	0.000000E+00	0.000000E+00	0.000000E+00	2.090477E-18	1.074250E-18	0.000000E+00	0.000000E+00	0.000000E+00	0.000000E+00	0.000000E+00	0.000000E+00	0.000000E+00	0.000000E+00	0.000000E+00	0.000000E+00	6.871555E-20	0.000000E+00	0.000000E+00	0.000000E+00	3.396708E-18	8.824813E-18	7.631132E-18	0.000000E+00	1.025921E-17	3.353139E-18	
6.931912E-02	2.888266E-02	1.697946E-03	1.053026E-05	7.027926E-09	3.164057E-12	1.224905E-15	1.965116E-18	4.550261E-18	4.136909E-18	8.673617E-19	0.000000E+00	2.334423E-18	7.386127E-19	0.000000E+00	0.000000E+00	7.648708E-19	0.000000E+00	0.000000E+00	0.000000E+00	0.000000E+00	0.000000E+00	0.000000E+00	0.000000E+00	0.000000E+00	0.000000E+00	0.000000E+00	0.000000E+00	0.000000E+00	0.000000E+00	0.000000E+00	0.000000E+00	0.000000E+00	0.000000E+00	0.000000E+00	0.000000E+00	0.000000E+00	0.000000E+00	6.914753E-18	0.000000E+00	1.069644E-18	
6.933103E-02	2.891399E-02	1.657360E-03	8.679928E-06	6.243298E-09	3.006711E-12	1.186049E-15	4.153850E-18	3.422013E-19	7.894347E-19	0.000000E+00	1.948176E-18	9.452888E-19	5.318520E-18	2.799444E-18	8.470329E-22	0.000000E+00	0.000000E+00	0.000000E+00	2.114194E-18	0.000000E+00	0.000000E+00	2.590862E-18	2.024621E-18	3.849977E-18	0.000000E+00	4.079734E-18	2.154746E-18	1.562141E-18	1.834038E-18	1.622809E-18	0.000000E+00	0.000000E+00	1.630856E-18	0.000000E+00	0.000000E+00	3.456953E-20	0.000000E+00	0.000000E+00	0.000000E+00	0.000000E+00	
7.053704E-02	2.841771E-02	9.519095E-04	4.577138E-06	3.932156E-09	2.385812E-12	9.150395E-16	0.000000E+00	0.000000E+00	0.000000E+00	0.000000E+00	0.000000E+00	0.000000E+00	0.000000E+00	0.000000E+00	0.000000E+00	0.000000E+00	0.000000E+00	0.000000E+00	0.000000E+00	0.000000E+00	0.000000E+00	0.000000E+00	0.000000E+00	0.000000E+00	0.000000E+00	0.000000E+00	0.000000E+00	0.000000E+00	2.977321E-19	0.000000E+00	1.580563E-18	5.194430E-18	3.977455E-18	0.000000E+00	0.000000E+00	0.000000E+00	0.000000E+00	1.785757E-18	0.000000E+00	2.475454E-18	
