1.241331E-12	1.254012E-19	2.977748E-13	0.000000E+00	0.000000E+00	0.000000E+00	0.000000E+00	
1.241298E-12	1.270647E-19	2.977694E-13	8.760540E-26	9.951753E-26	0.000000E+00	0.000000E+00	
1.241294E-12	1.299998E-19	2.977687E-13	0.000000E+00	0.000000E+00	9.069030E-25	0.000000E+00	
1.241289E-12	1.242699E-19	2.977679E-13	0.000000E+00	0.000000E+00	5.477010E-25	0.000000E+00	
1.241284E-12	1.305309E-19	2.977670E-13	2.032452E-25	2.308187E-25	0.000000E+00	0.000000E+00	
1.241278E-12	1.270636E-19	2.977659E-13	0.000000E+00	0.000000E+00	6.477361E-25	0.000000E+00	
1.241271E-12	1.302203E-19	2.977648E-13	2.542723E-25	2.889858E-25	0.000000E+00	0.000000E+00	
1.241263E-12	1.293706E-19	2.977635E-13	6.669496E-26	7.575654E-26	0.000000E+00	0.000000E+00	
1.241254E-12	1.375144E-19	2.977620E-13	4.448107E-25	5.054678E-25	0.000000E+00	0.000000E+00	
1.241243E-12	1.290608E-19	2.977602E-13	0.000000E+00	0.000000E+00	8.732543E-25	0.000000E+00	
1.241232E-12	1.362530E-19	2.977582E-13	0.000000E+00	0.000000E+00	4.250944E-25	0.000000E+00	
1.241218E-12	1.318919E-19	2.977559E-13	0.000000E+00	0.000000E+00	2.424233E-25	0.000000E+00	
1.241203E-12	1.258623E-19	2.977533E-13	0.000000E+00	0.000000E+00	5.290216E-25	0.000000E+00	
1.241185E-12	1.360907E-19	2.977502E-13	7.679641E-26	8.723548E-26	0.000000E+00	0.000000E+00	
1.241164E-12	1.377609E-19	2.977466E-13	9.863109E-26	1.120413E-25	5.525143E-27	0.000000E+00	
1.241139E-12	1.298682E-19	2.977424E-13	7.575021E-26	8.605884E-26	0.000000E+00	0.000000E+00	
1.241111E-12	1.321024E-19	2.977374E-13	5.823435E-26	6.617410E-26	0.000000E+00	0.000000E+00	
1.241078E-12	1.242948E-19	2.977315E-13	0.000000E+00	0.000000E+00	1.189122E-25	0.000000E+00	
1.241040E-12	1.226983E-19	2.977244E-13	0.000000E+00	0.000000E+00	0.000000E+00	0.000000E+00	
1.241003E-12	1.310739E-19	2.977162E-13	0.000000E+00	0.000000E+00	7.687053E-25	0.000000E+00	
1.240992E-12	1.359307E-19	2.977075E-13	1.605815E-25	1.824554E-25	0.000000E+00	0.000000E+00	
1.241145E-12	1.369393E-19	2.977035E-13	0.000000E+00	0.000000E+00	9.102830E-25	0.000000E+00	
1.242130E-12	1.353314E-19	2.977315E-13	0.000000E+00	0.000000E+00	4.337372E-25	0.000000E+00	
1.247107E-12	1.244715E-19	2.979195E-13	0.000000E+00	0.000000E+00	3.173794E-25	0.000000E+00	
1.267606E-12	1.293195E-19	2.987057E-13	3.460839E-26	3.964171E-26	0.000000E+00	0.000000E+00	
1.295553E-12	1.401547E-19	2.994216E-13	0.000000E+00	0.000000E+00	9.137227E-25	0.000000E+00	
1.303485E-12	1.407268E-19	2.983599E-13	4.401158E-26	5.083679E-26	0.000000E+00	0.000000E+00	
1.269341E-12	1.311307E-19	2.943191E-13	1.995404E-25	2.273448E-25	3.227031E-27	0.000000E+00	
1.237204E-12	1.220450E-19	2.891994E-13	2.489111E-25	2.793756E-25	2.051002E-25	0.000000E+00	
1.209467E-12	1.306896E-19	2.835813E-13	0.000000E+00	0.000000E+00	1.043956E-25	0.000000E+00	
1.186950E-12	1.241526E-19	2.782458E-13	1.579355E-25	1.723623E-25	0.000000E+00	0.000000E+00	
1.169967E-12	1.173862E-19	2.739309E-13	0.000000E+00	0.000000E+00	8.257126E-25	0.000000E+00	
1.157394E-12	1.147746E-19	2.703837E-13	1.794298E-25	1.921644E-25	2.508892E-25	0.000000E+00	
1.147266E-12	1.194059E-19	2.674269E-13	1.104671E-25	1.174093E-25	0.000000E+00	0.000000E+00	
1.138816E-12	1.078912E-19	2.649129E-13	5.260136E-26	5.560991E-26	0.000000E+00	0.000000E+00	
1.131483E-12	1.119464E-19	2.627104E-13	0.000000E+00	0.000000E+00	3.877639E-26	0.000000E+00	
1.124863E-12	1.067681E-19	2.607160E-13	0.000000E+00	0.000000E+00	5.446015E-25	0.000000E+00	
1.118669E-12	1.159136E-19	2.588525E-13	0.000000E+00	0.000000E+00	0.000000E+00	0.000000E+00	
1.112698E-12	1.045536E-19	2.570640E-13	5.385796E-26	5.591195E-26	0.000000E+00	0.000000E+00	
1.106804E-12	1.046538E-19	2.553100E-13	0.000000E+00	0.000000E+00	1.818015E-25	0.000000E+00	
1.101288E-12	1.049744E-19	2.535766E-13	0.000000E+00	0.000000E+00	7.802354E-25	0.000000E+00	
1.095219E-12	1.069227E-19	2.518137E-13	1.043619E-25	1.069455E-25	4.386340E-25	0.000000E+00	
1.089001E-12	1.116914E-19	2.500248E-13	0.000000E+00	0.000000E+00	4.508233E-25	0.000000E+00	
1.082600E-12	1.084858E-19	2.482019E-13	6.225896E-26	6.329453E-26	0.000000E+00	0.000000E+00	
1.075994E-12	1.064281E-19	2.463412E-13	0.000000E+00	0.000000E+00	7.876148E-25	0.000000E+00	
1.069210E-12	1.043094E-19	2.444434E-13	2.285918E-25	2.301291E-25	0.000000E+00	0.000000E+00	
1.062152E-12	9.770068E-20	2.425071E-13	0.000000E+00	0.000000E+00	0.000000E+00	0.000000E+00	
1.054889E-12	1.062628E-19	2.405384E-13	0.000000E+00	0.000000E+00	6.499895E-25	0.000000E+00	
1.047431E-12	1.063199E-19	2.385428E-13	0.000000E+00	0.000000E+00	3.935288E-25	0.000000E+00	
1.039796E-12	1.019625E-19	2.365267E-13	1.408373E-25	1.389931E-25	0.000000E+00	0.000000E+00	
1.032004E-12	9.786672E-20	2.344976E-13	3.386303E-25	3.326250E-25	0.000000E+00	0.000000E+00	
1.024094E-12	1.012233E-19	2.324637E-13	8.602757E-27	8.404213E-27	0.000000E+00	0.000000E+00	
1.016049E-12	9.278506E-20	2.304317E-13	0.000000E+00	0.000000E+00	6.976333E-25	0.000000E+00	
1.007929E-12	9.460606E-20	2.284105E-13	0.000000E+00	0.000000E+00	0.000000E+00	0.000000E+00	
9.994255E-13	9.549592E-20	2.263962E-13	0.000000E+00	0.000000E+00	0.000000E+00	0.000000E+00	
9.910773E-13	9.296955E-20	2.244133E-13	0.000000E+00	0.000000E+00	9.906194E-25	0.000000E+00	
9.830350E-13	9.435056E-20	2.224726E-13	7.798230E-26	7.418609E-26	0.000000E+00	0.000000E+00	
9.748592E-13	9.587320E-20	2.205640E-13	8.123999E-26	7.690420E-26	1.371751E-25	0.000000E+00	
9.666895E-13	8.663635E-20	2.186964E-13	4.528411E-25	4.264910E-25	0.000000E+00	0.000000E+00	
9.585414E-13	8.914316E-20	2.168737E-13	0.000000E+00	0.000000E+00	9.632813E-25	0.000000E+00	
9.504271E-13	8.928619E-20	2.150992E-13	0.000000E+00	0.000000E+00	2.391354E-25	0.000000E+00	
9.423549E-13	8.617559E-20	2.133751E-13	4.487411E-26	4.162389E-26	4.992612E-25	0.000000E+00	
9.343289E-13	9.292521E-20	2.117028E-13	1.452923E-25	1.341355E-25	3.122597E-25	0.000000E+00	
9.263495E-13	9.212253E-20	2.100832E-13	0.000000E+00	0.000000E+00	3.499880E-25	0.000000E+00	
9.184126E-13	8.811591E-20	2.085162E-13	1.054224E-25	9.640448E-26	2.073778E-25	0.000000E+00	
9.105105E-13	8.494469E-20	2.070013E-13	8.885200E-26	8.086402E-26	0.000000E+00	0.000000E+00	
9.026311E-13	8.147833E-20	2.055373E-13	0.000000E+00	0.000000E+00	1.732600E-25	0.000000E+00	
8.946038E-13	8.335444E-20	2.041168E-13	4.615013E-26	4.159782E-26	0.000000E+00	0.000000E+00	
8.867295E-13	8.354362E-20	2.027497E-13	4.815126E-26	4.320116E-26	0.000000E+00	0.000000E+00	
8.788175E-13	8.126004E-20	2.014274E-13	0.000000E+00	0.000000E+00	6.301310E-25	0.000000E+00	
8.708421E-13	8.637968E-20	2.001471E-13	0.000000E+00	0.000000E+00	4.424535E-25	0.000000E+00	
8.627739E-13	8.587003E-20	1.989058E-13	0.000000E+00	0.000000E+00	1.538143E-25	0.000000E+00	
8.545806E-13	7.541857E-20	1.977004E-13	0.000000E+00	0.000000E+00	6.978665E-25	0.000000E+00	
8.462277E-13	8.150762E-20	1.965277E-13	2.220450E-25	1.946241E-25	0.000000E+00	0.000000E+00	
8.376785E-13	7.516948E-20	1.953844E-13	2.918385E-26	2.545274E-26	7.022148E-26	0.000000E+00	
8.288952E-13	8.245229E-20	1.942671E-13	1.322080E-25	1.146986E-25	0.000000E+00	0.000000E+00	
8.198393E-13	8.071111E-20	1.931727E-13	0.000000E+00	0.000000E+00	1.021990E-24	0.000000E+00	
8.104727E-13	7.819615E-20	1.920982E-13	0.000000E+00	0.000000E+00	8.660000E-25	0.000000E+00	
8.008525E-13	7.847049E-20	1.910447E-13	0.000000E+00	0.000000E+00	0.000000E+00	0.000000E+00	
7.907559E-13	7.667473E-20	1.900026E-13	2.485718E-25	2.106074E-25	4.938129E-26	0.000000E+00	
7.802506E-13	7.737619E-20	1.889744E-13	8.882789E-26	7.478050E-26	3.765842E-26	0.000000E+00	
7.693155E-13	7.657960E-20	1.879595E-13	0.000000E+00	0.000000E+00	0.000000E+00	0.000000E+00	
7.579258E-13	7.305055E-20	1.869586E-13	0.000000E+00	0.000000E+00	5.856898E-25	0.000000E+00	
7.431433E-13	7.104867E-20	1.856522E-13	1.699734E-25	1.395394E-25	0.000000E+00	0.000000E+00	
7.272715E-13	6.696262E-20	1.842850E-13	0.000000E+00	0.000000E+00	1.467567E-25	0.000000E+00	
7.107417E-13	7.278632E-20	1.829072E-13	0.000000E+00	0.000000E+00	3.559123E-25	0.000000E+00	
6.935051E-13	7.054337E-20	1.815234E-13	0.000000E+00	0.000000E+00	0.000000E+00	0.000000E+00	
6.750157E-13	6.752154E-20	1.799833E-13	2.457626E-25	1.924046E-25	3.491383E-25	0.000000E+00	
6.561584E-13	6.366759E-20	1.784128E-13	0.000000E+00	0.000000E+00	3.326990E-25	0.000000E+00	
6.376678E-13	6.377461E-20	1.768933E-13	3.396491E-25	2.583025E-25	0.000000E+00	0.000000E+00	
6.116897E-13	5.998527E-20	1.748191E-13	0.000000E+00	0.000000E+00	0.000000E+00	0.000000E+00	
5.845756E-13	5.875456E-20	1.726527E-13	0.000000E+00	0.000000E+00	1.743267E-25	0.000000E+00	
5.581003E-13	5.598797E-20	1.703662E-13	1.797845E-25	1.284893E-25	3.653892E-25	0.000000E+00	
5.315999E-13	5.774620E-20	1.677967E-13	8.139578E-25	5.679849E-25	0.000000E+00	0.000000E+00	
5.046264E-13	5.131510E-20	1.650259E-13	2.190267E-25	1.505521E-25	0.000000E+00	0.000000E+00	
4.697609E-13	4.803967E-20	1.609114E-13	2.052057E-25	1.328773E-25	9.574696E-25	0.000000E+00	
4.368864E-13	4.618465E-20	1.565047E-13	2.289815E-25	1.429511E-25	0.000000E+00	0.000000E+00	
4.021520E-13	4.463910E-20	1.509688E-13	0.000000E+00	0.000000E+00	8.536934E-25	0.000000E+00	
3.729945E-13	4.042483E-20	1.455590E-13	1.256786E-26	7.202460E-27	0.000000E+00	0.000000E+00	
3.355116E-13	3.566914E-20	1.379455E-13	4.254914E-25	2.278616E-25	0.000000E+00	0.000000E+00	
2.981182E-13	3.152037E-20	1.289594E-13	2.423683E-25	1.203047E-25	2.630830E-25	0.000000E+00	
2.651036E-13	2.609729E-20	1.196398E-13	7.728771E-26	3.522456E-26	0.000000E+00	0.000000E+00	
2.179293E-13	2.093695E-20	1.069363E-13	1.081850E-24	4.346004E-25	9.610254E-27	0.000000E+00	
1.811507E-13	1.617023E-20	9.360305E-14	0.000000E+00	0.000000E+00	1.898866E-25	0.000000E+00	
9.172877E-14	9.798621E-21	9.000424E-14	0.000000E+00	0.000000E+00	0.000000E+00	0.000000E+00	
8.879101E-14	1.050713E-20	9.843618E-14	6.159373E-25	1.940710E-25	0.000000E+00	0.000000E+00	
9.764502E-14	9.939456E-21	9.736706E-14	0.000000E+00	0.000000E+00	1.352535E-25	0.000000E+00	
1.047022E-13	1.042509E-20	9.643564E-14	0.000000E+00	0.000000E+00	1.767448E-24	0.000000E+00	
1.069731E-13	1.022506E-20	9.576949E-14	7.852387E-27	2.381773E-27	0.000000E+00	0.000000E+00	
1.008336E-13	9.803767E-21	9.556888E-14	5.164024E-26	1.584447E-26	1.472472E-24	0.000000E+00	
8.564451E-14	8.974311E-21	9.617474E-14	3.064315E-25	9.677476E-26	1.156411E-24	0.000000E+00	
7.219535E-14	9.801555E-21	9.712977E-14	0.000000E+00	0.000000E+00	3.760787E-24	0.000000E+00	
6.781643E-14	9.855941E-21	9.752676E-14	1.182537E-24	3.917152E-25	7.880095E-25	0.000000E+00	
6.691798E-14	9.761138E-21	9.761491E-14	0.000000E+00	0.000000E+00	0.000000E+00	0.000000E+00	
6.663979E-14	9.884353E-21	9.764603E-14	1.396322E-24	4.599259E-25	4.442492E-25	0.000000E+00	
6.649260E-14	9.899569E-21	9.766744E-14	0.000000E+00	0.000000E+00	7.573416E-25	0.000000E+00	
6.637969E-14	9.784818E-21	9.768683E-14	1.566378E-24	5.161832E-25	0.000000E+00	0.000000E+00	
6.630077E-14	1.000566E-20	9.770087E-14	5.326700E-25	1.755992E-25	0.000000E+00	0.000000E+00	
6.625634E-14	9.917193E-21	9.770824E-14	1.192113E-24	3.929507E-25	0.000000E+00	0.000000E+00	
6.623032E-14	9.794732E-21	9.771181E-14	0.000000E+00	0.000000E+00	1.690521E-24	0.000000E+00	
6.620954E-14	9.845366E-21	9.771414E-14	0.000000E+00	0.000000E+00	2.799713E-24	0.000000E+00	
6.618846E-14	9.812566E-21	9.771631E-14	0.000000E+00	0.000000E+00	0.000000E+00	0.000000E+00	
