   0.2552371800265361E-20
   0.2552362378489575E-20
   0.2552361863281203E-20
   0.2552361317660332E-20
   0.2552360740531190E-20
   0.2552360130213933E-20
   0.2552359484674068E-20
   0.2552358801761390E-20
   0.2552358078921226E-20
   0.2552357313829871E-20
   0.2552356504790008E-20
   0.2552355648033282E-20
   0.2552354741217390E-20
   0.2552353781341131E-20
   0.2552352764826284E-20
   0.2552351688639944E-20
   0.2552350548982285E-20
   0.2552349342180628E-20
   0.2552348063446005E-20
   0.2552346709041686E-20
   0.2552345274444088E-20
   0.2552343753678250E-20
   0.2552342142016860E-20
   0.2552340433916445E-20
   0.2552338622922984E-20
   0.2552336702921111E-20
   0.2552334666967913E-20
   0.2552332507319455E-20
   0.2552330216503777E-20
   0.2552327785987768E-20
   0.2552325206642677E-20
   0.2552322468660541E-20
   0.2552319561606082E-20
   0.2552316475166803E-20
   0.2552313196742241E-20
   0.2552309713466627E-20
   0.2552306011763299E-20
   0.2552302076840213E-20
   0.2552297892668225E-20
   0.2552293442232354E-20
   0.2552288706743456E-20
   0.2552283666217302E-20
   0.2552278299009816E-20
   0.2552272581606960E-20
   0.2552266488803404E-20
   0.2552259992600571E-20
   0.2552253062763926E-20
   0.2552245666785864E-20
   0.2552237768803884E-20
   0.2552229329832963E-20
   0.2552220306597674E-20
   0.2552210652620787E-20
   0.2552200314425038E-20
   0.2552189236680898E-20
   0.2552177355225609E-20
   0.2552164599379011E-20
   0.2543942513155159E-20
   0.2543927707767074E-20
   0.2543911760174086E-20
   0.2543894560404365E-20
   0.2543875983227795E-20
   0.2543855888071383E-20
   0.2543834114153867E-20
   0.2543810478169234E-20
   0.2543784770325694E-20
   0.2543756743300895E-20
   0.2543726116533433E-20
   0.2543692559382607E-20
   0.2543655675012690E-20
   0.2543615003950877E-20
   0.2543569987818531E-20
   0.2543519953497168E-20
   0.2543464079342242E-20
   0.2543401349855862E-20
   0.2543330495855585E-20
   0.2543249903491475E-20
   0.2543157497251021E-20
   0.2543050551210772E-20
   0.2542925416691761E-20
   0.2542777088449792E-20
   0.2542598495578077E-20
   0.2542379331313223E-20
   0.2542103945627451E-20
   0.2541747320293737E-20
   0.2541266833289949E-20
   0.2540730821907537E-20
   0.2539987839280793E-20
   0.2539035971200897E-20
   0.2537796042991686E-20
   0.2536151460725612E-20
   0.2533927533222320E-20
   0.2530858221035885E-20
   0.2526534057840338E-20
   0.2520326035958136E-20
   0.2512088319719411E-20
   0.2500830148715628E-20
   0.2485593547264097E-20
   0.2465799876121246E-20
   0.2441645373889276E-20
   0.2421665571763332E-20
   0.2402535143793106E-20
   0.2375909768052390E-20
   0.2352656866409433E-20
   0.2332003158708977E-20
   0.2320157900461818E-20
   0.2312275405499937E-20
   0.2297930374496144E-20
   0.2285019942325351E-20
   0.2273239753459901E-20
   0.2262339192036935E-20
   0.2252117189737355E-20
   0.2253805023884858E-20
   0.2244093591593747E-20
   0.2234724401751312E-20
   0.2225608340010930E-20
   0.2216675906068776E-20
   0.2218603734549377E-20
   0.2210045245135803E-20
   0.2201524902614676E-20
   0.2199900956890319E-20
   0.2191358579451973E-20
   0.2182800146678596E-20
   0.2174215969168957E-20
   0.2165599252737764E-20
   0.2156945372527849E-20
   0.2155653310752306E-20
   0.2152720807414278E-20
   0.2143894620139872E-20
   0.2135032118118819E-20
   0.2126136156806433E-20
   0.2117210620844015E-20
   0.2115590748814700E-20
   0.2113834163971193E-20
   0.2104804586790949E-20
   0.2095764015518267E-20
   0.2086718528487843E-20
   0.2077673781832455E-20
   0.2079478043416214E-20
   0.2070416156893505E-20
   0.2061374801643854E-20
   0.2052359708232994E-20
   0.2043376125028114E-20
   0.2042336811399799E-20
   0.2039590889032521E-20
   0.2030663990656121E-20
   0.2021787925341055E-20
   0.2012966540876575E-20
   0.2010957120791849E-20
   0.2008933897757947E-20
   0.2000250393281694E-20
   0.1991633505888908E-20
   0.1983085308985039E-20
   0.1974607845197072E-20
   0.1978100463589640E-20
   0.1969730487233493E-20
   0.1961435890365692E-20
   0.1953216801782090E-20
   0.1945073342189469E-20
   0.1942856943067854E-20
   0.1943208888260321E-20
   0.1935207131747197E-20
   0.1927276663964852E-20
   0.1919416108276561E-20
   0.1911623228681875E-20
   0.1903896059421837E-20
   0.1905498634257103E-20
   0.1897918867566184E-20
   0.1890397273552348E-20
   0.1882930214600095E-20
   0.1875513682575156E-20
   0.1868143152773656E-20
   0.1860813935233010E-20
   0.1853521206184361E-20
   0.1857426133753894E-20
   0.1850223349261349E-20
   0.1842978862563628E-20
   0.1835748069248448E-20
   0.1828524380389301E-20
   0.1821300873425016E-20
   0.1814070526446556E-20
   0.1806825522599815E-20
   0.1799558042749668E-20
   0.1792259875420914E-20
   0.1784922510592665E-20
   0.1766610318943794E-20
   0.1759191244196804E-20
   0.1751704677870024E-20
   0.1744140558828929E-20
   0.1736488363271822E-20
   0.1728737274195376E-20
   0.1715490741241662E-20
   0.1702577074177566E-20
   0.1694402545195551E-20
   0.1686076753979464E-20
   0.1666694001507816E-20
   0.1658157277355238E-20
   0.1649433157735053E-20
   0.1629843683239272E-20
   0.1620734975205005E-20
   0.1601170479987202E-20
   0.1591663210945910E-20
   0.1571864286639763E-20
   0.1554458196144528E-20
   0.1536865216596549E-20
   0.1513502796350524E-20
   0.1494795573355475E-20
   0.1476550000276628E-20
   0.1450221136296277E-20
   0.1431607092838553E-20
   0.1411511181309785E-20
   0.1384663015584427E-20
   0.1358788811440710E-20
   0.1330687658297995E-20
   0.1301613697077194E-20
   0.1266708787438563E-20
   0.1231463376327454E-20
   0.1201100507123555E-20
   0.1170267023073491E-20
   0.1128953376995447E-20
   0.1095392077744705E-20
   0.1050782026174990E-20
   0.1014671938731478E-20
   0.9696940084413043E-21
   0.9328430156909517E-21
   0.8858632762274493E-21
   0.8379466776614863E-21
   0.7869687170669431E-21
   0.7352438591020265E-21
   0.6902614864273716E-21
   0.6375183391055217E-21
   0.5901871382540898E-21
   0.5421167726862962E-21
   0.4936278320055666E-21
   0.4468199604311430E-21
   0.4046080057149463E-21
   0.3594506519943649E-21
   0.3159812526026741E-21
   0.2725661139010757E-21
   0.2351195165172182E-21
   0.1970732912357859E-21
   0.1626803262989411E-21
   0.1314627841297839E-21
   0.1040762965731710E-21
   0.7949519691810146E-22
   0.5801426690956930E-22
   0.3961916347547544E-22
   0.2440687715018855E-22
   0.1253891383236087E-22
   0.6568708768132254E-23
   0.2991333967828530E-23
   0.1143388735742458E-23
   0.3457006613678201E-24
   0.2678092847809908E-25
   0.1997645407862110E-25
   0.1499216192031507E-25
   0.1132784473990805E-25
   0.8629206959870679E-26
   0.6587094071211490E-26
   0.5039828093302153E-26
   0.3843685867637532E-26
   0.2875280574440618E-26
   0.2088906772071998E-26
   0.1484052580215719E-26
   0.1044380961043917E-26
   0.7384296394440764E-27
   0.5107826362227679E-27
   0.3619836947631048E-27
   0.2479006356827760E-27
   0.1700623450070583E-27
   0.1164360096387534E-27
   0.8094847726816674E-28
   0.5848081212694231E-28
   0.4497648418548350E-28
   0.3724465595164249E-28
   0.3311290361373346E-28
   0.4047081599151462E-28
   0.3619449663443325E-28
   0.3390062698148699E-28
   0.3715849917596222E-28
   0.7640293823474866E-28
   0.1243341883433096E-27
   0.1959147696948072E-27
   0.2193910179542957E-27
   0.2471374346969702E-27
   0.3230263030492553E-27
   0.3892316098279274E-27
   0.4128715196572624E-27
   0.4197826671689004E-27
   0.4603841365579348E-27
   0.5087384074890907E-27
   0.6139992848168631E-27
   0.6139927914692787E-27
   0.7756232318562006E-27
   0.7110409743716507E-27
