   0.4470162741290431E-24
   0.4471172477235191E-24
   0.4471196778507705E-24
   0.4471221587013227E-24
   0.4471246907496611E-24
   0.4471272746051978E-24
   0.4471299106853856E-24
   0.4471325995348492E-24
   0.4471353412602675E-24
   0.4471381363873785E-24
   0.4471409851983616E-24
   0.4471438878081843E-24
   0.4471468444271621E-24
   0.4471498549764540E-24
   0.4471529194405894E-24
   0.4471560377775896E-24
   0.4471592096516428E-24
   0.4471624347696756E-24
   0.4471657125606703E-24
   0.4471690423478758E-24
   0.4471724235693417E-24
   0.4471758549250217E-24
   0.4471793354844752E-24
   0.4471828639263032E-24
   0.4471864383767212E-24
   0.4471900573492692E-24
   0.4471937186333950E-24
   0.4471974197582856E-24
   0.4472011580870238E-24
   0.4472049304153330E-24
   0.4472087334850943E-24
   0.4472125631622263E-24
   0.4472164151425380E-24
   0.4472202846453590E-24
   0.4472241659696583E-24
   0.4472280531324790E-24
   0.4472319392693842E-24
   0.4472358167591133E-24
   0.4472396770699185E-24
   0.4472435106974798E-24
   0.4472473073365688E-24
   0.4472510551697127E-24
   0.4472547410859266E-24
   0.4472583507233780E-24
   0.4472618677461444E-24
   0.4472652743833818E-24
   0.4472685503109845E-24
   0.4472716732332999E-24
   0.4472746179990078E-24
   0.4472773565634132E-24
   0.4472798575326762E-24
   0.4472820856995710E-24
   0.4472840009834557E-24
   0.4472855592133326E-24
   0.4472867097263306E-24
   0.4472873955141946E-24
   0.4446794615478958E-24
   0.4446785118220817E-24
   0.4446768373441835E-24
   0.4446743385845939E-24
   0.4446709019777576E-24
   0.4446663945225984E-24
   0.4446606691816480E-24
   0.4446535526762778E-24
   0.4446448350074830E-24
   0.4446342810936407E-24
   0.4446216101725772E-24
   0.4446064960826675E-24
   0.4445885411377035E-24
   0.4445672763980428E-24
   0.4445421375352914E-24
   0.4445124356083428E-24
   0.4444773249909563E-24
   0.4444357675163287E-24
   0.4443864568536289E-24
   0.4443277409263751E-24
   0.4442575056511567E-24
   0.4441729896537008E-24
   0.4440705457032488E-24
   0.4439452359026095E-24
   0.4437902211152796E-24
   0.4435957901289469E-24
   0.4433476747590420E-24
   0.4430240600519154E-24
   0.4425899434261140E-24
   0.4421309557667360E-24
   0.4415128426776269E-24
   0.4407729043175298E-24
   0.4398933080031909E-24
   0.4388625057012273E-24
   0.4376854352179517E-24
   0.4364008027277910E-24
   0.4351065284223607E-24
   0.4339886335009751E-24
   0.4333851975307422E-24
   0.4334657808108969E-24
   0.4344198872745286E-24
   0.4363131469520896E-24
   0.4390085105637376E-24
   0.4449871730510330E-24
   0.4508871977349085E-24
   0.4540007600423571E-24
   0.4567670140892839E-24
   0.4592639388568299E-24
   0.4557604366701348E-24
   0.4604381554506807E-24
   0.4623580862010608E-24
   0.4641617751662817E-24
   0.4658786715114358E-24
   0.4675319890624506E-24
   0.4691398442640621E-24
   0.4375030338948419E-24
   0.4390785941451762E-24
   0.4406377311503568E-24
   0.4421886892570693E-24
   0.4437381208899314E-24
   0.4739497496680029E-24
   0.4755150373798375E-24
   0.4770951510713893E-24
   0.4772078139619878E-24
   0.4788286908740379E-24
   0.4804730759996513E-24
   0.4821433879832906E-24
   0.4838419312669500E-24
   0.4855709827966765E-24
   0.4899564228677567E-24
   0.4862536733309137E-24
   0.4880882039988801E-24
   0.4899616638942444E-24
   0.4918762893099393E-24
   0.4938343229601814E-24
   0.4984097296618769E-24
   0.5030849996397968E-24
   0.5051961832565761E-24
   0.5073610902082554E-24
   0.5095824109117379E-24
   0.5118630917949409E-24
   0.5034555128007821E-24
   0.5058515236493900E-24
   0.5083157753206333E-24
   0.5108517172442805E-24
   0.5134630574192818E-24
   0.5226014467875501E-24
   0.5239590063851174E-24
   0.5268354690618078E-24
   0.5298043755963296E-24
   0.5328705328534350E-24
   0.5386744126851250E-24
   0.5446375951231362E-24
   0.5480412608939063E-24
   0.5515644532655131E-24
   0.5552134512411336E-24
   0.5589947340210789E-24
   0.5599788425623197E-24
   0.5640430148548045E-24
   0.5682609701143543E-24
   0.5726409691202935E-24
   0.5771915706656139E-24
   0.5804737885663738E-24
   0.6011502246141144E-24
   0.6063257108799011E-24
   0.6117144170473563E-24
   0.6173278527672897E-24
   0.6231786330106995E-24
   0.6292797246271616E-24
   0.6151830765638384E-24
   0.6217428366301608E-24
   0.6285941688445889E-24
   0.6357539841146185E-24
   0.6432404308553425E-24
   0.6510731748551281E-24
   0.6592731699687866E-24
   0.6678627087601022E-24
   0.6740135466273319E-24
   0.6834584647874668E-24
   0.6933607609648033E-24
   0.7037605016029633E-24
   0.7146902966550608E-24
   0.7261854238962638E-24
   0.7382836889665290E-24
   0.7510268622841733E-24
   0.7644596890870947E-24
   0.7786308671857614E-24
   0.7935932571490936E-24
   0.8123611012096566E-24
   0.8290980020570634E-24
   0.8468163438878831E-24
   0.8655912968706342E-24
   0.8855053343135250E-24
   0.9066485698253765E-24
   0.9306876050477258E-24
   0.9778910072026706E-24
   0.1003672074924559E-23
   0.1031162103920117E-23
   0.1041278178433342E-23
   0.1072323495368005E-23
   0.1105553688790423E-23
   0.1144748003123310E-23
   0.1182999819273044E-23
   0.1215402204775942E-23
   0.1259457733125279E-23
   0.1298043438793154E-23
   0.1363490075668800E-23
   0.1420587136875053E-23
   0.1470212045664750E-23
   0.1543777010573825E-23
   0.1608790611300460E-23
   0.1634099432362870E-23
   0.1774673013990469E-23
   0.1868145947261791E-23
   0.1972500687961548E-23
   0.2068975073898615E-23
   0.2211804994914087E-23
   0.2328509643718346E-23
   0.2469679798624297E-23
   0.2585264494385275E-23
   0.2808303460233917E-23
   0.3011363839975562E-23
   0.3192242100334383E-23
   0.3463630391950289E-23
   0.3713476242265539E-23
   0.4239081164341157E-23
   0.4357938559947420E-23
   0.4762279480338965E-23
   0.5164410995912702E-23
   0.5635146080952281E-23
   0.6118304636990628E-23
   0.6733051625991319E-23
   0.7441454520220639E-23
   0.8233684754495847E-23
   0.9035515929163537E-23
   0.9956409654584560E-23
   0.1118526714212401E-22
   0.1239143262738921E-22
   0.1392503800751848E-22
   0.1556461729860774E-22
   0.1734872236406370E-22
   0.1911793412531995E-22
   0.2143113111308867E-22
   0.2360096007406057E-22
   0.2619373689144262E-22
   0.2877496755933783E-22
   0.3076044264141425E-22
   0.3243922457549999E-22
   0.3361809510955702E-22
   0.3405753606035838E-22
   0.3333736124561348E-22
   0.3052345709986285E-22
   0.2332223373433885E-22
   0.1596990540709458E-22
   0.1024716696357044E-22
   0.6508484114596230E-23
   0.4330779199074902E-23
   0.3973650231585546E-23
   0.3758298444759186E-23
   0.3525088280106850E-23
   0.3246358270882956E-23
   0.2807966633802198E-23
   0.2220229894356965E-23
   0.1593072980771837E-23
   0.1025720619213413E-23
   0.5926096003205931E-24
   0.3153671142729944E-24
   0.1595079980204449E-24
   0.7801091666438304E-25
   0.3760984555430063E-25
   0.1793773633785679E-25
   0.8785530401780754E-26
   0.4568459268151208E-26
   0.2596716346945197E-26
   0.1636293070323578E-26
   0.1127812342500416E-26
   0.8609141967112035E-27
   0.7172773178611509E-27
   0.6710575712734213E-27
   0.6761709364855836E-27
   0.6500564289999148E-27
   0.6369116174874998E-27
   0.6362216678515954E-27
   0.6762536864440725E-27
   0.7287152817415120E-27
   0.8068319187402577E-27
   0.8367701769398459E-27
   0.8757627176561207E-27
   0.9611578317772921E-27
   0.1038350575903494E-26
   0.1071810607929214E-26
   0.1081363156272793E-26
   0.1133092655995705E-26
   0.1195725754516729E-26
   0.1335222649184634E-26
   0.1335178908133735E-26
   0.1554632558725041E-26
   0.1468511726811702E-26
