2.097449E+01
2.097448E+01
2.097448E+01
2.097448E+01
2.097448E+01
2.097448E+01
2.097447E+01
2.097447E+01
2.097447E+01
2.097447E+01
2.097447E+01
2.097447E+01
2.097447E+01
2.097447E+01
2.097446E+01
2.097446E+01
2.097446E+01
2.097446E+01
2.097446E+01
2.097446E+01
2.097445E+01
2.097445E+01
2.097445E+01
2.097445E+01
2.097444E+01
2.097444E+01
2.097444E+01
2.097444E+01
2.097443E+01
2.097443E+01
2.097442E+01
2.097442E+01
2.097442E+01
2.097441E+01
2.097441E+01
2.097440E+01
2.097440E+01
2.097439E+01
2.097439E+01
2.097438E+01
2.097437E+01
2.097437E+01
2.097436E+01
2.097435E+01
2.097434E+01
2.097433E+01
2.097432E+01
2.097431E+01
2.097430E+01
2.097429E+01
2.097428E+01
2.097427E+01
2.097425E+01
2.097424E+01
2.097423E+01
2.097421E+01
2.097419E+01
2.097418E+01
2.097416E+01
2.097414E+01
2.097412E+01
2.097409E+01
2.097407E+01
2.097404E+01
2.097402E+01
2.097399E+01
2.097396E+01
2.097393E+01
2.097390E+01
2.097386E+01
2.097382E+01
2.097378E+01
2.097374E+01
2.097370E+01
2.097365E+01
2.097360E+01
2.097355E+01
2.097349E+01
2.097343E+01
2.097337E+01
2.097330E+01
2.097323E+01
2.097316E+01
2.097308E+01
2.097300E+01
2.097291E+01
2.097281E+01
2.097271E+01
2.097261E+01
2.097250E+01
2.097238E+01
2.097225E+01
2.097212E+01
2.097198E+01
2.097183E+01
2.097167E+01
2.097151E+01
2.097133E+01
2.097114E+01
2.097094E+01
2.097073E+01
2.097051E+01
2.097028E+01
2.097003E+01
2.096976E+01
2.096948E+01
2.096918E+01
2.096887E+01
2.096854E+01
2.096818E+01
2.096781E+01
2.096741E+01
2.096700E+01
2.096655E+01
2.096608E+01
2.096558E+01
2.096505E+01
2.096450E+01
2.096390E+01
2.096328E+01
2.096261E+01
2.096191E+01
2.096116E+01
2.096037E+01
2.095954E+01
2.095865E+01
2.095771E+01
2.095672E+01
2.095567E+01
2.095455E+01
2.095337E+01
2.095212E+01
2.095080E+01
2.094939E+01
2.094791E+01
2.094633E+01
2.094467E+01
2.094290E+01
2.094103E+01
2.093905E+01
2.093695E+01
2.093473E+01
2.093237E+01
2.092988E+01
2.092724E+01
2.092444E+01
2.092148E+01
2.091835E+01
2.091502E+01
2.091151E+01
2.090778E+01
2.090383E+01
2.089966E+01
2.089523E+01
2.089054E+01
2.088558E+01
2.088032E+01
2.087476E+01
2.086886E+01
2.086262E+01
2.085601E+01
2.084901E+01
2.084160E+01
2.083376E+01
2.082545E+01
2.081665E+01
2.080734E+01
2.079747E+01
2.078703E+01
2.077598E+01
2.076428E+01
2.075189E+01
2.073878E+01
2.072490E+01
2.071021E+01
2.069466E+01
2.067820E+01
2.066078E+01
2.064234E+01
2.062283E+01
2.060219E+01
2.058034E+01
2.055723E+01
2.053277E+01
2.050691E+01
2.047954E+01
2.045059E+01
2.041998E+01
2.038760E+01
2.035337E+01
2.031717E+01
2.027889E+01
2.023843E+01
2.019567E+01
2.015047E+01
2.010272E+01
2.005225E+01
1.999895E+01
1.994264E+01
1.988318E+01
1.982040E+01
1.975412E+01
1.968417E+01
1.961035E+01
1.953248E+01
1.945035E+01
1.936374E+01
1.927244E+01
1.917623E+01
1.907487E+01
1.896811E+01
1.885571E+01
1.873743E+01
1.861298E+01
1.848212E+01
1.834458E+01
1.820006E+01
1.804831E+01
1.788904E+01
1.772198E+01
1.754685E+01
1.736338E+01
1.717130E+01
1.697036E+01
1.676033E+01
1.654097E+01
1.631207E+01
1.607347E+01
1.582500E+01
1.556656E+01
1.529808E+01
1.501954E+01
1.473099E+01
1.443255E+01
1.412444E+01
1.380696E+01
1.348054E+01
1.314576E+01
1.280336E+01
1.245430E+01
1.209973E+01
1.174110E+01
1.138022E+01
1.101921E+01
1.066069E+01
1.030766E+01
1.000000E+01
1.000000E+01
1.000000E+01
1.000000E+01
1.000000E+01
1.000000E+01
1.000000E+01
1.000000E+01
1.000000E+01
1.000000E+01
1.000000E+01
1.000000E+01
1.000000E+01
1.000000E+01
1.000000E+01
1.000000E+01
1.000000E+01
1.000000E+01
1.000000E+01
1.000000E+01
1.000000E+01
1.000000E+01
1.000000E+01
1.000000E+01
1.000000E+01
1.000000E+01
1.000000E+01
1.000000E+01
1.000000E+01
1.000000E+01
1.000000E+01
1.000000E+01
1.000000E+01
1.000000E+01
1.000000E+01
1.000000E+01
1.000000E+01
1.000000E+01
1.000000E+01
1.000000E+01
1.000000E+01
1.000000E+01
1.000000E+01
1.000000E+01
1.000000E+01
1.000000E+01
1.000000E+01
1.000000E+01
