3.714418E+01
3.714415E+01
3.714415E+01
3.714414E+01
3.714414E+01
3.714414E+01
3.714414E+01
3.714414E+01
3.714413E+01
3.714413E+01
3.714413E+01
3.714413E+01
3.714412E+01
3.714412E+01
3.714412E+01
3.714411E+01
3.714411E+01
3.714411E+01
3.714410E+01
3.714410E+01
3.714409E+01
3.714409E+01
3.714408E+01
3.714408E+01
3.714407E+01
3.714407E+01
3.714406E+01
3.714405E+01
3.714405E+01
3.714404E+01
3.714403E+01
3.714402E+01
3.714401E+01
3.714400E+01
3.714399E+01
3.714398E+01
3.714397E+01
3.714396E+01
3.714395E+01
3.714393E+01
3.714392E+01
3.714390E+01
3.714389E+01
3.714387E+01
3.714385E+01
3.714383E+01
3.714381E+01
3.714379E+01
3.714377E+01
3.714374E+01
3.714372E+01
3.714369E+01
3.714366E+01
3.714363E+01
3.714360E+01
3.714356E+01
3.714353E+01
3.714349E+01
3.714345E+01
3.714341E+01
3.714336E+01
3.714331E+01
3.714326E+01
3.714321E+01
3.714315E+01
3.714309E+01
3.714302E+01
3.714295E+01
3.714288E+01
3.714281E+01
3.714272E+01
3.714264E+01
3.714255E+01
3.714245E+01
3.714235E+01
3.714224E+01
3.714213E+01
3.714201E+01
3.714188E+01
3.714174E+01
3.714160E+01
3.714144E+01
3.714128E+01
3.714111E+01
3.714093E+01
3.714074E+01
3.714053E+01
3.714032E+01
3.714009E+01
3.713985E+01
3.713959E+01
3.713932E+01
3.713903E+01
3.713872E+01
3.713840E+01
3.713806E+01
3.713770E+01
3.713731E+01
3.713691E+01
3.713648E+01
3.713602E+01
3.713554E+01
3.713502E+01
3.713448E+01
3.713391E+01
3.713330E+01
3.713265E+01
3.713197E+01
3.713125E+01
3.713048E+01
3.712967E+01
3.712881E+01
3.712790E+01
3.712694E+01
3.712592E+01
3.712484E+01
3.712369E+01
3.712248E+01
3.712119E+01
3.711983E+01
3.711839E+01
3.711686E+01
3.711525E+01
3.711353E+01
3.711172E+01
3.710980E+01
3.710776E+01
3.710560E+01
3.710332E+01
3.710090E+01
3.709834E+01
3.709563E+01
3.709275E+01
3.708971E+01
3.708648E+01
3.708307E+01
3.707945E+01
3.707562E+01
3.707157E+01
3.706727E+01
3.706272E+01
3.705790E+01
3.705280E+01
3.704739E+01
3.704167E+01
3.703561E+01
3.702919E+01
3.702239E+01
3.701519E+01
3.700757E+01
3.699949E+01
3.699095E+01
3.698189E+01
3.697231E+01
3.696216E+01
3.695141E+01
3.694003E+01
3.692798E+01
3.691523E+01
3.690172E+01
3.688742E+01
3.687229E+01
3.685626E+01
3.683930E+01
3.682134E+01
3.680233E+01
3.678221E+01
3.676092E+01
3.673838E+01
3.671453E+01
3.668928E+01
3.666257E+01
3.663430E+01
3.660439E+01
3.657275E+01
3.653927E+01
3.650385E+01
3.646639E+01
3.642676E+01
3.638485E+01
3.634053E+01
3.629367E+01
3.624411E+01
3.619173E+01
3.613635E+01
3.607782E+01
3.601597E+01
3.595061E+01
3.588156E+01
3.580862E+01
3.573157E+01
3.565022E+01
3.556432E+01
3.547365E+01
3.537795E+01
3.527698E+01
3.517046E+01
3.505812E+01
3.493967E+01
3.481482E+01
3.468324E+01
3.454463E+01
3.439866E+01
3.424498E+01
3.408326E+01
3.391312E+01
3.373422E+01
3.354617E+01
3.334861E+01
3.314115E+01
3.292341E+01
3.269499E+01
3.245553E+01
3.220463E+01
3.194192E+01
3.166704E+01
3.137962E+01
3.107932E+01
3.076584E+01
3.043886E+01
3.009812E+01
2.974338E+01
2.937445E+01
2.899117E+01
2.859346E+01
2.818125E+01
2.775458E+01
2.731355E+01
2.685832E+01
2.638917E+01
2.590646E+01
2.541063E+01
2.490227E+01
2.438207E+01
2.385084E+01
2.330951E+01
2.275916E+01
2.220100E+01
2.163637E+01
2.106677E+01
2.049379E+01
1.991917E+01
1.934479E+01
1.877261E+01
1.820470E+01
1.764316E+01
1.709022E+01
1.654807E+01
1.601894E+01
1.550503E+01
1.500843E+01
1.453117E+01
1.407514E+01
1.364204E+01
1.323338E+01
1.285040E+01
1.249407E+01
1.216509E+01
1.186382E+01
1.159029E+01
1.134420E+01
1.112493E+01
1.093154E+01
1.076283E+01
1.061732E+01
1.049334E+01
1.038906E+01
1.030253E+01
1.023177E+01
1.017478E+01
1.012961E+01
1.009443E+01
1.006752E+01
1.004733E+01
1.003248E+01
1.002180E+01
1.001429E+01
1.000914E+01
1.000569E+01
1.000344E+01
1.000202E+01
1.000115E+01
1.000063E+01
1.000034E+01
1.000017E+01
1.000009E+01
1.000004E+01
1.000002E+01
1.000001E+01
1.000000E+01
1.000000E+01
1.000000E+01
1.000000E+01
1.000000E+01
