0.000000E+00	7.152516E-16	5.360874E-07	0.000000E+00	2.293405E-14	1.795191E-23	8.833720E-13	4.542823E-24	1.709296E-09	9.411611E-11	0.000000E+00	9.993094E-05	2.308112E-22	4.004221E-13	3.898412E-16	2.128797E-14	4.296710E-13	1.694699E-16	2.494408E-14	2.756340E-05	4.434268E-16	1.177803E-13	3.188534E-18	9.185663E-16	8.752703E-14	6.902339E-08	9.999946E-02	2.179881E-12	3.249678E-11	2.141247E-10	2.999979E-04	2.562485E-04	9.994599E-01	1.280322E-04	1.000000E+00	
0.000000E+00	7.425809E-16	5.360782E-07	0.000000E+00	2.332398E-14	1.909721E-23	8.838513E-13	4.832966E-24	1.708389E-09	9.592793E-11	0.000000E+00	9.993092E-05	2.455174E-22	4.166141E-13	4.140639E-16	2.129881E-14	4.378727E-13	1.765337E-16	2.535103E-14	2.754942E-05	4.620812E-16	1.197213E-13	3.322448E-18	9.375823E-16	8.934710E-14	6.904933E-08	9.999946E-02	2.179900E-12	3.251482E-11	2.142349E-10	2.999979E-04	2.615643E-04	9.994493E-01	1.280182E-04	1.000000E+00	
0.000000E+00	7.460288E-16	5.360771E-07	0.000000E+00	2.337266E-14	1.924355E-23	8.839116E-13	4.870040E-24	1.708276E-09	9.615386E-11	0.000000E+00	9.993091E-05	2.473962E-22	4.186571E-13	4.171557E-16	2.130017E-14	4.388955E-13	1.774258E-16	2.540295E-14	2.754768E-05	4.644374E-16	1.199629E-13	3.339362E-18	9.399603E-16	8.957435E-14	6.905037E-08	9.999946E-02	2.179902E-12	3.251709E-11	2.142488E-10	2.999979E-04	2.622280E-04	9.994480E-01	1.280165E-04	1.000000E+00	
0.000000E+00	7.499278E-16	5.360758E-07	0.000000E+00	2.342758E-14	1.940952E-23	8.839798E-13	4.912088E-24	1.708149E-09	9.640865E-11	0.000000E+00	9.993091E-05	2.495272E-22	4.209673E-13	4.206615E-16	2.130172E-14	4.400491E-13	1.784347E-16	2.546181E-14	2.754571E-05	4.671026E-16	1.202353E-13	3.358493E-18	9.426438E-16	8.983071E-14	6.905141E-08	9.999946E-02	2.179905E-12	3.251965E-11	2.142645E-10	2.999979E-04	2.629766E-04	9.994465E-01	1.280145E-04	1.000000E+00	
0.000000E+00	7.543413E-16	5.360743E-07	0.000000E+00	2.348958E-14	1.959802E-23	8.840569E-13	4.959846E-24	1.708005E-09	9.669616E-11	0.000000E+00	9.993091E-05	2.519475E-22	4.235825E-13	4.246423E-16	2.130346E-14	4.413508E-13	1.795771E-16	2.552864E-14	2.754349E-05	4.701204E-16	1.205428E-13	3.380154E-18	9.456743E-16	9.012009E-14	6.905246E-08	9.999946E-02	2.179908E-12	3.252255E-11	2.142823E-10	2.999979E-04	2.638218E-04	9.994448E-01	1.280123E-04	1.000000E+00	
0.000000E+00	7.593427E-16	5.360727E-07	0.000000E+00	2.355961E-14	1.981244E-23	8.841443E-13	5.014170E-24	1.707842E-09	9.702085E-11	0.000000E+00	9.993091E-05	2.547003E-22	4.265459E-13	4.291688E-16	2.130544E-14	4.428209E-13	1.808719E-16	2.560463E-14	2.754098E-05	4.735412E-16	1.208902E-13	3.404708E-18	9.490996E-16	9.044701E-14	6.905351E-08	9.999946E-02	2.179911E-12	3.252584E-11	2.143025E-10	2.999979E-04	2.647765E-04	9.994429E-01	1.280098E-04	1.000000E+00	
0.000000E+00	7.650173E-16	5.360708E-07	0.000000E+00	2.363879E-14	2.005676E-23	8.842433E-13	5.076070E-24	1.707658E-09	9.738780E-11	0.000000E+00	9.993091E-05	2.578370E-22	4.299084E-13	4.343249E-16	2.130769E-14	4.444825E-13	1.823416E-16	2.569116E-14	2.753814E-05	4.774241E-16	1.212829E-13	3.432578E-18	9.529746E-16	9.081665E-14	6.905454E-08	9.999946E-02	2.179915E-12	3.252957E-11	2.143253E-10	2.999979E-04	2.658559E-04	9.994408E-01	1.280069E-04	1.000000E+00	
0.000000E+00	7.714650E-16	5.360687E-07	0.000000E+00	2.372841E-14	2.033569E-23	8.843557E-13	5.146741E-24	1.707450E-09	9.780290E-11	0.000000E+00	9.993091E-05	2.614180E-22	4.337289E-13	4.402090E-16	2.131024E-14	4.463622E-13	1.840121E-16	2.578990E-14	2.753493E-05	4.818378E-16	1.217273E-13	3.464257E-18	9.573629E-16	9.123500E-14	6.905555E-08	9.999946E-02	2.179920E-12	3.253379E-11	2.143513E-10	2.999979E-04	2.670776E-04	9.994383E-01	1.280037E-04	1.000000E+00	
0.000000E+00	7.788027E-16	5.360663E-07	0.000000E+00	2.382994E-14	2.065483E-23	8.844835E-13	5.227603E-24	1.707215E-09	9.827295E-11	0.000000E+00	9.993091E-05	2.655152E-22	4.380769E-13	4.469387E-16	2.131314E-14	4.484908E-13	1.859140E-16	2.590281E-14	2.753130E-05	4.868632E-16	1.222308E-13	3.500326E-18	9.623384E-16	9.170899E-14	6.905652E-08	9.999946E-02	2.179925E-12	3.253860E-11	2.143808E-10	2.999979E-04	2.684617E-04	9.994355E-01	1.280001E-04	1.000000E+00	
0.000000E+00	7.871686E-16	5.360636E-07	0.000000E+00	2.394512E-14	2.102092E-23	8.846291E-13	5.320360E-24	1.706948E-09	9.880586E-11	0.000000E+00	9.993091E-05	2.702148E-22	4.430341E-13	4.546542E-16	2.131644E-14	4.509043E-13	1.880834E-16	2.603223E-14	2.752718E-05	4.925959E-16	1.228020E-13	3.541469E-18	9.679873E-16	9.224672E-14	6.905744E-08	9.999946E-02	2.179931E-12	3.254407E-11	2.144144E-10	2.999979E-04	2.700319E-04	9.994324E-01	1.279960E-04	1.000000E+00	
0.000000E+00	7.967263E-16	5.360605E-07	0.000000E+00	2.407596E-14	2.144203E-23	8.847952E-13	5.427062E-24	1.706645E-09	9.941082E-11	0.000000E+00	9.993091E-05	2.756206E-22	4.486975E-13	4.635245E-16	2.132022E-14	4.536443E-13	1.905631E-16	2.618099E-14	2.752250E-05	4.991492E-16	1.234507E-13	3.588500E-18	9.744105E-16	9.285758E-14	6.905828E-08	9.999946E-02	2.179937E-12	3.255032E-11	2.144528E-10	2.999979E-04	2.718157E-04	9.994288E-01	1.279913E-04	1.000000E+00	
0.000000E+00	8.076715E-16	5.360570E-07	0.000000E+00	2.422484E-14	2.192801E-23	8.849852E-13	5.550207E-24	1.706301E-09	1.000986E-10	0.000000E+00	9.993091E-05	2.818589E-22	4.551829E-13	4.737547E-16	2.132454E-14	4.567599E-13	1.934044E-16	2.635250E-14	2.751717E-05	5.066589E-16	1.241889E-13	3.642393E-18	9.817270E-16	9.355268E-14	6.905902E-08	9.999946E-02	2.179945E-12	3.255745E-11	2.144968E-10	2.999979E-04	2.738453E-04	9.994248E-01	1.279859E-04	1.000000E+00	
0.000000E+00	8.202388E-16	5.360530E-07	0.000000E+00	2.439455E-14	2.249092E-23	8.852030E-13	5.692847E-24	1.705908E-09	1.008820E-10	0.000000E+00	9.993091E-05	2.890843E-22	4.626294E-13	4.855956E-16	2.132949E-14	4.603085E-13	1.966689E-16	2.655097E-14	2.751111E-05	5.152881E-16	1.250304E-13	3.704317E-18	9.900774E-16	9.434506E-14	6.905964E-08	9.999946E-02	2.179953E-12	3.256564E-11	2.145472E-10	2.999979E-04	2.761588E-04	9.994202E-01	1.279799E-04	1.000000E+00	
0.000000E+00	8.347125E-16	5.360484E-07	0.000000E+00	2.458841E-14	2.314565E-23	8.854535E-13	5.858764E-24	1.705460E-09	1.017759E-10	0.000000E+00	9.993091E-05	2.974879E-22	4.712051E-13	4.993567E-16	2.133520E-14	4.643583E-13	2.004314E-16	2.678153E-14	2.750418E-05	5.252349E-16	1.259917E-13	3.775692E-18	9.996293E-16	9.525022E-14	6.906009E-08	9.999946E-02	2.179963E-12	3.257504E-11	2.146053E-10	2.999979E-04	2.788016E-04	9.994149E-01	1.279729E-04	1.000000E+00	
0.000000E+00	8.514402E-16	5.360432E-07	0.000000E+00	2.481037E-14	2.391086E-23	8.857424E-13	6.052686E-24	1.704948E-09	1.027982E-10	0.000000E+00	9.993090E-05	3.073089E-22	4.811158E-13	5.154247E-16	2.134178E-14	4.689907E-13	2.047834E-16	2.705066E-14	2.749626E-05	5.367419E-16	1.270923E-13	3.858257E-18	1.010584E-15	9.628670E-14	6.906033E-08	9.999946E-02	2.179974E-12	3.258589E-11	2.146723E-10	2.999979E-04	2.818276E-04	9.994088E-01	1.279650E-04	1.000000E+00	
0.000000E+00	8.708498E-16	5.360372E-07	0.000000E+00	2.506522E-14	2.481009E-23	8.860770E-13	6.280582E-24	1.704361E-09	1.039704E-10	0.000000E+00	9.993090E-05	3.188490E-22	4.926145E-13	5.342863E-16	2.134942E-14	4.743028E-13	2.098377E-16	2.736644E-14	2.748716E-05	5.501081E-16	1.283561E-13	3.954155E-18	1.023185E-15	9.747676E-14	6.906029E-08	9.999946E-02	2.179987E-12	3.259844E-11	2.147500E-10	2.999979E-04	2.853018E-04	9.994019E-01	1.279559E-04	1.000000E+00	
0.000000E+00	8.934750E-16	5.360302E-07	0.000000E+00	2.535873E-14	2.587348E-23	8.864661E-13	6.550101E-24	1.703685E-09	1.053184E-10	0.000000E+00	9.993091E-05	3.324948E-22	5.060164E-13	5.565640E-16	2.135831E-14	4.804127E-13	2.157355E-16	2.773923E-14	2.747670E-05	5.657077E-16	1.298118E-13	4.066067E-18	1.037730E-15	9.884750E-14	6.905991E-08	9.999946E-02	2.180001E-12	3.261304E-11	2.148405E-10	2.999979E-04	2.893032E-04	9.993939E-01	1.279454E-04	1.000000E+00	
0.000000E+00	9.199880E-16	5.360221E-07	0.000000E+00	2.569800E-14	2.714017E-23	8.869210E-13	6.871168E-24	1.702906E-09	1.068738E-10	0.000000E+00	9.993091E-05	3.487476E-22	5.217185E-13	5.830629E-16	2.136871E-14	4.874639E-13	2.226548E-16	2.818244E-14	2.746462E-05	5.840128E-16	1.314945E-13	4.197376E-18	1.054585E-15	1.004320E-13	6.905909E-08	9.999946E-02	2.180018E-12	3.263009E-11	2.149464E-10	2.999979E-04	2.939283E-04	9.993847E-01	1.279334E-04	1.000000E+00	
0.000000E+00	9.512469E-16	5.360128E-07	0.000000E+00	2.609178E-14	2.866169E-23	8.874558E-13	7.256860E-24	1.702002E-09	1.086754E-10	0.000000E+00	9.993091E-05	3.682682E-22	5.402269E-13	6.148408E-16	2.138096E-14	4.956333E-13	2.308232E-16	2.871364E-14	2.745061E-05	6.056280E-16	1.334480E-13	4.352411E-18	1.074206E-15	1.022714E-13	6.905771E-08	9.999946E-02	2.180038E-12	3.265012E-11	2.150711E-10	2.999979E-04	2.992967E-04	9.993740E-01	1.279193E-04	1.000000E+00	
0.000000E+00	9.887187E-16	5.359776E-07	0.000000E+00	2.655677E-14	3.050927E-23	8.878472E-13	7.726461E-24	1.702795E-09	1.109146E-10	0.000000E+00	9.993092E-05	3.919346E-22	5.630542E-13	6.544038E-16	2.139242E-14	5.059183E-13	2.405869E-16	2.933184E-14	2.744117E-05	6.315838E-16	1.357024E-13	4.537729E-18	1.097641E-15	1.044350E-13	6.904041E-08	9.999946E-02	2.180072E-12	3.266897E-11	2.151858E-10	2.999979E-04	3.055767E-04	9.993614E-01	1.279099E-04	1.000000E+00	
0.000000E+00	1.033175E-15	5.359648E-07	0.000000E+00	2.709553E-14	3.277372E-23	8.886036E-13	8.300687E-24	1.701562E-09	1.133698E-10	0.000000E+00	9.993093E-05	4.209756E-22	5.893883E-13	7.015794E-16	2.140980E-14	5.170610E-13	2.522393E-16	3.011923E-14	2.742203E-05	6.624416E-16	1.383757E-13	4.758952E-18	1.124707E-15	1.069525E-13	6.903741E-08	9.999946E-02	2.180100E-12	3.269727E-11	2.153627E-10	2.999979E-04	3.129218E-04	9.993467E-01	1.278907E-04	1.000000E+00	
0.000000E+00	1.086925E-15	5.359495E-07	0.000000E+00	2.773167E-14	3.558915E-23	8.895146E-13	9.014729E-24	1.700109E-09	1.162592E-10	0.000000E+00	9.993093E-05	4.570762E-22	6.212077E-13	7.600823E-16	2.143077E-14	5.301792E-13	2.663534E-16	3.109489E-14	2.739946E-05	6.998324E-16	1.415333E-13	5.026962E-18	1.156823E-15	1.099254E-13	6.903323E-08	9.999946E-02	2.180132E-12	3.273134E-11	2.155763E-10	2.999979E-04	3.215945E-04	9.993294E-01	1.278682E-04	1.000000E+00	
0.000000E+00	1.152665E-15	5.359314E-07	0.000000E+00	2.848868E-14	3.914524E-23	8.906242E-13	9.916754E-24	1.698385E-09	1.196843E-10	0.000000E+00	9.993094E-05	5.026638E-22	6.600913E-13	8.337506E-16	2.145636E-14	5.457360E-13	2.836514E-16	3.232237E-14	2.737266E-05	7.456771E-16	1.452922E-13	5.355494E-18	1.195271E-15	1.134637E-13	6.902752E-08	9.999946E-02	2.180170E-12	3.277279E-11	2.158369E-10	2.999979E-04	3.319152E-04	9.993088E-01	1.278413E-04	1.000000E+00	
0.000000E+00	1.234183E-15	5.359095E-07	0.000000E+00	2.939796E-14	4.372208E-23	8.919936E-13	1.107792E-23	1.696321E-09	1.237793E-10	0.000000E+00	9.993095E-05	5.613217E-22	7.082504E-13	9.282223E-16	2.148800E-14	5.643449E-13	3.051505E-16	3.389490E-14	2.734053E-05	8.026840E-16	1.498093E-13	5.763910E-18	1.241789E-15	1.177147E-13	6.901981E-08	9.999946E-02	2.180215E-12	3.282391E-11	2.161592E-10	2.999979E-04	3.443120E-04	9.992840E-01	1.278092E-04	1.000000E+00	
0.000000E+00	1.336955E-15	5.358828E-07	0.000000E+00	3.050247E-14	4.974747E-23	8.937111E-13	1.260693E-23	1.693823E-09	1.287255E-10	0.000000E+00	9.993096E-05	6.385201E-22	7.688681E-13	1.052055E-15	2.152776E-14	5.868366E-13	3.323253E-16	3.595383E-14	2.730161E-05	8.747817E-16	1.552994E-13	6.280278E-18	1.298804E-15	1.228798E-13	6.900941E-08	9.999946E-02	2.180271E-12	3.288796E-11	2.165644E-10	2.999979E-04	3.593708E-04	9.992540E-01	1.277703E-04	1.000000E+00	
0.000000E+00	1.469165E-15	5.358498E-07	0.000000E+00	3.186252E-14	5.790126E-23	8.959074E-13	1.467661E-23	1.690761E-09	1.347744E-10	0.000000E+00	9.993097E-05	7.429472E-22	8.466746E-13	1.218749E-15	2.157873E-14	6.143632E-13	3.673851E-16	3.872187E-14	2.725383E-05	9.678630E-16	1.620648E-13	6.946672E-18	1.369806E-15	1.292418E-13	6.899538E-08	9.999946E-02	2.180339E-12	3.296979E-11	2.170838E-10	2.999979E-04	3.779141E-04	9.992169E-01	1.277225E-04	1.000000E+00	
0.000000E+00	1.643549E-15	5.358083E-07	0.000000E+00	3.356567E-14	6.931708E-23	8.987847E-13	1.757528E-23	1.686945E-09	1.422848E-10	0.000000E+00	9.993099E-05	8.890806E-22	9.489787E-13	1.450620E-15	2.164564E-14	6.485733E-13	4.137778E-16	4.256667E-14	2.719422E-05	1.091133E-15	1.705448E-13	7.828766E-18	1.460008E-15	1.372119E-13	6.897630E-08	9.999946E-02	2.180425E-12	3.307686E-11	2.177658E-10	2.999979E-04	4.011361E-04	9.991705E-01	1.276629E-04	1.000000E+00	
0.000000E+00	1.880905E-15	5.357550E-07	0.000000E+00	3.574405E-14	8.599836E-23	9.026698E-13	2.181277E-23	1.682096E-09	1.517873E-10	0.000000E+00	9.993101E-05	1.102485E-21	1.087609E-12	1.786691E-15	2.173621E-14	6.919100E-13	4.771506E-16	4.813006E-14	2.711835E-05	1.259688E-15	1.814040E-13	9.034177E-18	1.577572E-15	1.474107E-13	6.895003E-08	9.999946E-02	2.180535E-12	3.322129E-11	2.186891E-10	2.999979E-04	4.308390E-04	9.991112E-01	1.275870E-04	1.000000E+00	
0.000000E+00	2.215031E-15	5.357634E-07	0.000000E+00	3.858606E-14	1.117210E-22	9.088383E-13	2.833576E-23	1.669901E-09	1.634121E-10	0.000000E+00	9.993100E-05	1.431719E-21	1.276439E-12	2.287526E-15	2.187162E-14	7.443835E-13	5.669249E-16	5.655712E-14	2.699848E-05	1.497870E-15	1.958057E-13	1.074269E-17	1.733031E-15	1.607276E-13	6.896403E-08	9.999946E-02	2.180641E-12	3.343656E-11	2.200767E-10	2.999979E-04	4.697798E-04	9.990334E-01	1.274671E-04	1.000000E+00	
0.000000E+00	2.719126E-15	5.356227E-07	0.000000E+00	4.249659E-14	1.544907E-22	9.164843E-13	3.922021E-23	1.664650E-09	1.802232E-10	0.000000E+00	9.993108E-05	1.977682E-21	1.568502E-12	3.133174E-15	2.205546E-14	8.216461E-13	7.025385E-16	7.041633E-14	2.687633E-05	1.859979E-15	2.152607E-13	1.332457E-17	1.958043E-15	1.790574E-13	6.888267E-08	9.999946E-02	2.180859E-12	3.372770E-11	2.219486E-10	2.999979E-04	5.230040E-04	9.989271E-01	1.273449E-04	1.000000E+00	
0.000000E+00	3.529075E-15	5.354827E-07	0.000000E+00	4.807755E-14	2.330076E-22	9.292326E-13	5.920738E-23	1.652622E-09	2.031263E-10	0.000000E+00	9.993116E-05	2.978880E-21	2.026486E-12	4.644034E-15	2.235453E-14	9.267486E-13	9.216650E-16	9.525965E-14	2.668704E-05	2.445506E-15	2.432798E-13	1.749908E-17	2.294674E-15	2.052485E-13	6.880276E-08	9.999946E-02	2.181140E-12	3.419990E-11	2.250008E-10	2.999979E-04	5.991207E-04	9.987751E-01	1.271555E-04	1.000000E+00	
0.000000E+00	4.979208E-15	5.353299E-07	0.000000E+00	5.664156E-14	3.999549E-22	9.520431E-13	1.017246E-22	1.629790E-09	2.361765E-10	0.000000E+00	9.993124E-05	5.104229E-21	2.817684E-12	7.733271E-15	2.288296E-14	1.078331E-12	1.316229E-15	1.460344E-13	2.638543E-05	3.501142E-15	2.866978E-13	2.502168E-17	2.850671E-15	2.454735E-13	6.871821E-08	9.999946E-02	2.181539E-12	3.503219E-11	2.304015E-10	2.999979E-04	7.160906E-04	9.985414E-01	1.268539E-04	1.000000E+00	
0.000000E+00	8.084249E-15	5.349231E-07	0.000000E+00	7.145212E-14	8.499956E-22	9.977321E-13	2.167296E-22	1.601086E-09	2.910912E-10	0.000000E+00	9.993148E-05	1.080924E-20	4.460957E-12	1.575879E-14	2.396104E-14	1.333441E-12	2.164732E-15	2.768670E-13	2.591030E-05	5.785261E-15	3.619148E-13	4.121344E-17	3.960908E-15	3.152612E-13	6.847719E-08	9.999947E-02	2.182297E-12	3.672602E-11	2.414110E-10	2.999978E-04	9.181334E-04	9.981378E-01	1.263786E-04	1.000000E+00	
0.000000E+00	1.455558E-14	5.344031E-07	0.000000E+00	9.488650E-14	2.112390E-21	1.087878E-12	5.401232E-22	1.548090E-09	3.670035E-10	0.000000E+00	9.993176E-05	2.673303E-20	7.597542E-12	3.639168E-14	2.607015E-14	1.688061E-12	3.940212E-15	6.116554E-13	2.516123E-05	1.058661E-14	4.830926E-13	7.513556E-17	6.131809E-15	4.259069E-13	6.819958E-08	9.999947E-02	2.183421E-12	4.003948E-11	2.629719E-10	2.999978E-04	1.238291E-03	9.974983E-01	1.256293E-04	1.000000E+00	
0.000000E+00	2.361626E-14	5.503175E-07	0.000000E+00	1.239562E-13	5.391325E-21	1.218051E-12	1.205294E-21	5.792264E-10	1.562059E-10	0.000000E+00	9.991783E-05	7.383706E-20	3.724008E-12	2.213040E-14	2.688492E-14	5.796391E-13	6.502926E-15	5.061213E-13	2.118483E-05	1.503462E-14	7.579388E-13	1.245426E-16	5.107657E-15	5.150187E-13	8.212902E-08	9.999945E-02	2.174084E-12	4.148771E-11	2.734462E-10	2.999989E-04	1.658897E-03	9.966610E-01	1.216537E-04	1.000000E+00	
0.000000E+00	5.803354E-14	5.449262E-07	0.000000E+00	1.916032E-13	2.021257E-20	1.409018E-12	4.662787E-21	6.987245E-10	2.760348E-10	0.000000E+00	9.992139E-05	2.704939E-19	1.052779E-11	9.949192E-14	3.144473E-14	1.076912E-12	1.594506E-14	1.811117E-12	2.109327E-05	3.828349E-14	1.142720E-12	3.055337E-16	1.121799E-14	8.158794E-13	7.855545E-08	9.999946E-02	2.179042E-12	4.871542E-11	3.199298E-10	2.999986E-04	2.577361E-03	9.948242E-01	1.215606E-04	1.000000E+00	
0.000000E+00	2.340609E-13	5.163393E-07	0.000000E+00	3.525741E-13	1.365113E-19	3.462492E-12	3.944926E-20	1.553186E-09	1.109165E-09	0.000000E+00	9.994262E-05	1.539244E-18	9.927757E-11	2.061756E-12	8.705468E-14	6.267199E-12	6.242229E-14	3.005295E-11	1.811532E-05	1.961138E-13	1.771537E-12	1.198184E-15	1.460652E-13	1.784896E-12	5.723966E-08	9.999948E-02	2.204270E-12	1.367931E-10	8.821372E-10	2.999962E-04	4.763950E-03	9.904540E-01	1.185770E-04	1.000000E+00	
0.000000E+00	7.740021E-13	5.165995E-07	0.000000E+00	6.473370E-13	9.049501E-19	5.416051E-12	2.428635E-19	9.005175E-10	8.510578E-10	0.000000E+00	9.993669E-05	1.056173E-17	1.265520E-10	4.731079E-12	1.277830E-13	4.324368E-12	2.023223E-13	7.178906E-11	1.478569E-05	5.864548E-13	3.881461E-12	3.886780E-15	2.926620E-13	3.056477E-12	6.309847E-08	9.999948E-02	2.212617E-12	2.042627E-10	1.302623E-09	2.999965E-04	8.859537E-03	9.822661E-01	1.152409E-04	1.000000E+00	
0.000000E+00	2.936310E-12	4.974482E-07	0.000000E+00	1.233740E-12	6.706539E-18	9.926439E-12	1.794477E-18	5.919602E-10	7.155162E-10	0.000000E+00	9.993718E-05	7.623154E-17	1.931136E-10	1.437716E-11	2.310432E-13	3.757602E-12	7.246532E-13	2.137987E-10	1.046869E-05	2.116489E-12	8.731977E-12	1.389755E-14	8.871584E-13	5.591418E-12	6.241949E-08	9.999950E-02	2.247069E-12	3.783919E-10	2.363367E-09	2.999955E-04	1.714086E-02	9.657078E-01	1.109049E-04	1.000000E+00	
0.000000E+00	1.062563E-11	4.609986E-07	0.000000E+00	2.273450E-12	4.338172E-17	1.682164E-11	1.158720E-17	3.749770E-10	5.272355E-10	0.000000E+00	9.993868E-05	4.748997E-16	2.411514E-10	3.528010E-11	3.902763E-13	2.995708E-12	2.385414E-12	5.081264E-10	6.633190E-06	7.069002E-12	1.986430E-11	4.535714E-14	2.390149E-12	9.533658E-12	6.062258E-08	9.999954E-02	2.327694E-12	6.564520E-10	4.010577E-09	2.999936E-04	3.236655E-02	9.352603E-01	1.070341E-04	1.000000E+00	
0.000000E+00	2.835012E-11	4.183295E-07	0.000000E+00	3.609381E-12	1.719957E-16	2.331831E-11	4.477519E-17	2.483674E-10	3.749672E-10	0.000000E+00	9.993912E-05	1.836322E-15	2.419999E-10	5.952590E-11	5.388566E-13	2.307068E-12	5.759258E-12	8.389266E-10	4.412699E-06	1.690140E-11	3.868161E-11	1.077101E-13	4.587143E-12	1.357061E-11	5.987060E-08	9.999958E-02	2.461230E-12	9.266920E-10	5.575301E-09	2.999917E-04	5.299938E-02	8.939968E-01	1.047711E-04	1.000000E+00	
0.000000E+00	4.588376E-11	3.977803E-07	0.000000E+00	4.642857E-12	3.606512E-16	2.547376E-11	8.456880E-17	1.822834E-10	2.808831E-10	0.000000E+00	9.993267E-05	4.030987E-15	2.032671E-10	6.285958E-11	5.633759E-13	1.614993E-12	9.140781E-12	9.276167E-10	4.522317E-06	2.406070E-11	5.941476E-11	1.688974E-13	4.804483E-12	1.566145E-11	6.623025E-08	9.999960E-02	2.573290E-12	9.825479E-10	5.883555E-09	2.999914E-04	6.974234E-02	8.605108E-01	1.048536E-04	1.000000E+00	
0.000000E+00	7.180592E-11	3.655302E-07	0.000000E+00	5.579168E-12	6.181670E-16	2.940821E-11	1.495774E-16	1.577842E-10	2.487129E-10	0.000000E+00	9.993764E-05	6.522857E-15	2.092521E-10	8.435848E-11	6.700916E-13	1.665320E-12	1.317032E-11	1.177501E-09	2.983645E-06	3.662096E-11	7.599060E-11	2.385946E-13	7.649663E-12	1.798736E-11	6.101990E-08	9.999963E-02	2.718031E-12	1.181484E-09	7.015814E-09	2.999899E-04	8.573961E-02	8.285178E-01	1.032877E-04	1.000000E+00	
0.000000E+00	9.196767E-11	3.492483E-07	0.000000E+00	6.249749E-12	8.624247E-16	3.086914E-11	2.032101E-16	1.387302E-10	2.206271E-10	0.000000E+00	9.993715E-05	9.060271E-15	1.974976E-10	9.104169E-11	7.010065E-13	1.526267E-12	1.641349E-11	1.265767E-09	2.648571E-06	4.477368E-11	9.123397E-11	2.934663E-13	8.737526E-12	1.923024E-11	6.142013E-08	9.999965E-02	2.824334E-12	1.245733E-09	7.370173E-09	2.999894E-04	9.756151E-02	8.048743E-01	1.029358E-04	1.000000E+00	
0.000000E+00	1.106793E-10	3.365945E-07	0.000000E+00	6.800524E-12	1.105629E-15	3.185752E-11	2.543982E-16	1.255055E-10	2.008015E-10	0.000000E+00	9.993663E-05	1.158102E-14	1.877690E-10	9.573705E-11	7.212307E-13	1.426023E-12	1.937991E-11	1.327493E-09	2.417851E-06	5.194844E-11	1.048609E-10	3.424856E-13	9.613778E-12	2.017012E-11	6.187474E-08	9.999966E-02	2.919283E-12	1.289973E-09	7.609658E-09	2.999891E-04	1.075405E-01	7.849165E-01	1.026919E-04	1.000000E+00	
0.000000E+00	1.289515E-10	3.258479E-07	0.000000E+00	7.287387E-12	1.355716E-15	3.259071E-11	3.051756E-16	1.152777E-10	1.852946E-10	0.000000E+00	9.993612E-05	1.416374E-14	1.793357E-10	9.942085E-11	7.359074E-13	1.347492E-12	2.224839E-11	1.375267E-09	2.235090E-06	5.868428E-11	1.177496E-10	3.888508E-13	1.039077E-11	2.095061E-11	6.232071E-08	9.999967E-02	3.009441E-12	1.323838E-09	7.789245E-09	2.999889E-04	1.165709E-01	7.668560E-01	1.024979E-04	1.000000E+00	
0.000000E+00	1.474444E-10	3.162577E-07	0.000000E+00	7.741429E-12	1.621494E-15	3.315674E-11	3.570729E-16	1.067224E-10	1.721993E-10	0.000000E+00	9.993557E-05	1.690808E-14	1.715319E-10	1.023592E-10	7.466183E-13	1.279430E-12	2.514799E-11	1.413405E-09	2.085104E-06	6.525159E-11	1.305886E-10	4.347518E-13	1.109217E-11	2.163836E-11	6.282501E-08	9.999968E-02	3.099013E-12	1.350479E-09	7.926704E-09	2.999887E-04	1.251730E-01	7.496520E-01	1.023377E-04	1.000000E+00	
0.000000E+00	1.668664E-10	3.072313E-07	0.000000E+00	8.181890E-12	1.911245E-15	3.360883E-11	4.117676E-16	9.922526E-11	1.606424E-10	0.000000E+00	9.993503E-05	1.988821E-14	1.641879E-10	1.049184E-10	7.549395E-13	1.219693E-12	2.818460E-11	1.445900E-09	1.948662E-06	7.195598E-11	1.437629E-10	4.817693E-13	1.178028E-11	2.227556E-11	6.331552E-08	9.999969E-02	3.191450E-12	1.372936E-09	8.039018E-09	2.999885E-04	1.336903E-01	7.326175E-01	1.021917E-04	1.000000E+00	
0.000000E+00	1.874393E-10	2.986694E-07	0.000000E+00	8.617407E-12	2.231613E-15	3.395973E-11	4.697673E-16	9.244179E-11	1.501114E-10	0.000000E+00	9.993442E-05	2.318579E-14	1.570155E-10	1.070136E-10	7.606910E-13	1.163558E-12	3.142233E-11	1.472584E-09	1.828266E-06	7.883536E-11	1.576339E-10	5.308152E-13	1.243149E-11	2.287686E-11	6.387761E-08	9.999970E-02	3.288444E-12	1.390989E-09	8.124815E-09	2.999884E-04	1.422812E-01	7.154357E-01	1.020622E-04	1.000000E+00	
0.000000E+00	2.096999E-10	2.902751E-07	0.000000E+00	9.054942E-12	2.588767E-15	3.422515E-11	5.321855E-16	8.621237E-11	1.403899E-10	0.000000E+00	9.993384E-05	2.684232E-14	1.500729E-10	1.089050E-10	7.647907E-13	1.112475E-12	3.492960E-11	1.495668E-09	1.711251E-06	8.611540E-11	1.723240E-10	5.826291E-13	1.310282E-11	2.345853E-11	6.441391E-08	9.999971E-02	3.392042E-12	1.406374E-09	8.193655E-09	2.999883E-04	1.510888E-01	6.978207E-01	1.019362E-04	1.000000E+00	
0.000000E+00	2.335798E-10	2.821682E-07	0.000000E+00	9.495248E-12	2.987782E-15	3.440161E-11	5.987028E-16	8.042098E-11	1.312995E-10	0.000000E+00	9.993319E-05	3.093195E-14	1.431927E-10	1.103827E-10	7.665732E-13	1.062998E-12	3.874294E-11	1.513661E-09	1.605401E-06	9.370521E-11	1.880913E-10	6.375840E-13	1.374338E-11	2.402076E-11	6.503323E-08	9.999972E-02	3.502836E-12	1.417894E-09	8.238728E-09	2.999883E-04	1.601325E-01	6.797333E-01	1.018216E-04	1.000000E+00	
0.000000E+00	2.534791E-10	2.771043E-07	0.000000E+00	9.908851E-12	3.433548E-15	3.443597E-11	6.575268E-16	7.485530E-11	1.223924E-10	0.000000E+00	9.993075E-05	3.605532E-14	1.347662E-10	1.080054E-10	7.555255E-13	9.782316E-13	4.268907E-11	1.501999E-09	1.647856E-06	9.882390E-11	2.071086E-10	6.955022E-13	1.344024E-11	2.449621E-11	6.744861E-08	9.999972E-02	3.612270E-12	1.405909E-09	8.151654E-09	2.999884E-04	1.687381E-01	6.625221E-01	1.018566E-04	1.000000E+00	
0.000000E+00	2.869303E-10	2.665581E-07	0.000000E+00	1.038650E-11	3.927594E-15	3.449774E-11	7.443306E-16	6.997668E-11	1.147913E-10	0.000000E+00	9.993174E-05	4.054418E-14	1.298099E-10	1.123834E-10	7.642182E-13	9.710090E-13	4.745145E-11	1.536586E-09	1.411528E-06	1.100794E-10	2.231323E-10	7.578407E-13	1.499052E-11	2.510285E-11	6.640240E-08	9.999973E-02	3.749555E-12	1.431177E-09	8.267457E-09	2.999883E-04	1.790168E-01	6.419650E-01	1.016107E-04	1.000000E+00	
0.000000E+00	2.737066E-10	2.775447E-07	0.000000E+00	1.060579E-11	4.406941E-15	3.329386E-11	7.287049E-16	6.376117E-11	1.042334E-10	0.000000E+00	9.991968E-05	4.998129E-14	1.134238E-10	9.158566E-11	6.879727E-13	7.298546E-13	5.032325E-11	1.374248E-09	2.394477E-06	9.936402E-11	2.549070E-10	8.152919E-13	1.024527E-11	2.514307E-11	7.857735E-08	9.999972E-02	3.812735E-12	1.296497E-09	7.496362E-09	2.999894E-04	1.833619E-01	6.332739E-01	1.025925E-04	1.000000E+00	
0.000000E+00	3.476850E-10	2.518533E-07	0.000000E+00	1.127955E-11	5.068257E-15	3.425666E-11	9.031987E-16	6.091613E-11	1.003564E-10	0.000000E+00	9.993015E-05	5.216459E-14	1.171438E-10	1.131724E-10	7.544581E-13	8.883188E-13	5.775941E-11	1.542569E-09	1.236895E-06	1.280177E-10	2.629680E-10	8.914357E-13	1.618392E-11	2.612876E-11	6.792235E-08	9.999975E-02	4.031252E-12	1.432054E-09	8.217380E-09	2.999883E-04	1.987541E-01	6.024905E-01	1.014198E-04	1.000000E+00	
0.000000E+00	3.813823E-10	2.447677E-07	0.000000E+00	1.173265E-11	5.734049E-15	3.400832E-11	9.875649E-16	5.675246E-11	9.368677E-11	0.000000E+00	9.992923E-05	5.894590E-14	1.109535E-10	1.130452E-10	7.465728E-13	8.485031E-13	6.372265E-11	1.538783E-09	1.156657E-06	1.377009E-10	2.853634E-10	9.648414E-13	1.674091E-11	2.663261E-11	6.880466E-08	9.999976E-02	4.189437E-12	1.432865E-09	8.160314E-09	2.999884E-04	2.090937E-01	5.818115E-01	1.013316E-04	1.000000E+00	
0.000000E+00	4.169411E-10	2.379405E-07	0.000000E+00	1.218306E-11	6.459726E-15	3.367961E-11	1.073282E-15	5.286514E-11	8.744049E-11	0.000000E+00	9.992821E-05	6.633207E-14	1.049644E-10	1.125969E-10	7.369158E-13	8.103489E-13	7.022496E-11	1.530733E-09	1.080849E-06	1.477698E-10	3.092501E-10	1.041877E-12	1.726652E-11	2.712571E-11	6.975548E-08	9.999976E-02	4.358150E-12	1.453748E-09	8.083625E-09	2.999885E-04	2.195985E-01	5.608020E-01	1.012480E-04	1.000000E+00	
0.000000E+00	3.792056E-10	2.542590E-07	0.000000E+00	1.232841E-11	7.229954E-15	3.225720E-11	1.015671E-15	4.792473E-11	7.892917E-11	0.000000E+00	9.991188E-05	8.389033E-14	9.025033E-11	8.683032E-11	6.466218E-13	5.705626E-13	7.391259E-11	1.332051E-09	2.256518E-06	1.269837E-10	3.574364E-10	1.128378E-12	1.045951E-11	2.719152E-11	8.621512E-08	9.999975E-02	4.434437E-12	1.310070E-09	7.151895E-09	2.999898E-04	2.223606E-01	5.552766E-01	1.024235E-04	1.000000E+00	
0.000000E+00	5.447187E-10	2.140859E-07	0.000000E+00	1.312641E-11	7.565033E-15	3.148044E-11	1.295235E-15	4.623754E-11	7.704719E-11	0.000000E+00	9.993553E-05	7.094022E-14	9.801546E-11	1.277244E-10	7.474495E-13	9.005586E-13	8.374567E-11	1.585691E-09	5.946700E-07	1.915818E-10	3.300544E-10	1.153056E-12	2.573541E-11	2.797014E-11	6.224843E-08	9.999979E-02	4.727527E-12	1.554927E-09	8.226179E-09	2.999882E-04	2.427664E-01	5.144666E-01	1.007454E-04	1.000000E+00	
0.000000E+00	5.324545E-10	2.193032E-07	0.000000E+00	1.349096E-11	8.980404E-15	3.227812E-11	1.325713E-15	4.277328E-11	7.113870E-11	0.000000E+00	9.992467E-05	9.202453E-14	8.841803E-11	1.093968E-10	6.987162E-13	7.051147E-13	9.317888E-11	1.483054E-09	8.817280E-07	1.797199E-10	3.897361E-10	1.291972E-12	1.857628E-11	2.853650E-11	7.312105E-08	9.999978E-02	4.924070E-12	1.494235E-09	7.747464E-09	2.999889E-04	2.514446E-01	4.971098E-01	1.010268E-04	1.000000E+00	
0.000000E+00	5.741814E-10	2.135782E-07	0.000000E+00	1.391364E-11	9.941772E-15	3.168172E-11	1.405992E-15	3.984057E-11	6.638029E-11	0.000000E+00	9.992332E-05	1.018100E-13	8.334734E-11	1.078317E-10	6.833974E-13	6.731035E-13	1.022214E-10	1.460395E-09	8.210758E-07	1.911239E-10	4.198202E-10	1.382092E-12	1.895026E-11	2.899263E-11	7.440783E-08	9.999979E-02	5.135293E-12	1.500629E-09	7.604724E-09	2.999891E-04	2.621875E-01	4.756242E-01	1.009591E-04	1.000000E+00	
0.000000E+00	5.227188E-10	2.286203E-07	0.000000E+00	1.406479E-11	1.124394E-14	3.093937E-11	1.344868E-15	3.652031E-11	6.062694E-11	0.000000E+00	9.990633E-05	1.298915E-13	7.301792E-11	8.490038E-11	6.094927E-13	4.831616E-13	1.086036E-10	1.295410E-09	1.714840E-06	1.658091E-10	4.853362E-10	1.517361E-12	1.170203E-11	2.928287E-11	9.148559E-08	9.999977E-02	5.266325E-12	1.372899E-09	6.836918E-09	2.999902E-04	2.653068E-01	4.693847E-01	1.018508E-04	1.000000E+00	
0.000000E+00	6.590840E-10	2.032148E-07	0.000000E+00	1.471460E-11	1.200239E-14	3.037729E-11	1.550498E-15	3.464122E-11	5.791917E-11	0.000000E+00	9.992024E-05	1.229281E-13	7.402363E-11	1.039559E-10	6.500907E-13	6.128397E-13	1.223037E-10	1.406873E-09	7.148700E-07	2.141708E-10	4.842045E-10	1.568810E-12	1.950388E-11	2.987149E-11	7.737774E-08	9.999980E-02	5.581760E-12	1.502222E-09	7.284561E-09	2.999895E-04	2.831799E-01	4.336395E-01	1.008395E-04	1.000000E+00	
0.000000E+00	7.028662E-10	1.984354E-07	0.000000E+00	1.510132E-11	1.312399E-14	2.966656E-11	1.614641E-15	3.228175E-11	5.406918E-11	0.000000E+00	9.991844E-05	1.345288E-13	6.964915E-11	1.016430E-10	6.320000E-13	5.837325E-13	1.337020E-10	1.375996E-09	6.674527E-07	2.260229E-10	5.194121E-10	1.667619E-12	1.968454E-11	3.030792E-11	7.912959E-08	9.999980E-02	5.822301E-12	1.497583E-09	7.106296E-09	2.999897E-04	2.936243E-01	4.127508E-01	1.007856E-04	1.000000E+00	
0.000000E+00	7.472216E-10	1.939050E-07	0.000000E+00	1.547450E-11	1.428861E-14	2.892901E-11	1.671871E-15	3.009261E-11	5.049250E-11	0.000000E+00	9.991650E-05	1.466112E-13	6.552139E-11	9.920622E-11	6.134955E-13	5.561536E-13	1.459807E-10	1.343510E-09	6.222172E-07	2.380909E-10	5.561592E-10	1.768693E-12	1.983435E-11	3.073815E-11	8.101478E-08	9.999981E-02	6.071550E-12	1.489976E-09	6.921441E-09	2.999899E-04	3.039034E-01	3.921926E-01	1.007339E-04	1.000000E+00	
0.000000E+00	7.916758E-10	1.896571E-07	0.000000E+00	1.583335E-11	1.549529E-14	2.817682E-11	1.721298E-15	2.806113E-11	4.716889E-11	0.000000E+00	9.991437E-05	1.592338E-13	6.162298E-11	9.661814E-11	5.946354E-13	5.296242E-13	1.591984E-10	1.309529E-09	5.803282E-07	2.502381E-10	5.946113E-10	1.872250E-12	1.992941E-11	3.116343E-11	8.309397E-08	9.999981E-02	6.328814E-12	1.479438E-09	6.730681E-09	2.999902E-04	3.139764E-01	3.720466E-01	1.006857E-04	1.000000E+00	
0.000000E+00	7.954642E-10	1.911206E-07	0.000000E+00	1.612497E-11	1.719185E-14	2.791211E-11	1.733544E-15	2.617937E-11	4.400779E-11	0.000000E+00	9.990664E-05	1.845594E-13	5.706334E-11	8.820728E-11	5.649059E-13	4.613566E-13	1.734692E-10	1.247714E-09	7.019246E-07	2.469927E-10	6.557602E-10	2.023598E-12	1.700708E-11	3.167500E-11	9.078801E-08	9.999981E-02	6.588782E-12	1.439395E-09	6.425037E-09	2.999906E-04	3.220246E-01	3.559501E-01	1.008010E-04	1.000000E+00	
0.000000E+00	8.799471E-10	1.819704E-07	0.000000E+00	1.650607E-11	1.801519E-14	2.666199E-11	1.794822E-15	2.443189E-11	4.122071E-11	0.000000E+00	9.990943E-05	1.860279E-13	5.449502E-11	9.110546E-11	5.565452E-13	4.797057E-13	1.886432E-10	1.238696E-09	5.057318E-07	2.746141E-10	6.765909E-10	2.086460E-12	1.996699E-11	3.199962E-11	8.791957E-08	9.999982E-02	6.863060E-12	1.452039E-09	6.339132E-09	2.999907E-04	3.333758E-01	3.332480E-01	1.005986E-04	1.000000E+00	
0.000000E+00	9.228558E-10	1.785727E-07	0.000000E+00	1.682106E-11	1.933972E-14	2.591877E-11	1.818159E-15	2.280362E-11	3.854649E-11	0.000000E+00	9.990646E-05	2.005475E-13	5.121531E-11	8.811786E-11	5.373127E-13	4.554039E-13	2.051128E-10	1.201889E-09	4.745226E-07	2.865558E-10	7.208883E-10	2.198900E-12	1.985802E-11	3.241631E-11	9.083301E-08	9.999982E-02	7.139962E-12	1.435079E-09	6.138616E-09	2.999910E-04	3.426928E-01	3.146139E-01	1.005610E-04	1.000000E+00	
0.000000E+00	9.659367E-10	1.753158E-07	0.000000E+00	1.712254E-11	2.068273E-14	2.517683E-11	1.832964E-15	2.129000E-11	3.605944E-11	0.000000E+00	9.990327E-05	2.153880E-13	4.814150E-11	8.517216E-11	5.184209E-13	4.327750E-13	2.228072E-10	1.165303E-09	4.435373E-07	2.987642E-10	7.666632E-10	2.313233E-12	1.976371E-11	3.282740E-11	9.396352E-08	9.999982E-02	7.421202E-12	1.417170E-09	5.939946E-09	2.999912E-04	3.517616E-01	2.964764E-01	1.005237E-04	1.000000E+00	
0.000000E+00	1.079898E-09	1.659979E-07	0.000000E+00	1.743144E-11	2.068204E-14	2.341855E-11	1.859447E-15	1.995311E-11	3.395861E-11	0.000000E+00	9.990808E-05	2.027252E-13	4.633687E-11	9.014548E-11	5.123670E-13	4.712560E-13	2.371303E-10	1.159551E-09	2.917825E-07	3.380737E-10	7.639987E-10	2.308800E-12	2.515404E-11	3.289860E-11	8.908048E-08	9.999983E-02	7.645851E-12	1.432448E-09	5.870440E-09	2.999913E-04	3.615949E-01	2.768100E-01	1.003676E-04	1.000000E+00	
0.000000E+00	1.049544E-09	1.694674E-07	0.000000E+00	1.768469E-11	2.345472E-14	2.375231E-11	1.835755E-15	1.856779E-11	3.158043E-11	0.000000E+00	9.989570E-05	2.471038E-13	4.251510E-11	7.913429E-11	4.814037E-13	3.897958E-13	2.623986E-10	1.092249E-09	3.889942E-07	3.229124E-10	8.647187E-10	2.552613E-12	1.943568E-11	3.364277E-11	1.014013E-07	9.999983E-02	7.993456E-12	1.379851E-09	5.546228E-09	2.999917E-04	3.690632E-01	2.618732E-01	1.004558E-04	1.000000E+00	
0.000000E+00	1.090329E-09	1.668025E-07	0.000000E+00	1.794591E-11	2.486538E-14	2.307422E-11	1.824222E-15	1.734634E-11	2.956883E-11	0.000000E+00	9.989129E-05	2.638174E-13	3.995579E-11	7.613798E-11	4.635725E-13	3.698468E-13	2.844723E-10	1.056542E-09	3.639720E-07	3.349981E-10	9.167769E-10	2.677277E-12	1.924758E-11	3.404340E-11	1.057443E-07	9.999983E-02	8.280731E-12	1.362662E-09	5.354588E-09	2.999920E-04	3.772836E-01	2.454325E-01	1.004237E-04	1.000000E+00	
0.000000E+00	1.206501E-09	1.585571E-07	0.000000E+00	1.820868E-11	2.465529E-14	2.148329E-11	1.818958E-15	1.627056E-11	2.788047E-11	0.000000E+00	9.989498E-05	2.474954E-13	3.840613E-11	7.991534E-11	4.567914E-13	4.000476E-13	3.020106E-10	1.047378E-09	2.421317E-07	3.758343E-10	9.146060E-10	2.662201E-12	2.419732E-11	3.407071E-11	1.019810E-07	9.999984E-02	8.492839E-12	1.377935E-09	5.274887E-09	2.999921E-04	3.860620E-01	2.278758E-01	1.002975E-04	1.000000E+00	
0.000000E+00	1.167301E-09	1.621247E-07	0.000000E+00	1.843113E-11	2.777484E-14	2.182878E-11	1.775877E-15	1.514092E-11	2.593138E-11	0.000000E+00	9.988054E-05	3.003751E-13	3.525834E-11	7.003730E-11	4.291388E-13	3.313068E-13	3.341350E-10	9.866428E-10	3.216936E-07	3.582707E-10	1.029557E-09	2.943677E-12	1.869989E-11	3.483911E-11	1.163341E-07	9.999984E-02	8.852530E-12	1.334499E-09	4.981295E-09	2.999925E-04	3.928536E-01	2.142925E-01	1.003661E-04	1.000000E+00	
0.000000E+00	1.204029E-09	1.600256E-07	0.000000E+00	1.865616E-11	2.925391E-14	2.126137E-11	1.739959E-15	1.414655E-11	2.428977E-11	0.000000E+00	9.987411E-05	3.200980E-13	3.311480E-11	6.703080E-11	4.127755E-13	3.132050E-13	3.620309E-10	9.531020E-10	3.027526E-07	3.696728E-10	1.090166E-09	3.085427E-12	1.839607E-11	3.522879E-11	1.226767E-07	9.999984E-02	9.132401E-12	1.325576E-09	4.802457E-09	2.999927E-04	4.002126E-01	1.995745E-01	1.003387E-04	1.000000E+00	
0.000000E+00	1.239560E-09	1.580706E-07	0.000000E+00	1.887033E-11	3.074714E-14	2.073465E-11	1.696668E-15	1.321625E-11	2.275305E-11	0.000000E+00	9.986680E-05	3.409572E-13	3.109504E-11	6.406434E-11	3.970162E-13	2.958369E-13	3.922904E-10	9.206400E-10	2.850891E-07	3.809037E-10	1.153984E-09	3.234071E-12	1.807786E-11	3.561167E-11	1.298806E-07	9.999984E-02	9.405694E-12	1.321204E-09	4.629390E-09	2.999929E-04	4.072990E-01	1.854017E-01	1.003118E-04	1.000000E+00	
0.000000E+00	1.272974E-09	1.563155E-07	0.000000E+00	1.907388E-11	3.227217E-14	2.026041E-11	1.646295E-15	1.234497E-11	2.131224E-11	0.000000E+00	9.985837E-05	3.635746E-13	2.918503E-11	6.109002E-11	3.818018E-13	2.787966E-13	4.252500E-10	8.891453E-10	2.696649E-07	3.916022E-10	1.221994E-09	3.392469E-12	1.770460E-11	3.598981E-11	1.382059E-07	9.999984E-02	9.670625E-12	1.322007E-09	4.461635E-09	2.999931E-04	4.141041E-01	1.717915E-01	1.002862E-04	1.000000E+00	
0.000000E+00	1.304750E-09	1.547104E-07	0.000000E+00	1.926748E-11	3.381647E-14	1.983683E-11	1.589359E-15	1.152848E-11	1.996103E-11	0.000000E+00	9.984866E-05	3.879220E-13	2.738247E-11	5.815591E-11	3.672231E-13	2.623510E-13	4.612111E-10	8.588810E-10	2.555924E-07	4.019337E-10	1.294261E-09	3.560957E-12	1.730985E-11	3.635923E-11	1.477844E-07	9.999985E-02	9.924194E-12	1.329198E-09	4.300272E-09	2.999933E-04	4.206425E-01	1.587147E-01	1.002609E-04	1.000000E+00	
0.000000E+00	1.334756E-09	1.532540E-07	0.000000E+00	1.945155E-11	3.538038E-14	1.946868E-11	1.526309E-15	1.076289E-11	1.869303E-11	0.000000E+00	9.983744E-05	4.143190E-13	2.568067E-11	5.526601E-11	3.533002E-13	2.464673E-13	5.005709E-10	8.299339E-10	2.428411E-07	4.118245E-10	1.371358E-09	3.741306E-12	1.689411E-11	3.671812E-11	1.588679E-07	9.999985E-02	1.016350E-11	1.343938E-09	4.145650E-09	2.999935E-04	4.269178E-01	1.461640E-01	1.002355E-04	1.000000E+00	
0.000000E+00	1.362575E-09	1.519657E-07	0.000000E+00	1.962642E-11	3.697117E-14	1.916361E-11	1.457624E-15	1.004466E-11	1.750221E-11	0.000000E+00	9.982434E-05	4.433236E-13	2.407204E-11	5.241006E-11	3.400286E-13	2.310244E-13	5.438218E-10	8.023303E-10	2.316676E-07	4.210832E-10	1.454174E-09	3.936260E-12	1.644555E-11	3.706547E-11	1.718055E-07	9.999985E-02	1.038551E-11	1.367534E-09	3.997861E-09	2.999937E-04	4.329299E-01	1.341399E-01	1.002099E-04	1.000000E+00	
0.000000E+00	1.388766E-09	1.507982E-07	0.000000E+00	1.979259E-11	3.857158E-14	1.892216E-11	1.383870E-15	9.370947E-12	1.638448E-11	0.000000E+00	9.980906E-05	4.749779E-13	2.255544E-11	4.962912E-11	3.274926E-13	2.162474E-13	5.914667E-10	7.763186E-10	2.213427E-07	4.298921E-10	1.542961E-09	4.146674E-12	1.599659E-11	3.739585E-11	1.869016E-07	9.999985E-02	1.058617E-11	1.401953E-09	3.857917E-09	2.999938E-04	4.386902E-01	1.226193E-01	1.001832E-04	1.000000E+00	
0.000000E+00	1.412251E-09	1.498179E-07	0.000000E+00	1.995019E-11	4.020494E-14	1.875902E-11	1.305600E-15	8.738787E-12	1.533422E-11	0.000000E+00	9.979098E-05	5.104431E-13	2.112099E-11	4.688198E-11	3.156361E-13	2.018216E-13	6.442469E-10	7.517989E-10	2.127700E-07	4.377864E-10	1.639368E-09	4.377736E-12	1.550805E-11	3.771017E-11	2.047768E-07	9.999985E-02	1.076217E-11	1.449085E-09	3.725377E-09	2.999939E-04	4.441889E-01	1.116220E-01	1.001556E-04	1.000000E+00	
0.000000E+00	1.432840E-09	1.490315E-07	0.000000E+00	2.009949E-11	4.187260E-14	1.868286E-11	1.223489E-15	8.145819E-12	1.434755E-11	0.000000E+00	9.976944E-05	5.505068E-13	1.976490E-11	4.417666E-11	3.044871E-13	1.877647E-13	7.029645E-10	7.288837E-10	2.059463E-07	4.446361E-10	1.744538E-09	4.633263E-12	1.498246E-11	3.800522E-11	2.260823E-07	9.999985E-02	1.090919E-11	1.511747E-09	3.600678E-09	2.999940E-04	4.494266E-01	1.011466E-01	1.001265E-04	1.000000E+00	
0.000000E+00	1.450950E-09	1.484074E-07	0.000000E+00	2.024080E-11	4.355864E-14	1.870048E-11	1.138264E-15	7.590208E-12	1.342186E-11	0.000000E+00	9.974369E-05	5.956710E-13	1.848670E-11	4.154535E-11	2.941256E-13	1.742503E-13	7.685272E-10	7.078186E-10	2.003859E-07	4.505468E-10	1.859314E-09	4.916157E-12	1.444572E-11	3.827493E-11	2.515709E-07	9.999985E-02	1.102222E-11	1.593895E-09	3.484806E-09	2.999941E-04	4.544092E-01	9.118138E-02	1.000945E-04	1.000000E+00	
0.000000E+00	1.460553E-09	1.483568E-07	0.000000E+00	2.037366E-11	4.542701E-14	1.885958E-11	1.050914E-15	7.067186E-12	1.254532E-11	0.000000E+00	9.971170E-05	6.519413E-13	1.725517E-11	3.877223E-11	2.841025E-13	1.599053E-13	8.426056E-10	6.875303E-10	2.013245E-07	4.530191E-10	1.990187E-09	5.249136E-12	1.368893E-11	3.853852E-11	2.832463E-07	9.999985E-02	1.109961E-11	1.697992E-09	3.373157E-09	2.999941E-04	4.590751E-01	8.184950E-02	1.000635E-04	1.000000E+00	
0.000000E+00	1.477138E-09	1.478240E-07	0.000000E+00	2.049994E-11	4.703434E-14	1.908654E-11	9.618309E-16	6.583158E-12	1.173904E-11	0.000000E+00	9.967449E-05	7.076941E-13	1.614269E-11	3.645505E-11	2.757541E-13	1.484145E-13	9.252233E-10	6.714259E-10	1.951533E-07	4.582358E-10	2.125794E-09	5.592328E-12	1.327806E-11	3.872945E-11	3.200892E-07	9.999985E-02	1.112741E-11	1.837541E-09	3.280089E-09	2.999941E-04	4.635801E-01	7.283951E-02	1.000196E-04	1.000000E+00	
0.000000E+00	1.485401E-09	1.478641E-07	0.000000E+00	2.061812E-11	4.880662E-14	1.948954E-11	8.724719E-16	6.128703E-12	1.097727E-11	0.000000E+00	9.962774E-05	7.774820E-13	1.507376E-11	3.402941E-11	2.678645E-13	1.362513E-13	1.019431E-09	6.565303E-10	1.954220E-07	4.599352E-10	2.281173E-09	5.999168E-12	1.267323E-11	3.890321E-11	3.664119E-07	9.999985E-02	1.110891E-11	2.014630E-09	3.192877E-09	2.999940E-04	4.677673E-01	6.446511E-02	9.997312E-05	1.000000E+00	
0.000000E+00	1.477626E-09	1.491000E-07	0.000000E+00	2.072822E-11	5.098348E-14	2.010705E-11	7.845863E-16	5.693840E-12	1.023889E-11	0.000000E+00	9.956713E-05	8.732686E-13	1.400587E-11	3.127529E-11	2.596678E-13	1.221850E-13	1.127889E-09	6.409836E-10	2.103048E-07	4.548060E-10	2.466389E-09	6.511320E-12	1.166092E-11	3.908380E-11	4.265133E-07	9.999985E-02	1.104204E-11	2.234929E-09	3.103241E-09	2.999939E-04	4.715691E-01	5.686165E-02	9.992861E-05	1.000000E+00	
0.000000E+00	1.476260E-09	1.499086E-07	0.000000E+00	2.082891E-11	5.281958E-14	2.091220E-11	7.003277E-16	5.305462E-12	9.583138E-12	0.000000E+00	9.949341E-05	9.737278E-13	1.307328E-11	2.901793E-11	2.537369E-13	1.110044E-13	1.248318E-09	6.313293E-10	2.192747E-07	4.519335E-10	2.661437E-09	7.056430E-12	1.100272E-11	3.915988E-11	4.996432E-07	9.999985E-02	1.090176E-11	2.519079E-09	3.039684E-09	2.999937E-04	4.750844E-01	4.983091E-02	9.986466E-05	1.000000E+00	
0.000000E+00	1.470770E-09	1.511128E-07	0.000000E+00	2.092294E-11	5.469206E-14	2.195365E-11	6.189384E-16	4.939788E-12	8.963550E-12	0.000000E+00	9.939946E-05	1.095170E-12	1.218743E-11	2.682283E-11	2.485859E-13	1.002136E-13	1.387053E-09	6.240141E-10	2.333585E-07	4.469717E-10	2.882607E-09	7.694764E-12	1.032590E-11	3.918616E-11	5.928656E-07	9.999985E-02	1.069943E-11	2.887914E-09	2.985911E-09	2.999934E-04	4.783291E-01	4.334157E-02	9.978598E-05	1.000000E+00	
0.000000E+00	1.466789E-09	1.522775E-07	0.000000E+00	2.101176E-11	5.644814E-14	2.326849E-11	5.397491E-16	4.597455E-12	8.384511E-12	0.000000E+00	9.927963E-05	1.235773E-12	1.136540E-11	2.483482E-11	2.446958E-13	9.061959E-14	1.549681E-09	6.204579E-10	2.466542E-07	4.422407E-10	3.130614E-09	8.426285E-12	9.779321E-12	3.914601E-11	7.117885E-07	9.999985E-02	1.043382E-11	3.390337E-09	2.947446E-09	2.999929E-04	4.813953E-01	3.720909E-02	9.968060E-05	1.000000E+00	
0.000000E+00	1.447084E-09	1.550565E-07	0.000000E+00	2.109594E-11	5.865434E-14	2.481209E-11	4.658508E-16	4.242607E-12	7.776305E-12	0.000000E+00	9.911885E-05	1.431075E-12	1.048072E-11	2.249511E-11	2.392779E-13	7.935067E-14	1.742444E-09	6.136453E-10	2.855019E-07	4.304768E-10	3.429833E-09	9.366390E-12	8.882662E-12	3.909834E-11	8.714212E-07	9.999984E-02	1.010863E-11	4.052184E-09	2.892810E-09	2.999923E-04	4.841312E-01	3.173732E-02	9.956142E-05	1.000000E+00	
0.000000E+00	1.432853E-09	1.575860E-07	0.000000E+00	2.117455E-11	6.060810E-14	2.672114E-11	3.965038E-16	3.910310E-12	7.209867E-12	0.000000E+00	9.890843E-05	1.657841E-12	9.670243E-12	2.046900E-11	2.353263E-13	6.989476E-14	1.971468E-09	6.115127E-10	3.229584E-07	4.204762E-10	3.765139E-09	1.044867E-11	8.222246E-12	3.895695E-11	1.080356E-06	9.999984E-02	9.713014E-12	4.988959E-09	2.856230E-09	2.999914E-04	4.866878E-01	2.662411E-02	9.939095E-05	1.000000E+00	
0.000000E+00	1.407742E-09	1.617135E-07	0.000000E+00	2.124940E-11	6.287720E-14	2.871461E-11	3.351850E-16	3.542398E-12	6.579199E-12	0.000000E+00	9.862055E-05	1.964407E-12	8.763267E-12	1.815269E-11	2.285305E-13	5.945769E-14	2.245887E-09	6.029656E-10	3.944164E-07	4.053453E-10	4.164788E-09	1.182409E-11	7.338379E-12	3.877521E-11	1.366292E-06	9.999984E-02	9.253446E-12	6.269573E-09	2.787715E-09	2.999902E-04	4.889346E-01	2.213037E-02	9.917861E-05	1.000000E+00	
0.000000E+00	1.347712E-09	1.716174E-07	0.000000E+00	2.132934E-11	6.634876E-14	2.844489E-11	2.891590E-16	2.904143E-12	5.482153E-12	0.000000E+00	9.820526E-05	2.460010E-12	7.198145E-12	1.421039E-11	2.023013E-13	4.342776E-14	2.573485E-09	5.429416E-10	6.128361E-07	3.751268E-10	4.675613E-09	1.379670E-11	5.560441E-12	3.861769E-11	1.779336E-06	9.999983E-02	8.741547E-12	7.707284E-09	2.486436E-09	2.999892E-04	4.907336E-01	1.853214E-02	9.899154E-05	1.000000E+00	
0.000000E+00	1.355050E-09	1.725131E-07	0.000000E+00	2.138693E-11	6.744243E-14	3.228473E-11	2.403770E-16	2.694012E-12	5.134004E-12	0.000000E+00	9.767224E-05	2.863559E-12	6.735745E-12	1.333440E-11	2.052222E-13	3.973300E-14	2.978630E-09	5.631869E-10	6.195987E-07	3.719574E-10	5.171351E-09	1.561325E-11	5.575486E-12	3.814171E-11	2.308487E-06	9.999983E-02	8.140596E-12	1.068048E-08	2.537697E-09	2.999861E-04	4.926786E-01	1.464215E-02	9.846618E-05	1.000000E+00	
0.000000E+00	1.289725E-09	1.873349E-07	0.000000E+00	2.146976E-11	7.131780E-14	2.642646E-11	2.226251E-16	1.719229E-12	3.480475E-12	0.000000E+00	9.684632E-05	3.723393E-12	4.489057E-12	8.419350E-12	1.492764E-13	2.307087E-14	3.461643E-09	4.194097E-10	9.619616E-07	3.381265E-10	5.872077E-09	1.873956E-11	3.563696E-12	3.777507E-11	3.130858E-06	9.999981E-02	7.516132E-12	1.307843E-08	1.866907E-09	2.999846E-04	4.939980E-01	1.200307E-02	9.799733E-05	1.000000E+00	
0.000000E+00	1.288704E-09	1.917560E-07	0.000000E+00	2.152282E-11	7.317296E-14	2.790770E-11	2.009509E-16	1.393314E-12	2.937825E-12	0.000000E+00	9.571871E-05	4.549808E-12	3.777941E-12	7.062807E-12	1.376709E-13	1.861922E-14	4.068343E-09	3.997623E-10	1.024458E-06	3.289375E-10	6.584541E-09	2.192629E-11	3.233461E-12	3.708497E-11	4.251124E-06	9.999981E-02	6.820042E-12	1.910600E-08	1.742700E-09	2.999787E-04	4.953581E-01	9.282775E-03	9.693663E-05	1.000000E+00	
0.000000E+00	1.361228E-09	1.818106E-07	0.000000E+00	2.152974E-11	7.259153E-14	4.751553E-11	1.674641E-16	1.882104E-12	3.784270E-12	0.000000E+00	9.413423E-05	5.177903E-12	4.933325E-12	9.748111E-12	1.973307E-13	2.606142E-14	4.821522E-09	6.001830E-10	8.095286E-07	3.457162E-10	7.271909E-09	2.484619E-11	4.928558E-12	3.596982E-11	5.817938E-06	9.999982E-02	6.054914E-12	3.531445E-08	2.534307E-09	2.999614E-04	4.966310E-01	6.737079E-03	9.512737E-05	1.000000E+00	
0.000000E+00	1.268200E-09	2.139613E-07	0.000000E+00	2.164867E-11	8.060997E-14	2.158201E-11	2.088078E-16	4.749789E-13	1.402813E-12	0.000000E+00	9.150184E-05	7.679839E-12	1.780546E-12	3.257014E-12	7.898005E-14	7.598490E-15	5.710510E-09	2.514608E-10	1.182649E-06	2.950995E-10	8.468422E-09	3.244718E-11	1.874666E-12	3.519963E-11	8.439559E-06	9.999979E-02	5.355423E-12	4.404213E-08	1.045103E-09	2.999546E-04	4.972017E-01	5.595387E-03	9.290009E-05	1.000000E+00	
0.000000E+00	1.340999E-09	2.076121E-07	0.000000E+00	2.165317E-11	8.297320E-14	3.630177E-11	2.302356E-16	6.263207E-13	1.689587E-12	0.000000E+00	8.782182E-05	9.488616E-12	2.172874E-12	4.207243E-12	1.054340E-13	9.960027E-15	6.810933E-09	3.631538E-10	1.179337E-06	3.014842E-10	9.432095E-09	3.858783E-11	2.515424E-12	3.355397E-11	1.207607E-05	9.999979E-02	4.578534E-12	8.546878E-08	1.450251E-09	2.999126E-04	4.979451E-01	4.108647E-03	8.921049E-05	1.000000E+00	
0.000000E+00	1.285072E-09	2.605467E-07	0.000000E+00	2.183556E-11	9.900248E-14	1.875113E-11	2.637912E-16	7.212002E-14	7.410117E-13	0.000000E+00	8.197036E-05	1.557962E-11	9.278150E-13	1.706963E-12	4.982875E-14	3.213299E-15	8.006607E-09	1.877417E-10	9.853360E-07	2.527810E-10	1.095725E-08	5.422726E-11	1.124387E-12	3.190993E-11	1.786763E-05	9.999974E-02	3.862255E-12	1.426839E-07	7.356016E-10	2.998564E-04	4.981964E-01	3.606201E-03	8.321784E-05	1.000000E+00	
0.000000E+00	1.306532E-09	3.155858E-07	0.000000E+00	2.202848E-11	1.219645E-13	2.003070E-11	2.863676E-16	4.810602E-14	7.094998E-13	0.000000E+00	7.354002E-05	2.571753E-11	8.764624E-13	1.626829E-12	5.098006E-14	2.376071E-15	9.222540E-09	2.205265E-10	6.846481E-07	2.199636E-10	1.240625E-08	7.746864E-11	8.721105E-13	2.934687E-11	2.615422E-05	9.999968E-02	3.136352E-12	2.837673E-07	8.434607E-10	2.997151E-04	4.983953E-01	3.208628E-03	7.454184E-05	1.000000E+00	
0.000000E+00	9.569267E-10	2.700056E-07	0.000000E+00	2.177011E-11	2.473042E-13	1.927719E-14	1.472362E-16	9.663480E-13	2.013694E-12	0.000000E+00	5.630721E-05	9.917218E-11	2.037690E-12	2.794969E-12	1.217524E-13	1.528578E-15	7.403235E-09	6.706607E-10	1.162228E-09	8.877221E-11	1.439972E-08	2.143534E-10	2.480852E-13	2.339651E-11	4.349114E-05	9.999973E-02	2.279920E-12	1.794166E-07	2.821150E-09	2.998171E-04	4.968573E-01	6.285367E-03	5.657948E-05	1.000000E+00	
0.000000E+00	1.219290E-09	2.601422E-07	0.000000E+00	2.178388E-11	3.469039E-13	3.748187E-14	2.153073E-16	9.330651E-13	2.098706E-12	0.000000E+00	4.399260E-05	1.588780E-10	2.304372E-12	4.045813E-12	1.406441E-13	2.045684E-15	8.308467E-09	1.010688E-09	1.117332E-09	9.730465E-11	1.497934E-08	3.175995E-10	3.619029E-13	2.005236E-11	5.574670E-05	9.999974E-02	1.718017E-12	2.368075E-07	4.077292E-09	2.997581E-04	4.974481E-01	5.103674E-03	4.425523E-05	1.000000E+00	
0.000000E+00	1.692443E-09	2.586424E-07	0.000000E+00	2.182241E-11	5.383317E-13	8.633109E-14	3.867664E-16	9.240802E-13	2.323652E-12	0.000000E+00	3.140559E-05	2.696631E-10	2.793419E-12	6.860036E-12	1.684588E-13	3.182276E-15	8.710334E-09	1.706061E-09	1.103226E-09	1.080001E-10	1.478561E-08	4.947449E-10	5.937359E-13	1.594282E-11	6.829315E-05	9.999974E-02	1.318469E-12	2.768720E-07	6.678260E-09	2.997147E-04	4.978779E-01	4.244150E-03	3.166719E-05	1.000000E+00	
0.000000E+00	2.567691E-09	2.674657E-07	0.000000E+00	2.188910E-11	9.239634E-13	2.398261E-13	8.568606E-16	9.420875E-13	2.783215E-12	0.000000E+00	2.031242E-05	4.838476E-10	3.650385E-12	1.380032E-11	2.096809E-13	5.897373E-15	8.371539E-09	3.259512E-09	1.122004E-09	1.205107E-10	1.379712E-08	8.114526E-10	1.108471E-12	1.160110E-11	7.937457E-05	9.999973E-02	1.194931E-12	2.894104E-07	1.257392E-08	2.996947E-04	4.981779E-01	3.644129E-03	2.058376E-05	1.000000E+00	
0.000000E+00	4.112324E-09	2.704560E-07	0.000000E+00	2.192509E-11	1.724861E-12	7.862074E-13	2.234875E-15	9.957902E-13	3.618284E-12	0.000000E+00	1.219798E-05	9.314375E-10	5.084067E-12	3.173029E-11	2.720938E-13	1.271136E-14	7.539803E-09	6.962078E-09	1.182581E-09	1.364754E-10	1.272649E-08	1.426999E-09	2.318742E-12	8.015226E-12	8.747341E-05	9.999973E-02	1.461310E-12	3.058309E-07	2.672697E-08	2.996604E-04	4.983618E-01	3.276287E-03	1.247395E-05	1.000000E+00	
0.000000E+00	6.186206E-09	2.292885E-07	0.000000E+00	2.179728E-11	3.209449E-12	2.665522E-12	5.736107E-15	1.096865E-12	4.780117E-12	0.000000E+00	7.642557E-06	1.984490E-09	6.999874E-12	6.918272E-11	3.686647E-13	2.665160E-14	7.023652E-09	1.523743E-08	1.300330E-09	1.606850E-10	1.316137E-08	2.780473E-09	4.926853E-12	6.018832E-12	9.191373E-05	9.999977E-02	2.040408E-12	4.185882E-07	5.724926E-08	2.995088E-04	4.984500E-01	3.099835E-03	7.879613E-06	1.000000E+00	
0.000000E+00	7.643214E-09	1.206010E-07	0.000000E+00	2.142800E-11	4.797120E-12	7.588653E-12	1.075166E-14	1.251247E-12	5.726730E-12	0.000000E+00	5.921301E-06	4.443814E-09	8.530273E-12	1.098155E-10	5.194841E-13	4.153681E-14	7.148508E-09	2.992715E-08	1.498665E-09	1.846479E-10	1.621358E-08	5.695755E-09	9.192235E-12	5.348380E-12	9.302235E-05	9.999988E-02	2.471862E-12	1.022636E-06	1.037162E-07	2.988436E-04	4.984861E-01	3.027547E-03	6.051397E-06	1.000000E+00	
0.000000E+00	9.089671E-09	7.501808E-09	0.000000E+00	2.104197E-11	6.399233E-12	1.928743E-11	1.838714E-14	1.435710E-12	6.444937E-12	0.000000E+00	4.842345E-06	1.011379E-08	9.710988E-12	1.557089E-10	7.184650E-13	5.449150E-14	6.707114E-09	5.635924E-08	1.873580E-09	1.978650E-10	1.960176E-08	1.177591E-08	2.104870E-11	4.635574E-12	7.490470E-05	9.999999E-02	2.346119E-12	2.020452E-05	1.741757E-07	2.795647E-04	4.985170E-01	2.965639E-03	4.861237E-06	1.000000E+00	
0.000000E+00	1.912437E-08	1.917665E-09	0.000000E+00	2.103238E-11	1.714427E-11	1.165348E-10	8.785034E-14	1.674013E-12	9.488005E-12	0.000000E+00	1.905114E-06	2.420765E-08	1.474636E-11	5.975516E-10	9.756076E-13	1.592183E-13	3.142297E-09	1.729942E-07	2.810724E-09	2.104383E-10	1.257140E-08	2.518239E-08	1.623225E-10	2.076890E-12	1.827717E-05	1.000000E-01	1.192208E-12	7.975222E-05	5.917371E-07	2.194820E-04	4.985658E-01	2.867223E-03	1.930006E-06	1.000000E+00	
0.000000E+00	3.825265E-08	1.577302E-09	0.000000E+00	2.103516E-11	4.502145E-11	1.128442E-09	3.181307E-13	1.810324E-12	1.523422E-11	0.000000E+00	5.217696E-07	4.386141E-08	2.434236E-11	3.389102E-09	1.137526E-12	7.968274E-13	9.341663E-10	6.218317E-07	3.339470E-09	1.619576E-10	5.035268E-09	4.024879E-08	1.106436E-09	5.790876E-13	2.508432E-06	1.000000E-01	3.289648E-13	9.687840E-05	2.510126E-06	1.999828E-04	4.985773E-01	2.841201E-03	5.697072E-07	1.000000E+00	
0.000000E+00	4.845736E-08	1.535836E-09	0.000000E+00	2.103597E-11	5.592312E-11	7.126058E-09	4.564405E-13	1.808437E-12	1.794655E-11	0.000000E+00	1.979413E-07	5.498712E-08	2.976886E-11	9.222394E-09	1.192811E-12	2.029592E-12	3.450868E-10	1.592503E-06	3.453792E-09	9.010203E-11	2.342675E-09	4.591883E-08	2.979561E-09	1.929989E-13	5.225070E-07	1.000000E-01	8.830823E-14	9.917283E-05	6.934390E-06	1.922738E-04	4.985845E-01	2.820326E-03	2.638108E-07	1.000000E+00	
0.000000E+00	5.152945E-08	1.517937E-09	0.000000E+00	2.103671E-11	4.735557E-11	3.689077E-08	4.267596E-13	1.718438E-12	1.792564E-11	0.000000E+00	8.726371E-08	5.150682E-08	3.200868E-11	1.665266E-08	1.216005E-12	3.656954E-12	1.519116E-10	3.414467E-06	3.449583E-09	4.527211E-11	1.203938E-09	4.201376E-08	4.994432E-09	7.497959E-14	1.377301E-07	1.000000E-01	2.532160E-14	9.967504E-05	1.602539E-05	1.807896E-04	4.986077E-01	2.761244E-03	1.655785E-07	1.000000E+00	
0.000000E+00	5.076166E-08	1.498841E-09	0.000000E+00	2.103765E-11	3.348384E-11	1.434957E-07	3.165829E-13	1.551740E-12	1.615105E-11	0.000000E+00	4.470005E-08	3.964674E-08	3.277372E-11	2.325064E-08	1.223806E-12	6.646072E-12	8.165980E-11	6.083829E-06	3.387561E-09	2.436399E-11	7.218977E-10	3.262752E-08	6.199660E-09	3.550585E-14	4.891145E-08	1.000000E-01	9.053429E-15	9.982705E-05	3.145079E-05	1.623218E-04	4.986446E-01	2.666682E-03	1.299360E-07	1.000000E+00	
0.000000E+00	4.892916E-08	1.479417E-09	0.000000E+00	2.103851E-11	2.414014E-11	3.429314E-07	2.287814E-13	1.371926E-12	1.400637E-11	0.000000E+00	2.858815E-08	3.037174E-08	3.309657E-11	2.763461E-08	1.222903E-12	1.208380E-11	5.550943E-11	8.659194E-06	3.317274E-09	1.593261E-11	5.407503E-10	2.472925E-08	6.581172E-09	2.187873E-14	2.575601E-08	1.000000E-01	4.662120E-15	9.988334E-05	4.907924E-05	1.416581E-04	4.986792E-01	2.574699E-03	1.166529E-07	1.000000E+00	
0.000000E+00	4.773388E-08	1.467268E-09	0.000000E+00	2.103899E-11	2.012759E-11	5.020531E-07	1.889385E-13	1.260560E-12	1.268647E-11	0.000000E+00	2.307583E-08	2.616219E-08	3.327214E-11	2.973136E-08	1.220105E-12	1.661172E-11	4.654735E-11	1.014618E-05	3.275760E-09	1.297695E-11	4.869280E-10	2.096016E-08	6.637089E-09	1.741194E-14	1.925419E-08	1.000000E-01	3.421796E-15	9.990334E-05	6.062292E-05	1.282870E-04	4.986984E-01	2.521818E-03	1.120406E-07	1.000000E+00	
0.000000E+00	4.728796E-08	1.462669E-09	0.000000E+00	2.103917E-11	1.885628E-11	5.640602E-07	1.760578E-13	1.218746E-12	1.219730E-11	0.000000E+00	2.146730E-08	2.478789E-08	3.334101E-11	3.044052E-08	1.218741E-12	1.841260E-11	4.391466E-11	1.068666E-05	3.260655E-09	1.210434E-11	4.758677E-10	1.970650E-08	6.638117E-09	1.612595E-14	1.747458E-08	1.000000E-01	3.082847E-15	9.990937E-05	6.507892E-05	1.231598E-04	4.987052E-01	2.502684E-03	1.106758E-07	1.000000E+00	
0.000000E+00	4.717074E-08	1.461453E-09	0.000000E+00	2.103921E-11	1.853493E-11	5.797612E-07	1.727585E-13	1.207716E-12	1.206901E-11	0.000000E+00	2.107533E-08	2.443309E-08	3.335968E-11	3.062175E-08	1.218358E-12	1.887173E-11	4.326494E-11	1.082777E-05	3.256714E-09	1.188941E-11	4.750291E-10	1.937982E-08	6.636964E-09	1.581214E-14	1.703488E-08	1.000000E-01	2.999455E-15	9.991089E-05	6.626540E-05	1.217991E-04	4.987070E-01	2.497702E-03	1.103413E-07	1.000000E+00	
0.000000E+00	4.714668E-08	1.461203E-09	0.000000E+00	2.103922E-11	1.846837E-11	5.828025E-07	1.720673E-13	1.205452E-12	1.204273E-11	0.000000E+00	2.099643E-08	2.435837E-08	3.336356E-11	3.065868E-08	1.218278E-12	1.896087E-11	4.313133E-11	1.085666E-05	3.255908E-09	1.184544E-11	4.755148E-10	1.931046E-08	6.636657E-09	1.574826E-14	1.694022E-08	1.000000E-01	2.981639E-15	9.991121E-05	6.650955E-05	1.215196E-04	4.987073E-01	2.496682E-03	1.102739E-07	1.000000E+00	
