3.024336E-16	4.000037E-21	5.042087E-18	9.642741E-314	1.529422E-314	0.000000E+00	0.000000E+00	
3.024336E-16	4.000029E-21	5.042087E-18	9.602539E-314	1.523028E-314	0.000000E+00	0.000000E+00	
3.024336E-16	4.000028E-21	5.042087E-18	9.597645E-314	1.522250E-314	0.000000E+00	0.000000E+00	
3.024336E-16	4.000027E-21	5.042087E-18	9.592156E-314	1.521377E-314	0.000000E+00	0.000000E+00	
3.024336E-16	4.000026E-21	5.042087E-18	9.586002E-314	1.520399E-314	0.000000E+00	0.000000E+00	
3.024336E-16	4.000025E-21	5.042087E-18	9.579102E-314	1.519301E-314	0.000000E+00	0.000000E+00	
3.024336E-16	4.000024E-21	5.042087E-18	9.571366E-314	1.518071E-314	0.000000E+00	0.000000E+00	
3.024336E-16	4.000022E-21	5.042087E-18	9.562693E-314	1.516692E-314	0.000000E+00	0.000000E+00	
3.024336E-16	4.000020E-21	5.042087E-18	9.552971E-314	1.515146E-314	0.000000E+00	0.000000E+00	
3.024336E-16	4.000018E-21	5.042087E-18	9.542075E-314	1.513413E-314	0.000000E+00	0.000000E+00	
3.024336E-16	4.000016E-21	5.042087E-18	9.529864E-314	1.511471E-314	0.000000E+00	0.000000E+00	
3.024336E-16	4.000013E-21	5.042087E-18	9.516181E-314	1.509295E-314	0.000000E+00	0.000000E+00	
3.024336E-16	4.000011E-21	5.042087E-18	9.500852E-314	1.506857E-314	0.000000E+00	0.000000E+00	
3.024336E-16	4.000007E-21	5.042087E-18	9.483683E-314	1.504127E-314	0.000000E+00	0.000000E+00	
3.024336E-16	4.000004E-21	5.042087E-18	9.464455E-314	1.501069E-314	0.000000E+00	0.000000E+00	
3.024336E-16	4.000000E-21	5.042087E-18	9.442927E-314	1.497646E-314	0.000000E+00	0.000000E+00	
3.024336E-16	3.999995E-21	5.042087E-18	9.418831E-314	1.493814E-314	0.000000E+00	0.000000E+00	
3.024336E-16	3.999990E-21	5.042087E-18	9.391868E-314	1.489527E-314	0.000000E+00	0.000000E+00	
3.024336E-16	3.999984E-21	5.042492E-18	9.361706E-314	1.484730E-314	0.000000E+00	0.000000E+00	
3.024336E-16	3.999978E-21	5.092222E-18	9.327979E-314	1.479367E-314	0.000000E+00	0.000000E+00	
3.024336E-16	3.999971E-21	5.089355E-18	9.290282E-314	1.473373E-314	0.000000E+00	0.000000E+00	
3.024336E-16	3.999963E-21	5.068349E-18	9.248166E-314	1.466676E-314	0.000000E+00	0.000000E+00	
3.024336E-16	3.999954E-21	5.093201E-18	9.201137E-314	1.459198E-314	0.000000E+00	0.000000E+00	
3.024406E-16	3.999944E-21	5.091707E-18	9.148655E-314	1.450852E-314	0.000000E+00	0.000000E+00	
3.024406E-16	3.999932E-21	5.083265E-18	9.090125E-314	1.441546E-314	0.000000E+00	0.000000E+00	
3.024654E-16	3.999919E-21	5.102332E-18	9.024897E-314	1.431174E-314	0.000000E+00	0.000000E+00	
3.024709E-16	3.999905E-21	5.109001E-18	8.952268E-314	1.419626E-314	0.000000E+00	0.000000E+00	
3.024605E-16	3.999889E-21	5.112439E-18	8.871470E-314	1.406779E-314	0.000000E+00	0.000000E+00	
3.024793E-16	3.999871E-21	5.133529E-18	8.781681E-314	1.392504E-314	0.000000E+00	0.000000E+00	
3.024671E-16	3.999851E-21	5.132012E-18	8.682015E-314	1.376658E-314	0.000000E+00	0.000000E+00	
3.024859E-16	3.999828E-21	5.147839E-18	8.571533E-314	1.359093E-314	0.000000E+00	0.000000E+00	
3.024946E-16	3.999803E-21	5.155526E-18	8.449240E-314	1.339651E-314	0.000000E+00	0.000000E+00	
3.024993E-16	3.999774E-21	5.176098E-18	8.314099E-314	1.318168E-314	0.000000E+00	0.000000E+00	
3.025019E-16	3.999742E-21	5.187369E-18	8.165036E-314	1.294472E-314	0.000000E+00	0.000000E+00	
3.024962E-16	3.999706E-21	5.202182E-18	8.000958E-314	1.268391E-314	0.000000E+00	0.000000E+00	
3.025108E-16	3.999666E-21	5.229300E-18	7.820778E-314	1.239752E-314	0.000000E+00	0.000000E+00	
3.025416E-16	3.999621E-21	5.261635E-18	7.623432E-314	1.208386E-314	0.000000E+00	0.000000E+00	
3.025441E-16	3.999570E-21	5.279448E-18	7.407920E-314	1.174136E-314	0.000000E+00	0.000000E+00	
3.025598E-16	3.999513E-21	5.304441E-18	7.173345E-314	1.136859E-314	0.000000E+00	0.000000E+00	
3.025665E-16	3.999449E-21	5.329335E-18	6.918968E-314	1.096439E-314	0.000000E+00	0.000000E+00	
3.025808E-16	3.999377E-21	5.358204E-18	6.644261E-314	1.052793E-314	0.000000E+00	0.000000E+00	
3.025869E-16	3.999297E-21	5.384902E-18	6.348981E-314	1.005884E-314	0.000000E+00	0.000000E+00	
3.026168E-16	3.999207E-21	5.428243E-18	6.033245E-314	9.557316E-315	0.000000E+00	0.000000E+00	
3.026366E-16	3.999105E-21	5.467526E-18	5.697612E-314	9.024264E-315	0.000000E+00	0.000000E+00	
3.026583E-16	3.998992E-21	5.515217E-18	5.343172E-314	8.461432E-315	0.000000E+00	0.000000E+00	
3.026840E-16	3.998865E-21	5.565204E-18	4.971634E-314	7.871556E-315	0.000000E+00	0.000000E+00	
3.027131E-16	3.998722E-21	5.624228E-18	4.585389E-314	7.258455E-315	0.000000E+00	0.000000E+00	
3.027427E-16	3.998561E-21	5.691437E-18	4.187576E-314	6.627136E-315	0.000000E+00	0.000000E+00	
3.027797E-16	3.998382E-21	5.766388E-18	3.782114E-314	5.983842E-315	0.000000E+00	0.000000E+00	
3.028200E-16	3.998180E-21	5.850479E-18	3.373664E-314	5.335993E-315	0.000000E+00	0.000000E+00	
3.028660E-16	3.997954E-21	5.943929E-18	2.967591E-314	4.692122E-315	0.000000E+00	0.000000E+00	
3.029124E-16	3.997700E-21	6.051054E-18	2.569791E-314	4.061597E-315	0.000000E+00	0.000000E+00	
3.029804E-16	3.997416E-21	6.174636E-18	2.186503E-314	3.454320E-315	0.000000E+00	0.000000E+00	
3.029924E-16	3.997097E-21	6.292082E-18	1.824000E-314	2.880235E-315	0.000000E+00	0.000000E+00	
3.031574E-16	3.996740E-21	6.496316E-18	1.488227E-314	2.348752E-315	0.000000E+00	0.000000E+00	
3.032418E-16	3.996339E-21	6.666547E-18	1.184414E-314	1.868132E-315	0.000000E+00	0.000000E+00	
3.033370E-16	3.995889E-21	6.859661E-18	9.166432E-315	1.444802E-315	0.000000E+00	0.000000E+00	
3.033355E-16	3.995385E-21	7.041130E-18	6.874946E-315	1.082792E-315	0.000000E+00	0.000000E+00	
3.037123E-16	3.994821E-21	7.359533E-18	4.977767E-315	7.833166E-316	0.000000E+00	0.000000E+00	
3.037446E-16	3.994188E-21	7.626852E-18	3.464288E-315	5.446255E-316	0.000000E+00	0.000000E+00	
3.039039E-16	3.993479E-21	7.943041E-18	2.306172E-315	3.621642E-316	0.000000E+00	0.000000E+00	
3.039202E-16	3.992684E-21	8.260834E-18	1.460455E-315	2.290732E-316	0.000000E+00	0.000000E+00	
3.044154E-16	3.991794E-21	8.824207E-18	8.744327E-316	1.369683E-316	0.000000E+00	0.000000E+00	
3.046498E-16	3.990797E-21	9.288649E-18	4.915823E-316	7.688198E-317	0.000000E+00	0.000000E+00	
3.049195E-16	3.989681E-21	9.819314E-18	2.574587E-316	4.019654E-317	0.000000E+00	0.000000E+00	
3.052292E-16	3.988431E-21	1.042677E-17	1.245229E-316	1.940399E-317	0.000000E+00	0.000000E+00	
3.055011E-16	3.987033E-21	1.113168E-17	5.507104E-317	8.562933E-318	0.000000E+00	0.000000E+00	
3.060651E-16	3.985468E-21	1.199051E-17	2.202368E-317	3.416098E-318	0.000000E+00	0.000000E+00	
3.065382E-16	3.983718E-21	1.291187E-17	7.864962E-318	1.216597E-318	0.000000E+00	0.000000E+00	
3.070906E-16	3.981762E-21	1.397749E-17	2.472754E-318	3.813248E-319	0.000000E+00	0.000000E+00	
3.079377E-16	3.979576E-21	1.510672E-17	6.736091E-319	0.000000E+00	0.000000E+00	0.000000E+00	
3.083280E-16	3.977135E-21	1.648615E-17	1.561445E-319	0.000000E+00	0.000000E+00	0.000000E+00	
3.092084E-16	3.974410E-21	1.815781E-17	0.000000E+00	0.000000E+00	0.000000E+00	0.000000E+00	
3.105322E-16	3.971371E-21	1.996652E-17	0.000000E+00	0.000000E+00	0.000000E+00	0.000000E+00	
3.112140E-16	3.967983E-21	2.216788E-17	0.000000E+00	0.000000E+00	0.000000E+00	0.000000E+00	
3.126523E-16	3.964210E-21	2.486699E-17	0.000000E+00	0.000000E+00	0.000000E+00	0.000000E+00	
3.143609E-16	3.960011E-21	2.805783E-17	0.000000E+00	0.000000E+00	0.000000E+00	0.000000E+00	
3.163926E-16	3.955345E-21	3.184498E-17	0.000000E+00	0.000000E+00	0.000000E+00	0.000000E+00	
3.188300E-16	3.950164E-21	3.636599E-17	0.000000E+00	0.000000E+00	0.000000E+00	0.000000E+00	
3.217702E-16	3.944419E-21	4.179153E-17	0.000000E+00	0.000000E+00	0.000000E+00	0.000000E+00	
3.253353E-16	3.938060E-21	4.833945E-17	0.000000E+00	0.000000E+00	0.000000E+00	0.000000E+00	
3.296998E-16	3.931033E-21	5.629531E-17	0.000000E+00	0.000000E+00	0.000000E+00	0.000000E+00	
3.350629E-16	3.923283E-21	6.602140E-17	0.000000E+00	0.000000E+00	0.000000E+00	0.000000E+00	
3.417137E-16	3.914754E-21	7.800565E-17	0.000000E+00	0.000000E+00	0.000000E+00	0.000000E+00	
3.500557E-16	3.905393E-21	9.290052E-17	0.000000E+00	0.000000E+00	0.000000E+00	0.000000E+00	
3.604961E-16	3.895147E-21	1.115694E-16	0.000000E+00	0.000000E+00	0.000000E+00	0.000000E+00	
3.742262E-16	3.883972E-21	1.353077E-16	0.000000E+00	0.000000E+00	0.000000E+00	0.000000E+00	
3.913314E-16	4.368854E-22	0.000000E+00	0.000000E+00	0.000000E+00	0.000000E+00	3.825783E-17	
0.000000E+00	5.824793E-22	2.939844E-18	2.815904E-17	0.000000E+00	0.000000E+00	0.000000E+00	
0.000000E+00	3.825783E-17	2.483760E-32	5.824701E-22	2.939844E-18	3.159468E-17	0.000000E+00	
0.000000E+00	0.000000E+00	0.000000E+00	3.825783E-17	0.000000E+00	5.824689E-22	2.939844E-18	
3.544986E-17	0.000000E+00	0.000000E+00	0.000000E+00	0.000000E+00	3.825783E-17	3.004585E-32	
5.824677E-22	2.939844E-18	3.977522E-17	0.000000E+00	0.000000E+00	0.000000E+00	0.000000E+00	
3.825783E-17	0.000000E+00	5.824663E-22	2.939844E-18	4.462823E-17	0.000000E+00	0.000000E+00	
0.000000E+00	0.000000E+00	3.825783E-17	0.000000E+00	5.824647E-22	2.939844E-18	5.007358E-17	
0.000000E+00	0.000000E+00	0.000000E+00	0.000000E+00	3.825783E-17	0.000000E+00	5.824629E-22	
2.939844E-18	5.618323E-17	0.000000E+00	0.000000E+00	0.000000E+00	0.000000E+00	3.825783E-17	
0.000000E+00	5.824609E-22	2.939844E-18	6.303829E-17	0.000000E+00	0.000000E+00	0.000000E+00	
0.000000E+00	3.825783E-17	0.000000E+00	5.824586E-22	2.939844E-18	7.072987E-17	0.000000E+00	
0.000000E+00	0.000000E+00	0.000000E+00	3.825783E-17	0.000000E+00	5.824561E-22	2.939844E-18	
7.935978E-17	0.000000E+00	0.000000E+00	0.000000E+00	0.000000E+00	3.825783E-17	0.000000E+00	
5.824532E-22	2.939844E-18	8.904271E-17	0.000000E+00	0.000000E+00	0.000000E+00	0.000000E+00	
3.825783E-17	1.509415E-31	5.824501E-22	2.939844E-18	9.990700E-17	0.000000E+00	0.000000E+00	
0.000000E+00	0.000000E+00	3.825783E-17	0.000000E+00	5.824465E-22	2.939844E-18	1.120966E-16	
0.000000E+00	0.000000E+00	0.000000E+00	0.000000E+00	3.825783E-17	0.000000E+00	5.824425E-22	
2.939844E-18	1.257736E-16	0.000000E+00	0.000000E+00	0.000000E+00	0.000000E+00	3.825783E-17	
0.000000E+00	5.824380E-22	2.939844E-18	1.411190E-16	0.000000E+00	0.000000E+00	0.000000E+00	
0.000000E+00	3.825783E-17	0.000000E+00	5.824329E-22	2.939844E-18	1.583366E-16	0.000000E+00	
0.000000E+00	0.000000E+00	0.000000E+00	3.825783E-17	0.000000E+00	5.824273E-22	2.939844E-18	
1.776548E-16	0.000000E+00	0.000000E+00	0.000000E+00	0.000000E+00	3.825783E-17	0.000000E+00	
5.824209E-22	2.939844E-18	1.993293E-16	0.000000E+00	0.000000E+00	0.000000E+00	0.000000E+00	
3.825783E-17	0.000000E+00	5.824138E-22	2.939844E-18	2.237190E-16	0.000000E+00	0.000000E+00	
0.000000E+00	0.000000E+00	3.825783E-17	0.000000E+00	5.824058E-22	2.939844E-18	2.510089E-16	
0.000000E+00	0.000000E+00	0.000000E+00	0.000000E+00	3.825783E-17	0.000000E+00	5.823968E-22	
2.939844E-18	2.816278E-16	0.000000E+00	0.000000E+00	0.000000E+00	0.000000E+00	3.825783E-17	
0.000000E+00	5.823868E-22	2.939844E-18	3.159808E-16	0.000000E+00	0.000000E+00	0.000000E+00	
0.000000E+00	3.825783E-17	2.683411E-31	5.823755E-22	2.939844E-18	3.545230E-16	0.000000E+00	
0.000000E+00	0.000000E+00	0.000000E+00	3.825783E-17	6.019441E-31	5.823628E-22	2.939844E-18	
3.977650E-16	0.000000E+00	0.000000E+00	0.000000E+00	0.000000E+00	3.825783E-17	0.000000E+00	
5.823486E-22	2.939844E-18	4.462784E-16	0.000000E+00	0.000000E+00	0.000000E+00	0.000000E+00	
3.825783E-17	3.790053E-31	5.823326E-22	2.939844E-18	5.007045E-16	0.000000E+00	0.000000E+00	
0.000000E+00	0.000000E+00	3.825783E-17	4.251955E-31	5.823148E-22	2.939844E-18	5.617617E-16	
