1.202113E+02
1.202105E+02
1.202103E+02
1.202102E+02
1.202101E+02
1.202099E+02
1.202098E+02
1.202096E+02
1.202094E+02
1.202091E+02
1.202088E+02
1.202085E+02
1.202082E+02
1.202078E+02
1.202074E+02
1.202069E+02
1.202064E+02
1.202058E+02
1.202051E+02
1.202593E+02
1.202585E+02
1.202575E+02
1.202564E+02
1.202552E+02
1.202539E+02
1.202523E+02
1.202506E+02
1.202487E+02
1.200658E+02
1.201637E+02
1.201610E+02
1.200079E+02
1.200594E+02
1.198150E+02
1.249953E+02
1.047999E+02
1.324834E+02
1.172225E+02
1.745311E+02
1.180520E+02
1.172001E+02
1.206253E+02
1.195659E+02
1.201550E+02
1.205744E+02
1.210522E+02
1.213980E+02
1.218830E+02
1.222453E+02
1.228364E+02
1.233072E+02
1.770436E+02
1.243525E+02
1.096226E+02
1.256841E+02
1.263487E+02
1.270553E+02
1.321784E+02
8.554818E+01
1.292349E+02
1.301612E+02
1.353941E+02
1.318291E+02
1.325605E+02
1.334056E+02
1.342176E+02
1.377879E+02
1.357287E+02
1.360870E+02
1.367246E+02
1.532465E+02
1.376700E+02
1.381933E+02
1.538053E+02
1.384415E+02
1.384478E+02
1.383777E+02
1.379301E+02
1.372940E+02
1.364423E+02
1.352600E+02
1.339450E+02
1.321853E+02
1.299612E+02
1.274305E+02
1.844678E+02
1.208718E+02
1.169874E+02
1.096406E+02
1.046151E+02
9.915208E+01
9.218689E+01
8.694975E+01
8.110274E+01
7.378876E+01
6.450801E+01
6.037904E+01
5.738991E+01
6.975460E+01
4.687380E+01
3.618574E+01
3.505414E+01
3.900949E+01
2.162065E+01
2.725000E+00
2.725000E+00
2.725000E+00
2.725000E+00
2.725000E+00
2.725000E+00
2.725000E+00
2.725000E+00
2.725000E+00
2.725000E+00
2.725000E+00
2.725000E+00
2.725000E+00
2.725000E+00
2.725000E+00
2.725000E+00
2.725000E+00
2.725000E+00
