   0.2991256567706883E+01   0.6283265202282759E-02   0.2422639888908939E-02   0.1266846433269272E-20   0.0000000000000000E+00 
   0.2991257073778248E+01   0.6282808852056941E-02   0.2422530047440928E-02   0.0000000000000000E+00   0.0000000000000000E+00 
   0.2991257104276292E+01   0.6282781262442583E-02   0.2422523410813354E-02   0.0000000000000000E+00   0.0000000000000000E+00 
   0.2991257136244487E+01   0.6282751968298895E-02   0.2422516364547371E-02   0.2153639345892332E-19   0.1583558342567891E-21 
   0.2991257171184607E+01   0.6282720864346614E-02   0.2422508883865340E-02   0.1266846688852030E-20   0.1088696373232213E-21 
   0.2991257207770128E+01   0.6282687828159312E-02   0.2422500938978849E-02   0.8867926930426201E-20   0.3958895951083126E-22 
   0.2991257246660058E+01   0.6282652736690598E-02   0.2422492500452200E-02   0.0000000000000000E+00   0.0000000000000000E+00 
   0.2991257288321247E+01   0.6282615456371444E-02   0.2422483536561883E-02   0.1266846738461326E-20   0.0000000000000000E+00 
   0.2991257331791787E+01   0.6282575839732079E-02   0.2422474011511851E-02   0.1520216108246179E-19   0.2078420460492823E-21 
   0.2991257377893151E+01   0.6282533736162787E-02   0.2422463889577777E-02   0.0000000000000000E+00   0.0000000000000000E+00 
   0.2991257428036624E+01   0.6282488980897187E-02   0.2422453131609197E-02   0.0000000000000000E+00   0.1088696466715937E-21 
   0.2991257480640247E+01   0.6282441393361904E-02   0.2422441693913336E-02   0.2533693639823182E-19   0.1979448156111861E-22 
   0.2991257536626578E+01   0.6282390784531775E-02   0.2422429531495574E-02   0.2026954949796359E-19   0.1286641325554329E-21 
   0.2991257596185737E+01   0.6282336949186540E-02   0.2422416595309469E-02   0.1266846868847009E-19   0.6928068814007083E-22 
   0.2991257659476953E+01   0.6282279666977538E-02   0.2422402832672131E-02   0.7601081373911291E-20   0.1088696550950836E-21 
   0.2991257726988159E+01   0.6282218699274963E-02   0.2422388186630979E-02   0.0000000000000000E+00   0.0000000000000000E+00 
   0.2991257798743033E+01   0.6282153789784744E-02   0.2422372595975124E-02   0.3800540863900083E-20   0.4948620916536567E-22 
   0.2991257875177363E+01   0.6282084662216744E-02   0.2422355994779279E-02   0.0000000000000000E+00   0.0000000000000000E+00 
   0.2991257956595142E+01   0.6282011017610598E-02   0.2422338311691413E-02   0.0000000000000000E+00   0.0000000000000000E+00 
   0.2991258043307551E+01   0.6281932534687103E-02   0.2422319470149262E-02   0.1773585881494649E-19   0.6928069849588471E-22 
   0.2991258135364164E+01   0.6281848860276825E-02   0.2422299385937841E-02   0.0000000000000000E+00   0.0000000000000000E+00 
   0.2991258234353583E+01   0.6281759614771740E-02   0.2422277968766629E-02   0.2533694278243210E-20   0.0000000000000000E+00 
   0.2991258339588245E+01   0.6281664389179754E-02   0.2422255121134231E-02   0.6334235918451091E-20   0.1286641670935378E-21 
   0.2991258451796348E+01   0.6281562731268878E-02   0.2422230735415795E-02   0.0000000000000000E+00   0.0000000000000000E+00 
   0.2991258571532211E+01   0.6281454159366496E-02   0.2422204697179213E-02   0.0000000000000000E+00   0.4948622195009017E-22 
   0.2991258699520240E+01   0.6281338135489980E-02   0.2422176878457247E-02   0.2407009938641960E-19   0.1187669377619388E-21 
   0.2991258836319493E+01   0.6281214080369092E-02   0.2422147141634128E-02   0.0000000000000000E+00   0.0000000000000000E+00 
   0.2991258982661069E+01   0.6281081356706581E-02   0.2422115335446473E-02   0.0000000000000000E+00   0.0000000000000000E+00 
   0.2991259139279503E+01   0.6280939268883196E-02   0.2422081294834198E-02   0.1900271283558959E-19   0.1088697089538987E-21 
   0.2991259306895067E+01   0.6280787051384085E-02   0.2422044838197953E-02   0.1393532352696651E-19   0.0000000000000000E+00 
   0.2991259486707062E+01   0.6280623858019164E-02   0.2422005765110256E-02   0.1266847669513934E-20   0.0000000000000000E+00 
   0.2991259679225823E+01   0.6280448757512977E-02   0.2421963854823009E-02   0.1773586851468321E-19   0.1286642247158938E-21 
   0.2991259886041287E+01   0.6280260721210007E-02   0.2421918864012255E-02   0.0000000000000000E+00   0.0000000000000000E+00 
   0.2991260108266864E+01   0.6280058610525017E-02   0.2421870523335838E-02   0.5067391731018998E-20   0.0000000000000000E+00 
   0.2991260347176017E+01   0.6279841157860775E-02   0.2421818533081629E-02   0.0000000000000000E+00   0.0000000000000000E+00 
   0.2991260604337071E+01   0.6279606944188838E-02   0.2421762558028074E-02   0.6334240714243272E-20   0.0000000000000000E+00 
   0.2991260881438179E+01   0.6279354389077527E-02   0.2421702225058718E-02   0.0000000000000000E+00   0.0000000000000000E+00 
   0.2991261180423204E+01   0.6279081722679235E-02   0.2421637116584801E-02   0.2913751289710430E-19   0.1781505543980562E-21 
   0.2991261503393695E+01   0.6278786948520093E-02   0.2421566761873702E-02   0.0000000000000000E+00   0.0000000000000000E+00 
   0.2991261852769751E+01   0.6278467819552616E-02   0.2421490631449702E-02   0.0000000000000000E+00   0.0000000000000000E+00 
   0.2991262231307390E+01   0.6278121768667816E-02   0.2421408120735298E-02   0.3800546495692159E-20   0.1187670779903800E-21 
   0.2991262642007187E+01   0.6277745898474643E-02   0.2421318547986421E-02   0.0000000000000000E+00   0.0000000000000000E+00 
   0.2991263088616114E+01   0.6277336876604463E-02   0.2421221129076327E-02   0.1266849194981754E-20   0.0000000000000000E+00 
   0.2991263575025208E+01   0.6276890891285657E-02   0.2421114968335191E-02   0.1393534341082421E-19   0.0000000000000000E+00 
   0.2991264105941860E+01   0.6276403542808307E-02   0.2420999032042800E-02   0.0000000000000000E+00   0.0000000000000000E+00 
   0.2991264686832334E+01   0.6275869694851641E-02   0.2420872114115040E-02   0.2026959794964243E-19   0.2969179387154653E-22 
   0.2991265323980557E+01   0.6275283385226149E-02   0.2420732815391102E-02   0.2153645240882215E-19   0.1187672007839457E-21 
   0.2991266024791414E+01   0.6274637594969635E-02   0.2420579489451938E-02   0.2153645745450617E-19   0.8907542145705679E-22 
   0.2991266798035324E+01   0.6273924022110168E-02   0.2420410189872169E-02   0.1393535842580087E-19   0.5938362965540144E-22 
   0.2991267654093328E+01   0.6273132792142163E-02   0.2420222588613824E-02   0.0000000000000000E+00   0.0000000000000000E+00 
   0.2991268605388751E+01   0.6272251980142800E-02   0.2420013929063943E-02   0.0000000000000000E+00   0.7422958191948323E-22 
   0.2991269667050932E+01   0.6271267196248629E-02   0.2419780808771260E-02   0.0000000000000000E+00   0.0000000000000000E+00 
   0.2991270857492963E+01   0.6270160790914818E-02   0.2419519087825683E-02   0.1266852485229082E-20   0.0000000000000000E+00 
   0.2991272199382832E+01   0.6268910933929701E-02   0.2419223700375913E-02   0.0000000000000000E+00   0.0000000000000000E+00 
   0.2991273721169347E+01   0.6267490279446371E-02   0.2418888213723633E-02   0.2787078135695052E-19   0.2078431848352134E-21 
   0.2991275458819454E+01   0.6265864041586779E-02   0.2418504508522174E-02   0.0000000000000000E+00   0.0000000000000000E+00 
   0.2991277458038045E+01   0.6263987436951295E-02   0.2418062080979122E-02   0.0000000000000000E+00   0.0000000000000000E+00 
   0.2991279781432287E+01   0.6261801672228998E-02   0.2417547193832541E-02   0.0000000000000000E+00   0.0000000000000000E+00 
   0.2991282507665150E+01   0.6259228085429257E-02   0.2416941458202356E-02   0.0000000000000000E+00   0.0000000000000000E+00 
   0.2991285748079194E+01   0.6256158951285968E-02   0.2416219676373591E-02   0.0000000000000000E+00   0.0000000000000000E+00 
   0.2991289658050746E+01   0.6252442436735921E-02   0.2415346280484294E-02   0.0000000000000000E+00   0.8907612522011831E-22 
   0.2991294462770034E+01   0.6247858082413139E-02   0.2414269728097931E-02   0.0000000000000000E+00   0.0000000000000000E+00 
   0.2991395759234652E+01   0.6177132825556315E-02   0.2383369195846786E-02   0.2153739151396261E-19   0.1336189271316614E-21 
   0.2991403326118949E+01   0.6169967853579185E-02   0.2381688537810596E-02   0.0000000000000000E+00   0.4948861671384473E-23 
   0.2991413470097609E+01   0.6160319453910967E-02   0.2379426222323218E-02   0.0000000000000000E+00   0.0000000000000000E+00 
   0.2991425078934181E+01   0.6149235501531943E-02   0.2376826417687751E-02   0.1013534240440019E-19   0.9897795316797058E-23 
   0.2991441100075157E+01   0.6133890342076700E-02   0.2373226866364337E-02   0.0000000000000000E+00   0.0000000000000000E+00 
   0.2991461580803955E+01   0.6114237872506832E-02   0.2368614114540606E-02   0.7601599558159148E-20   0.5938749654811834E-22 
   0.2991488194709020E+01   0.6088704218850769E-02   0.2362615196440446E-02   0.6334722655602069E-20   0.7423503112033674E-22 
   0.2991523382234687E+01   0.6055039124351740E-02   0.2354694719449275E-02   0.7601756601703199E-20   0.0000000000000000E+00 
   0.2991570729942067E+01   0.6010017715374948E-02   0.2344080960250787E-02   0.0000000000000000E+00   0.0000000000000000E+00 
   0.2991635493998999E+01   0.5949061391001170E-02   0.2329669304251311E-02   0.0000000000000000E+00   0.0000000000000000E+00 
   0.2991812871913081E+01   0.5804987335332740E-02   0.2281327049985415E-02   0.2407455870803395E-19   0.1781834114903829E-21 
   0.2992023520595035E+01   0.5634332695072900E-02   0.2226520195771837E-02   0.0000000000000000E+00   0.0000000000000000E+00 
   0.2992178843098505E+01   0.5495726219639062E-02   0.2193198451841893E-02   0.6336185160454224E-20   0.4950144656604862E-23 
   0.2992461291513008E+01   0.5266054561657938E-02   0.2123614744593853E-02   0.0000000000000000E+00   0.0000000000000000E+00 
   0.2992782490808105E+01   0.5007554554104826E-02   0.2046457965774751E-02   0.0000000000000000E+00   0.0000000000000000E+00 
   0.2993221449776855E+01   0.4671323084440748E-02   0.1935727303257617E-02   0.0000000000000000E+00   0.5447056455133217E-22 
   0.2993596646768783E+01   0.4379059106691682E-02   0.1848525491144024E-02   0.2535674990603153E-20   0.7923984345634853E-22 
   0.2994042157284683E+01   0.4031088691889695E-02   0.1745834754183408E-02   0.5706117793549054E-20   0.8420486327285931E-22 
   0.2994474441539325E+01   0.3725904063004916E-02   0.1627211960789505E-02   0.0000000000000000E+00   0.0000000000000000E+00 
   0.2994790708859991E+01   0.3491106670731387E-02   0.1552184606653781E-02   0.9512574002008025E-20   0.8422591564277938E-22 
   0.2995146631815156E+01   0.3233495431960896E-02   0.1457685169160139E-02   0.6976716667264251E-20   0.2973032670709198E-22 
   0.2995389187284475E+01   0.3057127749540389E-02   0.1397205909289807E-02   0.5708684995828272E-20   0.0000000000000000E+00 
   0.2995616180253886E+01   0.2891648378451417E-02   0.1339325161276923E-02   0.0000000000000000E+00   0.0000000000000000E+00 
   0.2995737335618539E+01   0.2800177968345843E-02   0.1313947133560316E-02   0.2537488224588716E-20   0.4956031688649836E-23 
   0.2995939553006373E+01   0.2666056296589283E-02   0.1252042970875939E-02   0.8247393405480838E-20   0.7682367655345733E-22 
   0.2996028616415561E+01   0.2599128226862251E-02   0.1233257235388036E-02   0.3806602423531044E-20   0.0000000000000000E+00 
   0.2996166286114984E+01   0.2503217666092803E-02   0.1194065129492217E-02   0.0000000000000000E+00   0.2478370663859323E-22 
   0.2996233876333336E+01   0.2452684746974522E-02   0.1179729336592250E-02   0.0000000000000000E+00   0.0000000000000000E+00 
   0.2996352492572732E+01   0.2371353361905548E-02   0.1144528617224858E-02   0.6345023206991625E-21   0.7435574070693310E-23 
   0.2996405789873516E+01   0.2331663295478997E-02   0.1133172247165917E-02   0.0000000000000000E+00   0.0000000000000000E+00 
   0.2996454137593817E+01   0.2295705311509960E-02   0.1122844377572570E-02   0.0000000000000000E+00   0.0000000000000000E+00 
   0.2996546893987672E+01   0.2235270133949367E-02   0.1093511652711618E-02   0.0000000000000000E+00   0.0000000000000000E+00 
   0.2996587334973631E+01   0.2205242599993934E-02   0.1084835691177925E-02   0.0000000000000000E+00   0.0000000000000000E+00 
   0.2996625038037340E+01   0.2177274263789573E-02   0.1076729287492062E-02   0.0000000000000000E+00   0.0000000000000000E+00 
   0.2996717020574590E+01   0.2147316817109946E-02   0.1032265752506297E-02   0.0000000000000000E+00   0.0000000000000000E+00 
   0.2996754616973169E+01   0.2119094147053797E-02   0.1024126091667809E-02   0.0000000000000000E+00   0.2478857319738980E-23 
   0.2996789921154159E+01   0.2092617840063918E-02   0.1016465978083543E-02   0.0000000000000000E+00   0.0000000000000000E+00 
   0.2996823331049665E+01   0.2067584532464312E-02   0.1009201414787091E-02   0.0000000000000000E+00   0.0000000000000000E+00 
   0.2996855166043684E+01   0.2043751080190303E-02   0.1002264813888890E-02   0.0000000000000000E+00   0.0000000000000000E+00 
   0.2996966248403853E+01   0.1947346981367503E-02   0.9740128147394687E-03   0.0000000000000000E+00   0.0000000000000000E+00 
   0.2996992938159688E+01   0.1927668337584899E-02   0.9682081762326307E-03   0.4759784552455735E-20   0.7437163363212087E-23 
   0.2997018950437436E+01   0.1908499735796533E-02   0.9625397202880735E-03   0.3173217243207514E-20   0.4214429151134979E-22 
   0.2997053127609207E+01   0.1884688575345434E-02   0.9533787349821690E-03   0.0000000000000000E+00   0.0000000000000000E+00 
   0.2997087261912695E+01   0.1861010627456247E-02   0.9441045710368473E-03   0.0000000000000000E+00   0.0000000000000000E+00 
   0.2997111617993288E+01   0.1843090457736868E-02   0.9387668094006578E-03   0.0000000000000000E+00   0.0000000000000000E+00 
   0.2997153893201883E+01   0.1814890317948883E-02   0.9258870281469985E-03   0.0000000000000000E+00   0.0000000000000000E+00 
   0.2997177385327380E+01   0.1797622229833318E-02   0.9207190605408589E-03   0.0000000000000000E+00   0.0000000000000000E+00 
   0.2997200557258139E+01   0.1780596445161090E-02   0.9156107991974124E-03   0.1586704763454121E-20   0.1983380954317651E-22 
   0.2997259532084912E+01   0.1743041029800574E-02   0.8954456815875416E-03   0.0000000000000000E+00   0.0000000000000000E+00 
   0.2997281903876448E+01   0.1726617980846950E-02   0.8904954105283877E-03   0.1586747827995280E-20   0.1239646740621313E-22 
   0.2997304016791974E+01   0.1710390636521467E-02   0.8855914140924963E-03   0.0000000000000000E+00   0.0000000000000000E+00 
   0.2997325880067986E+01   0.1694351780485241E-02   0.8807315908704057E-03   0.0000000000000000E+00   0.1487597914497408E-22 
   0.2997347500870386E+01   0.1678495740002589E-02   0.8759142671029418E-03   0.0000000000000000E+00   0.0000000000000000E+00 
   0.2997368882458833E+01   0.1662819721867705E-02   0.8711386112910019E-03   0.8251328145181659E-20   0.5702540484951268E-22 
   0.2997426870741559E+01   0.1625646011732561E-02   0.8510278854549788E-03   0.0000000000000000E+00   0.0000000000000000E+00 
   0.2997447549643125E+01   0.1610502800396825E-02   0.8463895023977235E-03   0.9521013120803988E-21   0.0000000000000000E+00 
   0.2997500674216743E+01   0.1577708102359624E-02   0.8275715814750618E-03   0.0000000000000000E+00   0.0000000000000000E+00 
   0.2997520681688703E+01   0.1563058057227685E-02   0.8230603491366212E-03   0.3173748471833126E-20   0.1983592794895704E-22 
   0.2997540450547390E+01   0.1548585648859416E-02   0.8185899455492963E-03   0.3173769402926424E-20   0.7438522038108807E-23 
   0.2997559976902815E+01   0.1534293413385072E-02   0.8141610257118260E-03   0.0000000000000000E+00   0.0000000000000000E+00 
   0.2997579256212298E+01   0.1520184379447914E-02   0.8097743779998285E-03   0.0000000000000000E+00   0.2479539445329937E-23 
   0.2997598283609858E+01   0.1506261829105415E-02   0.8054308525457044E-03   0.0000000000000000E+00   0.0000000000000000E+00 
   0.2997652045751182E+01   0.1472276513760087E-02   0.7861932866713525E-03   0.2856498803049945E-20   0.2975519586510359E-22 
   0.2997670354196094E+01   0.1458891635836061E-02   0.7819879323619674E-03   0.0000000000000000E+00   0.1239807399907988E-22 
   0.2997716346895919E+01   0.1428624598050004E-02   0.7667741930639530E-03   0.0000000000000000E+00   0.0000000000000000E+00 
   0.2997733757623877E+01   0.1415855942884492E-02   0.7628035529507906E-03   0.9521922224264478E-21   0.0000000000000000E+00 
   0.2997750892110109E+01   0.1403287416473381E-02   0.7588830763851058E-03   0.4443589103236910E-20   0.1735776993451918E-22 
   0.2997767747262518E+01   0.1390920983370635E-02   0.7550133058698467E-03   0.0000000000000000E+00   0.0000000000000000E+00 
   0.2997784197011241E+01   0.1378758548158833E-02   0.7511947383869405E-03   0.0000000000000000E+00   0.7439126905156634E-23 
   0.2997800077253562E+01   0.1366801319245042E-02   0.7474276333800948E-03   0.3174044293394068E-21   0.0000000000000000E+00 
   0.2997839150216841E+01   0.1341046052388204E-02   0.7344060382269806E-03   0.2221859964452186E-20   0.3223680751995358E-22 
   0.2997874655059165E+01   0.1318571469965916E-02   0.7223998193183140E-03   0.3491535581288883E-20   0.7439351380587110E-23 
   0.2997889364849068E+01   0.1307431460217874E-02   0.7188907698449473E-03   0.0000000000000000E+00   0.0000000000000000E+00 
   0.2997903794149561E+01   0.1296493720651088E-02   0.7154311145462965E-03   0.4443815751100866E-20   0.2603798291660664E-22 
   0.2997917943471800E+01   0.1285757656086479E-02   0.7120204545002084E-03   0.2221918362374786E-20   0.2851792540994424E-22 
   0.2997931813230115E+01   0.1275222786338292E-02   0.7086584024352011E-03   0.0000000000000000E+00   0.0000000000000000E+00 
   0.2997945404150481E+01   0.1264888438416411E-02   0.7053444858360459E-03   0.5078717062770132E-20   0.3595771357918307E-22 
   0.2997958718317530E+01   0.1254752949819548E-02   0.7020778879191867E-03   0.0000000000000000E+00   0.0000000000000000E+00 
   0.2997996338187846E+01   0.1229302923666876E-02   0.6892487738856699E-03   0.1587126046370532E-20   0.6199711118634891E-23 
   0.2998030863652521E+01   0.1206738453828129E-02   0.6773136484002643E-03   0.0000000000000000E+00   0.4959826012497950E-23 
   0.2998042970882537E+01   0.1197462099157011E-02   0.6743037266320411E-03   0.0000000000000000E+00   0.0000000000000000E+00 
   0.2998054820398436E+01   0.1188370567387468E-02   0.6713347531265787E-03   0.0000000000000000E+00   0.0000000000000000E+00 
   0.2998066415856996E+01   0.1179461245102988E-02   0.6684054400834252E-03   0.4126624177467167E-20   0.3595916500797712E-22 
   0.2998077761515832E+01   0.1170731110842276E-02   0.6655143277775649E-03   0.0000000000000000E+00   0.0000000000000000E+00 
   0.2998088861860615E+01   0.1162177022517350E-02   0.6626598756439980E-03   0.0000000000000000E+00   0.4959921962484547E-23 
   0.2998099721858523E+01   0.1153795523539794E-02   0.6598403954850219E-03   0.0000000000000000E+00   0.0000000000000000E+00 
   0.2998110346495798E+01   0.1145583200986365E-02   0.6570541688458712E-03   0.0000000000000000E+00   0.1239989376457982E-22 
   0.2998142394566429E+01   0.1124439350962341E-02   0.6455804847581619E-03   0.0000000000000000E+00   0.0000000000000000E+00 
   0.2998173896596934E+01   0.1103684024102939E-02   0.6342379634069005E-03   0.3174440090019264E-20   0.2604032886343927E-22 
   0.2998183534814419E+01   0.1096171165039092E-02   0.6316377779150760E-03   0.0000000000000000E+00   0.1240019646437097E-23 
   0.2998192967386383E+01   0.1088806302571402E-02   0.6290606526981773E-03   0.3174460282003006E-20   0.2232042385783363E-22 
   0.2998202201166030E+01   0.1081585250909184E-02   0.6265043539534344E-03   0.0000000000000000E+00   0.0000000000000000E+00 
   0.2998211243255267E+01   0.1074503243237553E-02   0.6239663811485882E-03   0.0000000000000000E+00   0.8680217744657433E-23 
   0.2998220100312998E+01   0.1067555914696619E-02   0.6214443121052647E-03   0.0000000000000000E+00   0.0000000000000000E+00 
   0.2998228779746948E+01   0.1060738371714462E-02   0.6189354670931299E-03   0.0000000000000000E+00   0.0000000000000000E+00 
   0.2998256550571103E+01   0.1043181258630186E-02   0.6085094694830762E-03   0.0000000000000000E+00   0.0000000000000000E+00 
   0.2998285142134148E+01   0.1024475062298649E-02   0.5977452627399000E-03   0.6349115751626666E-21   0.0000000000000000E+00 
   0.2998293120181572E+01   0.1018157572181025E-02   0.5953318826706091E-03   0.2539653058319689E-20   0.0000000000000000E+00 
   0.2998300956517870E+01   0.1011946268578257E-02   0.5929187205885987E-03   0.0000000000000000E+00   0.1240068210915390E-22 
   0.2998308659350607E+01   0.1005835864127773E-02   0.5905025756920028E-03   0.1428562249035657E-20   0.1240071396732341E-22 
   0.2998316236950531E+01   0.9998210729423034E-03   0.5880801586382007E-03   0.4126968038350026E-20   0.3224193779960958E-22 
   0.2998323697776661E+01   0.9938965077542189E-03   0.5856480482599017E-03   0.0000000000000000E+00   0.0000000000000000E+00 
   0.2998331050370331E+01   0.9880567630392908E-03   0.5832027225168239E-03   0.0000000000000000E+00   0.0000000000000000E+00 
   0.2998357391641978E+01   0.9712355880839406E-03   0.5728710282714867E-03   0.0000000000000000E+00   0.3720274655806964E-23 
   0.2998381961869377E+01   0.9569814154506652E-03   0.5632612833885242E-03   0.1587330193847719E-21   0.9920813711548241E-23 
   0.2998388962895417E+01   0.9513985909643071E-03   0.5607944673134513E-03   0.0000000000000000E+00   0.0000000000000000E+00 
   0.2998395894187790E+01   0.9458757470576761E-03   0.5582981042583455E-03   0.0000000000000000E+00   0.0000000000000000E+00 
   0.2998402763026252E+01   0.9404068179655733E-03   0.5557679047544163E-03   0.0000000000000000E+00   0.1736154443940522E-22 
   0.2998409576981704E+01   0.9349853307151084E-03   0.5531992754859890E-03   0.1428610331849812E-20   0.7440678811717771E-23 
   0.2998416343380267E+01   0.9296049129881177E-03   0.5505875495099374E-03   0.2063552913848441E-20   0.1116104340422834E-22 
   0.2998442553945929E+01   0.9116207867784611E-03   0.5397068241600339E-03   0.0000000000000000E+00   0.0000000000000000E+00 
   0.2998467546546679E+01   0.8957667153666949E-03   0.5294039348776251E-03   0.0000000000000000E+00   0.0000000000000000E+00 
   0.2998473973237507E+01   0.8906325971408852E-03   0.5267102792292694E-03   0.0000000000000000E+00   0.0000000000000000E+00 
   0.2998480386546425E+01   0.8855083788326898E-03   0.5239516538086704E-03   0.3650979288707159E-20   0.1736199390010198E-22 
   0.2998486793724507E+01   0.8803869213641889E-03   0.5211223809860208E-03   0.1428647122232756E-20   0.1612188592797381E-22 
   0.2998511487076815E+01   0.8644282288408473E-03   0.5105884570127897E-03   0.0000000000000000E+00   0.2480310568627489E-23 
   0.2998535871059431E+01   0.8492442557405110E-03   0.5002232789412607E-03   0.1746152839963957E-20   0.1364181906221841E-22 
   0.2998542165601625E+01   0.8441685402852548E-03   0.4972019630090240E-03   0.0000000000000000E+00   0.0000000000000000E+00 
   0.2998548485980315E+01   0.8390618221920744E-03   0.4940842848142696E-03   0.0000000000000000E+00   0.0000000000000000E+00 
   0.2998554839259278E+01   0.8339154941478629E-03   0.4908631569916479E-03   0.2222390400126252E-20   0.1240173214356168E-23 
   0.2998596942807602E+01   0.8075825379722277E-03   0.4725806946052242E-03   0.0000000000000000E+00   0.0000000000000000E+00 
   0.2998603213931379E+01   0.8024322073205233E-03   0.4691934248163222E-03   0.0000000000000000E+00   0.9921545773212941E-23 
   0.2998609538707566E+01   0.7972130207836940E-03   0.4656798794770720E-03   0.0000000000000000E+00   0.0000000000000000E+00 
   0.2998633623595699E+01   0.7817219480173156E-03   0.4547146402827938E-03   0.0000000000000000E+00   0.0000000000000000E+00 
   0.2998657431453609E+01   0.7658005865013080E-03   0.4435418202607270E-03   0.3492447257708970E-20   0.2728474420085133E-22 
   0.2998663788609385E+01   0.7604068814746244E-03   0.4396609773925495E-03   0.1587479391681596E-20   0.1240218274751247E-22 
   0.2998670219463217E+01   0.7549004072281634E-03   0.4356187452258762E-03   0.1904979355376721E-20   0.1612287214837069E-22 
   0.2998694598639151E+01   0.7395043611562423E-03   0.4242970969023150E-03   0.0000000000000000E+00   0.3720693052442682E-23 
   0.2998718639203395E+01   0.7236779414921635E-03   0.4127430377710722E-03   0.0000000000000000E+00   0.0000000000000000E+00 
   0.2998725245284346E+01   0.7177823799111408E-03   0.4082114517843005E-03   0.0000000000000000E+00   0.0000000000000000E+00 
   0.2998766042288595E+01   0.6914940188127647E-03   0.3891419719419055E-03   0.1587533524328639E-20   0.1488312679058099E-22 
   0.2998772634372644E+01   0.6853366032680005E-03   0.3842617274573993E-03   0.4762611042446632E-21   0.9301974692278577E-23 
   0.2998794713984647E+01   0.6702723580612664E-03   0.3731599734645111E-03   0.4762646108994435E-21   0.4340953484760553E-23 
   0.2998815671267285E+01   0.6550766250648880E-03   0.3619707326556768E-03   0.0000000000000000E+00   0.0000000000000000E+00 
   0.2998821311729815E+01   0.6488676059503264E-03   0.3569260676113413E-03   0.7937813918635975E-21   0.0000000000000000E+00 
   0.2998856083985895E+01   0.6231486532165213E-03   0.3388183967406765E-03   0.0000000000000000E+00   0.1860446709382369E-23 
   0.2998861531318397E+01   0.6165028771757174E-03   0.3333084394742021E-03   0.0000000000000000E+00   0.0000000000000000E+00 
   0.2998900927768705E+01   0.5921925521861996E-03   0.3152003244829192E-03   0.0000000000000000E+00   0.0000000000000000E+00 
   0.2998906395581330E+01   0.5849035819028171E-03   0.3091608472398500E-03   0.0000000000000000E+00   0.0000000000000000E+00 
   0.2998943158993169E+01   0.5589896863454266E-03   0.2903787265001707E-03   0.0000000000000000E+00   0.0000000000000000E+00 
   0.2998948316371409E+01   0.5510131568592828E-03   0.2837702596325232E-03   0.0000000000000000E+00   0.5581511787039689E-23 
   0.2998982926291469E+01   0.5246389025176001E-03   0.2644340143315286E-03   0.7938241708818715E-21   0.3100875667507311E-23 
   0.2999003087054902E+01   0.5067495706505025E-03   0.2510553769034352E-03   0.2619637374392011E-20   0.1674484117153984E-22 
   0.2999024367973580E+01   0.4885385897156678E-03   0.2374166428304326E-03   0.9526021684845474E-21   0.7442204441285527E-23 
   0.2999042063531116E+01   0.4695375213171535E-03   0.2233737118871538E-03   0.0000000000000000E+00   0.0000000000000000E+00 
   0.2999060626428490E+01   0.4501427389384787E-03   0.2090465664848410E-03   0.0000000000000000E+00   0.0000000000000000E+00 
   0.2999091480951609E+01   0.4216884444641774E-03   0.1882987085282536E-03   0.1190779357591737E-20   0.3721185492474178E-23 
   0.2999109461342001E+01   0.4006881694620446E-03   0.1733289888818388E-03   0.2381572993292599E-21   0.2170704551178150E-23 
   0.2999123235523349E+01   0.3799298685165766E-03   0.1579614668515018E-03   0.4763167862557867E-21   0.4651531115779167E-23 
   0.2999127446536243E+01   0.3602677069761108E-03   0.1456846751884099E-03   0.0000000000000000E+00   0.0000000000000000E+00 
   0.2999125940334923E+01   0.3467602176989992E-03   0.1387044358929595E-03   0.4366241145111853E-21   0.2170716478393677E-23 
   0.2999122038150069E+01   0.3291156928462662E-03   0.1297329736710990E-03   0.4366235464163336E-21   0.4341427308116953E-23 
   0.2999111157651701E+01   0.3112732249202051E-03   0.1206967956808785E-03   0.3572361510481373E-21   0.2480806604500954E-23 
   0.2999097041129482E+01   0.2970013285202874E-03   0.1134775624869900E-03   0.0000000000000000E+00   0.0000000000000000E+00 
   0.2999072052325566E+01   0.2834200204408411E-03   0.1061480991803072E-03   0.0000000000000000E+00   0.0000000000000000E+00 
   0.2999052840635327E+01   0.2641537986746689E-03   0.9696340310639379E-04   0.4366134723800305E-21   0.0000000000000000E+00 
   0.2999047420022324E+01   0.2533781604318132E-03   0.9133071841963584E-04   0.6747650558957430E-21   0.7752355881155137E-24 
   0.2998977429604457E+01   0.2325687294559153E-03   0.8181701674824945E-04   0.2778379505723269E-21   0.3255913483269456E-23 
   0.2998930208788242E+01   0.2131301719638047E-03   0.7270357959347393E-04   0.0000000000000000E+00   0.0000000000000000E+00 
   0.2998853424960036E+01   0.1998276272792218E-03   0.6640419502675223E-04   0.1984474730412150E-21   0.1085259618194144E-23 
   0.2998766946867664E+01   0.1831230430097431E-03   0.5879678444961439E-04   0.0000000000000000E+00   0.0000000000000000E+00 
   0.2998670771437532E+01   0.1655896188715329E-03   0.5111757527414769E-04   0.0000000000000000E+00   0.0000000000000000E+00 
   0.2998523427944028E+01   0.1502318978789585E-03   0.4452614120914266E-04   0.0000000000000000E+00   0.0000000000000000E+00 
   0.2998353780050313E+01   0.1346492157181505E-03   0.3783783028636272E-04   0.2182558502460780E-21   0.0000000000000000E+00 
   0.2998134184663833E+01   0.1185383843854546E-03   0.3105231035501020E-04   0.3670397737651874E-21   0.3409997898156302E-23 
   0.2997858718960592E+01   0.1011754426635214E-03   0.2417507823887375E-04   0.0000000000000000E+00   0.0000000000000000E+00 
   0.2997532430545371E+01   0.8228437960154455E-04   0.1721259859429626E-04   0.9918002848184344E-22   0.3874219862572009E-24 
   0.2997093804513347E+01   0.6326137331322043E-04   0.1016876253561237E-04   0.8429068822927198E-22   0.1045886296962474E-23 
   0.2996476907790163E+01   0.5868890041688589E-04   0.8884080520146421E-05   0.1363245182247778E-21   0.7745711262771465E-24 
   0.2995790411885308E+01   0.5632754686716365E-04   0.8354048567781202E-05   0.0000000000000000E+00   0.4259165191847114E-24 
   0.2994824928410677E+01   0.5356468127197898E-04   0.7664440908663110E-05   0.0000000000000000E+00   0.3677184473176922E-24 
   0.2993561765526489E+01   0.5059592438887955E-04   0.7051336139650514E-05   0.1980973003938819E-21   0.1412217082886072E-23 
   0.2991844215710547E+01   0.4819150454342615E-04   0.6437444748257494E-05   0.0000000000000000E+00   0.0000000000000000E+00 
   0.2989499701757790E+01   0.4566878811977827E-04   0.5896128263828813E-05   0.0000000000000000E+00   0.0000000000000000E+00 
   0.2986197363264806E+01   0.4236788394724472E-04   0.5317416292737651E-05   0.4199211759054351E-22   0.0000000000000000E+00 
   0.2981392523815840E+01   0.3959760165609668E-04   0.4808063106299709E-05   0.8508217824682963E-22   0.9248062852916264E-24 
   0.2974137854281428E+01   0.3629710956075107E-04   0.4171180805917473E-05   0.2337141713515576E-22   0.0000000000000000E+00 
   0.2962709264364402E+01   0.3206302613557383E-04   0.3542068779244210E-05   0.7474621775546102E-22   0.8041345147872344E-24 
   0.2945080672110616E+01   0.2736078769775294E-04   0.2921502128886679E-05   0.0000000000000000E+00   0.0000000000000000E+00 
   0.2910274016687850E+01   0.2096223926342690E-04   0.2122919764123581E-05   0.0000000000000000E+00   0.0000000000000000E+00 
   0.2850199891714769E+01   0.1338746859136676E-04   0.1281743540842486E-05   0.0000000000000000E+00   0.2993085078149760E-25 
   0.2749179457601946E+01   0.4690849502620199E-05   0.3877274608434028E-06   0.0000000000000000E+00   0.0000000000000000E+00 
   0.2601523579222101E+01   0.6794168477664920E-06   0.1653837046410537E-07   0.5127645388193635E-24   0.4925376589581488E-27 
   0.2436845840024816E+01   0.6602193143939432E-06   0.1443006597430825E-07   0.0000000000000000E+00   0.7412513793188705E-26 
   0.2298151391831782E+01   0.6430035354539600E-06   0.1282891475571551E-07   0.0000000000000000E+00   0.0000000000000000E+00 
   0.2201333987048134E+01   0.6366236860369140E-06   0.1177981293602696E-07   0.0000000000000000E+00   0.0000000000000000E+00 
   0.2141293033280964E+01   0.6417901335576198E-06   0.1115325973468932E-07   0.2220963994605024E-23   0.1237832833831168E-25 
   0.2105367748101407E+01   0.6557055064326958E-06   0.1078610851455984E-07   0.8503512614862845E-24   0.0000000000000000E+00 
   0.2084390833560664E+01   0.6754855053843835E-06   0.1056985381041393E-07   0.4781871318040173E-24   0.3446441145814605E-26 
   0.2071696390038616E+01   0.6996945236009983E-06   0.1043478773364431E-07   0.0000000000000000E+00   0.0000000000000000E+00 
   0.2063758587357431E+01   0.7274950532441949E-06   0.1034589740812821E-07   0.0000000000000000E+00   0.0000000000000000E+00 
   0.2057575695244418E+01   0.7589186375497996E-06   0.1027845849865718E-07   0.1545749661414887E-23   0.5947188717473271E-26 
   0.2052652526040705E+01   0.7927192396321701E-06   0.1022661960377020E-07   0.4410597885193354E-24   0.0000000000000000E+00 
   0.2046998099404944E+01   0.8278380683506704E-06   0.1017707754924076E-07   0.0000000000000000E+00   0.1377098688596244E-25 
   0.2040241384038279E+01   0.8637121546845559E-06   0.1012681012239698E-07   0.0000000000000000E+00   0.0000000000000000E+00 
   0.2032289060626587E+01   0.9012334279900803E-06   0.1007427199336089E-07   0.0000000000000000E+00   0.6925795436318324E-27 
   0.2023535292687723E+01   0.9390240098991864E-06   0.1002047111960541E-07   0.3301889559682386E-24   0.5542311528860441E-26 
   0.2014599086086489E+01   0.9773954857752507E-06   0.9967666730142748E-08   0.2317389378764429E-23   0.5644975005329433E-26 
   0.2005925337104484E+01   0.1017839112295459E-05   0.9917558547543506E-08   0.0000000000000000E+00   0.0000000000000000E+00 
   0.1997409243311982E+01   0.1060125396339349E-05   0.9869482985347181E-08   0.1419875016829745E-24   0.0000000000000000E+00 
   0.1988492377544516E+01   0.1103433734349245E-05   0.9820258459108233E-08   0.1750857572047447E-23   0.1739312352965712E-25 
   0.1978011562348343E+01   0.1149520370940072E-05   0.9764166460713296E-08   0.0000000000000000E+00   0.0000000000000000E+00 
   0.1963059348896649E+01   0.1193077930414144E-05   0.9687119903761923E-08   0.0000000000000000E+00   0.0000000000000000E+00 
   0.1941142667441946E+01   0.1233798338203206E-05   0.9576463540257535E-08   0.0000000000000000E+00   0.0000000000000000E+00 
   0.1908706883192135E+01   0.1268854557922633E-05   0.9414633520041662E-08   0.3882355994117618E-23   0.2293488697875281E-25 
   0.1858978041039061E+01   0.1292232030820866E-05   0.9168175182931207E-08   0.0000000000000000E+00   0.0000000000000000E+00 
   0.1786072424672914E+01   0.1298223096965105E-05   0.8807874853911364E-08   0.1887153381694293E-23   0.1413471390388859E-25 
   0.1680847460623688E+01   0.1270578580491492E-05   0.8288570435002934E-08   0.0000000000000000E+00   0.0000000000000000E+00 
   0.1542255454509872E+01   0.1211810867009396E-05   0.7604933277360261E-08   0.0000000000000000E+00   0.0000000000000000E+00 
   0.1378257941745645E+01   0.1123510088293177E-05   0.6796155758068876E-08   0.0000000000000000E+00   0.0000000000000000E+00 
   0.1211596091396345E+01   0.1018902782862311E-05   0.5974322209585686E-08   0.0000000000000000E+00   0.0000000000000000E+00 
   0.1071195973409715E+01   0.9278391467717105E-06   0.5282003001985120E-08   0.2038659089506593E-23   0.9694122500903458E-26 
   0.9707390913609422E+00   0.8631313349632905E-06   0.4786676177772254E-08   0.0000000000000000E+00   0.4557911360385960E-26 
   0.9091706537629453E+00   0.8276292541201852E-06   0.4483097822205033E-08   0.4098075905942747E-24   0.1468844410732167E-26 
   0.8751013162061203E+00   0.8168503900365784E-06   0.4315118466355728E-08   0.0000000000000000E+00   0.0000000000000000E+00 
   0.8559024254250849E+00   0.8121411888244535E-06   0.4220506357284894E-08   0.0000000000000000E+00   0.0000000000000000E+00 
   0.8477862000947234E+00   0.8256150870594153E-06   0.4180493982293887E-08   0.4426781446196504E-23   0.2205386699559820E-25 
   0.8441497418127333E+00   0.8441451919785494E-06   0.4162572247468443E-08   0.7773645533123203E-24   0.9312179544887171E-26 
   0.8426096896424686E+00   0.8657928888550673E-06   0.4154988686123366E-08   0.0000000000000000E+00   0.0000000000000000E+00 
   0.8419428710456766E+00   0.8891907514720162E-06   0.4151713143466724E-08   0.0000000000000000E+00   0.0000000000000000E+00 
   0.8415786013877808E+00   0.9141242327522028E-06   0.4149932719811723E-08   0.7437250276271158E-24   0.7520528444355547E-26 
   0.8414319839101310E+00   0.9400110401003257E-06   0.4149223667585090E-08   0.0000000000000000E+00   0.0000000000000000E+00 
   0.8411734777050652E+00   0.9684226142008453E-06   0.4147970084253282E-08   0.2001790867633332E-23   0.4703376158146459E-26 
   0.8410332911640886E+00   0.9970596888232180E-06   0.4147297024344553E-08   0.1100597677147863E-24   0.1868298526022607E-26 
   0.8409040778013520E+00   0.1028153998149560E-05   0.4146678811069861E-08   0.0000000000000000E+00   0.0000000000000000E+00 
   0.8407548702117182E+00   0.1060936732701006E-05   0.4145964011728402E-08   0.0000000000000000E+00   0.0000000000000000E+00 
   0.8406893987339953E+00   0.1094226651460224E-05   0.4145659499798793E-08   0.1295729455289625E-23   0.1819785128260701E-25 
   0.8405014201513236E+00   0.1129843384798122E-05   0.4144756640990693E-08   0.6775937369270670E-24   0.5198223495338533E-26 
   0.8407022382439590E+00   0.1167450449224370E-05   0.4145757863100703E-08   0.0000000000000000E+00   0.0000000000000000E+00 
   0.8403019626285878E+00   0.1208124860225147E-05   0.4143819212074623E-08   0.5973356573392885E-24   0.1143337781625982E-25 
   0.8389716392903711E+00   0.1280923222873219E-05   0.4137197261135153E-08   0.2198510357116378E-23   0.2223755274133204E-26 
   0.8401265128609589E+00   0.1250050626801426E-05   0.4142982030873411E-08   0.8442390978825944E-24   0.0000000000000000E+00 
