   0.9097766596657351E+02
   0.9097759903708882E+02
   0.9097759507125070E+02
   0.9097759087042300E+02
   0.9097758642076072E+02
   0.9097758170736671E+02
   0.9097757671468167E+02
   0.9097757142615902E+02
   0.9097756582426518E+02
   0.9097755989055756E+02
   0.9097755360513867E+02
   0.9097754694729301E+02
   0.9097753989492834E+02
   0.9097753242473152E+02
   0.9097752451199976E+02
   0.9097751613027691E+02
   0.9097750725189906E+02
   0.9097749784738389E+02
   0.9097748788569064E+02
   0.9097747733396024E+02
   0.9097746615673613E+02
   0.9097745431713312E+02
   0.9097744177618799E+02
   0.9097742849195038E+02
   0.9097741442091140E+02
   0.9097739951592570E+02
   0.9097738372776988E+02
   0.9097736700397371E+02
   0.9097734928933957E+02
   0.9097733052529316E+02
   0.9097731064923396E+02
   0.9097728959531472E+02
   0.9097726729379194E+02
   0.9097724367102600E+02
   0.9097721864883162E+02
   0.9097719214369886E+02
   0.9097716406783184E+02
   0.9097713432849974E+02
   0.9097710282699762E+02
   0.9097706945955554E+02
   0.9097703411422172E+02
   0.9097699667475874E+02
   0.9097695701674742E+02
   0.9097691500888556E+02
   0.9097687051285810E+02
   0.9097682337931107E+02
   0.9097677345304677E+02
   0.9097672056847817E+02
   0.9097666455027826E+02
   0.9097660521415963E+02
   0.9097654236077027E+02
   0.9097647578335648E+02
   0.9097640526087957E+02
   0.9097633056022403E+02
   0.9097625143437929E+02
   0.9097616761880361E+02
   0.9097607883687908E+02
   0.9097598479380770E+02
   0.9097588517920929E+02
   0.9097577966452438E+02
   0.9097566789522203E+02
   0.9097554950248926E+02
   0.9231423552352891E+02
   0.9231410073043138E+02
   0.9231395795536488E+02
   0.9231380671604688E+02
   0.9231364651702370E+02
   0.9231347682463232E+02
   0.9231329707886229E+02
   0.8925300370140144E+02
   0.8925280871063832E+02
   0.8925260216524796E+02
   0.9059116913184420E+02
   0.9039967929985588E+02
   0.8963441433214224E+02
   0.8944289966891532E+02
   0.8848635896546502E+02
   0.8886857434430780E+02
   0.8791200838762725E+02
   0.8466041983898717E+02
   0.8676384319394771E+02
   0.8542474021805319E+02
   0.8580686502048569E+02
   0.8523272572428033E+02
   0.8618854269415543E+02
   0.8312816377652499E+02
   0.8427517595776949E+02
   0.8350971162832516E+02
   0.8370043988638102E+02
   0.8331741161256377E+02
   0.8389055563008496E+02
   0.8388994173971281E+02
   0.8235939558589445E+02
   0.8293242561749790E+02
   0.8254923684072273E+02
   0.8254847637757598E+02
   0.1060689762909262E+03
   0.1060678799135133E+03
   0.7217557775387927E+02
   0.7217474069446379E+02
   0.7217385406166159E+02
   0.8158447506124574E+02
   0.8158335054016844E+02
   0.8158215941644779E+02
   0.8154642466700068E+02
   0.8150831816930068E+02
   0.8150690383560759E+02
   0.8143186703370388E+02
   0.8143028165783198E+02
   0.8142860237457845E+02
   0.8127975534460711E+02
   0.8127787467042148E+02
   0.8127588261640847E+02
   0.8068554268065400E+02
   0.8068332390458201E+02
   0.8068097375967605E+02
   0.8082552907968297E+02
   0.8052880794183301E+02
   0.8096712444423206E+02
   0.8096415551999641E+02
   0.8096101086627309E+02
   0.7978153941272529E+02
   0.7977806267159832E+02
   0.7977438018169124E+02
   0.8021147130519877E+02
   0.7991333803320302E+02
   0.8005593570421533E+02
   0.8005128393308355E+02
   0.8004635695821122E+02
   0.7945332104077812E+02
   0.7944783446441801E+02
   0.7944202331178758E+02
   0.7958279053216509E+02
   0.8031080974048511E+02
   0.8030382881798073E+02
   0.8029643527428510E+02
   0.7793869414748278E+02
   0.7793064322334975E+02
   0.7792211666759852E+02
   0.7791308613057849E+02
   0.7893114402026288E+02
   0.7877409728778882E+02
   0.7876324886180606E+02
   0.7875175979940998E+02
   0.7873959253022656E+02
   0.7813992415941183E+02
   0.7812638004695151E+02
   0.7811203678497864E+02
   0.7809684776686474E+02
   0.7793417836029440E+02
   0.7835683571034306E+02
   0.7833873137500129E+02
   0.7831956046682073E+02
   0.7829926101564702E+02
   0.7710652778902144E+02
   0.7708410900505851E+02
   0.7706037137963452E+02
   0.7747404644690209E+02
   0.7730106592922903E+02
   0.7727278566633680E+02
   0.7724284543355583E+02
   0.7721114829957904E+02
   0.7659365090270714E+02
   0.7655839722091484E+02
   0.7652107969099866E+02
   0.7633580560495847E+02
   0.7847945373079068E+02
   0.7843401698951980E+02
   0.7838592752436682E+02
   0.7368146729603264E+02
   0.7363080605064151E+02
   0.7357719488505944E+02
   0.7540684613663490E+02
   0.7549026906243058E+02
   0.7542500722174395E+02
   0.7477704289484161E+02
   0.7470456236700771E+02
   0.7477233316777532E+02
   0.7483536584509986E+02
   0.7474926742575643E+02
   0.7350667566445399E+02
   0.7341187941351333E+02
   0.7359877299342102E+02
   0.7349239577849542E+02
   0.7280741524027206E+02
   0.7283239225583748E+02
   0.7342080892871311E+02
   0.7100919909309201E+02
   0.7087280645019695E+02
   0.7143790812594320E+02
   0.7142574048459342E+02
   0.7069827907111969E+02
   0.7080967255452036E+02
   0.6950506857962836E+02
   0.6973796303644858E+02
   0.6939919133662568E+02
   0.6863241052807732E+02
   0.7257907897295011E+02
   0.6347665122084025E+02
   0.6738679967529563E+02
   0.6658261476947857E+02
   0.6659017770679068E+02
   0.6521878271527086E+02
   0.6519870013666377E+02
   0.6448579004745424E+02
   0.6483553377177722E+02
   0.6302369190206530E+02
   0.6227375439573296E+02
   0.6111445493174687E+02
   0.6112807931596141E+02
   0.6007441540307065E+02
   0.5732658627539045E+02
   0.5819225686761922E+02
   0.5735971760776853E+02
   0.5701833331087134E+02
   0.5527333195884435E+02
   0.5352872683152657E+02
   0.5289336653086998E+02
   0.4599492437591995E+02
   0.5032875057936161E+02
   0.5013218237869243E+02
   0.4827257508756332E+02
   0.4740530784137260E+02
   0.4758175952615213E+02
   0.4536084447281527E+02
   0.4384826611924605E+02
   0.4301526290587456E+02
   0.4149951909459227E+02
   0.4097152889069977E+02
   0.4041667036629751E+02
   0.4125602775851165E+02
   0.3752435451499484E+02
   0.3647015468223746E+02
   0.3518827394507993E+02
   0.3420359488954876E+02
   0.3271707831792094E+02
   0.3177125163249386E+02
   0.3062003309073591E+02
   0.2957759642670911E+02
   0.2796449231907019E+02
   0.3463450176374172E+02
   0.2487951566257981E+02
   0.2357646436857903E+02
   0.2086252602250256E+02
   0.1767135284505075E+02
   0.1529993159526419E+02
   0.1368552556946935E+02
   0.1286354077443264E+02
   0.1202985242996546E+02
   0.1144707316152632E+02
   0.1081662341597123E+02
   0.1041590103841808E+02
   0.9849714367344550E+01
   0.9012277092730050E+01
   0.8546905509188015E+01
   0.7972768957731290E+01
   0.7454473076585732E+01
   0.7233241195036678E+01
   0.7054107342780847E+01
   0.6924747640370393E+01
   0.7010362306423430E+01
   0.6947865468163577E+01
   0.7080417282602361E+01
   0.7110194230336116E+01
   0.7327611644107384E+01
   0.7460110073357703E+01
   0.7545763972700000E+01
   0.7721867928685888E+01
   0.7671327869774593E+01
   0.7946559645566350E+01
   0.8111603203426323E+01
   0.8199260638593971E+01
   0.8435480810000115E+01
   0.8712917689990926E+01
   0.8775974209641856E+01
   0.8886521265105527E+01
   0.9073008340982877E+01
   0.1001158190064163E+02
   0.1000813245009500E+02
   0.1000588669131547E+02
   0.1000446600075031E+02
   0.1001091931512852E+02
   0.1012759593832081E+02
   0.1019565653073528E+02
   0.1031023674706313E+02
   0.1033211911721576E+02
   0.1047123343057211E+02
   0.1059572231940362E+02
   0.1062744969602327E+02
   0.1074219093242248E+02
   0.1109375137723020E+02
   0.1093994190517314E+02
   0.1062500005453735E+02
   0.1109619158144141E+02
