0.000000E+00	5.806080E-15	1.078247E-07	0.000000E+00	1.687173E-10	0.000000E+00	1.850084E-13	0.000000E+00	7.160803E-08	3.543389E-10	0.000000E+00	9.995113E-05	0.000000E+00	1.192960E-13	4.105886E-13	4.583291E-14	1.351688E-05	0.000000E+00	7.776298E-26	3.175422E-04	0.000000E+00	1.051075E-21	0.000000E+00	1.054130E-13	5.479139E-29	4.885876E-08	9.999989E-02	5.378466E-14	7.010713E-12	1.509370E-13	2.728943E-04	3.657188E-09	9.996824E-01	4.311902E-04	1.000000E+00	
0.000000E+00	5.806071E-15	1.078247E-07	0.000000E+00	1.687175E-10	0.000000E+00	1.850092E-13	0.000000E+00	7.160833E-08	3.543392E-10	0.000000E+00	9.995113E-05	0.000000E+00	1.192958E-13	4.104667E-13	4.583311E-14	1.351640E-05	0.000000E+00	7.776345E-26	3.175424E-04	0.000000E+00	1.051126E-21	0.000000E+00	1.054086E-13	5.479492E-29	4.886073E-08	9.999989E-02	5.378801E-14	7.010764E-12	1.509381E-13	2.728952E-04	3.657192E-09	9.996824E-01	4.311899E-04	1.000000E+00	
0.000000E+00	5.806070E-15	1.078247E-07	0.000000E+00	1.687175E-10	0.000000E+00	1.850093E-13	0.000000E+00	7.160836E-08	3.543392E-10	0.000000E+00	9.995113E-05	0.000000E+00	1.192958E-13	4.104571E-13	4.583314E-14	1.351635E-05	0.000000E+00	7.776351E-26	3.175424E-04	0.000000E+00	1.051131E-21	0.000000E+00	1.054082E-13	5.479531E-29	4.886093E-08	9.999989E-02	5.378838E-14	7.010770E-12	1.509382E-13	2.728953E-04	3.657193E-09	9.996824E-01	4.311899E-04	1.000000E+00	
0.000000E+00	5.806070E-15	1.078247E-07	0.000000E+00	1.687175E-10	0.000000E+00	1.850094E-13	0.000000E+00	7.160839E-08	3.543393E-10	0.000000E+00	9.995113E-05	0.000000E+00	1.192958E-13	4.104470E-13	4.583316E-14	1.351629E-05	0.000000E+00	7.776357E-26	3.175425E-04	0.000000E+00	1.051137E-21	0.000000E+00	1.054077E-13	5.479574E-29	4.886116E-08	9.999989E-02	5.378880E-14	7.010777E-12	1.509384E-13	2.728954E-04	3.657193E-09	9.996824E-01	4.311899E-04	1.000000E+00	
0.000000E+00	5.806069E-15	1.078247E-07	0.000000E+00	1.687175E-10	0.000000E+00	1.850095E-13	0.000000E+00	7.160843E-08	3.543393E-10	0.000000E+00	9.995113E-05	0.000000E+00	1.192958E-13	4.104362E-13	4.583319E-14	1.351623E-05	0.000000E+00	7.776363E-26	3.175425E-04	0.000000E+00	1.051143E-21	0.000000E+00	1.054072E-13	5.479623E-29	4.886141E-08	9.999989E-02	5.378926E-14	7.010784E-12	1.509385E-13	2.728956E-04	3.657194E-09	9.996824E-01	4.311898E-04	1.000000E+00	
0.000000E+00	5.806068E-15	1.078247E-07	0.000000E+00	1.687175E-10	0.000000E+00	1.850096E-13	0.000000E+00	7.160848E-08	3.543394E-10	0.000000E+00	9.995113E-05	0.000000E+00	1.192958E-13	4.104247E-13	4.583322E-14	1.351616E-05	0.000000E+00	7.776371E-26	3.175425E-04	0.000000E+00	1.051151E-21	0.000000E+00	1.054066E-13	5.479676E-29	4.886169E-08	9.999989E-02	5.378977E-14	7.010792E-12	1.509387E-13	2.728957E-04	3.657194E-09	9.996824E-01	4.311898E-04	1.000000E+00	
0.000000E+00	5.806067E-15	1.078247E-07	0.000000E+00	1.687175E-10	0.000000E+00	1.850098E-13	0.000000E+00	7.160852E-08	3.543394E-10	0.000000E+00	9.995113E-05	0.000000E+00	1.192957E-13	4.104125E-13	4.583325E-14	1.351608E-05	0.000000E+00	7.776379E-26	3.175426E-04	0.000000E+00	1.051159E-21	0.000000E+00	1.054060E-13	5.479736E-29	4.886200E-08	9.999989E-02	5.379035E-14	7.010801E-12	1.509389E-13	2.728959E-04	3.657195E-09	9.996824E-01	4.311897E-04	1.000000E+00	
0.000000E+00	5.806065E-15	1.078247E-07	0.000000E+00	1.687175E-10	0.000000E+00	1.850099E-13	0.000000E+00	7.160858E-08	3.543395E-10	0.000000E+00	9.995113E-05	0.000000E+00	1.192957E-13	4.103996E-13	4.583329E-14	1.351600E-05	0.000000E+00	7.776389E-26	3.175426E-04	0.000000E+00	1.051168E-21	0.000000E+00	1.054053E-13	5.479804E-29	4.886235E-08	9.999989E-02	5.379099E-14	7.010811E-12	1.509391E-13	2.728960E-04	3.657196E-09	9.996824E-01	4.311897E-04	1.000000E+00	
0.000000E+00	5.806064E-15	1.078247E-07	0.000000E+00	1.687176E-10	0.000000E+00	1.850101E-13	0.000000E+00	7.160864E-08	3.543396E-10	0.000000E+00	9.995113E-05	0.000000E+00	1.192957E-13	4.103859E-13	4.583333E-14	1.351590E-05	0.000000E+00	7.776399E-26	3.175426E-04	0.000000E+00	1.051178E-21	0.000000E+00	1.054046E-13	5.479879E-29	4.886274E-08	9.999989E-02	5.379171E-14	7.010822E-12	1.509394E-13	2.728962E-04	3.657197E-09	9.996824E-01	4.311896E-04	1.000000E+00	
0.000000E+00	5.806063E-15	1.078247E-07	0.000000E+00	1.687176E-10	0.000000E+00	1.850103E-13	0.000000E+00	7.160870E-08	3.543397E-10	0.000000E+00	9.995113E-05	0.000000E+00	1.192957E-13	4.103713E-13	4.583337E-14	1.351580E-05	0.000000E+00	7.776411E-26	3.175427E-04	0.000000E+00	1.051189E-21	0.000000E+00	1.054037E-13	5.479963E-29	4.886317E-08	9.999989E-02	5.379251E-14	7.010835E-12	1.509397E-13	2.728964E-04	3.657198E-09	9.996824E-01	4.311896E-04	1.000000E+00	
0.000000E+00	5.806061E-15	1.078247E-07	0.000000E+00	1.687176E-10	0.000000E+00	1.850105E-13	0.000000E+00	7.160878E-08	3.543398E-10	0.000000E+00	9.995113E-05	0.000000E+00	1.192956E-13	4.103558E-13	4.583342E-14	1.351568E-05	0.000000E+00	7.776424E-26	3.175427E-04	0.000000E+00	1.051202E-21	0.000000E+00	1.054028E-13	5.480057E-29	4.886366E-08	9.999989E-02	5.379341E-14	7.010849E-12	1.509400E-13	2.728967E-04	3.657199E-09	9.996824E-01	4.311895E-04	1.000000E+00	
0.000000E+00	5.806059E-15	1.078247E-07	0.000000E+00	1.687177E-10	0.000000E+00	1.850108E-13	0.000000E+00	7.160886E-08	3.543399E-10	0.000000E+00	9.995113E-05	0.000000E+00	1.192956E-13	4.103393E-13	4.583348E-14	1.351554E-05	0.000000E+00	7.776439E-26	3.175428E-04	0.000000E+00	1.051216E-21	0.000000E+00	1.054018E-13	5.480162E-29	4.886420E-08	9.999989E-02	5.379442E-14	7.010865E-12	1.509403E-13	2.728969E-04	3.657201E-09	9.996824E-01	4.311894E-04	1.000000E+00	
0.000000E+00	5.806057E-15	1.078247E-07	0.000000E+00	1.687177E-10	0.000000E+00	1.850111E-13	0.000000E+00	7.160895E-08	3.543400E-10	0.000000E+00	9.995113E-05	0.000000E+00	1.192955E-13	4.103218E-13	4.583355E-14	1.351540E-05	0.000000E+00	7.776456E-26	3.175429E-04	0.000000E+00	1.051232E-21	0.000000E+00	1.054006E-13	5.480279E-29	4.886480E-08	9.999989E-02	5.379554E-14	7.010883E-12	1.509407E-13	2.728972E-04	3.657202E-09	9.996824E-01	4.311893E-04	1.000000E+00	
0.000000E+00	5.806055E-15	1.078247E-07	0.000000E+00	1.687177E-10	0.000000E+00	1.850114E-13	0.000000E+00	7.160905E-08	3.543401E-10	0.000000E+00	9.995113E-05	0.000000E+00	1.192955E-13	4.103031E-13	4.583362E-14	1.351523E-05	0.000000E+00	7.776474E-26	3.175429E-04	0.000000E+00	1.051249E-21	0.000000E+00	1.053994E-13	5.480410E-29	4.886547E-08	9.999989E-02	5.379680E-14	7.010903E-12	1.509411E-13	2.728976E-04	3.657204E-09	9.996824E-01	4.311892E-04	1.000000E+00	
0.000000E+00	5.806053E-15	1.078247E-07	0.000000E+00	1.687178E-10	0.000000E+00	1.850117E-13	0.000000E+00	7.160917E-08	3.543402E-10	0.000000E+00	9.995113E-05	0.000000E+00	1.192954E-13	4.102833E-13	4.583370E-14	1.351505E-05	0.000000E+00	7.776495E-26	3.175430E-04	0.000000E+00	1.051269E-21	0.000000E+00	1.053980E-13	5.480557E-29	4.886623E-08	9.999989E-02	5.379821E-14	7.010925E-12	1.509416E-13	2.728979E-04	3.657206E-09	9.996824E-01	4.311891E-04	1.000000E+00	
0.000000E+00	5.806050E-15	1.078247E-07	0.000000E+00	1.687178E-10	0.000000E+00	1.850121E-13	0.000000E+00	7.160929E-08	3.543404E-10	0.000000E+00	9.995113E-05	0.000000E+00	1.192954E-13	4.102621E-13	4.583379E-14	1.351484E-05	0.000000E+00	7.776518E-26	3.175431E-04	0.000000E+00	1.051291E-21	0.000000E+00	1.053964E-13	5.480722E-29	4.886707E-08	9.999989E-02	5.379978E-14	7.010950E-12	1.509422E-13	2.728983E-04	3.657208E-09	9.996824E-01	4.311890E-04	1.000000E+00	
0.000000E+00	5.806047E-15	1.078247E-07	0.000000E+00	1.687179E-10	0.000000E+00	1.850125E-13	0.000000E+00	7.160944E-08	3.543406E-10	0.000000E+00	9.995112E-05	0.000000E+00	1.192953E-13	4.102395E-13	4.583389E-14	1.351461E-05	0.000000E+00	7.776544E-26	3.175432E-04	0.000000E+00	1.051316E-21	0.000000E+00	1.053947E-13	5.480906E-29	4.886801E-08	9.999989E-02	5.380154E-14	7.010978E-12	1.509428E-13	2.728988E-04	3.657211E-09	9.996824E-01	4.311889E-04	1.000000E+00	
0.000000E+00	5.806044E-15	1.078247E-07	0.000000E+00	1.687180E-10	0.000000E+00	1.850130E-13	0.000000E+00	7.160960E-08	3.543408E-10	0.000000E+00	9.995112E-05	0.000000E+00	1.192952E-13	4.102154E-13	4.583400E-14	1.351435E-05	0.000000E+00	7.776573E-26	3.175433E-04	0.000000E+00	1.051343E-21	0.000000E+00	1.053928E-13	5.481112E-29	4.886906E-08	9.999989E-02	5.380352E-14	7.011009E-12	1.509435E-13	2.728993E-04	3.657214E-09	9.996824E-01	4.311887E-04	1.000000E+00	
0.000000E+00	5.806040E-15	1.078247E-07	0.000000E+00	1.687180E-10	0.000000E+00	1.850135E-13	0.000000E+00	7.160978E-08	3.543410E-10	0.000000E+00	9.995112E-05	0.000000E+00	1.192951E-13	4.101896E-13	4.583412E-14	1.351406E-05	0.000000E+00	7.776606E-26	3.175434E-04	0.000000E+00	1.051374E-21	0.000000E+00	1.053907E-13	5.481343E-29	4.887023E-08	9.999989E-02	5.380573E-14	7.011044E-12	1.509442E-13	2.728999E-04	3.657217E-09	9.996824E-01	4.311886E-04	1.000000E+00	
0.000000E+00	5.806036E-15	1.078247E-07	0.000000E+00	1.687181E-10	0.000000E+00	1.850141E-13	0.000000E+00	7.160997E-08	3.543413E-10	0.000000E+00	9.995112E-05	0.000000E+00	1.192950E-13	4.101621E-13	4.583426E-14	1.351374E-05	0.000000E+00	7.776643E-26	3.175436E-04	0.000000E+00	1.051408E-21	0.000000E+00	1.053883E-13	5.481601E-29	4.887154E-08	9.999989E-02	5.380821E-14	7.011083E-12	1.509451E-13	2.729005E-04	3.657220E-09	9.996824E-01	4.311884E-04	1.000000E+00	
0.000000E+00	5.806031E-15	1.078247E-07	0.000000E+00	1.687182E-10	0.000000E+00	1.850148E-13	0.000000E+00	7.161020E-08	3.543415E-10	0.000000E+00	9.995112E-05	0.000000E+00	1.192949E-13	4.101328E-13	4.583442E-14	1.351338E-05	0.000000E+00	7.776684E-26	3.175437E-04	0.000000E+00	1.051447E-21	0.000000E+00	1.053857E-13	5.481891E-29	4.887301E-08	9.999989E-02	5.381098E-14	7.011127E-12	1.509460E-13	2.729013E-04	3.657224E-09	9.996824E-01	4.311882E-04	1.000000E+00	
0.000000E+00	5.806026E-15	1.078247E-07	0.000000E+00	1.687183E-10	0.000000E+00	1.850155E-13	0.000000E+00	7.161045E-08	3.543419E-10	0.000000E+00	9.995112E-05	0.000000E+00	1.192948E-13	4.101013E-13	4.583460E-14	1.351298E-05	0.000000E+00	7.776730E-26	3.175439E-04	0.000000E+00	1.051490E-21	0.000000E+00	1.053828E-13	5.482215E-29	4.887466E-08	9.999989E-02	5.381409E-14	7.011177E-12	1.509471E-13	2.729021E-04	3.657228E-09	9.996824E-01	4.311879E-04	1.000000E+00	
0.000000E+00	5.806021E-15	1.078247E-07	0.000000E+00	1.687184E-10	0.000000E+00	1.850164E-13	0.000000E+00	7.161073E-08	3.543422E-10	0.000000E+00	9.995112E-05	0.000000E+00	1.192947E-13	4.100677E-13	4.583479E-14	1.351253E-05	0.000000E+00	7.776782E-26	3.175441E-04	0.000000E+00	1.051538E-21	0.000000E+00	1.053795E-13	5.482578E-29	4.887649E-08	9.999989E-02	5.381757E-14	7.011232E-12	1.509483E-13	2.729030E-04	3.657233E-09	9.996824E-01	4.311877E-04	1.000000E+00	
0.000000E+00	5.806014E-15	1.078247E-07	0.000000E+00	1.687185E-10	0.000000E+00	1.850173E-13	0.000000E+00	7.161104E-08	3.543426E-10	0.000000E+00	9.995111E-05	0.000000E+00	1.192945E-13	4.100316E-13	4.583501E-14	1.351203E-05	0.000000E+00	7.776840E-26	3.175443E-04	0.000000E+00	1.051592E-21	0.000000E+00	1.053759E-13	5.482985E-29	4.887855E-08	9.999989E-02	5.382146E-14	7.011293E-12	1.509496E-13	2.729040E-04	3.657239E-09	9.996824E-01	4.311874E-04	1.000000E+00	
0.000000E+00	5.806007E-15	1.078247E-07	0.000000E+00	1.687187E-10	0.000000E+00	1.850184E-13	0.000000E+00	7.161139E-08	3.543431E-10	0.000000E+00	9.995111E-05	0.000000E+00	1.192943E-13	4.099930E-13	4.583526E-14	1.351146E-05	0.000000E+00	7.776904E-26	3.175445E-04	0.000000E+00	1.051652E-21	0.000000E+00	1.053718E-13	5.483440E-29	4.888085E-08	9.999989E-02	5.382583E-14	7.011363E-12	1.509512E-13	2.729051E-04	3.657245E-09	9.996824E-01	4.311871E-04	1.000000E+00	
0.000000E+00	5.805999E-15	1.078247E-07	0.000000E+00	1.687188E-10	0.000000E+00	1.850195E-13	0.000000E+00	7.161178E-08	3.543436E-10	0.000000E+00	9.995111E-05	0.000000E+00	1.192942E-13	4.099515E-13	4.583553E-14	1.351083E-05	0.000000E+00	7.776977E-26	3.175448E-04	0.000000E+00	1.051720E-21	0.000000E+00	1.053673E-13	5.483951E-29	4.888343E-08	9.999989E-02	5.383073E-14	7.011440E-12	1.509528E-13	2.729064E-04	3.657252E-09	9.996824E-01	4.311867E-04	1.000000E+00	
0.000000E+00	5.805991E-15	1.078247E-07	0.000000E+00	1.687190E-10	0.000000E+00	1.850208E-13	0.000000E+00	7.161222E-08	3.543441E-10	0.000000E+00	9.995111E-05	0.000000E+00	1.192939E-13	4.099070E-13	4.583584E-14	1.351012E-05	0.000000E+00	7.777059E-26	3.175451E-04	0.000000E+00	1.051795E-21	0.000000E+00	1.053622E-13	5.484524E-29	4.888632E-08	9.999989E-02	5.383621E-14	7.011527E-12	1.509547E-13	2.729078E-04	3.657260E-09	9.996824E-01	4.311863E-04	1.000000E+00	
0.000000E+00	5.805981E-15	1.078247E-07	0.000000E+00	1.687192E-10	0.000000E+00	1.850223E-13	0.000000E+00	7.161271E-08	3.543447E-10	0.000000E+00	9.995110E-05	0.000000E+00	1.192937E-13	4.098591E-13	4.583619E-14	1.350933E-05	0.000000E+00	7.777150E-26	3.175454E-04	0.000000E+00	1.051880E-21	0.000000E+00	1.053566E-13	5.485165E-29	4.888955E-08	9.999989E-02	5.384236E-14	7.011625E-12	1.509569E-13	2.729094E-04	3.657269E-09	9.996824E-01	4.311858E-04	1.000000E+00	
0.000000E+00	5.805970E-15	1.078247E-07	0.000000E+00	1.687194E-10	0.000000E+00	1.850240E-13	0.000000E+00	7.161326E-08	3.543454E-10	0.000000E+00	9.995110E-05	0.000000E+00	1.192935E-13	4.098076E-13	4.583658E-14	1.350844E-05	0.000000E+00	7.777253E-26	3.175458E-04	0.000000E+00	1.051975E-21	0.000000E+00	1.053503E-13	5.485884E-29	4.889317E-08	9.999989E-02	5.384926E-14	7.011734E-12	1.509592E-13	2.729111E-04	3.657278E-09	9.996824E-01	4.311853E-04	1.000000E+00	
0.000000E+00	5.805958E-15	1.078247E-07	0.000000E+00	1.687196E-10	0.000000E+00	1.850258E-13	0.000000E+00	7.161388E-08	3.543462E-10	0.000000E+00	9.995110E-05	0.000000E+00	1.192932E-13	4.097522E-13	4.583701E-14	1.350745E-05	0.000000E+00	7.777367E-26	3.175462E-04	0.000000E+00	1.052082E-21	0.000000E+00	1.053433E-13	5.486690E-29	4.889722E-08	9.999989E-02	5.385698E-14	7.011857E-12	1.509619E-13	2.729131E-04	3.657289E-09	9.996824E-01	4.311847E-04	1.000000E+00	
0.000000E+00	5.805944E-15	1.078247E-07	0.000000E+00	1.687199E-10	0.000000E+00	1.850279E-13	0.000000E+00	7.161457E-08	3.543471E-10	0.000000E+00	9.995109E-05	0.000000E+00	1.192928E-13	4.096925E-13	4.583749E-14	1.350634E-05	0.000000E+00	7.777496E-26	3.175467E-04	0.000000E+00	1.052201E-21	0.000000E+00	1.053355E-13	5.487594E-29	4.890177E-08	9.999989E-02	5.386564E-14	7.011994E-12	1.509649E-13	2.729153E-04	3.657302E-09	9.996824E-01	4.311841E-04	1.000000E+00	
0.000000E+00	5.805929E-15	1.078247E-07	0.000000E+00	1.687202E-10	0.000000E+00	1.850302E-13	0.000000E+00	7.161534E-08	3.543481E-10	0.000000E+00	9.995109E-05	0.000000E+00	1.192925E-13	4.096280E-13	4.583804E-14	1.350509E-05	0.000000E+00	7.777641E-26	3.175472E-04	0.000000E+00	1.052334E-21	0.000000E+00	1.053268E-13	5.488606E-29	4.890686E-08	9.999989E-02	5.387535E-14	7.012148E-12	1.509683E-13	2.729178E-04	3.657316E-09	9.996824E-01	4.311834E-04	1.000000E+00	
0.000000E+00	5.805912E-15	1.078247E-07	0.000000E+00	1.687206E-10	0.000000E+00	1.850328E-13	0.000000E+00	7.161621E-08	3.543492E-10	0.000000E+00	9.995108E-05	0.000000E+00	1.192921E-13	4.095585E-13	4.583865E-14	1.350370E-05	0.000000E+00	7.777803E-26	3.175478E-04	0.000000E+00	1.052484E-21	0.000000E+00	1.053170E-13	5.489742E-29	4.891256E-08	9.999989E-02	5.388624E-14	7.012321E-12	1.509720E-13	2.729206E-04	3.657331E-09	9.996824E-01	4.311826E-04	1.000000E+00	
0.000000E+00	5.805893E-15	1.078247E-07	0.000000E+00	1.687209E-10	0.000000E+00	1.850357E-13	0.000000E+00	7.161718E-08	3.543504E-10	0.000000E+00	9.995107E-05	0.000000E+00	1.192916E-13	4.094834E-13	4.583933E-14	1.350214E-05	0.000000E+00	7.777984E-26	3.175485E-04	0.000000E+00	1.052652E-21	0.000000E+00	1.053061E-13	5.491016E-29	4.891895E-08	9.999989E-02	5.389845E-14	7.012514E-12	1.509762E-13	2.729237E-04	3.657349E-09	9.996824E-01	4.311817E-04	1.000000E+00	
0.000000E+00	5.805872E-15	1.078247E-07	0.000000E+00	1.687214E-10	0.000000E+00	1.850390E-13	0.000000E+00	7.161826E-08	3.543518E-10	0.000000E+00	9.995107E-05	0.000000E+00	1.192911E-13	4.094021E-13	4.584010E-14	1.350039E-05	0.000000E+00	7.778188E-26	3.175492E-04	0.000000E+00	1.052840E-21	0.000000E+00	1.052939E-13	5.492444E-29	4.892611E-08	9.999989E-02	5.391215E-14	7.012731E-12	1.509810E-13	2.729272E-04	3.657368E-09	9.996824E-01	4.311806E-04	1.000000E+00	
0.000000E+00	5.805848E-15	1.078247E-07	0.000000E+00	1.687219E-10	0.000000E+00	1.850427E-13	0.000000E+00	7.161948E-08	3.543534E-10	0.000000E+00	9.995106E-05	0.000000E+00	1.192906E-13	4.093141E-13	4.584095E-14	1.349842E-05	0.000000E+00	7.778416E-26	3.175501E-04	0.000000E+00	1.053051E-21	0.000000E+00	1.052802E-13	5.494045E-29	4.893413E-08	9.999989E-02	5.392750E-14	7.012975E-12	1.509863E-13	2.729312E-04	3.657390E-09	9.996824E-01	4.311795E-04	1.000000E+00	
0.000000E+00	5.805822E-15	1.078247E-07	0.000000E+00	1.687224E-10	0.000000E+00	1.850468E-13	0.000000E+00	7.162084E-08	3.543551E-10	0.000000E+00	9.995105E-05	0.000000E+00	1.192899E-13	4.092188E-13	4.584192E-14	1.349622E-05	0.000000E+00	7.778672E-26	3.175510E-04	0.000000E+00	1.053287E-21	0.000000E+00	1.052650E-13	5.495841E-29	4.894313E-08	9.999989E-02	5.394472E-14	7.013248E-12	1.509922E-13	2.729356E-04	3.657415E-09	9.996824E-01	4.311782E-04	1.000000E+00	
0.000000E+00	5.805792E-15	1.078247E-07	0.000000E+00	1.687230E-10	0.000000E+00	1.850514E-13	0.000000E+00	7.162237E-08	3.543571E-10	0.000000E+00	9.995104E-05	0.000000E+00	1.192892E-13	4.091155E-13	4.584299E-14	1.349376E-05	0.000000E+00	7.778959E-26	3.175520E-04	0.000000E+00	1.053552E-21	0.000000E+00	1.052479E-13	5.497856E-29	4.895321E-08	9.999989E-02	5.396404E-14	7.013554E-12	1.509989E-13	2.729405E-04	3.657442E-09	9.996824E-01	4.311768E-04	1.000000E+00	
0.000000E+00	5.805759E-15	1.078247E-07	0.000000E+00	1.687237E-10	0.000000E+00	1.850565E-13	0.000000E+00	7.162409E-08	3.543592E-10	0.000000E+00	9.995103E-05	0.000000E+00	1.192884E-13	4.090032E-13	4.584420E-14	1.349100E-05	0.000000E+00	7.779281E-26	3.175532E-04	0.000000E+00	1.053849E-21	0.000000E+00	1.052288E-13	5.500116E-29	4.896451E-08	9.999989E-02	5.398571E-14	7.013897E-12	1.510064E-13	2.729460E-04	3.657473E-09	9.996824E-01	4.311752E-04	1.000000E+00	
0.000000E+00	5.805722E-15	1.078247E-07	0.000000E+00	1.687244E-10	0.000000E+00	1.850623E-13	0.000000E+00	7.162601E-08	3.543617E-10	0.000000E+00	9.995102E-05	0.000000E+00	1.192876E-13	4.088813E-13	4.584555E-14	1.348791E-05	0.000000E+00	7.779643E-26	3.175545E-04	0.000000E+00	1.054182E-21	0.000000E+00	1.052075E-13	5.502651E-29	4.897719E-08	9.999989E-02	5.401003E-14	7.014281E-12	1.510147E-13	2.729522E-04	3.657508E-09	9.996824E-01	4.311734E-04	1.000000E+00	
0.000000E+00	5.805680E-15	1.078247E-07	0.000000E+00	1.687253E-10	0.000000E+00	1.850688E-13	0.000000E+00	7.162816E-08	3.543645E-10	0.000000E+00	9.995100E-05	0.000000E+00	1.192866E-13	4.087486E-13	4.584707E-14	1.348444E-05	0.000000E+00	7.780048E-26	3.175560E-04	0.000000E+00	1.054556E-21	0.000000E+00	1.051836E-13	5.505495E-29	4.899140E-08	9.999989E-02	5.403730E-14	7.014713E-12	1.510241E-13	2.729591E-04	3.657547E-09	9.996824E-01	4.311714E-04	1.000000E+00	
0.000000E+00	5.805634E-15	1.078247E-07	0.000000E+00	1.687263E-10	0.000000E+00	1.850760E-13	0.000000E+00	7.163057E-08	3.543675E-10	0.000000E+00	9.995099E-05	0.000000E+00	1.192855E-13	4.086042E-13	4.584877E-14	1.348055E-05	0.000000E+00	7.780502E-26	3.175576E-04	0.000000E+00	1.054975E-21	0.000000E+00	1.051568E-13	5.508687E-29	4.900734E-08	9.999989E-02	5.406791E-14	7.015197E-12	1.510347E-13	2.729669E-04	3.657591E-09	9.996824E-01	4.311692E-04	1.000000E+00	
0.000000E+00	5.805582E-15	1.078247E-07	0.000000E+00	1.687273E-10	0.000000E+00	1.850842E-13	0.000000E+00	7.163327E-08	3.543710E-10	0.000000E+00	9.995097E-05	0.000000E+00	1.192842E-13	4.084468E-13	4.585068E-14	1.347620E-05	0.000000E+00	7.781011E-26	3.175595E-04	0.000000E+00	1.055445E-21	0.000000E+00	1.051269E-13	5.512268E-29	4.902521E-08	9.999989E-02	5.410225E-14	7.015739E-12	1.510465E-13	2.729756E-04	3.657640E-09	9.996824E-01	4.311666E-04	1.000000E+00	
0.000000E+00	5.805524E-15	1.078247E-07	0.000000E+00	1.687285E-10	0.000000E+00	1.850933E-13	0.000000E+00	7.163630E-08	3.543749E-10	0.000000E+00	9.995095E-05	0.000000E+00	1.192828E-13	4.082751E-13	4.585281E-14	1.347131E-05	0.000000E+00	7.781583E-26	3.175616E-04	0.000000E+00	1.055972E-21	0.000000E+00	1.050934E-13	5.516287E-29	4.904526E-08	9.999989E-02	5.414079E-14	7.016347E-12	1.510598E-13	2.729854E-04	3.657695E-09	9.996824E-01	4.311638E-04	1.000000E+00	
0.000000E+00	5.805459E-15	1.078247E-07	0.000000E+00	1.687299E-10	0.000000E+00	1.851035E-13	0.000000E+00	7.163970E-08	3.543792E-10	0.000000E+00	9.995093E-05	0.000000E+00	1.192813E-13	4.080876E-13	4.585521E-14	1.346584E-05	0.000000E+00	7.782223E-26	3.175639E-04	0.000000E+00	1.056563E-21	0.000000E+00	1.050559E-13	5.520797E-29	4.906775E-08	9.999989E-02	5.418405E-14	7.017029E-12	1.510746E-13	2.729963E-04	3.657756E-09	9.996824E-01	4.311607E-04	1.000000E+00	
0.000000E+00	5.805386E-15	1.078247E-07	0.000000E+00	1.687314E-10	0.000000E+00	1.851150E-13	0.000000E+00	7.164350E-08	3.543841E-10	0.000000E+00	9.995090E-05	0.000000E+00	1.192796E-13	4.078827E-13	4.585790E-14	1.345971E-05	0.000000E+00	7.782942E-26	3.175665E-04	0.000000E+00	1.057227E-21	0.000000E+00	1.050139E-13	5.525860E-29	4.909298E-08	9.999989E-02	5.423261E-14	7.017794E-12	1.510913E-13	2.730086E-04	3.657825E-09	9.996824E-01	4.311571E-04	1.000000E+00	
0.000000E+00	5.805304E-15	1.078247E-07	0.000000E+00	1.687331E-10	0.000000E+00	1.851278E-13	0.000000E+00	7.164777E-08	3.543896E-10	0.000000E+00	9.995087E-05	0.000000E+00	1.192776E-13	4.076585E-13	4.586091E-14	1.345283E-05	0.000000E+00	7.783747E-26	3.175694E-04	0.000000E+00	1.057971E-21	0.000000E+00	1.049669E-13	5.531544E-29	4.912128E-08	9.999989E-02	5.428712E-14	7.018652E-12	1.511100E-13	2.730223E-04	3.657903E-09	9.996824E-01	4.311531E-04	1.000000E+00	
0.000000E+00	5.805213E-15	1.078247E-07	0.000000E+00	1.687350E-10	0.000000E+00	1.851422E-13	0.000000E+00	7.165255E-08	3.543957E-10	0.000000E+00	9.995084E-05	0.000000E+00	1.192754E-13	4.074130E-13	4.586428E-14	1.344513E-05	0.000000E+00	7.784651E-26	3.175727E-04	0.000000E+00	1.058807E-21	0.000000E+00	1.049143E-13	5.537925E-29	4.915304E-08	9.999989E-02	5.434833E-14	7.019614E-12	1.511309E-13	2.730377E-04	3.657990E-09	9.996824E-01	4.311487E-04	1.000000E+00	
0.000000E+00	5.805111E-15	1.078247E-07	0.000000E+00	1.687371E-10	0.000000E+00	1.851584E-13	0.000000E+00	7.165791E-08	3.544026E-10	0.000000E+00	9.995080E-05	0.000000E+00	1.192730E-13	4.071440E-13	4.586806E-14	1.343649E-05	0.000000E+00	7.785664E-26	3.175764E-04	0.000000E+00	1.059744E-21	0.000000E+00	1.048553E-13	5.545091E-29	4.918868E-08	9.999989E-02	5.441707E-14	7.020692E-12	1.511544E-13	2.730550E-04	3.658087E-09	9.996824E-01	4.311437E-04	1.000000E+00	
0.000000E+00	5.804996E-15	1.078247E-07	0.000000E+00	1.687395E-10	0.000000E+00	1.851765E-13	0.000000E+00	7.166392E-08	3.544103E-10	0.000000E+00	9.995076E-05	0.000000E+00	1.192703E-13	4.068490E-13	4.587230E-14	1.342681E-05	0.000000E+00	7.786800E-26	3.175805E-04	0.000000E+00	1.060796E-21	0.000000E+00	1.047893E-13	5.553140E-29	4.922867E-08	9.999989E-02	5.449427E-14	7.021901E-12	1.511808E-13	2.730743E-04	3.658197E-09	9.996824E-01	4.311381E-04	1.000000E+00	
0.000000E+00	5.804868E-15	1.078247E-07	0.000000E+00	1.687421E-10	0.000000E+00	1.851968E-13	0.000000E+00	7.167065E-08	3.544189E-10	0.000000E+00	9.995072E-05	0.000000E+00	1.192672E-13	4.065250E-13	4.587705E-14	1.341596E-05	0.000000E+00	7.788074E-26	3.175851E-04	0.000000E+00	1.061978E-21	0.000000E+00	1.047154E-13	5.562180E-29	4.927357E-08	9.999989E-02	5.458099E-14	7.023257E-12	1.512103E-13	2.730960E-04	3.658319E-09	9.996824E-01	4.311318E-04	1.000000E+00	
0.000000E+00	5.804725E-15	1.078247E-07	0.000000E+00	1.687451E-10	0.000000E+00	1.852195E-13	0.000000E+00	7.167819E-08	3.544286E-10	0.000000E+00	9.995067E-05	0.000000E+00	1.192638E-13	4.061690E-13	4.588238E-14	1.340381E-05	0.000000E+00	7.789502E-26	3.175902E-04	0.000000E+00	1.063304E-21	0.000000E+00	1.046326E-13	5.572338E-29	4.932397E-08	9.999989E-02	5.467842E-14	7.024776E-12	1.512434E-13	2.731203E-04	3.658457E-09	9.996824E-01	4.311247E-04	1.000000E+00	
0.000000E+00	5.804564E-15	1.078247E-07	0.000000E+00	1.687485E-10	0.000000E+00	1.852450E-13	0.000000E+00	7.168665E-08	3.544394E-10	0.000000E+00	9.995061E-05	0.000000E+00	1.192600E-13	4.057774E-13	4.588835E-14	1.339019E-05	0.000000E+00	7.791104E-26	3.175960E-04	0.000000E+00	1.064793E-21	0.000000E+00	1.045398E-13	5.583752E-29	4.938055E-08	9.999989E-02	5.478792E-14	7.026480E-12	1.512805E-13	2.731476E-04	3.658611E-09	9.996824E-01	4.311169E-04	1.000000E+00	
0.000000E+00	5.804384E-15	1.078247E-07	0.000000E+00	1.687523E-10	0.000000E+00	1.852736E-13	0.000000E+00	7.169612E-08	3.544516E-10	0.000000E+00	9.995055E-05	0.000000E+00	1.192557E-13	4.053464E-13	4.589503E-14	1.337492E-05	0.000000E+00	7.792899E-26	3.176025E-04	0.000000E+00	1.066466E-21	0.000000E+00	1.044359E-13	5.596583E-29	4.944409E-08	9.999989E-02	5.491100E-14	7.028390E-12	1.513222E-13	2.731781E-04	3.658784E-09	9.996824E-01	4.311080E-04	1.000000E+00	
0.000000E+00	5.804183E-15	1.078247E-07	0.000000E+00	1.687565E-10	0.000000E+00	1.853056E-13	0.000000E+00	7.170673E-08	3.544652E-10	0.000000E+00	9.995048E-05	0.000000E+00	1.192508E-13	4.048715E-13	4.590253E-14	1.335782E-05	0.000000E+00	7.794912E-26	3.176098E-04	0.000000E+00	1.068345E-21	0.000000E+00	1.043196E-13	5.611008E-29	4.951546E-08	9.999989E-02	5.504939E-14	7.030530E-12	1.513688E-13	2.732123E-04	3.658977E-09	9.996824E-01	4.310981E-04	1.000000E+00	
0.000000E+00	5.803958E-15	1.078247E-07	0.000000E+00	1.687612E-10	0.000000E+00	1.853415E-13	0.000000E+00	7.171863E-08	3.544804E-10	0.000000E+00	9.995040E-05	0.000000E+00	1.192455E-13	4.043480E-13	4.591093E-14	1.333866E-05	0.000000E+00	7.797167E-26	3.176179E-04	0.000000E+00	1.070456E-21	0.000000E+00	1.041893E-13	5.627232E-29	4.959563E-08	9.999989E-02	5.520504E-14	7.032930E-12	1.514211E-13	2.732506E-04	3.659194E-09	9.996824E-01	4.310870E-04	1.000000E+00	
0.000000E+00	5.803705E-15	1.078247E-07	0.000000E+00	1.687665E-10	0.000000E+00	1.853817E-13	0.000000E+00	7.173195E-08	3.544975E-10	0.000000E+00	9.995031E-05	0.000000E+00	1.192394E-13	4.037703E-13	4.592034E-14	1.331720E-05	0.000000E+00	7.799696E-26	3.176270E-04	0.000000E+00	1.072828E-21	0.000000E+00	1.040433E-13	5.645484E-29	4.968571E-08	9.999989E-02	5.538015E-14	7.035618E-12	1.514797E-13	2.732935E-04	3.659437E-09	9.996824E-01	4.310746E-04	1.000000E+00	
0.000000E+00	5.803423E-15	1.078247E-07	0.000000E+00	1.687724E-10	0.000000E+00	1.854267E-13	0.000000E+00	7.174687E-08	3.545167E-10	0.000000E+00	9.995021E-05	0.000000E+00	1.192327E-13	4.031325E-13	4.593087E-14	1.329316E-05	0.000000E+00	7.802529E-26	3.176372E-04	0.000000E+00	1.075494E-21	0.000000E+00	1.038799E-13	5.666025E-29	4.978695E-08	9.999989E-02	5.557724E-14	7.038631E-12	1.515453E-13	2.733416E-04	3.659709E-09	9.996824E-01	4.310607E-04	1.000000E+00	
0.000000E+00	5.803107E-15	1.078247E-07	0.000000E+00	1.687790E-10	0.000000E+00	1.854771E-13	0.000000E+00	7.176358E-08	3.545381E-10	0.000000E+00	9.995009E-05	0.000000E+00	1.192251E-13	4.024276E-13	4.594268E-14	1.326624E-05	0.000000E+00	7.805705E-26	3.176487E-04	0.000000E+00	1.078492E-21	0.000000E+00	1.036969E-13	5.689152E-29	4.990075E-08	9.999989E-02	5.579915E-14	7.042006E-12	1.516189E-13	2.733954E-04	3.660014E-09	9.996823E-01	4.310451E-04	1.000000E+00	
0.000000E+00	5.802754E-15	1.078248E-07	0.000000E+00	1.687864E-10	0.000000E+00	1.855336E-13	0.000000E+00	7.178229E-08	3.545621E-10	0.000000E+00	9.994996E-05	0.000000E+00	1.192166E-13	4.016482E-13	4.595589E-14	1.323611E-05	0.000000E+00	7.809262E-26	3.176615E-04	0.000000E+00	1.081864E-21	0.000000E+00	1.034919E-13	5.715202E-29	5.002872E-08	9.999989E-02	5.604911E-14	7.045787E-12	1.517013E-13	2.734556E-04	3.660355E-09	9.996823E-01	4.310277E-04	1.000000E+00	
0.000000E+00	5.802359E-15	1.078248E-07	0.000000E+00	1.687947E-10	0.000000E+00	1.855968E-13	0.000000E+00	7.180324E-08	3.545890E-10	0.000000E+00	9.994982E-05	0.000000E+00	1.192071E-13	4.007858E-13	4.597069E-14	1.320237E-05	0.000000E+00	7.813247E-26	3.176758E-04	0.000000E+00	1.085657E-21	0.000000E+00	1.032624E-13	5.744559E-29	5.017266E-08	9.999989E-02	5.633083E-14	7.050022E-12	1.517935E-13	2.735231E-04	3.660737E-09	9.996823E-01	4.310082E-04	1.000000E+00	
0.000000E+00	5.801917E-15	1.078248E-07	0.000000E+00	1.688040E-10	0.000000E+00	1.856676E-13	0.000000E+00	7.182668E-08	3.546191E-10	0.000000E+00	9.994966E-05	0.000000E+00	1.191965E-13	3.998308E-13	4.598726E-14	1.316462E-05	0.000000E+00	7.817710E-26	3.176919E-04	0.000000E+00	1.089927E-21	0.000000E+00	1.030056E-13	5.777661E-29	5.033462E-08	9.999989E-02	5.664851E-14	7.054764E-12	1.518969E-13	2.735986E-04	3.661164E-09	9.996823E-01	4.309863E-04	1.000000E+00	
0.000000E+00	5.801423E-15	1.078248E-07	0.000000E+00	1.688145E-10	0.000000E+00	1.857468E-13	0.000000E+00	7.185291E-08	3.546528E-10	0.000000E+00	9.994948E-05	0.000000E+00	1.191846E-13	3.987728E-13	4.600579E-14	1.312238E-05	0.000000E+00	7.822708E-26	3.177098E-04	0.000000E+00	1.094734E-21	0.000000E+00	1.027180E-13	5.815010E-29	5.051694E-08	9.999989E-02	5.700697E-14	7.060072E-12	1.520126E-13	2.736830E-04	3.661643E-09	9.996823E-01	4.309619E-04	1.000000E+00	
0.000000E+00	5.800870E-15	1.078248E-07	0.000000E+00	1.688261E-10	0.000000E+00	1.858354E-13	0.000000E+00	7.188225E-08	3.546905E-10	0.000000E+00	9.994927E-05	0.000000E+00	1.191713E-13	3.975999E-13	4.602653E-14	1.307514E-05	0.000000E+00	7.828303E-26	3.177299E-04	0.000000E+00	1.100148E-21	0.000000E+00	1.023962E-13	5.857181E-29	5.072225E-08	9.999989E-02	5.741174E-14	7.066014E-12	1.521421E-13	2.737775E-04	3.662177E-09	9.996823E-01	4.309345E-04	1.000000E+00	
0.000000E+00	5.800253E-15	1.078248E-07	0.000000E+00	1.688391E-10	0.000000E+00	1.859345E-13	0.000000E+00	7.191506E-08	3.547326E-10	0.000000E+00	9.994904E-05	0.000000E+00	1.191565E-13	3.962989E-13	4.604972E-14	1.302232E-05	0.000000E+00	7.834566E-26	3.177523E-04	0.000000E+00	1.106251E-21	0.000000E+00	1.020362E-13	5.904832E-29	5.095357E-08	9.999989E-02	5.786917E-14	7.072662E-12	1.522869E-13	2.738831E-04	3.662775E-09	9.996822E-01	4.309040E-04	1.000000E+00	
0.000000E+00	5.799564E-15	1.078248E-07	0.000000E+00	1.688537E-10	0.000000E+00	1.860452E-13	0.000000E+00	7.195174E-08	3.547797E-10	0.000000E+00	9.994878E-05	0.000000E+00	1.191398E-13	3.948553E-13	4.607564E-14	1.296329E-05	0.000000E+00	7.841572E-26	3.177774E-04	0.000000E+00	1.113133E-21	0.000000E+00	1.016334E-13	5.958724E-29	5.121433E-08	9.999989E-02	5.838655E-14	7.080099E-12	1.524490E-13	2.740011E-04	3.663443E-09	9.996822E-01	4.308698E-04	1.000000E+00	
0.000000E+00	5.798795E-15	1.078248E-07	0.000000E+00	1.688699E-10	0.000000E+00	1.861690E-13	0.000000E+00	7.199272E-08	3.548323E-10	0.000000E+00	9.994848E-05	0.000000E+00	1.191213E-13	3.932527E-13	4.610461E-14	1.289734E-05	0.000000E+00	7.849409E-26	3.178055E-04	0.000000E+00	1.120899E-21	0.000000E+00	1.011830E-13	6.019735E-29	5.150847E-08	9.999989E-02	5.897235E-14	7.088413E-12	1.526302E-13	2.741330E-04	3.664189E-09	9.996822E-01	4.308316E-04	1.000000E+00	
0.000000E+00	5.797936E-15	1.078248E-07	0.000000E+00	1.688881E-10	0.000000E+00	1.863073E-13	0.000000E+00	7.203848E-08	3.548910E-10	0.000000E+00	9.994815E-05	0.000000E+00	1.191005E-13	3.914728E-13	4.613696E-14	1.282371E-05	0.000000E+00	7.858171E-26	3.178368E-04	0.000000E+00	1.129668E-21	0.000000E+00	1.006794E-13	6.088880E-29	5.184048E-08	9.999989E-02	5.963633E-14	7.097707E-12	1.528328E-13	2.742802E-04	3.665021E-09	9.996822E-01	4.307890E-04	1.000000E+00	
0.000000E+00	5.796979E-15	1.078248E-07	0.000000E+00	1.689084E-10	0.000000E+00	1.864617E-13	0.000000E+00	7.208956E-08	3.549566E-10	0.000000E+00	9.994778E-05	0.000000E+00	1.190773E-13	3.894958E-13	4.617308E-14	1.274154E-05	0.000000E+00	7.867963E-26	3.178717E-04	0.000000E+00	1.139578E-21	0.000000E+00	1.001167E-13	6.167341E-29	5.221552E-08	9.999989E-02	6.038989E-14	7.108088E-12	1.530591E-13	2.744445E-04	3.665950E-09	9.996821E-01	4.307415E-04	1.000000E+00	
0.000000E+00	5.795913E-15	1.078248E-07	0.000000E+00	1.689310E-10	0.000000E+00	1.866339E-13	0.000000E+00	7.214653E-08	3.550297E-10	0.000000E+00	9.994735E-05	0.000000E+00	1.190513E-13	3.872992E-13	4.621338E-14	1.264990E-05	0.000000E+00	7.878901E-26	3.179107E-04	0.000000E+00	1.150788E-21	0.000000E+00	9.948806E-14	6.256498E-29	5.263953E-08	9.999989E-02	6.124631E-14	7.119680E-12	1.533117E-13	2.746277E-04	3.666985E-09	9.996821E-01	4.306885E-04	1.000000E+00	
0.000000E+00	5.794725E-15	1.078248E-07	0.000000E+00	1.689562E-10	0.000000E+00	1.868260E-13	0.000000E+00	7.221004E-08	3.551112E-10	0.000000E+00	9.994687E-05	0.000000E+00	1.190224E-13	3.848588E-13	4.625831E-14	1.254779E-05	0.000000E+00	7.891112E-26	3.179542E-04	0.000000E+00	1.163481E-21	0.000000E+00	9.878622E-14	6.357964E-29	5.311935E-08	9.999989E-02	6.222115E-14	7.132615E-12	1.535937E-13	2.748319E-04	3.668137E-09	9.996820E-01	4.306294E-04	1.000000E+00	
0.000000E+00	5.793404E-15	1.078248E-07	0.000000E+00	1.689843E-10	0.000000E+00	1.870400E-13	0.000000E+00	7.228077E-08	3.552020E-10	0.000000E+00	9.994633E-05	0.000000E+00	1.189901E-13	3.821480E-13	4.630836E-14	1.243408E-05	0.000000E+00	7.904736E-26	3.180025E-04	0.000000E+00	1.177869E-21	0.000000E+00	9.800307E-14	6.473640E-29	5.366293E-08	9.999989E-02	6.333275E-14	7.147039E-12	1.539081E-13	2.750592E-04	3.669419E-09	9.996820E-01	4.305636E-04	1.000000E+00	
0.000000E+00	5.791935E-15	1.078248E-07	0.000000E+00	1.690155E-10	0.000000E+00	1.872782E-13	0.000000E+00	7.235948E-08	3.553030E-10	0.000000E+00	9.994571E-05	0.000000E+00	1.189541E-13	3.791374E-13	4.636407E-14	1.230759E-05	0.000000E+00	7.919924E-26	3.180564E-04	0.000000E+00	1.194199E-21	0.000000E+00	9.712977E-14	6.605772E-29	5.427945E-08	9.999989E-02	6.460279E-14	7.163111E-12	1.542585E-13	2.753121E-04	3.670844E-09	9.996819E-01	4.304904E-04	1.000000E+00	
0.000000E+00	5.790304E-15	1.078248E-07	0.000000E+00	1.690503E-10	0.000000E+00	1.875430E-13	0.000000E+00	7.244698E-08	3.554153E-10	0.000000E+00	9.994501E-05	0.000000E+00	1.189140E-13	3.757962E-13	4.642602E-14	1.216703E-05	0.000000E+00	7.936844E-26	3.181162E-04	0.000000E+00	1.212759E-21	0.000000E+00	9.615668E-14	6.757030E-29	5.497964E-08	9.999989E-02	6.605704E-14	7.181004E-12	1.546486E-13	2.755931E-04	3.672425E-09	9.996819E-01	4.304091E-04	1.000000E+00	
0.000000E+00	5.788495E-15	1.078248E-07	0.000000E+00	1.690889E-10	0.000000E+00	1.878373E-13	0.000000E+00	7.254414E-08	3.555399E-10	0.000000E+00	9.994422E-05	0.000000E+00	1.188693E-13	3.720911E-13	4.649482E-14	1.201101E-05	0.000000E+00	7.955673E-26	3.181827E-04	0.000000E+00	1.233888E-21	0.000000E+00	9.507334E-14	6.930606E-29	5.577608E-08	9.999989E-02	6.772636E-14	7.200904E-12	1.550826E-13	2.759051E-04	3.674178E-09	9.996818E-01	4.303188E-04	1.000000E+00	
0.000000E+00	5.786492E-15	1.078248E-07	0.000000E+00	1.691317E-10	0.000000E+00	1.881637E-13	0.000000E+00	7.265189E-08	3.556781E-10	0.000000E+00	9.994331E-05	0.000000E+00	1.188195E-13	3.679873E-13	4.657115E-14	1.183807E-05	0.000000E+00	7.976606E-26	3.182564E-04	0.000000E+00	1.257984E-21	0.000000E+00	9.386848E-14	7.130334E-29	5.668349E-08	9.999989E-02	6.964783E-14	7.223012E-12	1.555647E-13	2.762508E-04	3.676118E-09	9.996817E-01	4.302188E-04	1.000000E+00	
0.000000E+00	5.784276E-15	1.078248E-07	0.000000E+00	1.691791E-10	0.000000E+00	1.885254E-13	0.000000E+00	7.277120E-08	3.558312E-10	0.000000E+00	9.994227E-05	0.000000E+00	1.187642E-13	3.634489E-13	4.665571E-14	1.164666E-05	0.000000E+00	7.999849E-26	3.183380E-04	0.000000E+00	1.285516E-21	0.000000E+00	9.253002E-14	7.360859E-29	5.771930E-08	9.999989E-02	7.186641E-14	7.247541E-12	1.560996E-13	2.766336E-04	3.678261E-09	9.996817E-01	4.301081E-04	1.000000E+00	
0.000000E+00	5.781829E-15	1.078248E-07	0.000000E+00	1.692315E-10	0.000000E+00	1.889255E-13	0.000000E+00	7.290309E-08	3.560004E-10	0.000000E+00	9.994109E-05	0.000000E+00	1.187027E-13	3.584393E-13	4.674922E-14	1.143516E-05	0.000000E+00	8.025621E-26	3.184282E-04	0.000000E+00	1.317046E-21	0.000000E+00	9.104513E-14	7.627839E-29	5.890420E-08	9.999989E-02	7.443690E-14	7.274719E-12	1.566924E-13	2.770564E-04	3.680624E-09	9.996816E-01	4.299857E-04	1.000000E+00	
0.000000E+00	5.779132E-15	1.078248E-07	0.000000E+00	1.692893E-10	0.000000E+00	1.893672E-13	0.000000E+00	7.304863E-08	3.561870E-10	0.000000E+00	9.993973E-05	0.000000E+00	1.186345E-13	3.529223E-13	4.685247E-14	1.120194E-05	0.000000E+00	8.054151E-26	3.185278E-04	0.000000E+00	1.353243E-21	0.000000E+00	8.940031E-14	7.938225E-29	6.026286E-08	9.999989E-02	7.742667E-14	7.304781E-12	1.573481E-13	2.775227E-04	3.683223E-09	9.996815E-01	4.298508E-04	1.000000E+00	
0.000000E+00	5.776164E-15	1.078249E-07	0.000000E+00	1.693530E-10	0.000000E+00	1.898540E-13	0.000000E+00	7.320888E-08	3.563926E-10	0.000000E+00	9.993817E-05	0.000000E+00	1.185587E-13	3.468617E-13	4.696621E-14	1.094530E-05	0.000000E+00	8.085675E-26	3.186374E-04	0.000000E+00	1.394913E-21	0.000000E+00	8.758153E-14	8.300616E-29	6.182493E-08	9.999989E-02	8.091917E-14	7.337972E-12	1.580722E-13	2.780358E-04	3.686074E-09	9.996814E-01	4.297024E-04	1.000000E+00	
0.000000E+00	5.772907E-15	1.078249E-07	0.000000E+00	1.694231E-10	0.000000E+00	1.903891E-13	0.000000E+00	7.338489E-08	3.566183E-10	0.000000E+00	9.993637E-05	0.000000E+00	1.184748E-13	3.402216E-13	4.709124E-14	1.066362E-05	0.000000E+00	8.120435E-26	3.187577E-04	0.000000E+00	1.443033E-21	0.000000E+00	8.557444E-14	8.725752E-29	6.362623E-08	9.999989E-02	8.501868E-14	7.374540E-12	1.588702E-13	2.785990E-04	3.689193E-09	9.996812E-01	4.295395E-04	1.000000E+00	
0.000000E+00	5.769340E-15	1.078249E-07	0.000000E+00	1.694998E-10	0.000000E+00	1.909758E-13	0.000000E+00	7.357770E-08	3.568657E-10	0.000000E+00	9.993428E-05	0.000000E+00	1.183817E-13	3.329641E-13	4.722830E-14	1.035530E-05	0.000000E+00	8.158668E-26	3.188896E-04	0.000000E+00	1.498793E-21	0.000000E+00	8.336466E-14	9.227168E-29	6.571037E-08	9.999989E-02	8.985674E-14	7.414732E-12	1.597473E-13	2.792154E-04	3.692592E-09	9.996811E-01	4.293611E-04	1.000000E+00	
0.000000E+00	5.765445E-15	1.078249E-07	0.000000E+00	1.695836E-10	0.000000E+00	1.916172E-13	0.000000E+00	7.378825E-08	3.571358E-10	0.000000E+00	9.993186E-05	0.000000E+00	1.182788E-13	3.250461E-13	4.737811E-14	1.001892E-05	0.000000E+00	8.200601E-26	3.190336E-04	0.000000E+00	1.563658E-21	0.000000E+00	8.093807E-14	9.822093E-29	6.813089E-08	9.999989E-02	9.560085E-14	7.458786E-12	1.607089E-13	2.798880E-04	3.696284E-09	9.996810E-01	4.291665E-04	1.000000E+00	
0.000000E+00	5.761204E-15	1.078249E-07	0.000000E+00	1.696749E-10	0.000000E+00	1.923160E-13	0.000000E+00	7.401735E-08	3.574297E-10	0.000000E+00	9.992904E-05	0.000000E+00	1.181648E-13	3.164136E-13	4.754130E-14	9.653245E-06	0.000000E+00	8.246442E-26	3.191903E-04	0.000000E+00	1.639443E-21	0.000000E+00	7.828142E-14	1.053268E-28	7.095392E-08	9.999989E-02	1.024666E-13	7.506920E-12	1.617598E-13	2.806191E-04	3.700274E-09	9.996808E-01	4.289550E-04	1.000000E+00	
0.000000E+00	5.756599E-15	1.078249E-07	0.000000E+00	1.697740E-10	0.000000E+00	1.930744E-13	0.000000E+00	7.426564E-08	3.577485E-10	0.000000E+00	9.992573E-05	0.000000E+00	1.180388E-13	3.069941E-13	4.771839E-14	9.257353E-06	0.000000E+00	8.296362E-26	3.193602E-04	0.000000E+00	1.728416E-21	0.000000E+00	7.538276E-14	1.138776E-28	7.426210E-08	9.999989E-02	1.107345E-13	7.559328E-12	1.629043E-13	2.814107E-04	3.704566E-09	9.996806E-01	4.287259E-04	1.000000E+00	
0.000000E+00	5.751619E-15	1.078249E-07	0.000000E+00	1.698809E-10	0.000000E+00	1.938938E-13	0.000000E+00	7.453350E-08	3.580925E-10	0.000000E+00	9.992183E-05	0.000000E+00	1.178993E-13	2.966920E-13	4.790971E-14	8.830762E-06	0.000000E+00	8.350482E-26	3.195435E-04	0.000000E+00	1.833439E-21	0.000000E+00	7.223245E-14	1.242529E-28	7.815941E-08	9.999989E-02	1.207741E-13	7.616152E-12	1.641456E-13	2.822636E-04	3.709153E-09	9.996804E-01	4.284790E-04	1.000000E+00	
0.000000E+00	5.746251E-15	1.078250E-07	0.000000E+00	1.699959E-10	0.000000E+00	1.947747E-13	0.000000E+00	7.482096E-08	3.584619E-10	0.000000E+00	9.991721E-05	0.000000E+00	1.177450E-13	2.853876E-13	4.811541E-14	8.373524E-06	0.000000E+00	8.408847E-26	3.197403E-04	0.000000E+00	1.958163E-21	0.000000E+00	6.882397E-14	1.369595E-28	8.277832E-08	9.999989E-02	1.330781E-13	7.677481E-12	1.654858E-13	2.831778E-04	3.714023E-09	9.996803E-01	4.282142E-04	1.000000E+00	
0.000000E+00	5.740489E-15	1.078250E-07	0.000000E+00	1.701187E-10	0.000000E+00	1.957162E-13	0.000000E+00	7.512762E-08	3.588562E-10	0.000000E+00	9.991170E-05	0.000000E+00	1.175739E-13	2.729465E-13	4.833531E-14	7.886410E-06	0.000000E+00	8.471400E-26	3.199503E-04	0.000000E+00	2.107291E-21	0.000000E+00	6.515546E-14	1.526827E-28	8.828914E-08	9.999989E-02	1.483126E-13	7.743318E-12	1.669249E-13	2.841517E-04	3.719154E-09	9.996800E-01	4.279319E-04	1.000000E+00	
0.000000E+00	5.734331E-15	1.078250E-07	0.000000E+00	1.702491E-10	0.000000E+00	1.967161E-13	0.000000E+00	7.545257E-08	3.592745E-10	0.000000E+00	9.990508E-05	0.000000E+00	1.173838E-13	2.592342E-13	4.856893E-14	7.371041E-06	0.000000E+00	8.537951E-26	3.201731E-04	0.000000E+00	2.286953E-21	0.000000E+00	6.123116E-14	1.723644E-28	9.491364E-08	9.999989E-02	1.673901E-13	7.813564E-12	1.684611E-13	2.851821E-04	3.724508E-09	9.996798E-01	4.276330E-04	1.000000E+00	
0.000000E+00	5.727770E-15	1.078250E-07	0.000000E+00	1.703866E-10	0.000000E+00	1.977699E-13	0.000000E+00	7.579423E-08	3.597148E-10	0.000000E+00	9.989705E-05	0.000000E+00	1.171718E-13	2.441340E-13	4.881537E-14	6.830039E-06	0.000000E+00	8.608133E-26	3.204075E-04	0.000000E+00	2.505248E-21	0.000000E+00	5.706300E-14	1.973200E-28	1.029445E-07	9.999989E-02	1.915816E-13	7.888000E-12	1.700897E-13	2.862638E-04	3.730031E-09	9.996796E-01	4.273188E-04	1.000000E+00	
0.000000E+00	5.720823E-15	1.078251E-07	0.000000E+00	1.705304E-10	0.000000E+00	1.988711E-13	0.000000E+00	7.615033E-08	3.601742E-10	0.000000E+00	9.988722E-05	0.000000E+00	1.169342E-13	2.275718E-13	4.907324E-14	6.267206E-06	0.000000E+00	8.680862E-26	3.206523E-04	0.000000E+00	2.772723E-21	0.000000E+00	5.266771E-14	2.293948E-28	1.127724E-07	9.999989E-02	2.226826E-13	7.965426E-12	1.717848E-13	2.873891E-04	3.735665E-09	9.996793E-01	4.269912E-04	1.000000E+00	
0.000000E+00	5.713504E-15	1.078251E-07	0.000000E+00	1.706795E-10	0.000000E+00	2.000106E-13	0.000000E+00	7.651778E-08	3.606484E-10	0.000000E+00	9.987506E-05	0.000000E+00	1.166662E-13	2.095390E-13	4.934068E-14	5.687590E-06	0.000000E+00	8.754788E-26	3.209055E-04	0.000000E+00	3.103698E-21	0.000000E+00	4.807523E-14	2.712585E-28	1.249282E-07	9.999989E-02	2.632757E-13	8.044514E-12	1.735179E-13	2.885479E-04	3.741329E-09	9.996791E-01	4.266530E-04	1.000000E+00	
0.000000E+00	5.705828E-15	1.078251E-07	0.000000E+00	1.708324E-10	0.000000E+00	2.011764E-13	0.000000E+00	7.689266E-08	3.611325E-10	0.000000E+00	9.985985E-05	0.000000E+00	1.163609E-13	1.901279E-13	4.961540E-14	5.097581E-06	0.000000E+00	8.830402E-26	3.211646E-04	0.000000E+00	3.519400E-21	0.000000E+00	4.334707E-14	3.269887E-28	1.401432E-07	9.999989E-02	3.171392E-13	8.127235E-12	1.753314E-13	2.897276E-04	3.746929E-09	9.996788E-01	4.263073E-04	1.000000E+00	
0.000000E+00	5.697815E-15	1.078251E-07	0.000000E+00	1.709876E-10	0.000000E+00	2.023538E-13	0.000000E+00	7.727025E-08	3.616195E-10	0.000000E+00	9.984055E-05	0.000000E+00	1.160088E-13	1.695677E-13	4.989464E-14	4.504869E-06	0.000000E+00	8.906124E-26	3.214269E-04	0.000000E+00	4.048408E-21	0.000000E+00	3.854023E-14	4.026488E-28	1.594428E-07	9.999989E-02	3.899022E-13	8.212627E-12	1.772046E-13	2.909126E-04	3.752356E-09	9.996786E-01	4.259580E-04	1.000000E+00	
0.000000E+00	5.689479E-15	1.078252E-07	0.000000E+00	1.711433E-10	0.000000E+00	2.035252E-13	0.000000E+00	7.764509E-08	3.621010E-10	0.000000E+00	9.981570E-05	0.000000E+00	1.155959E-13	1.482513E-13	5.017542E-14	3.918278E-06	0.000000E+00	8.979886E-26	3.216892E-04	0.000000E+00	4.731632E-21	0.000000E+00	3.372487E-14	5.076369E-28	1.842937E-07	9.999989E-02	4.901164E-13	8.299525E-12	1.791121E-13	2.920854E-04	3.757495E-09	9.996783E-01	4.256092E-04	1.000000E+00	
0.000000E+00	5.680828E-15	1.078252E-07	0.000000E+00	1.712976E-10	0.000000E+00	2.046704E-13	0.000000E+00	7.801123E-08	3.625665E-10	0.000000E+00	9.978316E-05	0.000000E+00	1.151019E-13	1.267377E-13	5.045480E-14	3.347529E-06	0.000000E+00	9.049040E-26	3.219483E-04	0.000000E+00	5.628798E-21	0.000000E+00	2.898320E-14	6.568988E-28	2.168336E-07	9.999989E-02	6.310211E-13	8.386627E-12	1.810257E-13	2.932266E-04	3.762231E-09	9.996780E-01	4.252653E-04	1.000000E+00	
0.000000E+00	5.671850E-15	1.078252E-07	0.000000E+00	1.714488E-10	0.000000E+00	2.057667E-13	0.000000E+00	7.836251E-08	3.630035E-10	0.000000E+00	9.973974E-05	0.000000E+00	1.144966E-13	1.057023E-13	5.073042E-14	2.802755E-06	0.000000E+00	9.110248E-26	3.222011E-04	0.000000E+00	6.829189E-21	0.000000E+00	2.440568E-14	8.749055E-28	2.602517E-07	9.999989E-02	8.335378E-13	8.472618E-12	1.829166E-13	2.943158E-04	3.766460E-09	9.996778E-01	4.249303E-04	1.000000E+00	
0.000000E+00	5.662487E-15	1.078253E-07	0.000000E+00	1.715953E-10	0.000000E+00	2.067900E-13	0.000000E+00	7.869303E-08	3.633964E-10	0.000000E+00	9.968057E-05	0.000000E+00	1.137340E-13	8.583579E-14	5.100133E-14	2.293939E-06	0.000000E+00	9.159302E-26	3.224455E-04	0.000000E+00	8.469600E-21	0.000000E+00	2.008559E-14	1.202976E-27	3.194187E-07	9.999989E-02	1.131392E-12	8.556371E-12	1.847601E-13	2.953331E-04	3.770100E-09	9.996775E-01	4.246070E-04	1.000000E+00	
0.000000E+00	5.652596E-15	1.078253E-07	0.000000E+00	1.717366E-10	0.000000E+00	2.077145E-13	0.000000E+00	7.899771E-08	3.637258E-10	0.000000E+00	9.959802E-05	0.000000E+00	1.127428E-13	6.772009E-14	5.126931E-14	1.830196E-06	0.000000E+00	9.190813E-26	3.226808E-04	0.000000E+00	1.076551E-20	0.000000E+00	1.611145E-14	1.713267E-27	4.019715E-07	9.999989E-02	1.580074E-12	8.637248E-12	1.865419E-13	2.962602E-04	3.773108E-09	9.996773E-01	4.242963E-04	1.000000E+00	
0.000000E+00	5.641862E-15	1.078253E-07	0.000000E+00	1.718737E-10	0.000000E+00	2.085129E-13	0.000000E+00	7.927300E-08	3.639654E-10	0.000000E+00	9.947975E-05	0.000000E+00	1.114112E-13	5.174840E-14	5.154104E-14	1.418990E-06	0.000000E+00	9.197656E-26	3.229091E-04	0.000000E+00	1.406701E-20	0.000000E+00	1.255885E-14	2.536492E-27	5.202349E-07	9.999989E-02	2.272829E-12	8.715556E-12	1.882682E-13	2.970824E-04	3.775480E-09	9.996771E-01	4.239955E-04	1.000000E+00	
0.000000E+00	5.629603E-15	1.078253E-07	0.000000E+00	1.720097E-10	0.000000E+00	2.091542E-13	0.000000E+00	7.951774E-08	3.640777E-10	0.000000E+00	9.930527E-05	0.000000E+00	1.095606E-13	3.812610E-14	5.183172E-14	1.065452E-06	0.000000E+00	9.169960E-26	3.231371E-04	0.000000E+00	1.896257E-20	0.000000E+00	9.483355E-15	3.918902E-27	6.947172E-07	9.999989E-02	3.369723E-12	8.793245E-12	1.899804E-13	2.977892E-04	3.777226E-09	9.996769E-01	4.236957E-04	1.000000E+00	
0.000000E+00	5.613251E-15	1.078254E-07	0.000000E+00	1.721520E-10	0.000000E+00	2.095993E-13	0.000000E+00	7.973420E-08	3.640037E-10	0.000000E+00	9.903927E-05	0.000000E+00	1.068821E-13	2.689788E-14	5.217150E-14	7.718085E-07	0.000000E+00	9.092297E-26	3.233792E-04	0.000000E+00	2.648061E-20	0.000000E+00	6.914351E-15	6.344658E-27	9.607206E-07	9.999989E-02	5.152068E-12	8.875069E-12	1.917807E-13	2.983763E-04	3.777517E-09	9.996766E-01	4.233783E-04	1.000000E+00	
0.000000E+00	5.587295E-15	1.078254E-07	0.000000E+00	1.723151E-10	0.000000E+00	2.097901E-13	0.000000E+00	7.992970E-08	3.636441E-10	0.000000E+00	9.861877E-05	0.000000E+00	1.028745E-13	1.799228E-14	5.261748E-14	5.371535E-07	0.000000E+00	8.941565E-26	3.236631E-04	0.000000E+00	3.849879E-20	0.000000E+00	4.852351E-15	1.081009E-26	1.381209E-06	9.999989E-02	8.127088E-12	8.970680E-12	1.938773E-13	2.988454E-04	3.774276E-09	9.996763E-01	4.230073E-04	1.000000E+00	
0.000000E+00	5.558182E-15	1.078254E-07	0.000000E+00	1.725269E-10	0.000000E+00	2.096324E-13	0.000000E+00	8.011928E-08	3.628285E-10	0.000000E+00	9.792721E-05	0.000000E+00	9.707630E-14	1.131533E-14	5.327862E-14	3.575617E-07	0.000000E+00	8.703339E-26	3.240413E-04	0.000000E+00	5.862557E-20	0.000000E+00	3.270524E-15	1.946999E-26	2.072773E-06	9.999989E-02	1.323636E-11	9.098881E-12	1.966762E-13	2.992044E-04	3.774863E-09	9.996760E-01	4.225146E-04	1.000000E+00	
0.000000E+00	5.512372E-15	1.078255E-07	0.000000E+00	1.728408E-10	0.000000E+00	2.089438E-13	0.000000E+00	8.033135E-08	3.612283E-10	0.000000E+00	9.674044E-05	0.000000E+00	8.849826E-14	6.561222E-15	5.436273E-14	2.265725E-07	0.000000E+00	8.346296E-26	3.246149E-04	0.000000E+00	9.422095E-20	0.000000E+00	2.115339E-15	3.724162E-26	3.259526E-06	9.999989E-02	2.228232E-11	9.295652E-12	2.009553E-13	2.994662E-04	3.775717E-09	9.996754E-01	4.217706E-04	1.000000E+00	
0.000000E+00	5.434977E-15	1.078256E-07	0.000000E+00	1.733625E-10	0.000000E+00	2.073753E-13	0.000000E+00	8.061959E-08	3.582219E-10	0.000000E+00	9.461366E-05	0.000000E+00	7.629332E-14	3.424239E-15	5.628045E-14	1.360514E-07	0.000000E+00	7.877177E-26	3.255828E-04	0.000000E+00	1.613837E-19	0.000000E+00	1.317318E-15	7.602599E-26	5.386287E-06	9.999989E-02	3.880878E-11	9.631875E-12	2.082474E-13	2.996469E-04	3.777124E-09	9.996744E-01	4.205215E-04	1.000000E+00	
0.000000E+00	5.299328E-15	1.078258E-07	0.000000E+00	1.743055E-10	0.000000E+00	2.042664E-13	0.000000E+00	8.108833E-08	3.526466E-10	0.000000E+00	9.065016E-05	0.000000E+00	6.043238E-14	1.563612E-15	5.985374E-14	7.718776E-08	0.000000E+00	7.420075E-26	3.273471E-04	0.000000E+00	2.981717E-19	0.000000E+00	7.993752E-16	1.664823E-25	9.349761E-06	9.999989E-02	6.984485E-11	1.024897E-11	2.216115E-13	2.997642E-04	3.779657E-09	9.996726E-01	4.182640E-04	1.000000E+00	
0.000000E+00	5.064326E-15	1.078261E-07	0.000000E+00	1.760908E-10	0.000000E+00	1.985086E-13	0.000000E+00	8.193851E-08	3.425667E-10	0.000000E+00	8.310677E-05	0.000000E+00	4.282399E-14	6.140318E-16	6.667198E-14	4.150938E-08	0.000000E+00	7.374616E-26	3.307003E-04	0.000000E+00	6.004266E-19	0.000000E+00	4.861714E-16	3.915834E-25	1.689309E-05	9.999989E-02	1.286879E-10	1.141975E-11	2.469495E-13	2.998347E-04	3.784445E-09	9.996693E-01	4.140390E-04	1.000000E+00	
0.000000E+00	4.695606E-15	1.078268E-07	0.000000E+00	1.794109E-10	0.000000E+00	1.889331E-13	0.000000E+00	8.349721E-08	3.259430E-10	0.000000E+00	6.922981E-05	0.000000E+00	2.724190E-14	2.149559E-16	7.925608E-14	2.168599E-08	0.000000E+00	8.574129E-26	3.369463E-04	0.000000E+00	1.300468E-18	0.000000E+00	3.119452E-16	9.676512E-25	3.076994E-05	9.999989E-02	2.354010E-10	1.357642E-11	2.936131E-13	2.998728E-04	3.793345E-09	9.996630E-01	4.063898E-04	1.000000E+00	
0.000000E+00	4.247729E-15	1.078278E-07	0.000000E+00	1.846547E-10	0.000000E+00	1.765086E-13	0.000000E+00	8.594903E-08	3.044319E-10	0.000000E+00	4.783119E-05	0.000000E+00	1.687460E-14	7.882782E-17	9.884095E-14	1.194733E-08	0.000000E+00	1.198332E-25	3.468173E-04	0.000000E+00	2.750109E-18	0.000000E+00	2.256964E-16	2.273156E-24	5.216839E-05	9.999989E-02	3.971250E-10	1.693071E-11	3.661880E-13	2.998898E-04	3.807400E-09	9.996532E-01	3.948551E-04	1.000000E+00	
0.000000E+00	3.904629E-15	1.078289E-07	0.000000E+00	1.900361E-10	0.000000E+00	1.663733E-13	0.000000E+00	8.846251E-08	2.868964E-10	0.000000E+00	2.651641E-05	0.000000E+00	1.193137E-14	3.971989E-17	1.187558E-13	7.993444E-09	0.000000E+00	1.667759E-25	3.569495E-04	0.000000E+00	4.654589E-18	0.000000E+00	1.906834E-16	4.179362E-24	7.348301E-05	9.999989E-02	5.572087E-10	2.034066E-11	4.399733E-13	2.998952E-04	3.821824E-09	9.996430E-01	3.836712E-04	1.000000E+00	
0.000000E+00	3.756707E-15	1.078295E-07	0.000000E+00	1.928876E-10	0.000000E+00	1.618283E-13	0.000000E+00	8.979394E-08	2.790313E-10	0.000000E+00	1.547217E-05	0.000000E+00	1.028204E-14	2.981673E-17	1.293482E-13	6.758555E-09	0.000000E+00	1.960117E-25	3.623185E-04	0.000000E+00	5.832083E-18	0.000000E+00	1.800258E-16	5.570260E-24	8.452717E-05	9.999989E-02	6.408816E-10	2.215422E-11	4.792205E-13	2.998964E-04	3.829467E-09	9.996377E-01	3.779962E-04	1.000000E+00	
0.000000E+00	3.717742E-15	1.078296E-07	0.000000E+00	1.937068E-10	0.000000E+00	1.606149E-13	0.000000E+00	9.017627E-08	2.769289E-10	0.000000E+00	1.233109E-05	0.000000E+00	9.885118E-15	2.765456E-17	1.324502E-13	6.467310E-09	0.000000E+00	2.051142E-25	3.638604E-04	0.000000E+00	6.194199E-18	0.000000E+00	1.776297E-16	6.162333E-24	8.766823E-05	9.999989E-02	6.651823E-10	2.268536E-11	4.907180E-13	2.998966E-04	3.831663E-09	9.996361E-01	3.763971E-04	1.000000E+00	
0.000000E+00	3.710408E-15	1.078296E-07	0.000000E+00	1.938649E-10	0.000000E+00	1.603872E-13	0.000000E+00	9.024997E-08	2.765329E-10	0.000000E+00	1.172714E-05	0.000000E+00	9.811967E-15	2.726515E-17	1.330785E-13	6.413877E-09	0.000000E+00	2.069923E-25	3.641576E-04	0.000000E+00	6.266696E-18	0.000000E+00	1.772331E-16	6.385567E-24	8.827216E-05	9.999989E-02	6.700742E-10	2.279298E-11	4.930493E-13	2.998966E-04	3.832086E-09	9.996358E-01	3.760904E-04	1.000000E+00	
0.000000E+00	3.709345E-15	1.078297E-07	0.000000E+00	1.938882E-10	0.000000E+00	1.603551E-13	0.000000E+00	9.026076E-08	2.764761E-10	0.000000E+00	1.163878E-05	0.000000E+00	9.801379E-15	2.720893E-17	1.331825E-13	6.406147E-09	0.000000E+00	2.073067E-25	3.642012E-04	0.000000E+00	6.278024E-18	0.000000E+00	1.771921E-16	6.478565E-24	8.836053E-05	9.999989E-02	6.708754E-10	2.281081E-11	4.934365E-13	2.998966E-04	3.832149E-09	9.996358E-01	3.760456E-04	1.000000E+00	
0.000000E+00	3.709227E-15	1.078297E-07	0.000000E+00	1.938908E-10	0.000000E+00	1.603519E-13	0.000000E+00	9.026198E-08	2.764701E-10	0.000000E+00	1.162877E-05	0.000000E+00	9.800198E-15	2.720262E-17	1.331984E-13	6.405283E-09	0.000000E+00	2.073558E-25	3.642061E-04	0.000000E+00	6.279573E-18	0.000000E+00	1.771930E-16	6.519263E-24	8.837054E-05	9.999989E-02	6.709950E-10	2.281353E-11	4.934962E-13	2.998966E-04	3.832156E-09	9.996358E-01	3.760405E-04	1.000000E+00	
0.000000E+00	3.709218E-15	1.078297E-07	0.000000E+00	1.938911E-10	0.000000E+00	1.603519E-13	0.000000E+00	9.026209E-08	2.764698E-10	0.000000E+00	1.162791E-05	0.000000E+00	9.800102E-15	2.720210E-17	1.332010E-13	6.405213E-09	0.000000E+00	2.073641E-25	3.642065E-04	0.000000E+00	6.279802E-18	0.000000E+00	1.771948E-16	6.536214E-24	8.837140E-05	9.999989E-02	6.710136E-10	2.281397E-11	4.935060E-13	2.998966E-04	3.832157E-09	9.996358E-01	3.760401E-04	1.000000E+00	
0.000000E+00	3.709218E-15	1.078297E-07	0.000000E+00	1.938911E-10	0.000000E+00	1.603519E-13	0.000000E+00	9.026209E-08	2.764698E-10	0.000000E+00	1.162785E-05	0.000000E+00	9.800099E-15	2.720207E-17	1.332014E-13	6.405210E-09	0.000000E+00	2.073657E-25	3.642065E-04	0.000000E+00	6.279852E-18	0.000000E+00	1.771953E-16	6.542582E-24	8.837145E-05	9.999989E-02	6.710168E-10	2.281405E-11	4.935078E-13	2.998966E-04	3.832157E-09	9.996358E-01	3.760400E-04	1.000000E+00	
0.000000E+00	3.709218E-15	1.078297E-07	0.000000E+00	1.938911E-10	0.000000E+00	1.603520E-13	0.000000E+00	9.026209E-08	2.764699E-10	0.000000E+00	1.162785E-05	0.000000E+00	9.800099E-15	2.720207E-17	1.332015E-13	6.405210E-09	0.000000E+00	2.073660E-25	3.642065E-04	0.000000E+00	6.279867E-18	0.000000E+00	1.771954E-16	6.544686E-24	8.837146E-05	9.999989E-02	6.710174E-10	2.281406E-11	4.935081E-13	2.998966E-04	3.832157E-09	9.996358E-01	3.760400E-04	1.000000E+00	
0.000000E+00	3.709218E-15	1.078297E-07	0.000000E+00	1.938911E-10	0.000000E+00	1.603520E-13	0.000000E+00	9.026209E-08	2.764699E-10	0.000000E+00	1.162785E-05	0.000000E+00	9.800100E-15	2.720207E-17	1.332015E-13	6.405210E-09	0.000000E+00	2.073660E-25	3.642065E-04	0.000000E+00	6.279872E-18	0.000000E+00	1.771954E-16	6.545287E-24	8.837146E-05	9.999989E-02	6.710175E-10	2.281406E-11	4.935082E-13	2.998966E-04	3.832157E-09	9.996358E-01	3.760400E-04	1.000000E+00	
0.000000E+00	3.709218E-15	1.078297E-07	0.000000E+00	1.938911E-10	0.000000E+00	1.603520E-13	0.000000E+00	9.026209E-08	2.764699E-10	0.000000E+00	1.162785E-05	0.000000E+00	9.800100E-15	2.720207E-17	1.332015E-13	6.405210E-09	0.000000E+00	2.073660E-25	3.642065E-04	0.000000E+00	6.279874E-18	0.000000E+00	1.771954E-16	6.545433E-24	8.837146E-05	9.999989E-02	6.710175E-10	2.281406E-11	4.935082E-13	2.998966E-04	3.832157E-09	9.996358E-01	3.760400E-04	1.000000E+00	
0.000000E+00	3.709218E-15	1.078297E-07	0.000000E+00	1.938911E-10	0.000000E+00	1.603520E-13	0.000000E+00	9.026209E-08	2.764699E-10	0.000000E+00	1.162785E-05	0.000000E+00	9.800100E-15	2.720207E-17	1.332015E-13	6.405210E-09	0.000000E+00	2.073660E-25	3.642065E-04	0.000000E+00	6.279874E-18	0.000000E+00	1.771954E-16	6.545462E-24	8.837146E-05	9.999989E-02	6.710175E-10	2.281406E-11	4.935082E-13	2.998966E-04	3.832157E-09	9.996358E-01	3.760400E-04	1.000000E+00	
