1.845037E+01
1.845025E+01
1.845024E+01
1.845023E+01
1.845021E+01
1.845019E+01
1.845017E+01
1.845014E+01
1.845012E+01
1.845009E+01
1.845005E+01
1.845001E+01
1.844997E+01
1.844992E+01
1.844987E+01
1.844981E+01
1.844974E+01
1.844967E+01
1.844958E+01
1.844949E+01
1.844938E+01
1.844926E+01
1.844912E+01
1.844897E+01
1.844880E+01
1.844861E+01
1.844840E+01
1.844815E+01
1.844788E+01
1.844758E+01
1.844724E+01
1.844686E+01
1.844643E+01
1.844595E+01
1.844542E+01
1.844481E+01
1.844414E+01
1.844338E+01
1.844252E+01
1.844157E+01
1.844049E+01
1.843929E+01
1.843794E+01
1.843642E+01
1.843472E+01
1.843281E+01
1.843067E+01
1.842827E+01
1.842558E+01
1.842256E+01
1.841917E+01
1.841536E+01
1.841110E+01
1.840631E+01
1.840094E+01
1.839492E+01
1.838817E+01
1.838060E+01
1.837210E+01
1.836258E+01
1.835189E+01
1.833991E+01
1.832648E+01
1.831143E+01
1.829455E+01
1.827563E+01
1.825443E+01
1.823066E+01
1.820404E+01
1.817422E+01
1.814082E+01
1.810341E+01
1.806154E+01
1.801468E+01
1.796225E+01
1.790361E+01
1.783805E+01
1.776479E+01
1.768296E+01
1.759161E+01
1.748969E+01
1.737607E+01
1.724950E+01
1.710863E+01
1.695199E+01
1.677803E+01
1.658506E+01
1.637132E+01
1.613495E+01
1.587403E+01
1.558660E+01
1.527071E+01
1.492446E+01
1.454609E+01
1.413405E+01
1.368714E+01
1.320467E+01
1.268668E+01
1.213423E+01
1.154975E+01
1.093767E+01
1.030507E+01
1.000000E+01
1.000000E+01
1.000000E+01
1.000000E+01
1.000000E+01
1.000000E+01
1.000000E+01
1.000000E+01
1.000000E+01
1.000000E+01
1.000000E+01
1.000000E+01
1.000000E+01
1.000000E+01
1.000000E+01
1.000000E+01
1.000000E+01
1.000000E+01
1.000000E+01
1.000000E+01
