2.309620E-08	9.125901E-09	2.657399E-10	1.334883E-12	1.013458E-13	2.611680E-14	6.796315E-15	2.034437E-15	5.639632E-16	1.686175E-16	4.809963E-17	1.451262E-17	4.187782E-18	1.302579E-18	3.645650E-19	9.102374E-20	2.563044E-20	6.382778E-21	1.519931E-21	3.617069E-22	8.264698E-23	1.829976E-23	3.306703E-24	5.287009E-25	1.428381E-24	2.595037E-25	7.585182E-25	0.000000E+00	0.000000E+00	0.000000E+00	0.000000E+00	0.000000E+00	6.441144E-25	9.267412E-25	9.434019E-25	6.285644E-25	0.000000E+00	1.188466E-24	1.665266E-24	4.282821E-24	0.000000E+00	
2.310873E-08	9.131418E-09	2.659718E-10	1.346103E-12	1.034971E-13	2.667253E-14	6.940874E-15	2.077674E-15	5.759436E-16	1.721966E-16	4.912008E-17	1.482031E-17	4.276531E-18	1.330170E-18	3.722827E-19	9.294782E-20	2.617095E-20	6.517402E-21	1.551368E-21	3.689625E-22	8.555988E-23	1.987980E-23	4.293827E-24	1.029937E-24	6.052393E-25	1.835711E-25	0.000000E+00	3.095869E-25	0.000000E+00	0.000000E+00	0.000000E+00	9.766224E-25	2.980758E-25	5.876698E-26	1.215628E-24	1.981821E-24	1.179682E-24	6.667326E-25	0.000000E+00	1.466751E-24	6.657229E-24	
2.311031E-08	9.132111E-09	2.660008E-10	1.347505E-12	1.037659E-13	2.674197E-14	6.958937E-15	2.083077E-15	5.774405E-16	1.726438E-16	4.924758E-17	1.485876E-17	4.287620E-18	1.333618E-18	3.732490E-19	9.319038E-20	2.624087E-20	6.535762E-21	1.555674E-21	3.714473E-22	8.568913E-23	2.061045E-23	5.309627E-24	2.617251E-24	1.457663E-24	1.141412E-24	1.746854E-25	1.168675E-24	1.681826E-24	4.398436E-25	1.981114E-25	3.931935E-25	9.289626E-26	4.374202E-25	1.050737E-24	0.000000E+00	0.000000E+00	0.000000E+00	4.315637E-25	3.270554E-25	0.000000E+00	
2.311210E-08	9.132895E-09	2.660337E-10	1.349087E-12	1.040692E-13	2.682031E-14	6.979317E-15	2.089172E-15	5.791294E-16	1.731483E-16	4.939143E-17	1.490213E-17	4.300131E-18	1.337508E-18	3.743371E-19	9.346215E-20	2.631646E-20	6.553095E-21	1.559555E-21	3.714328E-22	8.526019E-23	1.715955E-23	3.649611E-24	1.013377E-24	1.290450E-24	3.305895E-25	0.000000E+00	0.000000E+00	1.065682E-24	9.620821E-25	1.370220E-24	3.041343E-25	0.000000E+00	5.006301E-25	1.096378E-24	1.192606E-24	3.126464E-24	2.213455E-24	1.412629E-24	5.557519E-24	2.511228E-25	
2.311411E-08	9.133782E-09	2.660708E-10	1.350874E-12	1.044116E-13	2.690877E-14	7.002327E-15	2.096054E-15	5.810363E-16	1.737180E-16	4.955385E-17	1.495111E-17	4.314257E-18	1.341901E-18	3.755662E-19	9.376714E-20	2.640102E-20	6.572673E-21	1.562707E-21	3.716242E-22	8.430053E-23	1.705293E-23	3.343458E-24	0.000000E+00	0.000000E+00	0.000000E+00	0.000000E+00	0.000000E+00	0.000000E+00	0.000000E+00	0.000000E+00	0.000000E+00	0.000000E+00	0.000000E+00	0.000000E+00	0.000000E+00	0.000000E+00	0.000000E+00	2.766693E-25	0.000000E+00	0.000000E+00	
2.311640E-08	9.134785E-09	2.661129E-10	1.352893E-12	1.047986E-13	2.700873E-14	7.028327E-15	2.103831E-15	5.831910E-16	1.743617E-16	4.973737E-17	1.500644E-17	4.330218E-18	1.346862E-18	3.769560E-19	9.411702E-20	2.650056E-20	6.598118E-21	1.569648E-21	3.729720E-22	8.713831E-23	1.941290E-23	4.437210E-24	1.798956E-24	2.056440E-24	1.227240E-24	6.430037E-25	1.587314E-24	1.574188E-24	2.003530E-24	2.755586E-24	1.362647E-24	2.615333E-24	3.546517E-24	2.604427E-24	2.060681E-24	1.645576E-24	3.064163E-24	3.770780E-24	1.250262E-24	6.935918E-25	
2.311898E-08	9.135923E-09	2.661605E-10	1.355177E-12	1.052362E-13	2.712177E-14	7.057733E-15	2.112626E-15	5.856279E-16	1.750897E-16	4.994493E-17	1.506903E-17	4.348269E-18	1.352475E-18	3.785262E-19	9.450812E-20	2.660980E-20	6.626353E-21	1.577219E-21	3.755715E-22	8.645734E-23	1.902435E-23	4.121767E-24	1.072750E-24	4.582209E-25	0.000000E+00	0.000000E+00	0.000000E+00	2.809102E-25	6.165484E-25	1.500880E-24	0.000000E+00	3.620935E-25	2.976719E-25	1.647091E-24	1.914471E-25	6.919762E-25	1.809256E-24	2.180033E-24	2.722264E-24	9.991397E-25	
2.312192E-08	9.137213E-09	2.662144E-10	1.357763E-12	1.057316E-13	2.724975E-14	7.091023E-15	2.122582E-15	5.883867E-16	1.759138E-16	5.017990E-17	1.513988E-17	4.368704E-18	1.358827E-18	3.803022E-19	9.495091E-20	2.673521E-20	6.657202E-21	1.584547E-21	3.762230E-22	8.646259E-23	1.975661E-23	3.860445E-24	1.050132E-25	0.000000E+00	0.000000E+00	0.000000E+00	0.000000E+00	0.000000E+00	0.000000E+00	0.000000E+00	0.000000E+00	0.000000E+00	1.053161E-25	0.000000E+00	0.000000E+00	0.000000E+00	0.000000E+00	0.000000E+00	0.000000E+00	0.000000E+00	
2.312526E-08	9.138680E-09	2.662757E-10	1.360693E-12	1.062931E-13	2.739480E-14	7.128753E-15	2.133867E-15	5.915134E-16	1.768479E-16	5.044621E-17	1.522018E-17	4.391863E-18	1.366028E-18	3.823183E-19	9.545567E-20	2.687704E-20	6.692945E-21	1.592195E-21	3.783095E-22	8.711892E-23	2.009548E-23	4.416611E-24	9.160379E-25	0.000000E+00	9.517828E-25	1.758970E-25	0.000000E+00	1.371230E-25	1.134142E-24	3.958188E-26	1.827734E-24	3.438171E-25	0.000000E+00	0.000000E+00	0.000000E+00	0.000000E+00	0.000000E+00	8.569680E-25	7.423623E-25	6.416607E-24	
2.312907E-08	9.140350E-09	2.663454E-10	1.364020E-12	1.069304E-13	2.755941E-14	7.171573E-15	2.146674E-15	5.950619E-16	1.779080E-16	5.074844E-17	1.531130E-17	4.418148E-18	1.374198E-18	3.846042E-19	9.602520E-20	2.703775E-20	6.733442E-21	1.603110E-21	3.815625E-22	8.861374E-23	1.937654E-23	4.724381E-24	1.556214E-24	8.659547E-25	9.538023E-25	1.295095E-24	5.757549E-25	1.095166E-24	2.589786E-24	1.600239E-24	1.027513E-24	2.073000E-25	0.000000E+00	3.894575E-25	0.000000E+00	0.000000E+00	1.073760E-24	5.397576E-24	0.000000E+00	0.000000E+00	
2.313341E-08	9.142254E-09	2.664248E-10	1.367802E-12	1.076546E-13	2.774649E-14	7.220237E-15	2.161229E-15	5.990947E-16	1.791127E-16	5.109191E-17	1.541487E-17	4.448019E-18	1.383486E-18	3.872028E-19	9.667284E-20	2.721945E-20	6.776840E-21	1.613316E-21	3.832253E-22	8.685841E-23	1.913946E-23	4.552725E-24	1.222192E-24	8.199105E-25	7.833578E-25	2.744479E-25	1.025090E-24	1.700607E-24	2.041496E-24	2.127930E-24	1.347299E-24	2.129344E-24	3.245816E-24	1.929516E-24	8.918041E-25	0.000000E+00	6.579479E-25	0.000000E+00	0.000000E+00	0.000000E+00	
2.313837E-08	9.144430E-09	2.665154E-10	1.372108E-12	1.084792E-13	2.795948E-14	7.275640E-15	2.177798E-15	6.036857E-16	1.804842E-16	5.148293E-17	1.553277E-17	4.482024E-18	1.394057E-18	3.901602E-19	9.741101E-20	2.742910E-20	6.830050E-21	1.624183E-21	3.864319E-22	8.775263E-23	1.901829E-23	3.470281E-24	2.120458E-25	2.338562E-25	1.312665E-26	0.000000E+00	3.251369E-26	6.183660E-25	1.942744E-25	0.000000E+00	1.837427E-24	9.531964E-25	0.000000E+00	3.868321E-25	2.098446E-24	2.048363E-24	9.297704E-25	2.116116E-24	1.755537E-24	0.000000E+00	
2.314406E-08	9.146923E-09	2.666191E-10	1.377020E-12	1.094196E-13	2.820241E-14	7.338831E-15	2.196697E-15	6.089222E-16	1.820485E-16	5.192892E-17	1.566724E-17	4.520809E-18	1.406116E-18	3.935339E-19	9.825336E-20	2.766501E-20	6.887520E-21	1.638297E-21	3.888003E-22	8.838271E-23	1.899446E-23	3.729987E-24	0.000000E+00	0.000000E+00	0.000000E+00	0.000000E+00	0.000000E+00	0.000000E+00	0.000000E+00	0.000000E+00	0.000000E+00	0.000000E+00	0.000000E+00	0.000000E+00	0.000000E+00	0.000000E+00	0.000000E+00	0.000000E+00	0.000000E+00	0.000000E+00	
2.315059E-08	9.149787E-09	2.667380E-10	1.382636E-12	1.104946E-13	2.848010E-14	7.411063E-15	2.218300E-15	6.149078E-16	1.838365E-16	5.243869E-17	1.582095E-17	4.565142E-18	1.419900E-18	3.973924E-19	9.921727E-20	2.793691E-20	6.957129E-21	1.655830E-21	3.941746E-22	9.049025E-23	1.957728E-23	3.301856E-24	6.910674E-25	7.835598E-26	0.000000E+00	0.000000E+00	0.000000E+00	0.000000E+00	0.000000E+00	0.000000E+00	0.000000E+00	2.023220E-24	2.002722E-24	1.821474E-24	2.130354E-24	1.375773E-24	2.768309E-24	3.847723E-24	1.647394E-24	0.000000E+00	
2.315813E-08	9.153088E-09	2.668749E-10	1.389074E-12	1.117266E-13	2.879831E-14	7.493836E-15	2.243055E-15	6.217668E-16	1.858854E-16	5.302285E-17	1.599708E-17	4.615942E-18	1.435694E-18	4.018114E-19	1.003192E-19	2.824629E-20	7.032214E-21	1.672476E-21	3.972175E-22	9.030445E-23	1.831066E-23	3.815613E-24	1.292470E-26	2.758615E-25	0.000000E+00	3.463415E-25	0.000000E+00	0.000000E+00	0.000000E+00	0.000000E+00	0.000000E+00	0.000000E+00	0.000000E+00	0.000000E+00	0.000000E+00	3.995549E-25	0.000000E+00	1.611447E-24	0.000000E+00	0.000000E+00	
2.316686E-08	9.156907E-09	2.670328E-10	1.396475E-12	1.131423E-13	2.916399E-14	7.588956E-15	2.271503E-15	6.296488E-16	1.882399E-16	5.369412E-17	1.619947E-17	4.674317E-18	1.453841E-18	4.068893E-19	1.015869E-19	2.860396E-20	7.122608E-21	1.694153E-21	4.024500E-22	9.074551E-23	1.969158E-23	3.635475E-24	4.200527E-25	0.000000E+00	0.000000E+00	0.000000E+00	0.000000E+00	0.000000E+00	0.000000E+00	0.000000E+00	0.000000E+00	0.000000E+00	0.000000E+00	0.000000E+00	0.000000E+00	0.000000E+00	0.000000E+00	0.000000E+00	0.000000E+00	3.756442E-24	
2.317701E-08	9.161342E-09	2.672159E-10	1.405011E-12	1.147745E-13	2.958561E-14	7.698627E-15	2.304301E-15	6.387363E-16	1.909545E-16	5.446805E-17	1.643281E-17	4.741618E-18	1.474766E-18	4.127436E-19	1.030476E-19	2.901571E-20	7.225454E-21	1.719709E-21	4.089697E-22	9.369355E-23	2.071627E-23	4.602404E-24	8.724171E-25	1.936685E-25	0.000000E+00	2.599076E-25	6.240205E-26	0.000000E+00	0.000000E+00	1.129093E-24	6.847060E-25	1.554094E-24	1.161708E-24	0.000000E+00	1.084261E-24	6.002916E-25	0.000000E+00	1.031350E-24	3.646986E-24	4.595437E-24	
2.318886E-08	9.166520E-09	2.674291E-10	1.414894E-12	1.166637E-13	3.007357E-14	7.825552E-15	2.342259E-15	6.492534E-16	1.940961E-16	5.536369E-17	1.670285E-17	4.819501E-18	1.498977E-18	4.195168E-19	1.047380E-19	2.949030E-20	7.342536E-21	1.746677E-21	4.148230E-22	9.485274E-23	2.031439E-23	4.530106E-24	6.494660E-25	0.000000E+00	0.000000E+00	0.000000E+00	0.000000E+00	0.000000E+00	0.000000E+00	0.000000E+00	0.000000E+00	1.311756E-24	1.303981E-24	1.038419E-24	3.265203E-24	1.473415E-24	3.031750E-24	2.680865E-24	1.050717E-23	9.686859E-24	
2.320280E-08	9.172598E-09	2.676785E-10	1.426388E-12	1.188596E-13	3.064077E-14	7.973091E-15	2.386381E-15	6.614782E-16	1.977477E-16	5.640475E-17	1.701673E-17	4.910029E-18	1.527120E-18	4.273928E-19	1.067044E-19	3.004549E-20	7.481757E-21	1.781094E-21	4.230839E-22	9.757783E-23	2.061732E-23	4.036141E-24	1.167262E-25	4.660969E-25	0.000000E+00	0.000000E+00	0.000000E+00	0.000000E+00	0.000000E+00	0.000000E+00	0.000000E+00	0.000000E+00	0.000000E+00	0.000000E+00	0.000000E+00	0.000000E+00	0.000000E+00	0.000000E+00	0.000000E+00	6.202845E-25	
2.321928E-08	9.179780E-09	2.679724E-10	1.439825E-12	1.214254E-13	3.130348E-14	8.145470E-15	2.437931E-15	6.757609E-16	2.020139E-16	5.762101E-17	1.738343E-17	5.015788E-18	1.559999E-18	4.365903E-19	1.090001E-19	3.069158E-20	7.641902E-21	1.819541E-21	4.332338E-22	9.890907E-23	2.143198E-23	4.170638E-24	4.317657E-25	1.312665E-25	0.000000E+00	0.000000E+00	0.000000E+00	0.000000E+00	0.000000E+00	0.000000E+00	0.000000E+00	0.000000E+00	3.378597E-25	1.758970E-25	0.000000E+00	0.000000E+00	0.000000E+00	0.000000E+00	0.000000E+00	0.000000E+00	
2.323894E-08	9.188334E-09	2.683209E-10	1.455629E-12	1.244411E-13	3.208240E-14	8.348076E-15	2.498518E-15	6.925475E-16	2.070280E-16	5.905046E-17	1.781439E-17	5.140082E-18	1.598638E-18	4.474018E-19	1.116971E-19	3.145032E-20	7.832295E-21	1.863886E-21	4.426527E-22	1.021875E-22	2.251603E-23	5.381521E-24	1.957284E-24	4.719534E-25	8.592904E-25	1.532788E-25	7.449876E-25	3.249350E-25	0.000000E+00	0.000000E+00	1.966977E-25	6.755174E-26	1.135556E-24	1.569240E-24	0.000000E+00	2.293528E-24	2.439032E-24	4.457001E-25	8.152657E-25	1.587011E-24	
2.326260E-08	9.198613E-09	2.687379E-10	1.474351E-12	1.280109E-13	3.300440E-14	8.587896E-15	2.570232E-15	7.124167E-16	2.129626E-16	6.074234E-17	1.832446E-17	5.287191E-18	1.644371E-18	4.601989E-19	1.148920E-19	3.235140E-20	8.055566E-21	1.918791E-21	4.565043E-22	1.050035E-22	2.322891E-23	5.885584E-24	2.522739E-24	1.763817E-24	6.314926E-25	7.993117E-25	0.000000E+00	0.000000E+00	7.102525E-25	3.324071E-25	9.426951E-25	1.427472E-24	0.000000E+00	0.000000E+00	0.000000E+00	0.000000E+00	0.000000E+00	2.183062E-24	8.769609E-25	0.000000E+00	
2.329139E-08	9.211102E-09	2.692420E-10	1.496717E-12	1.322718E-13	3.410489E-14	8.874143E-15	2.655826E-15	7.361314E-16	2.200456E-16	6.276157E-17	1.893322E-17	5.462757E-18	1.698949E-18	4.754685E-19	1.187016E-19	3.342220E-20	8.321929E-21	1.980575E-21	4.697388E-22	1.077524E-22	2.264811E-23	4.632696E-24	6.333102E-25	0.000000E+00	0.000000E+00	0.000000E+00	0.000000E+00	0.000000E+00	0.000000E+00	0.000000E+00	0.000000E+00	0.000000E+00	0.000000E+00	0.000000E+00	0.000000E+00	0.000000E+00	0.000000E+00	0.000000E+00	0.000000E+00	0.000000E+00	
2.332691E-08	9.226471E-09	2.698587E-10	1.523713E-12	1.374090E-13	3.543164E-14	9.219239E-15	2.759013E-15	7.647202E-16	2.285840E-16	6.519570E-17	1.966703E-17	5.674388E-18	1.764737E-18	4.938765E-19	1.232957E-19	3.471647E-20	8.644228E-21	2.057881E-21	4.889074E-22	1.129925E-22	2.536108E-23	5.556004E-24	1.901546E-24	1.508151E-24	1.026908E-24	1.475435E-24	1.671931E-24	6.741037E-25	8.043604E-25	0.000000E+00	1.364868E-24	7.528636E-25	0.000000E+00	0.000000E+00	0.000000E+00	0.000000E+00	0.000000E+00	4.240916E-26	5.180279E-24	7.918396E-24	
2.337141E-08	9.245685E-09	2.706244E-10	1.556699E-12	1.436781E-13	3.705068E-14	9.640358E-15	2.884926E-15	7.996051E-16	2.390025E-16	6.816572E-17	2.056236E-17	5.932599E-18	1.845002E-18	5.163335E-19	1.289009E-19	3.629477E-20	9.037803E-21	2.152101E-21	5.120793E-22	1.181455E-22	2.619351E-23	6.392070E-24	2.093801E-24	1.773915E-24	1.264197E-24	1.436257E-24	1.502496E-24	4.632696E-25	1.224009E-24	0.000000E+00	3.726958E-25	1.875091E-25	0.000000E+00	0.000000E+00	0.000000E+00	3.413938E-25	0.000000E+00	0.000000E+00	0.000000E+00	0.000000E+00	
2.342827E-08	9.270169E-09	2.715926E-10	1.597619E-12	1.514431E-13	3.905596E-14	1.016193E-14	3.040867E-15	8.428089E-16	2.519047E-16	7.184375E-17	2.167110E-17	6.252345E-18	1.944397E-18	5.441416E-19	1.358408E-19	3.824894E-20	9.523633E-21	2.266464E-21	5.384037E-22	1.231029E-22	2.667294E-23	5.659806E-24	1.821574E-24	1.114149E-24	0.000000E+00	0.000000E+00	0.000000E+00	0.000000E+00	0.000000E+00	0.000000E+00	0.000000E+00	0.000000E+00	0.000000E+00	0.000000E+00	0.000000E+00	0.000000E+00	0.000000E+00	0.000000E+00	0.000000E+00	0.000000E+00	
2.350269E-08	9.302116E-09	2.728444E-10	1.649349E-12	1.612409E-13	4.158609E-14	1.082002E-14	3.237607E-15	8.973157E-16	2.681814E-16	7.648364E-17	2.306972E-17	6.655685E-18	2.069769E-18	5.792214E-19	1.445953E-19	4.071342E-20	1.013729E-20	2.413249E-21	5.733880E-22	1.314732E-22	2.839354E-23	6.059260E-24	1.055382E-24	1.163829E-24	3.013070E-25	8.825145E-26	0.000000E+00	0.000000E+00	0.000000E+00	9.653133E-26	8.652479E-25	9.900520E-25	0.000000E+00	0.000000E+00	9.347181E-25	1.160698E-24	4.695300E-25	1.060229E-26	4.145294E-24	7.483904E-24	
2.360309E-08	9.345063E-09	2.745098E-10	1.716335E-12	1.738988E-13	4.485460E-14	1.167014E-14	3.491740E-15	9.677223E-16	2.892046E-16	8.247643E-17	2.487604E-17	7.176585E-18	2.231679E-18	6.245193E-19	1.558982E-19	4.389467E-20	1.092893E-20	2.600338E-21	6.177884E-22	1.414596E-22	3.076966E-23	7.930917E-24	1.136969E-24	5.939302E-25	1.399098E-24	1.173320E-24	9.249236E-26	1.775126E-25	0.000000E+00	7.344863E-25	2.362796E-25	8.573719E-25	1.910432E-25	0.000000E+00	0.000000E+00	0.000000E+00	0.000000E+00	0.000000E+00	0.000000E+00	0.000000E+00	
2.374389E-08	9.405054E-09	2.768084E-10	1.805839E-12	1.907635E-13	4.920905E-14	1.280270E-14	3.830270E-15	1.061510E-15	3.172066E-16	9.045835E-17	2.728177E-17	7.870316E-18	2.447299E-18	6.848432E-19	1.709488E-19	4.813358E-20	1.198499E-20	2.851948E-21	6.787655E-22	1.548520E-22	3.402265E-23	7.342844E-24	2.243243E-24	0.000000E+00	0.000000E+00	0.000000E+00	0.000000E+00	0.000000E+00	3.883468E-25	9.445126E-25	2.028572E-25	1.022970E-24	1.518248E-24	1.519258E-24	1.558638E-24	5.018418E-25	4.233848E-25	1.663752E-24	0.000000E+00	0.000000E+00	
2.395175E-08	9.493220E-09	2.801401E-10	1.930617E-12	2.141903E-13	5.525729E-14	1.437578E-14	4.300417E-15	1.191758E-15	3.560904E-16	1.015417E-16	3.062198E-17	8.833488E-18	2.746648E-18	7.685922E-19	1.918470E-19	5.401502E-20	1.344773E-20	3.198227E-21	7.594697E-22	1.729894E-22	3.849581E-23	8.242322E-24	1.014185E-24	0.000000E+00	0.000000E+00	0.000000E+00	0.000000E+00	0.000000E+00	0.000000E+00	0.000000E+00	0.000000E+00	0.000000E+00	0.000000E+00	0.000000E+00	0.000000E+00	7.964845E-25	0.000000E+00	0.000000E+00	0.000000E+00	0.000000E+00	
2.428091E-08	9.632142E-09	2.853084E-10	2.115344E-12	2.487165E-13	6.417002E-14	1.669385E-14	4.993099E-15	1.383656E-15	4.133697E-16	1.178679E-16	3.554165E-17	1.025204E-17	3.187495E-18	8.919245E-19	2.226220E-19	6.268353E-20	1.560756E-20	3.714293E-21	8.834240E-22	2.026899E-22	4.539517E-23	1.108576E-23	3.249754E-24	2.647947E-24	2.182254E-24	2.214162E-24	2.028168E-24	3.072645E-24	2.176196E-24	2.529404E-24	2.228097E-24	2.200935E-24	2.293932E-24	1.019435E-24	0.000000E+00	0.000000E+00	1.198160E-24	2.283027E-25	0.000000E+00	1.826320E-24	
2.485772E-08	9.874286E-09	2.941634E-10	2.414919E-12	3.043940E-13	7.854034E-14	2.043129E-14	6.109645E-15	1.692973E-15	5.056769E-16	1.441764E-16	4.346809E-17	1.253742E-17	3.897649E-18	1.090588E-18	2.721856E-19	7.663509E-20	1.907898E-20	4.538183E-21	1.078354E-21	2.473957E-22	5.397515E-23	1.160557E-23	2.325638E-24	0.000000E+00	0.000000E+00	6.799602E-25	0.000000E+00	0.000000E+00	0.000000E+00	0.000000E+00	1.109706E-24	2.159737E-24	2.544247E-24	1.515623E-24	1.109504E-24	9.159369E-25	0.000000E+00	2.388141E-24	1.461501E-24	5.251466E-24	
2.604253E-08	1.036900E-08	3.119411E-10	2.981259E-12	4.089565E-13	1.055202E-13	2.744799E-14	8.205024E-15	2.273436E-15	6.788370E-16	1.935241E-16	5.833193E-17	1.682252E-17	5.228960E-18	1.462999E-18	3.650903E-19	1.027921E-19	2.559021E-20	6.089052E-21	1.448417E-21	3.330876E-22	7.414293E-23	1.727870E-23	4.641986E-24	2.424188E-24	2.457308E-24	1.022061E-24	2.277776E-24	7.011648E-25	1.734131E-24	0.000000E+00	0.000000E+00	0.000000E+00	2.284036E-25	8.439423E-25	3.154434E-25	1.512593E-25	1.499467E-24	0.000000E+00	0.000000E+00	0.000000E+00	
2.836727E-08	1.133618E-08	3.462829E-10	4.028275E-12	6.012135E-13	1.550947E-13	4.033719E-14	1.205063E-14	3.338396E-15	9.962572E-16	2.839446E-16	8.554927E-17	2.466590E-17	7.664661E-18	2.144189E-18	5.349648E-19	1.506148E-19	3.749244E-20	8.920060E-21	2.120053E-21	4.854722E-22	1.066683E-22	2.280442E-23	3.198863E-24	5.484918E-25	2.500121E-25	3.790571E-25	8.279884E-25	1.869638E-24	1.585093E-24	1.169281E-25	0.000000E+00	6.256361E-25	0.000000E+00	0.000000E+00	0.000000E+00	2.160848E-26	5.976663E-25	0.000000E+00	0.000000E+00	0.000000E+00	
3.354426E-08	1.349115E-08	4.229713E-10	6.387993E-12	1.034680E-12	2.667657E-13	6.936172E-14	2.069940E-14	5.732587E-15	1.709009E-15	4.868713E-16	1.465760E-16	4.224324E-17	1.311978E-17	3.669375E-18	9.151428E-19	2.576421E-19	6.412656E-20	1.525765E-20	3.628252E-21	8.321082E-22	1.851406E-22	4.093413E-23	9.656768E-24	2.519104E-24	2.050180E-24	3.483610E-24	9.212886E-25	2.918154E-25	2.938551E-24	1.193717E-24	3.871351E-25	1.535818E-24	9.612743E-26	0.000000E+00	0.000000E+00	0.000000E+00	0.000000E+00	0.000000E+00	0.000000E+00	3.939003E-25	
4.568471E-08	1.858873E-08	6.098518E-10	1.278167E-11	2.221422E-12	5.720636E-13	1.486751E-13	4.428463E-14	1.225808E-14	3.647874E-15	1.038436E-15	3.122033E-16	8.991005E-17	2.789825E-17	7.799366E-18	1.943854E-18	5.471959E-19	1.361514E-19	3.238387E-20	7.696947E-21	1.762644E-21	3.873685E-22	8.273987E-23	1.602259E-23	2.927848E-24	0.000000E+00	0.000000E+00	1.971016E-25	0.000000E+00	0.000000E+00	0.000000E+00	0.000000E+00	0.000000E+00	0.000000E+00	1.128488E-24	0.000000E+00	5.196132E-25	0.000000E+00	0.000000E+00	0.000000E+00	0.000000E+00	
7.592952E-08	3.161597E-08	1.127994E-09	3.514734E-11	6.453077E-12	1.658190E-12	4.307086E-13	1.278619E-13	3.536997E-14	1.049270E-14	2.983546E-15	8.948626E-16	2.574021E-16	7.974184E-17	2.227779E-17	5.546149E-18	1.560972E-18	3.882205E-19	9.230983E-20	2.193682E-20	5.030433E-21	1.106902E-21	2.373637E-22	5.003150E-23	1.443042E-23	4.003425E-24	1.101023E-24	0.000000E+00	0.000000E+00	0.000000E+00	3.104351E-24	0.000000E+00	1.024282E-24	0.000000E+00	0.000000E+00	0.000000E+00	0.000000E+00	0.000000E+00	0.000000E+00	0.000000E+00	0.000000E+00	
1.450579E-07	6.326180E-08	2.617422E-09	1.242103E-10	2.364320E-11	6.059621E-12	1.575108E-12	4.655136E-13	1.288941E-13	3.808682E-14	1.082890E-14	3.238759E-15	9.310578E-16	2.879204E-16	8.040606E-17	1.999936E-17	5.628313E-18	1.399363E-18	3.327217E-19	7.905666E-20	1.812258E-20	3.993916E-21	8.539299E-22	1.838360E-22	4.332197E-23	1.759859E-23	1.793463E-23	1.791363E-23	1.887975E-23	1.043185E-23	1.014589E-23	3.393541E-24	1.752912E-24	0.000000E+00	0.000000E+00	1.782800E-24	0.000000E+00	0.000000E+00	0.000000E+00	0.000000E+00	0.000000E+00	
2.689538E-07	1.278621E-07	6.623324E-09	4.552320E-10	8.834606E-11	2.256245E-11	5.880756E-12	1.726499E-12	4.796572E-13	1.409430E-13	4.013169E-14	1.195681E-14	3.437989E-15	1.060720E-15	2.962217E-16	7.362907E-17	2.072139E-17	5.151428E-18	1.225268E-18	2.911034E-19	6.676576E-20	1.469331E-20	3.128610E-21	6.336688E-22	1.287752E-22	2.648917E-23	0.000000E+00	0.000000E+00	0.000000E+00	0.000000E+00	3.087387E-24	0.000000E+00	4.777291E-24	8.864727E-24	7.299223E-24	1.975863E-23	1.256927E-23	0.000000E+00	0.000000E+00	0.000000E+00	0.000000E+00	
4.272198E-07	2.328166E-07	1.583035E-08	1.433333E-09	2.809492E-10	7.151699E-11	1.876625E-11	5.467894E-12	1.531600E-12	4.475140E-13	1.280891E-13	3.803397E-14	1.096604E-14	3.377577E-15	9.445274E-16	2.349657E-16	6.615563E-17	1.645917E-17	3.920383E-18	9.317383E-19	2.138437E-19	4.711519E-20	9.998080E-21	2.027129E-21	3.641598E-22	4.535276E-23	2.174580E-24	0.000000E+00	0.000000E+00	0.000000E+00	0.000000E+00	0.000000E+00	0.000000E+00	0.000000E+00	0.000000E+00	0.000000E+00	1.141412E-23	0.000000E+00	4.573727E-24	4.957591E-23	5.295087E-23	
5.495642E-07	3.487271E-07	2.998377E-08	3.218940E-09	6.349261E-10	1.613041E-10	4.271822E-11	1.236953E-11	3.503309E-12	1.019722E-12	2.941440E-13	8.719181E-14	2.525845E-14	7.776163E-15	2.180043E-15	5.436025E-16	1.531784E-16	3.816997E-17	9.112427E-18	2.167256E-18	4.981142E-19	1.098796E-19	2.339691E-20	4.821700E-21	9.550382E-22	2.161397E-22	5.308173E-23	3.761087E-23	1.907685E-23	2.672181E-23	2.433074E-24	1.986203E-23	0.000000E+00	1.938381E-23	2.860235E-23	0.000000E+00	8.155484E-24	0.000000E+00	0.000000E+00	0.000000E+00	0.000000E+00	
6.082736E-07	4.330993E-07	4.323881E-08	5.089063E-09	1.008588E-09	2.560587E-10	6.833897E-11	1.971856E-11	5.635912E-12	1.637866E-12	4.756150E-13	1.409483E-13	4.100669E-14	1.262909E-14	3.548857E-15	8.871312E-16	2.501687E-16	6.243511E-17	1.493608E-17	3.554799E-18	8.179261E-19	1.806403E-19	3.846337E-20	7.957594E-21	1.571268E-21	3.081765E-22	9.381391E-23	5.561497E-23	3.048290E-23	0.000000E+00	2.339370E-23	0.000000E+00	0.000000E+00	4.122009E-23	6.660420E-23	5.551157E-23	6.997108E-23	1.035688E-22	8.708338E-23	0.000000E+00	5.818699E-23	
6.341257E-07	4.904222E-07	5.397250E-08	6.717283E-09	1.336381E-09	3.392082E-10	9.105353E-11	2.621814E-11	7.543901E-12	2.190940E-12	6.393777E-13	1.895137E-13	5.531545E-14	1.704428E-14	4.798167E-15	1.201859E-15	3.391170E-16	8.473804E-17	2.030365E-17	4.834956E-18	1.113409E-18	2.459769E-19	5.243917E-20	1.077478E-20	2.170341E-21	3.979256E-22	3.032780E-23	3.253792E-23	0.000000E+00	0.000000E+00	1.253696E-23	0.000000E+00	0.000000E+00	0.000000E+00	0.000000E+00	0.000000E+00	0.000000E+00	0.000000E+00	0.000000E+00	4.005687E-23	9.127744E-23	
6.453274E-07	5.306154E-07	6.252636E-08	8.083636E-09	1.613849E-09	4.097932E-10	1.105260E-10	3.179894E-11	9.199819E-12	2.672616E-12	7.832152E-13	2.323200E-13	6.800346E-14	2.097040E-14	5.912845E-15	1.483881E-15	4.189040E-16	1.047907E-16	2.514249E-17	5.990382E-18	1.380559E-18	3.052856E-19	6.507532E-20	1.342000E-20	2.712002E-21	5.513547E-22	9.398840E-23	5.323683E-23	5.695914E-23	3.782413E-23	4.052539E-23	5.028353E-23	2.894486E-23	5.444852E-23	7.711844E-23	7.309886E-23	1.322100E-22	1.496324E-22	1.396610E-22	1.420424E-22	4.158521E-23	
6.496340E-07	5.609504E-07	6.967852E-08	9.271527E-09	1.856746E-09	4.716888E-10	1.277197E-10	3.673005E-11	1.067380E-11	3.102253E-12	9.122443E-13	2.707999E-13	7.945454E-14	2.451981E-14	6.922840E-15	1.740169E-15	4.914588E-16	1.230554E-16	2.955816E-17	7.045551E-18	1.624753E-18	3.594972E-19	7.667958E-20	1.584512E-20	3.201900E-21	6.305313E-22	1.430505E-22	7.592613E-23	7.458843E-23	3.850267E-23	2.511269E-23	5.163416E-23	6.546359E-23	9.693523E-26	6.333102E-25	4.201173E-23	0.000000E+00	0.000000E+00	5.982842E-23	0.000000E+00	0.000000E+00	
6.501862E-07	5.856293E-07	7.604119E-08	1.036314E-08	2.081354E-09	5.290085E-10	1.437330E-10	4.132583E-11	1.205573E-11	3.505785E-12	1.033986E-12	3.071704E-13	9.031238E-14	2.789004E-14	7.883594E-15	1.984554E-15	5.606804E-16	1.405045E-16	3.378325E-17	8.055818E-18	1.858683E-18	4.114160E-19	8.779328E-20	1.809324E-20	3.589848E-21	6.767630E-22	1.552773E-22	5.811590E-23	9.505468E-23	4.057709E-23	0.000000E+00	2.729696E-23	2.709017E-23	4.152705E-23	3.700987E-23	0.000000E+00	3.859961E-23	1.246070E-22	1.701633E-22	2.732830E-22	3.516713E-22	
6.482509E-07	6.068582E-07	8.199435E-08	1.141504E-08	2.299228E-09	5.847263E-10	1.593878E-10	4.582581E-11	1.341680E-11	3.904229E-12	1.154742E-12	3.433274E-13	1.011417E-13	3.125712E-14	8.845226E-15	2.229778E-15	6.301760E-16	1.580463E-16	3.803723E-17	9.073639E-18	2.094590E-18	4.637891E-19	9.897699E-20	2.034542E-20	4.002533E-21	7.120345E-22	7.937703E-23	0.000000E+00	0.000000E+00	0.000000E+00	0.000000E+00	0.000000E+00	0.000000E+00	0.000000E+00	0.000000E+00	0.000000E+00	0.000000E+00	1.798472E-23	0.000000E+00	0.000000E+00	0.000000E+00	
6.443246E-07	6.256756E-07	8.773671E-08	1.245850E-08	2.516775E-09	6.404718E-10	1.751331E-10	5.035875E-11	1.479514E-11	4.308687E-12	1.277827E-12	3.802575E-13	1.122350E-13	3.471161E-14	9.833475E-15	2.482374E-15	7.017939E-16	1.761467E-16	4.243289E-17	1.012610E-17	2.338779E-18	5.182088E-19	1.106689E-19	2.285024E-20	4.554935E-21	8.563646E-22	1.186616E-22	0.000000E+00	3.560754E-24	6.662681E-24	4.245117E-23	2.451815E-23	4.251579E-23	9.592064E-23	0.000000E+00	3.465111E-23	0.000000E+00	8.093445E-23	0.000000E+00	2.455692E-25	1.112299E-22	
6.386323E-07	6.425770E-07	9.337208E-08	1.351122E-08	2.737779E-09	6.972280E-10	1.912483E-10	5.500661E-11	1.621581E-11	4.726640E-12	1.405532E-12	4.186568E-13	1.238029E-13	3.831966E-14	1.086736E-14	2.747250E-15	7.769266E-16	1.951588E-16	4.705646E-17	1.123383E-17	2.595986E-18	5.754596E-19	1.229893E-19	2.542281E-20	5.124875E-21	1.015649E-21	2.013409E-22	4.698774E-23	0.000000E+00	2.283148E-23	6.094641E-23	9.820185E-23	3.722313E-23	4.674863E-23	3.976283E-23	3.421490E-23	7.341228E-24	9.511285E-23	4.816711E-23	0.000000E+00	0.000000E+00	
6.312928E-07	6.577581E-07	9.894383E-08	1.458160E-08	2.964156E-09	7.555070E-10	2.078847E-10	5.981489E-11	1.769318E-11	5.162498E-12	1.539246E-12	4.589552E-13	1.359781E-13	4.212344E-14	1.195914E-14	3.027620E-15	8.564886E-16	2.153172E-16	5.196561E-17	1.241074E-17	2.869438E-18	6.363959E-19	1.361091E-19	2.813599E-20	5.699778E-21	1.145283E-21	2.333166E-22	9.709032E-23	1.715754E-23	1.667932E-23	0.000000E+00	0.000000E+00	0.000000E+00	0.000000E+00	0.000000E+00	0.000000E+00	0.000000E+00	0.000000E+00	0.000000E+00	0.000000E+00	0.000000E+00	
6.223938E-07	6.712552E-07	1.044574E-07	1.567168E-08	3.196549E-09	8.154990E-10	2.251046E-10	6.480394E-11	1.923417E-11	5.618525E-12	1.679715E-12	5.013933E-13	1.488372E-13	4.614798E-14	1.311623E-14	3.325481E-15	9.410496E-16	2.367697E-16	5.719726E-17	1.366576E-17	3.161237E-18	7.013858E-19	1.499716E-19	3.099147E-20	6.152647E-21	1.183553E-21	1.714203E-22	1.724801E-23	0.000000E+00	0.000000E+00	0.000000E+00	0.000000E+00	0.000000E+00	0.000000E+00	0.000000E+00	3.927169E-23	7.286298E-24	0.000000E+00	3.370761E-23	0.000000E+00	5.921127E-23	
6.120254E-07	6.830256E-07	1.098944E-07	1.677922E-08	3.434711E-09	8.771692E-10	2.429076E-10	6.997621E-11	2.084031E-11	6.095423E-12	1.827219E-12	5.460727E-13	1.624156E-13	5.040551E-14	1.434238E-14	3.641911E-15	1.030919E-15	2.595989E-16	6.277275E-17	1.500426E-17	3.472807E-18	7.708719E-19	1.648916E-19	3.406038E-20	6.766131E-21	1.238703E-21	1.945813E-22	1.440457E-23	2.772348E-24	0.000000E+00	0.000000E+00	0.000000E+00	0.000000E+00	0.000000E+00	0.000000E+00	0.000000E+00	0.000000E+00	1.944521E-23	0.000000E+00	5.552773E-23	0.000000E+00	
6.002833E-07	6.928504E-07	1.151735E-07	1.788766E-08	3.674703E-09	9.393489E-10	2.609157E-10	7.520803E-11	2.246973E-11	6.579611E-12	1.977282E-12	5.915580E-13	1.762590E-13	5.474826E-14	1.559426E-14	3.965475E-15	1.122840E-15	2.829706E-16	6.848733E-17	1.637691E-17	3.792573E-18	8.423043E-19	1.803463E-19	3.733030E-20	7.486838E-21	1.443908E-21	2.704881E-22	5.153723E-23	0.000000E+00	0.000000E+00	4.406029E-23	0.000000E+00	0.000000E+00	0.000000E+00	0.000000E+00	0.000000E+00	0.000000E+00	9.014976E-25	0.000000E+00	2.005913E-23	3.290305E-23	
5.873263E-07	7.010117E-07	1.203709E-07	1.901691E-08	3.922600E-09	1.004086E-09	2.798532E-10	8.075404E-11	2.421274E-11	7.101676E-12	2.140258E-12	6.412468E-13	1.914609E-13	5.953658E-14	1.697852E-14	4.324706E-15	1.224953E-15	3.089840E-16	7.485994E-17	1.790906E-17	4.149755E-18	9.221626E-19	1.974634E-19	4.088813E-20	8.217535E-21	1.602133E-21	3.125709E-22	6.368644E-23	0.000000E+00	1.325428E-23	3.482560E-23	7.298576E-23	3.085125E-23	3.863192E-23	1.095368E-23	2.003328E-23	0.000000E+00	1.138278E-22	0.000000E+00	0.000000E+00	0.000000E+00	
5.732707E-07	7.072832E-07	1.253923E-07	2.014742E-08	4.173862E-09	1.070074E-09	2.993080E-10	8.648217E-11	2.602536E-11	7.647559E-12	2.311565E-12	6.936827E-13	2.075640E-13	6.462260E-14	1.845194E-14	4.708280E-15	1.334031E-15	3.368153E-16	8.168916E-17	1.955241E-17	4.533181E-18	1.007853E-18	2.158756E-19	4.469523E-20	8.919993E-21	1.745170E-21	3.098050E-22	3.578849E-23	1.599431E-23	0.000000E+00	0.000000E+00	0.000000E+00	0.000000E+00	0.000000E+00	0.000000E+00	0.000000E+00	0.000000E+00	0.000000E+00	0.000000E+00	1.173498E-22	1.472446E-23	
5.608483E-07	7.145855E-07	1.306704E-07	2.133803E-08	4.438836E-09	1.139489E-09	3.197314E-10	9.247939E-11	2.791938E-11	8.216821E-12	2.489924E-12	7.481987E-13	2.242897E-13	6.990006E-14	1.998040E-14	5.106185E-15	1.447184E-15	3.656927E-16	8.877815E-17	2.125873E-17	4.931576E-18	1.096992E-18	2.351548E-19	4.875297E-20	9.739380E-21	1.939674E-21	4.092347E-22	9.980451E-23	6.307898E-23	5.894308E-23	7.066578E-23	1.255634E-22	8.574890E-23	2.718064E-23	4.311033E-23	1.059728E-22	3.769811E-23	0.000000E+00	0.000000E+00	4.973100E-23	0.000000E+00	
5.558946E-07	7.310644E-07	1.378221E-07	2.286985E-08	4.778888E-09	1.228748E-09	3.459488E-10	1.002017E-10	3.035411E-11	8.950116E-12	2.719532E-12	8.184705E-13	2.458471E-13	7.670804E-14	2.195205E-14	5.619536E-15	1.593145E-15	4.029409E-16	9.792032E-17	2.345926E-17	5.445365E-18	1.211902E-18	2.598589E-19	5.385681E-20	1.079494E-20	2.067447E-21	3.992956E-22	5.619012E-23	5.619658E-23	1.328013E-23	0.000000E+00	0.000000E+00	5.513030E-23	6.442961E-24	0.000000E+00	8.596862E-23	1.264455E-22	7.727030E-23	0.000000E+00	8.094738E-23	1.131105E-22	
5.496267E-07	7.454986E-07	1.447890E-07	2.440581E-08	5.123534E-09	1.319617E-09	3.728012E-10	1.081438E-10	3.287123E-11	9.711446E-12	2.958867E-12	8.919417E-13	2.684515E-13	8.386161E-14	2.402726E-14	6.161266E-15	1.747224E-15	4.423135E-16	1.075979E-16	2.579048E-17	5.990033E-18	1.333904E-18	2.861867E-19	5.938745E-20	1.194091E-20	2.316351E-21	4.477761E-22	8.990419E-23	5.083283E-23	1.247621E-22	4.261273E-23	4.422831E-23	0.000000E+00	4.905569E-23	4.276136E-23	6.214194E-23	1.467405E-22	0.000000E+00	8.466323E-23	0.000000E+00	0.000000E+00	
5.421398E-07	7.577523E-07	1.514952E-07	2.592991E-08	5.469418E-09	1.411246E-09	4.000461E-10	1.162371E-10	3.544961E-11	1.049471E-11	3.206066E-12	9.680604E-13	2.919375E-13	9.130991E-14	2.619157E-14	6.727735E-15	1.908389E-15	4.835519E-16	1.177489E-16	2.823761E-17	6.562268E-18	1.462109E-18	3.138354E-19	6.514338E-20	1.308386E-20	2.553791E-21	5.488085E-22	9.774302E-23	0.000000E+00	0.000000E+00	5.701084E-23	2.995299E-23	0.000000E+00	0.000000E+00	0.000000E+00	0.000000E+00	0.000000E+00	0.000000E+00	0.000000E+00	0.000000E+00	0.000000E+00	
5.335836E-07	7.676095E-07	1.578043E-07	2.740832E-08	5.807921E-09	1.501072E-09	4.268395E-10	1.242061E-10	3.799467E-11	1.126918E-11	3.450918E-12	1.043548E-12	3.152604E-13	9.871244E-14	2.834463E-14	7.292223E-15	2.069028E-15	5.246974E-16	1.278890E-16	3.068385E-17	7.134878E-18	1.590521E-18	3.416022E-19	7.093787E-20	1.426331E-20	2.785621E-21	5.165355E-22	9.379453E-23	0.000000E+00	0.000000E+00	0.000000E+00	0.000000E+00	0.000000E+00	0.000000E+00	0.000000E+00	0.000000E+00	9.399486E-24	0.000000E+00	0.000000E+00	0.000000E+00	6.461702E-23	
5.239916E-07	7.753553E-07	1.638200E-07	2.887066E-08	6.148643E-09	1.592426E-09	4.543961E-10	1.324817E-10	4.066219E-11	1.208794E-11	3.711586E-12	1.124386E-12	3.403603E-13	1.067112E-13	3.067724E-14	7.906196E-15	2.243809E-15	5.695462E-16	1.389619E-16	3.335767E-17	7.761233E-18	1.731081E-18	3.719335E-19	7.728937E-20	1.553823E-20	3.049970E-21	5.533580E-22	1.162835E-22	6.320823E-23	3.993731E-23	3.543952E-23	9.436968E-23	1.094463E-22	1.001341E-22	1.920998E-22	1.994475E-22	2.783851E-22	3.665379E-22	4.062749E-22	3.868717E-22	4.392426E-22	
5.135784E-07	7.807120E-07	1.693428E-07	3.026301E-08	6.476814E-09	1.680718E-09	4.811515E-10	1.405392E-10	4.326854E-11	1.289029E-11	3.967675E-12	1.203962E-12	3.651155E-13	1.146106E-13	3.298371E-14	8.514578E-15	2.417040E-15	6.140496E-16	1.499642E-16	3.601651E-17	8.384785E-18	1.871159E-18	4.022750E-19	8.358337E-20	1.685935E-20	3.292877E-21	6.446710E-22	1.213500E-22	5.451637E-23	3.655751E-23	3.967882E-23	5.995767E-23	2.249544E-23	5.754721E-23	4.105530E-23	9.157148E-23	2.198911E-22	1.197409E-22	5.854242E-23	0.000000E+00	1.108099E-22	
5.024542E-07	7.838209E-07	1.743778E-07	3.158552E-08	6.793122E-09	1.766342E-09	5.072807E-10	1.484498E-10	4.584111E-11	1.368613E-11	4.222671E-12	1.283457E-12	3.899150E-13	1.225415E-13	3.530319E-14	9.128035E-15	2.591760E-15	6.589969E-16	1.610926E-16	3.870814E-17	9.016461E-18	2.013197E-18	4.329343E-19	9.001215E-20	1.806877E-20	3.458339E-21	6.516632E-22	1.489701E-22	1.834015E-23	3.819894E-23	0.000000E+00	0.000000E+00	0.000000E+00	3.618915E-25	2.187505E-23	5.025768E-23	7.602630E-23	8.427872E-23	1.092622E-22	1.104415E-22	0.000000E+00	
4.907592E-07	7.847672E-07	1.788917E-07	3.282651E-08	7.094597E-09	1.848474E-09	5.325223E-10	1.561327E-10	4.835292E-11	1.446696E-11	4.473812E-12	1.362002E-12	4.144852E-13	1.304158E-13	3.760986E-14	9.739731E-15	2.766021E-15	7.038877E-16	1.722235E-16	4.140265E-17	9.649484E-18	2.155545E-18	4.637263E-19	9.641935E-20	1.937890E-20	3.768635E-21	7.335800E-22	2.027239E-22	9.309659E-23	7.765804E-23	7.588736E-23	5.604795E-23	3.293213E-23	9.434383E-23	1.559235E-22	8.355170E-23	2.109214E-22	1.243324E-22	1.361681E-22	1.527699E-23	1.511220E-23	
4.786308E-07	7.836731E-07	1.828641E-07	3.397667E-08	7.378730E-09	1.926401E-09	5.566455E-10	1.635154E-10	5.077935E-11	1.522497E-11	4.718520E-12	1.438779E-12	4.385669E-13	1.381500E-13	3.987906E-14	1.034309E-14	2.937950E-15	7.482380E-16	1.832369E-16	4.407112E-17	1.027714E-17	2.296955E-18	4.944480E-19	1.028625E-19	2.076863E-20	4.034935E-21	7.465305E-22	1.507666E-22	0.000000E+00	0.000000E+00	0.000000E+00	1.592323E-23	1.594908E-23	0.000000E+00	0.000000E+00	5.580884E-23	2.583001E-23	1.518006E-22	0.000000E+00	0.000000E+00	1.469183E-22	
4.662027E-07	7.806908E-07	1.862865E-07	3.502892E-08	7.643425E-09	1.999506E-09	5.794440E-10	1.705315E-10	5.309742E-11	1.595271E-11	4.954308E-12	1.512991E-12	4.619053E-13	1.456609E-13	4.208623E-14	1.093151E-14	3.105662E-15	7.915603E-16	1.940111E-16	4.668403E-17	1.089222E-17	2.435648E-18	5.245098E-19	1.092156E-19	2.202743E-20	4.344443E-21	8.035155E-22	1.832981E-22	6.258138E-23	4.894583E-23	3.655104E-23	8.293778E-23	1.043669E-22	1.252597E-22	3.626024E-23	1.615587E-24	7.662730E-23	2.988836E-24	0.000000E+00	0.000000E+00	0.000000E+00	
4.537320E-07	7.762171E-07	1.892155E-07	3.598871E-08	7.889284E-09	2.067867E-09	6.009103E-10	1.771723E-10	5.530183E-11	1.664794E-11	5.180299E-12	1.584326E-12	4.843920E-13	1.529112E-13	4.421995E-14	1.150176E-14	3.268233E-15	8.336092E-16	2.044834E-16	4.922588E-17	1.149113E-17	2.570714E-18	5.538208E-19	1.152914E-19	2.321803E-20	4.505834E-21	8.457922E-22	1.262614E-22	4.325250E-23	0.000000E+00	0.000000E+00	0.000000E+00	0.000000E+00	0.000000E+00	0.000000E+00	0.000000E+00	0.000000E+00	0.000000E+00	0.000000E+00	0.000000E+00	0.000000E+00	
4.412808E-07	7.703567E-07	1.916454E-07	3.685016E-08	8.114420E-09	2.130905E-09	6.208445E-10	1.833713E-10	5.736926E-11	1.730296E-11	5.393894E-12	1.651942E-12	5.057553E-13	1.598120E-13	4.625371E-14	1.204666E-14	3.423615E-15	8.738520E-16	2.145206E-16	5.166428E-17	1.206633E-17	2.700673E-18	5.820756E-19	1.213187E-19	2.454060E-20	4.829236E-21	9.018337E-22	1.722345E-22	8.337722E-23	5.743735E-23	1.087807E-22	8.135451E-23	5.932436E-23	1.384817E-22	1.328853E-22	9.104803E-23	1.215956E-22	8.953261E-23	1.793302E-24	0.000000E+00	6.260723E-23	
4.291737E-07	7.629490E-07	1.933033E-07	3.752095E-08	8.289733E-09	2.178972E-09	6.357802E-10	1.879267E-10	5.886702E-11	1.777158E-11	5.545133E-12	1.699444E-12	5.206714E-13	1.646013E-13	4.766263E-14	1.242369E-14	3.531243E-15	9.017456E-16	2.214874E-16	5.335815E-17	1.246651E-17	2.791160E-18	6.017352E-19	1.254081E-19	2.524986E-20	4.863964E-21	9.659014E-22	1.582694E-22	1.072750E-23	0.000000E+00	0.000000E+00	0.000000E+00	0.000000E+00	0.000000E+00	0.000000E+00	0.000000E+00	0.000000E+00	0.000000E+00	1.483367E-22	3.920707E-23	0.000000E+00	
4.170641E-07	7.548278E-07	1.947561E-07	3.817083E-08	8.466938E-09	2.229076E-09	6.517856E-10	1.929359E-10	6.054770E-11	1.830746E-11	5.720555E-12	1.755194E-12	5.383394E-13	1.703211E-13	4.935219E-14	1.287829E-14	3.660973E-15	9.354295E-16	2.299127E-16	5.540854E-17	1.295110E-17	2.900817E-18	6.256066E-19	1.304161E-19	2.629638E-20	5.156256E-21	9.646348E-22	1.841188E-22	0.000000E+00	1.572936E-23	0.000000E+00	0.000000E+00	0.000000E+00	0.000000E+00	0.000000E+00	0.000000E+00	0.000000E+00	5.502690E-24	0.000000E+00	0.000000E+00	0.000000E+00	
4.054234E-07	7.459960E-07	1.957495E-07	3.870615E-08	8.615277E-09	2.270796E-09	6.650614E-10	1.970682E-10	6.192901E-11	1.874680E-11	5.863988E-12	1.800710E-12	5.527460E-13	1.749782E-13	5.072812E-14	1.324895E-14	3.766825E-15	9.629472E-16	2.368069E-16	5.708804E-17	1.334865E-17	2.990914E-18	6.452608E-19	1.345585E-19	2.719628E-20	5.262458E-21	9.624763E-22	1.335380E-22	2.522901E-23	0.000000E+00	0.000000E+00	0.000000E+00	0.000000E+00	0.000000E+00	0.000000E+00	0.000000E+00	2.921628E-23	7.260449E-24	0.000000E+00	2.969449E-23	0.000000E+00	
3.943695E-07	7.371412E-07	1.965654E-07	3.919855E-08	8.754565E-09	2.310303E-09	6.777211E-10	2.010341E-10	6.326062E-11	1.917247E-11	6.003384E-12	1.845081E-12	5.668208E-13	1.795370E-13	5.207668E-14	1.361298E-14	3.870800E-15	9.900042E-16	2.435926E-16	5.874214E-17	1.374040E-17	3.079706E-18	6.646115E-19	1.386160E-19	2.792488E-20	5.411390E-21	1.012198E-21	1.739793E-22	3.107743E-23	0.000000E+00	0.000000E+00	2.753607E-23	0.000000E+00	0.000000E+00	4.866148E-24	2.714186E-24	0.000000E+00	1.660824E-24	6.119844E-23	0.000000E+00	0.000000E+00	
3.841912E-07	7.287025E-07	1.972670E-07	3.964976E-08	8.882621E-09	2.346436E-09	6.892363E-10	2.046251E-10	6.446084E-11	1.955517E-11	6.128329E-12	1.884792E-12	5.793973E-13	1.836050E-13	5.327978E-14	1.393784E-14	3.963629E-15	1.014175E-15	2.496594E-16	6.022185E-17	1.409117E-17	3.159370E-18	6.819725E-19	1.423153E-19	2.876935E-20	5.617797E-21	1.063560E-21	2.265441E-22	7.195179E-23	6.669144E-23	6.156033E-23	8.180041E-23	7.489862E-23	5.703023E-23	4.438987E-23	1.090134E-22	1.251725E-22	5.984135E-23	8.151930E-23	2.054316E-22	2.078776E-22	
3.750920E-07	7.211657E-07	1.979887E-07	4.008494E-08	9.004547E-09	2.380432E-09	6.999351E-10	2.079285E-10	6.555421E-11	1.990145E-11	6.240636E-12	1.920336E-12	5.906104E-13	1.872204E-13	5.434755E-14	1.422579E-14	4.045951E-15	1.035609E-15	2.550405E-16	6.153449E-17	1.440247E-17	3.230026E-18	6.974352E-19	1.455652E-19	2.940420E-20	5.725628E-21	1.040903E-21	1.889332E-22	0.000000E+00	8.724171E-24	1.059825E-24	0.000000E+00	0.000000E+00	0.000000E+00	0.000000E+00	0.000000E+00	0.000000E+00	0.000000E+00	0.000000E+00	0.000000E+00	0.000000E+00	
3.672599E-07	7.149985E-07	1.988656E-07	4.053011E-08	9.125661E-09	2.413577E-09	7.101583E-10	2.110350E-10	6.656610E-11	2.021803E-11	6.342167E-12	1.952220E-12	6.005969E-13	1.904215E-13	5.529016E-14	1.447909E-14	4.118402E-15	1.054455E-15	2.597689E-16	6.268764E-17	1.467602E-17	3.292127E-18	7.109797E-19	1.484481E-19	3.002797E-20	5.846603E-21	1.119731E-21	1.917443E-22	8.583291E-23	7.123447E-23	5.612550E-23	1.434641E-23	4.091959E-23	5.583469E-24	2.358111E-23	5.115918E-23	3.543306E-23	2.984313E-23	0.000000E+00	2.368451E-24	0.000000E+00	
3.608779E-07	7.106629E-07	2.000354E-07	4.101214E-08	9.251452E-09	2.447186E-09	7.202502E-10	2.140345E-10	6.752126E-11	2.051134E-11	6.434644E-12	1.980895E-12	6.094755E-13	1.932403E-13	5.611584E-14	1.469945E-14	4.181459E-15	1.070820E-15	2.638668E-16	6.368592E-17	1.491262E-17	3.345842E-18	7.226980E-19	1.509223E-19	3.054265E-20	5.969116E-21	1.069577E-21	1.924229E-22	0.000000E+00	0.000000E+00	1.895407E-23	2.307058E-23	2.872514E-23	1.849524E-23	0.000000E+00	0.000000E+00	0.000000E+00	0.000000E+00	4.625426E-23	0.000000E+00	1.954311E-22	
3.561334E-07	7.086310E-07	2.016419E-07	4.155944E-08	9.387715E-09	2.482636E-09	7.305683E-10	2.170192E-10	6.844465E-11	2.078772E-11	6.519731E-12	2.006786E-12	6.173536E-13	1.957047E-13	5.683141E-14	1.488817E-14	4.235487E-15	1.084779E-15	2.673488E-16	6.453216E-17	1.511294E-17	3.391226E-18	7.326176E-19	1.530049E-19	3.088761E-20	5.987870E-21	1.109055E-21	1.772622E-22	0.000000E+00	0.000000E+00	0.000000E+00	0.000000E+00	0.000000E+00	0.000000E+00	0.000000E+00	0.000000E+00	0.000000E+00	0.000000E+00	0.000000E+00	0.000000E+00	0.000000E+00	
3.532313E-07	7.094043E-07	2.038379E-07	4.220217E-08	9.540540E-09	2.521348E-09	7.414711E-10	2.200786E-10	6.935932E-11	2.105267E-11	6.598748E-12	2.030194E-12	6.242948E-13	1.978273E-13	5.743910E-14	1.504529E-14	4.280474E-15	1.096312E-15	2.702049E-16	6.522336E-17	1.527600E-17	3.428138E-18	7.406579E-19	1.546650E-19	3.124595E-20	6.106661E-21	1.143034E-21	2.177876E-22	3.747516E-23	0.000000E+00	8.297656E-24	6.760909E-23	9.758146E-25	3.310015E-23	3.384332E-23	1.485048E-23	4.625103E-23	8.434657E-23	1.429536E-22	1.597719E-22	1.154272E-22	
3.524082E-07	7.135381E-07	2.067911E-07	4.297328E-08	9.716482E-09	2.564818E-09	7.533245E-10	2.233000E-10	7.028641E-11	2.131073E-11	6.672620E-12	2.051270E-12	6.303113E-13	1.996027E-13	5.793558E-14	1.516928E-14	4.315961E-15	1.105277E-15	2.723947E-16	6.574885E-17	1.539922E-17	3.455889E-18	7.467082E-19	1.559725E-19	3.150639E-20	6.120503E-21	1.129153E-21	1.868136E-22	0.000000E+00	0.000000E+00	0.000000E+00	0.000000E+00	0.000000E+00	0.000000E+00	0.000000E+00	0.000000E+00	8.724171E-25	0.000000E+00	9.005283E-23	1.243000E-22	0.000000E+00	
3.539495E-07	7.216721E-07	2.106910E-07	4.390947E-08	9.922684E-09	2.614630E-09	7.664976E-10	2.267656E-10	7.124350E-11	2.156487E-11	6.741617E-12	2.069929E-12	6.353319E-13	2.009970E-13	5.830871E-14	1.525613E-14	4.340777E-15	1.111346E-15	2.738310E-16	6.608664E-17	1.547722E-17	3.473236E-18	7.503827E-19	1.567394E-19	3.167998E-20	6.174218E-21	1.156941E-21	2.088954E-22	5.584762E-23	2.303181E-23	6.588364E-23	6.898557E-23	4.670339E-23	5.465208E-23	0.000000E+00	4.769213E-24	2.490589E-23	0.000000E+00	0.000000E+00	0.000000E+00	0.000000E+00	
3.582120E-07	7.345699E-07	2.157581E-07	4.505286E-08	1.016716E-08	2.672503E-09	7.813701E-10	2.305524E-10	7.224400E-11	2.181605E-11	6.805200E-12	2.085785E-12	6.391807E-13	2.019398E-13	5.853519E-14	1.529877E-14	4.352848E-15	1.113954E-15	2.743662E-16	6.620003E-17	1.550105E-17	3.478120E-18	7.514124E-19	1.569474E-19	3.174426E-20	6.215190E-21	1.193958E-21	2.463706E-22	5.208653E-23	5.657140E-23	8.576829E-23	1.155791E-22	1.140346E-22	6.930223E-23	1.062022E-22	1.162253E-22	6.407095E-23	6.598704E-23	7.056885E-24	1.918057E-22	1.836761E-22	
3.656520E-07	7.531725E-07	2.222582E-07	4.645329E-08	1.045920E-08	2.740367E-09	7.983435E-10	2.347331E-10	7.329652E-11	2.206286E-11	6.861814E-12	2.098073E-12	6.415484E-13	2.023148E-13	5.857754E-14	1.528618E-14	4.348947E-15	1.112231E-15	2.737770E-16	6.603366E-17	1.545761E-17	3.467466E-18	7.488949E-19	1.563584E-19	3.153872E-20	6.100832E-21	1.138562E-21	1.483949E-22	0.000000E+00	0.000000E+00	7.380002E-24	4.844823E-23	0.000000E+00	0.000000E+00	1.483109E-23	5.645185E-23	8.153545E-23	8.094092E-24	1.049453E-22	0.000000E+00	8.743558E-24	
3.768680E-07	7.786662E-07	2.305154E-07	4.817006E-08	1.080942E-08	2.820307E-09	8.178014E-10	2.393573E-10	7.439698E-11	2.229855E-11	6.907817E-12	2.105279E-12	6.418690E-13	2.019181E-13	5.837156E-14	1.519998E-14	4.323701E-15	1.104747E-15	2.716984E-16	6.549801E-17	1.532559E-17	3.436624E-18	7.420495E-19	1.548944E-19	3.122900E-20	6.023258E-21	1.140747E-21	2.077580E-22	3.738469E-23	0.000000E+00	0.000000E+00	0.000000E+00	4.060294E-23	0.000000E+00	1.969078E-23	4.671632E-23	4.257072E-23	6.800329E-23	0.000000E+00	6.726012E-23	0.000000E+00	
3.926519E-07	8.125816E-07	2.409391E-07	5.027672E-08	1.123068E-08	2.914748E-09	8.401493E-10	2.444595E-10	7.552990E-11	2.251106E-11	6.937390E-12	2.105087E-12	6.392983E-13	2.004511E-13	5.782393E-14	1.501382E-14	4.269383E-15	1.089451E-15	2.676109E-16	6.446575E-17	1.507478E-17	3.378590E-18	7.292159E-19	1.521712E-19	3.074779E-20	5.965110E-21	1.101275E-21	2.545778E-22	4.513304E-23	5.628706E-23	9.034363E-24	7.526697E-23	8.864403E-23	7.375478E-23	1.192303E-23	6.731182E-23	0.000000E+00	0.000000E+00	2.322891E-23	0.000000E+00	0.000000E+00	
4.140726E-07	8.569284E-07	2.540525E-07	5.286483E-08	1.173835E-08	3.026397E-09	8.657514E-10	2.500281E-10	7.665478E-11	2.267791E-11	6.940643E-12	2.093722E-12	6.324948E-13	1.974472E-13	5.679018E-14	1.468745E-14	4.174158E-15	1.063220E-15	2.607272E-16	6.274482E-17	1.465990E-17	3.283348E-18	7.083549E-19	1.477848E-19	2.982974E-20	5.822925E-21	1.108202E-21	2.424156E-22	4.851931E-23	8.290547E-23	6.673667E-23	1.113592E-22	7.175792E-23	2.639223E-23	2.171995E-23	1.079212E-23	4.305863E-23	0.000000E+00	0.000000E+00	3.945910E-23	2.322891E-23	
4.425866E-07	9.143870E-07	2.705375E-07	5.605097E-08	1.235129E-08	3.158334E-09	8.949131E-10	2.559872E-10	7.769649E-11	2.276216E-11	6.902063E-12	2.065389E-12	6.194312E-13	1.922098E-13	5.505577E-14	1.416174E-14	4.020569E-15	1.021465E-15	2.498947E-16	6.005440E-17	1.401454E-17	3.135621E-18	6.759278E-19	1.408332E-19	2.850112E-20	5.595218E-21	1.070346E-21	2.458407E-22	6.663974E-23	1.007803E-22	5.942776E-23	1.208201E-22	8.799780E-23	6.670436E-23	4.626395E-23	3.089649E-23	0.000000E+00	0.000000E+00	0.000000E+00	0.000000E+00	0.000000E+00	
4.801722E-07	9.885151E-07	2.912749E-07	5.998113E-08	1.309183E-08	3.313777E-09	9.277330E-10	2.621318E-10	7.851846E-11	2.270261E-11	6.796936E-12	2.011046E-12	5.969916E-13	1.836818E-13	5.229673E-14	1.334839E-14	3.782417E-15	9.573214E-16	2.333981E-16	5.597826E-17	1.304100E-17	2.913667E-18	6.273876E-19	1.306375E-19	2.633753E-20	5.158505E-21	9.703475E-22	2.078938E-22	8.090860E-23	1.079212E-23	0.000000E+00	2.961048E-23	1.295701E-23	3.337157E-23	0.000000E+00	1.937412E-23	1.241223E-22	1.020793E-22	1.950337E-22	3.365979E-22	6.321114E-22	
5.293270E-07	1.084127E-06	3.175854E-07	6.490378E-08	1.400758E-08	3.503036E-09	9.665340E-10	2.689545E-10	7.921595E-11	2.251197E-11	6.624659E-12	1.929288E-12	5.644912E-13	1.716044E-13	4.842484E-14	1.222342E-14	3.451467E-15	8.685957E-16	2.106945E-16	5.038622E-17	1.170929E-17	2.610874E-18	5.614226E-19	1.168715E-19	2.354997E-20	4.660038E-21	9.946201E-22	2.909220E-22	9.955894E-23	6.838457E-23	6.789343E-23	1.139312E-23	2.833740E-23	0.000000E+00	0.000000E+00	2.900948E-23	0.000000E+00	8.191027E-23	8.222692E-23	0.000000E+00	2.539703E-24	
5.968020E-07	1.203144E-06	3.462456E-07	6.946032E-08	1.463187E-08	3.565925E-09	9.525681E-10	2.558268E-10	7.230664E-11	1.964834E-11	5.513272E-12	1.532113E-12	4.287981E-13	1.255230E-13	3.436252E-14	8.360403E-15	2.322193E-15	5.723571E-16	1.363329E-16	3.226687E-17	7.433203E-18	1.645794E-18	3.520636E-19	7.291657E-20	1.466387E-20	2.846186E-21	5.455515E-22	1.438519E-22	0.000000E+00	2.067952E-25	9.444076E-23	0.000000E+00	0.000000E+00	0.000000E+00	0.000000E+00	0.000000E+00	0.000000E+00	6.860429E-23	1.085416E-22	1.166131E-22	2.641550E-22	
6.797584E-07	1.356429E-06	3.858718E-07	7.641218E-08	1.581062E-08	3.776472E-09	9.824818E-10	2.558329E-10	6.957605E-11	1.806721E-11	4.806940E-12	1.260041E-12	3.320862E-13	9.204424E-14	2.397938E-14	5.488369E-15	1.468574E-15	3.473135E-16	7.975022E-17	1.847391E-17	4.179220E-18	9.120653E-19	1.931233E-19	3.973215E-20	7.955332E-21	1.581957E-21	2.540220E-22	7.306331E-23	6.635539E-23	0.000000E+00	0.000000E+00	7.484692E-23	0.000000E+00	0.000000E+00	0.000000E+00	0.000000E+00	0.000000E+00	2.378144E-23	1.239737E-22	4.559122E-22	3.353959E-23	
7.894372E-07	1.555202E-06	4.360637E-07	8.499704E-08	1.721494E-08	4.013746E-09	1.010803E-09	2.530186E-10	6.532149E-11	1.587315E-11	3.872541E-12	9.095760E-13	2.101974E-13	5.061314E-14	1.126160E-14	2.030138E-15	4.381342E-16	7.760147E-17	1.245320E-17	2.145668E-18	3.433877E-19	5.016256E-20	6.987401E-21	9.638205E-22	1.385528E-22	1.037336E-22	1.646348E-22	1.032942E-22	8.174871E-23	2.957171E-23	8.000387E-24	4.322019E-23	1.552127E-22	5.418033E-23	0.000000E+00	9.180412E-23	1.001535E-22	1.140411E-22	1.762606E-22	6.918590E-23	0.000000E+00	
9.405675E-07	1.820137E-06	5.002291E-07	9.547572E-08	1.883263E-08	4.276410E-09	1.043454E-09	2.527132E-10	6.287113E-11	1.467985E-11	3.430665E-12	7.703988E-13	1.700029E-13	3.912291E-14	8.389228E-15	1.425208E-15	2.982399E-16	5.041621E-17	7.642251E-18	1.275095E-18	1.961930E-19	2.744404E-20	3.692276E-21	4.955846E-22	1.015364E-22	8.649207E-23	1.126775E-22	4.112639E-23	1.222935E-22	1.398840E-22	2.197199E-24	5.584762E-23	0.000000E+00	0.000000E+00	0.000000E+00	1.070294E-22	0.000000E+00	1.498877E-22	2.025042E-22	1.937412E-23	0.000000E+00	
1.149988E-06	2.180725E-06	5.858620E-07	1.091661E-07	2.089863E-08	4.605067E-09	1.083705E-09	2.525899E-10	6.016225E-11	1.338988E-11	2.967668E-12	6.291168E-13	1.305961E-13	2.823356E-14	5.737912E-15	8.919265E-16	1.767475E-16	2.755104E-17	3.755726E-18	5.859891E-19	8.265881E-20	1.048477E-20	1.459147E-21	2.751927E-22	8.675057E-23	1.395092E-22	2.952001E-23	1.102477E-22	1.287041E-22	1.721828E-22	3.060568E-23	1.771847E-22	1.295313E-22	7.170622E-23	5.542110E-23	2.695963E-22	1.998417E-22	2.157003E-22	2.171608E-22	2.874065E-22	0.000000E+00	
1.445377E-06	2.681788E-06	7.031012E-07	1.276234E-07	2.365088E-08	5.042196E-09	1.139845E-09	2.544672E-10	5.769525E-11	1.215771E-11	2.535823E-12	5.028780E-13	9.728376E-14	1.955284E-14	3.739757E-15	5.262145E-16	9.839023E-17	1.410484E-17	1.727255E-18	2.540154E-19	3.300513E-20	3.590998E-21	2.790701E-22	0.000000E+00	0.000000E+00	0.000000E+00	0.000000E+00	0.000000E+00	0.000000E+00	0.000000E+00	0.000000E+00	0.000000E+00	0.000000E+00	0.000000E+00	0.000000E+00	0.000000E+00	5.480072E-24	0.000000E+00	0.000000E+00	0.000000E+00	0.000000E+00	
1.871920E-06	3.363921E-06	8.510832E-07	1.486924E-07	2.632590E-08	5.363833E-09	1.149037E-09	2.425179E-10	5.167425E-11	1.018372E-11	1.977919E-12	3.635101E-13	6.499178E-14	1.202357E-14	2.161673E-15	2.724133E-16	4.836231E-17	6.359514E-18	6.901978E-19	9.573902E-20	1.130011E-20	9.341971E-22	0.000000E+00	0.000000E+00	2.848603E-23	0.000000E+00	0.000000E+00	0.000000E+00	3.644765E-23	0.000000E+00	0.000000E+00	0.000000E+00	0.000000E+00	0.000000E+00	0.000000E+00	3.525857E-23	4.270061E-22	4.340113E-23	0.000000E+00	0.000000E+00	0.000000E+00	
2.492015E-06	4.323929E-06	1.052130E-06	1.760701E-07	2.962904E-08	5.735286E-09	1.155509E-09	2.284673E-10	4.522859E-11	8.219649E-12	1.460738E-12	2.431219E-13	3.907973E-14	6.425597E-15	1.050039E-15	1.124072E-16	1.807797E-17	2.056469E-18	1.824758E-19	2.325556E-20	2.611409E-21	3.386271E-22	5.012715E-22	3.198087E-22	3.252371E-22	2.929770E-22	2.181689E-22	3.927557E-22	8.106370E-23	2.200817E-22	3.257024E-24	3.298900E-22	4.530882E-22	2.499895E-22	2.938042E-22	6.100457E-24	0.000000E+00	0.000000E+00	0.000000E+00	0.000000E+00	0.000000E+00	
3.407014E-06	5.695597E-06	1.329718E-06	2.122089E-07	3.376607E-08	6.166048E-09	1.156951E-09	2.115826E-10	3.829077E-11	6.294575E-12	1.000492E-12	1.467555E-13	2.059157E-14	2.903924E-15	4.177164E-16	3.694207E-17	5.239572E-18	5.083370E-19	3.671917E-20	3.837704E-21	1.048451E-22	0.000000E+00	1.545794E-22	3.515518E-24	0.000000E+00	0.000000E+00	0.000000E+00	0.000000E+00	0.000000E+00	0.000000E+00	0.000000E+00	0.000000E+00	0.000000E+00	0.000000E+00	0.000000E+00	0.000000E+00	0.000000E+00	0.000000E+00	3.692069E-22	0.000000E+00	0.000000E+00	
4.730824E-06	7.523460E-06	1.661940E-06	2.485239E-07	3.677679E-08	6.241517E-09	1.076681E-09	1.804184E-10	2.974346E-11	4.438290E-12	6.402294E-13	8.509793E-14	1.082078E-14	1.366692E-15	1.837823E-16	1.427589E-17	1.945056E-18	1.726156E-19	1.124263E-20	1.484169E-21	1.062927E-22	1.867360E-22	0.000000E+00	0.000000E+00	4.508134E-23	4.623940E-22	0.000000E+00	0.000000E+00	0.000000E+00	2.125854E-22	3.230140E-22	0.000000E+00	2.602000E-22	7.430150E-22	1.828586E-22	3.966331E-22	0.000000E+00	0.000000E+00	0.000000E+00	0.000000E+00	0.000000E+00	
6.729314E-06	1.017107E-05	2.123190E-06	2.959721E-07	4.051428E-08	6.339031E-09	9.940560E-10	1.502054E-10	2.204001E-11	2.889417E-12	3.611611E-13	4.074255E-14	4.313101E-15	4.351499E-16	4.734808E-17	2.805821E-18	2.950384E-19	1.919845E-20	6.729114E-22	0.000000E+00	0.000000E+00	0.000000E+00	5.293956E-23	0.000000E+00	0.000000E+00	1.069131E-22	6.844920E-23	0.000000E+00	2.182723E-22	3.490702E-22	0.000000E+00	1.151229E-21	0.000000E+00	1.201066E-21	4.501930E-22	1.291074E-21	1.385889E-21	0.000000E+00	1.970241E-22	1.481739E-21	3.489151E-22	
1.011117E-05	1.457663E-05	2.885422E-06	3.749294E-07	4.739734E-08	6.807619E-09	9.652336E-10	1.308538E-10	1.706655E-11	1.980038E-12	2.192297E-13	2.201456E-14	2.094174E-15	1.896152E-16	1.945304E-17	1.060425E-18	1.120168E-19	6.945836E-21	7.295733E-22	4.549493E-22	0.000000E+00	0.000000E+00	0.000000E+00	0.000000E+00	0.000000E+00	0.000000E+00	1.080091E-21	0.000000E+00	5.997059E-23	0.000000E+00	0.000000E+00	2.285086E-22	2.016253E-22	1.115970E-21	1.791983E-21	2.200404E-21	2.040655E-21	3.367245E-21	5.504887E-22	1.639886E-21	3.079025E-21	
1.635469E-05	2.226055E-05	4.128432E-06	4.906712E-07	5.634465E-08	7.326558E-09	9.294105E-10	1.119379E-10	1.280201E-11	1.281502E-12	1.197691E-13	9.832864E-15	7.370332E-16	4.912705E-17	3.518423E-18	1.387893E-19	9.075826E-21	1.126620E-21	0.000000E+00	0.000000E+00	0.000000E+00	0.000000E+00	0.000000E+00	0.000000E+00	1.340033E-22	0.000000E+00	0.000000E+00	0.000000E+00	0.000000E+00	0.000000E+00	0.000000E+00	1.761895E-22	2.460862E-22	0.000000E+00	0.000000E+00	0.000000E+00	1.339619E-21	0.000000E+00	2.844261E-21	0.000000E+00	9.829904E-21	
2.945464E-05	3.785332E-05	6.567004E-06	7.055495E-07	7.191592E-08	8.182495E-09	8.882185E-10	9.067338E-11	8.741407E-12	7.434958E-13	6.022167E-14	4.409519E-15	3.036612E-16	1.891254E-17	1.326407E-18	5.268148E-20	8.180816E-21	3.002666E-21	1.394627E-21	0.000000E+00	0.000000E+00	7.221287E-22	0.000000E+00	1.612175E-21	5.004443E-22	1.925676E-21	2.743345E-21	4.297203E-22	2.041068E-21	9.012133E-22	0.000000E+00	0.000000E+00	0.000000E+00	2.374422E-21	0.000000E+00	5.813012E-22	1.266000E-21	2.758854E-21	4.846865E-21	0.000000E+00	0.000000E+00	
5.912018E-05	7.041703E-05	1.116710E-05	1.047158E-06	9.258396E-08	9.150763E-09	8.549973E-10	7.416986E-11	5.878650E-12	3.913731E-13	2.320683E-14	1.149449E-15	4.938776E-17	1.738720E-18	5.813425E-20	0.000000E+00	0.000000E+00	0.000000E+00	0.000000E+00	0.000000E+00	0.000000E+00	0.000000E+00	0.000000E+00	2.833921E-21	0.000000E+00	0.000000E+00	1.145645E-21	2.696609E-22	0.000000E+00	0.000000E+00	7.031035E-22	2.388070E-21	2.430257E-21	2.727214E-21	1.476517E-21	6.933014E-21	9.185841E-21	1.172198E-20	2.774529E-20	1.517173E-20	0.000000E+00	
1.271543E-04	1.400565E-04	2.013940E-05	1.585004E-06	1.131515E-07	8.841970E-09	6.498505E-10	4.583889E-11	3.113207E-12	1.881649E-13	1.058977E-14	5.112636E-16	2.169969E-17	7.638517E-19	3.255783E-20	2.206256E-20	7.868142E-21	0.000000E+00	0.000000E+00	0.000000E+00	0.000000E+00	0.000000E+00	0.000000E+00	3.553568E-21	1.912442E-21	0.000000E+00	4.764560E-22	7.891303E-21	1.288747E-21	1.388671E-20	2.373677E-20	1.516222E-20	4.814191E-22	1.508777E-21	2.969578E-22	0.000000E+00	1.703496E-20	5.086334E-21	0.000000E+00	0.000000E+00	0.000000E+00	
1.269578E-04	5.070436E-05	1.591717E-06	6.555415E-09	6.177417E-12	4.076587E-15	1.592210E-18	9.635000E-21	3.705769E-21	0.000000E+00	0.000000E+00	0.000000E+00	0.000000E+00	0.000000E+00	0.000000E+00	0.000000E+00	0.000000E+00	0.000000E+00	7.543887E-22	1.197758E-21	0.000000E+00	0.000000E+00	0.000000E+00	0.000000E+00	0.000000E+00	0.000000E+00	0.000000E+00	0.000000E+00	0.000000E+00	3.122607E-21	4.173953E-21	0.000000E+00	0.000000E+00	3.439417E-21	0.000000E+00	0.000000E+00	1.837995E-21	0.000000E+00	0.000000E+00	0.000000E+00	0.000000E+00	
1.676201E-04	6.696426E-05	2.103560E-06	8.664875E-09	8.167900E-12	5.390889E-15	2.093654E-18	0.000000E+00	5.188077E-21	3.652830E-21	0.000000E+00	0.000000E+00	0.000000E+00	0.000000E+00	0.000000E+00	0.000000E+00	0.000000E+00	0.000000E+00	0.000000E+00	0.000000E+00	0.000000E+00	0.000000E+00	0.000000E+00	2.183757E-21	4.430379E-21	3.363316E-21	5.393218E-22	0.000000E+00	0.000000E+00	0.000000E+00	0.000000E+00	0.000000E+00	0.000000E+00	0.000000E+00	0.000000E+00	1.240771E-21	2.963788E-21	5.762967E-21	3.197963E-20	0.000000E+00	1.412080E-20	
1.960086E-04	7.833795E-05	2.462991E-06	1.014614E-08	9.565207E-12	6.312912E-15	2.439878E-18	0.000000E+00	0.000000E+00	3.705769E-22	0.000000E+00	0.000000E+00	0.000000E+00	0.000000E+00	0.000000E+00	0.000000E+00	0.000000E+00	0.000000E+00	0.000000E+00	0.000000E+00	0.000000E+00	0.000000E+00	0.000000E+00	0.000000E+00	0.000000E+00	0.000000E+00	0.000000E+00	0.000000E+00	4.299685E-21	1.136712E-20	4.173953E-21	3.407984E-21	0.000000E+00	1.017928E-20	4.754634E-21	5.412243E-21	1.160948E-20	0.000000E+00	2.477902E-20	1.916329E-20	0.000000E+00	
2.048824E-04	8.192690E-05	2.578531E-06	1.062199E-08	1.001303E-11	6.607318E-15	2.560581E-18	0.000000E+00	1.016440E-20	2.371692E-20	2.376986E-20	1.723183E-20	6.511566E-21	1.412163E-20	0.000000E+00	0.000000E+00	0.000000E+00	0.000000E+00	0.000000E+00	0.000000E+00	0.000000E+00	0.000000E+00	3.748783E-21	4.165682E-21	2.673448E-21	9.297510E-22	0.000000E+00	0.000000E+00	0.000000E+00	0.000000E+00	0.000000E+00	0.000000E+00	0.000000E+00	0.000000E+00	0.000000E+00	0.000000E+00	0.000000E+00	6.370945E-21	6.776264E-21	1.885806E-20	5.177654E-20	
2.164749E-04	8.661678E-05	2.729459E-06	1.124276E-08	1.059560E-11	6.989595E-15	2.713258E-18	0.000000E+00	0.000000E+00	7.623297E-21	1.408192E-20	6.511566E-21	7.702706E-21	6.485096E-22	0.000000E+00	0.000000E+00	0.000000E+00	0.000000E+00	0.000000E+00	0.000000E+00	0.000000E+00	0.000000E+00	0.000000E+00	0.000000E+00	3.672682E-21	4.354279E-21	1.022395E-20	6.579395E-21	2.190374E-21	5.462701E-21	4.369168E-21	1.023884E-20	0.000000E+00	1.973653E-21	0.000000E+00	0.000000E+00	0.000000E+00	4.069729E-22	1.998220E-20	0.000000E+00	0.000000E+00	
2.962050E-04	1.186253E-04	3.744286E-06	1.541996E-08	1.452524E-11	9.576895E-15	3.718475E-18	0.000000E+00	0.000000E+00	0.000000E+00	5.399835E-21	0.000000E+00	0.000000E+00	0.000000E+00	0.000000E+00	0.000000E+00	0.000000E+00	0.000000E+00	0.000000E+00	0.000000E+00	9.462946E-22	1.329445E-20	1.213639E-20	1.074011E-20	5.922613E-22	0.000000E+00	1.213309E-20	1.680831E-21	7.299042E-21	3.368279E-21	1.718881E-20	1.095353E-20	3.498974E-21	2.018817E-20	0.000000E+00	0.000000E+00	0.000000E+00	1.378083E-21	0.000000E+00	0.000000E+00	0.000000E+00	
7.231508E-04	2.902486E-04	9.195735E-06	3.785115E-08	3.560939E-11	2.344821E-14	9.192002E-18	5.971582E-20	8.470329E-21	3.811648E-21	0.000000E+00	0.000000E+00	0.000000E+00	0.000000E+00	0.000000E+00	5.823352E-21	2.321400E-20	0.000000E+00	0.000000E+00	0.000000E+00	0.000000E+00	0.000000E+00	0.000000E+00	0.000000E+00	0.000000E+00	0.000000E+00	0.000000E+00	0.000000E+00	2.568230E-20	2.700579E-20	0.000000E+00	1.233492E-20	4.458173E-20	1.082945E-20	0.000000E+00	0.000000E+00	0.000000E+00	0.000000E+00	0.000000E+00	0.000000E+00	5.629460E-20	
1.419623E-02	5.809708E-03	1.977261E-04	8.063446E-07	7.426558E-10	4.771040E-13	1.863608E-16	2.507218E-19	3.862470E-19	0.000000E+00	0.000000E+00	0.000000E+00	6.708501E-19	1.135024E-19	6.445921E-19	6.157930E-19	0.000000E+00	1.681360E-19	2.659683E-19	0.000000E+00	0.000000E+00	3.663417E-20	2.644860E-19	0.000000E+00	0.000000E+00	0.000000E+00	0.000000E+00	0.000000E+00	0.000000E+00	2.734858E-19	0.000000E+00	0.000000E+00	0.000000E+00	0.000000E+00	0.000000E+00	0.000000E+00	0.000000E+00	1.867178E-18	1.348953E-18	1.020728E-18	0.000000E+00	
5.557753E-02	2.315738E-02	1.013239E-03	4.078388E-06	3.505741E-09	2.055164E-12	8.268668E-16	7.047314E-19	0.000000E+00	3.211949E-18	0.000000E+00	4.967001E-18	2.127747E-18	4.255494E-18	3.398296E-18	1.731335E-18	4.218224E-18	1.775381E-18	2.725752E-18	3.255995E-18	1.089284E-18	1.439956E-19	0.000000E+00	2.646978E-18	1.203634E-18	0.000000E+00	2.458937E-18	1.995186E-18	9.740879E-21	9.241129E-19	0.000000E+00	0.000000E+00	0.000000E+00	0.000000E+00	2.716858E-18	0.000000E+00	0.000000E+00	0.000000E+00	3.177856E-18	8.148457E-18	5.305814E-18	
6.732996E-02	2.808091E-02	1.461382E-03	6.147568E-06	4.949714E-09	2.680175E-12	1.083281E-15	4.933120E-18	0.000000E+00	0.000000E+00	0.000000E+00	1.490778E-19	0.000000E+00	0.000000E+00	1.863472E-18	2.090477E-18	1.724559E-18	0.000000E+00	0.000000E+00	1.766911E-18	1.104531E-18	2.984944E-18	3.095058E-18	2.541099E-19	1.824509E-18	1.110460E-18	2.175181E-18	3.731180E-18	4.619718E-18	0.000000E+00	2.202286E-20	0.000000E+00	0.000000E+00	0.000000E+00	0.000000E+00	0.000000E+00	0.000000E+00	0.000000E+00	0.000000E+00	0.000000E+00	0.000000E+00	
6.886249E-02	2.871908E-02	1.584061E-03	7.190070E-06	5.513521E-09	2.847582E-12	1.136298E-15	0.000000E+00	0.000000E+00	0.000000E+00	0.000000E+00	0.000000E+00	0.000000E+00	0.000000E+00	0.000000E+00	0.000000E+00	0.000000E+00	0.000000E+00	0.000000E+00	0.000000E+00	6.064756E-19	9.486769E-20	1.861778E-18	3.405072E-19	3.997996E-18	0.000000E+00	3.184844E-19	0.000000E+00	0.000000E+00	0.000000E+00	5.196547E-19	0.000000E+00	0.000000E+00	0.000000E+00	0.000000E+00	0.000000E+00	0.000000E+00	0.000000E+00	0.000000E+00	0.000000E+00	0.000000E+00	
6.918234E-02	2.885071E-02	1.633900E-03	8.077830E-06	5.930440E-09	2.944317E-12	1.176630E-15	4.309704E-18	4.580754E-18	0.000000E+00	7.941781E-18	0.000000E+00	0.000000E+00	0.000000E+00	0.000000E+00	0.000000E+00	1.585646E-18	0.000000E+00	8.690558E-19	0.000000E+00	0.000000E+00	5.251604E-20	0.000000E+00	0.000000E+00	0.000000E+00	2.040502E-18	2.841796E-18	0.000000E+00	5.582794E-18	1.951987E-18	2.852807E-18	4.396525E-18	8.156927E-18	1.306548E-17	1.322388E-17	5.127937E-18	4.241517E-18	8.158198E-18	3.000614E-18	8.222149E-18	5.751989E-18	
6.927123E-02	2.888642E-02	1.660249E-03	9.153654E-06	6.400303E-09	3.040488E-12	1.197122E-15	1.463673E-18	8.998878E-18	6.301925E-18	6.139295E-18	2.879912E-18	2.846031E-18	2.947675E-18	4.370690E-19	1.399298E-18	0.000000E+00	0.000000E+00	1.253609E-19	0.000000E+00	0.000000E+00	0.000000E+00	0.000000E+00	0.000000E+00	0.000000E+00	0.000000E+00	0.000000E+00	0.000000E+00	0.000000E+00	0.000000E+00	0.000000E+00	3.698146E-18	0.000000E+00	0.000000E+00	0.000000E+00	0.000000E+00	0.000000E+00	0.000000E+00	1.335347E-18	2.491547E-18	4.227965E-18	
6.929935E-02	2.889713E-02	1.676400E-03	1.044718E-05	6.950748E-09	3.147846E-12	1.209482E-15	1.355253E-18	4.933120E-18	4.065758E-19	0.000000E+00	1.450120E-18	0.000000E+00	0.000000E+00	3.537210E-18	0.000000E+00	8.809143E-19	1.910906E-18	0.000000E+00	0.000000E+00	5.454892E-19	1.761829E-18	4.540097E-19	0.000000E+00	0.000000E+00	3.509258E-18	1.211257E-19	1.999845E-18	1.655949E-18	7.716470E-19	1.787663E-18	0.000000E+00	3.599467E-18	3.594808E-18	2.184074E-18	5.149960E-18	6.209175E-18	1.804180E-18	1.217695E-17	2.295015E-17	1.746921E-17	
6.930542E-02	2.889890E-02	1.687177E-03	1.183925E-05	7.539660E-09	3.260157E-12	1.228726E-15	0.000000E+00	2.981556E-19	0.000000E+00	8.267042E-19	0.000000E+00	0.000000E+00	0.000000E+00	0.000000E+00	0.000000E+00	7.792703E-20	0.000000E+00	0.000000E+00	1.812651E-19	5.421011E-20	2.281907E-18	0.000000E+00	0.000000E+00	1.033380E-19	0.000000E+00	0.000000E+00	0.000000E+00	0.000000E+00	0.000000E+00	0.000000E+00	0.000000E+00	1.016440E-20	0.000000E+00	0.000000E+00	0.000000E+00	0.000000E+00	7.021903E-19	7.338270E-18	0.000000E+00	0.000000E+00	
6.930370E-02	2.889762E-02	1.694824E-03	1.321912E-05	8.125596E-09	3.370235E-12	1.257241E-15	9.974660E-18	0.000000E+00	1.111307E-18	8.538092E-19	5.014435E-19	0.000000E+00	0.000000E+00	0.000000E+00	0.000000E+00	0.000000E+00	0.000000E+00	0.000000E+00	0.000000E+00	0.000000E+00	0.000000E+00	0.000000E+00	0.000000E+00	0.000000E+00	0.000000E+00	0.000000E+00	0.000000E+00	0.000000E+00	0.000000E+00	0.000000E+00	0.000000E+00	0.000000E+00	0.000000E+00	0.000000E+00	0.000000E+00	0.000000E+00	0.000000E+00	0.000000E+00	0.000000E+00	0.000000E+00	
6.930015E-02	2.889569E-02	1.700518E-03	1.452154E-05	8.684353E-09	3.473803E-12	1.272040E-15	3.740497E-18	0.000000E+00	0.000000E+00	7.318365E-19	1.273938E-18	3.550762E-18	4.140297E-18	5.248216E-18	3.449118E-18	0.000000E+00	0.000000E+00	6.115578E-19	5.980053E-19	0.000000E+00	3.083200E-19	0.000000E+00	0.000000E+00	0.000000E+00	0.000000E+00	0.000000E+00	1.089284E-18	0.000000E+00	1.974857E-18	0.000000E+00	1.272667E-18	0.000000E+00	0.000000E+00	0.000000E+00	0.000000E+00	0.000000E+00	0.000000E+00	3.455894E-18	0.000000E+00	0.000000E+00	
6.929668E-02	2.889389E-02	1.704909E-03	1.571661E-05	9.205431E-09	3.568939E-12	1.275184E-15	0.000000E+00	0.000000E+00	0.000000E+00	0.000000E+00	0.000000E+00	0.000000E+00	0.000000E+00	0.000000E+00	0.000000E+00	0.000000E+00	0.000000E+00	0.000000E+00	0.000000E+00	0.000000E+00	0.000000E+00	0.000000E+00	6.776264E-20	0.000000E+00	0.000000E+00	0.000000E+00	0.000000E+00	0.000000E+00	0.000000E+00	0.000000E+00	0.000000E+00	0.000000E+00	1.118507E-18	3.677817E-18	3.773532E-19	2.823161E-18	0.000000E+00	0.000000E+00	0.000000E+00	0.000000E+00	
