3.136535E-05	6.840687E-05	4.256909E-05	0.000000E+00	0.000000E+00	
3.137807E-05	6.843403E-05	4.258530E-05	0.000000E+00	4.334976E-21	
3.137838E-05	6.843462E-05	4.258558E-05	9.374272E-20	1.725046E-21	
3.137864E-05	6.843512E-05	4.258579E-05	0.000000E+00	4.902900E-21	
3.137887E-05	6.843551E-05	4.258592E-05	2.683242E-19	0.000000E+00	
3.137903E-05	6.843576E-05	4.258595E-05	0.000000E+00	1.403581E-20	
3.137912E-05	6.843584E-05	4.258586E-05	4.331779E-20	3.824314E-21	
3.137913E-05	6.843571E-05	4.258561E-05	1.396281E-19	0.000000E+00	
3.137902E-05	6.843531E-05	4.258518E-05	8.911051E-20	0.000000E+00	
3.137877E-05	6.843459E-05	4.258451E-05	2.298768E-19	0.000000E+00	
3.137835E-05	6.843346E-05	4.258357E-05	0.000000E+00	7.672242E-21	
3.137771E-05	6.843185E-05	4.258228E-05	2.098921E-19	0.000000E+00	
3.137682E-05	6.842961E-05	4.258056E-05	2.752857E-21	0.000000E+00	
3.137558E-05	6.842662E-05	4.257832E-05	0.000000E+00	0.000000E+00	
3.137394E-05	6.842266E-05	4.257542E-05	1.540276E-19	0.000000E+00	
3.137176E-05	6.841749E-05	4.257169E-05	0.000000E+00	1.223866E-20	
3.136891E-05	6.841078E-05	4.256691E-05	1.138995E-19	0.000000E+00	
3.136518E-05	6.840206E-05	4.256077E-05	1.529027E-19	0.000000E+00	
3.136024E-05	6.839063E-05	4.255284E-05	1.704786E-19	0.000000E+00	
3.135349E-05	6.837530E-05	4.254241E-05	0.000000E+00	0.000000E+00	
3.134337E-05	6.835315E-05	4.252802E-05	0.000000E+00	7.062675E-21	
3.132401E-05	6.831407E-05	4.250523E-05	9.796465E-20	0.000000E+00	
3.126925E-05	6.821391E-05	4.245567E-05	0.000000E+00	9.937767E-21	
3.105508E-05	6.784233E-05	4.229073E-05	2.235241E-19	0.000000E+00	
3.020563E-05	6.636192E-05	4.163013E-05	0.000000E+00	1.322692E-20	
2.866769E-05	6.345539E-05	4.011635E-05	0.000000E+00	5.450862E-21	
2.725608E-05	6.047071E-05	3.824626E-05	1.369811E-21	0.000000E+00	
2.724828E-05	5.995204E-05	3.740893E-05	6.194590E-20	0.000000E+00	
2.763685E-05	6.032507E-05	3.708163E-05	1.160038E-19	0.000000E+00	
2.820647E-05	6.114643E-05	3.702950E-05	0.000000E+00	0.000000E+00	
2.877569E-05	6.203443E-05	3.706686E-05	0.000000E+00	0.000000E+00	
2.925925E-05	6.281200E-05	3.713394E-05	0.000000E+00	0.000000E+00	
2.964149E-05	6.343867E-05	3.719015E-05	0.000000E+00	0.000000E+00	
2.997092E-05	6.398681E-05	3.725172E-05	0.000000E+00	8.021788E-21	
3.026470E-05	6.448235E-05	3.731997E-05	0.000000E+00	0.000000E+00	
3.053646E-05	6.494620E-05	3.739532E-05	2.605420E-19	0.000000E+00	
3.079629E-05	6.539385E-05	3.747762E-05	0.000000E+00	5.046984E-21	
3.105153E-05	6.583663E-05	3.756659E-05	0.000000E+00	8.664019E-21	
3.130765E-05	6.628286E-05	3.766200E-05	2.105142E-19	0.000000E+00	
3.156874E-05	6.673888E-05	3.776379E-05	0.000000E+00	1.740511E-21	
3.182284E-05	6.718719E-05	3.786543E-05	0.000000E+00	1.069165E-20	
3.210459E-05	6.767933E-05	3.798137E-05	0.000000E+00	0.000000E+00	
3.239918E-05	6.819349E-05	3.810453E-05	8.185779E-20	0.000000E+00	
3.270845E-05	6.873268E-05	3.823557E-05	0.000000E+00	1.665218E-22	
3.303405E-05	6.929960E-05	3.837534E-05	0.000000E+00	1.060391E-20	
3.337606E-05	6.989477E-05	3.852427E-05	0.000000E+00	1.286698E-20	
3.373969E-05	7.052617E-05	3.868506E-05	0.000000E+00	0.000000E+00	
3.412393E-05	7.119288E-05	3.885814E-05	2.786474E-19	0.000000E+00	
3.453027E-05	7.189765E-05	3.904510E-05	0.000000E+00	1.077849E-20	
3.496028E-05	7.264354E-05	3.924780E-05	1.160766E-19	0.000000E+00	
3.541569E-05	7.343385E-05	3.946829E-05	1.228198E-19	0.000000E+00	
3.589757E-05	7.427117E-05	3.970859E-05	0.000000E+00	1.475918E-20	
3.640991E-05	7.516232E-05	3.997192E-05	6.561197E-20	4.072255E-21	
3.695357E-05	7.610991E-05	4.026059E-05	2.871442E-19	0.000000E+00	
3.754692E-05	7.714073E-05	4.058279E-05	1.575746E-19	0.000000E+00	
3.816931E-05	7.822824E-05	4.093406E-05	0.000000E+00	8.116542E-21	
3.881750E-05	7.937050E-05	4.131635E-05	0.000000E+00	9.244467E-21	
3.951755E-05	8.060525E-05	4.174069E-05	1.442206E-19	0.000000E+00	
4.026831E-05	8.193358E-05	4.220977E-05	0.000000E+00	2.098424E-20	
4.107513E-05	8.336564E-05	4.272856E-05	1.382583E-19	0.000000E+00	
4.194414E-05	8.491297E-05	4.330257E-05	0.000000E+00	0.000000E+00	
4.288239E-05	8.658876E-05	4.393791E-05	1.098496E-20	0.000000E+00	
4.389800E-05	8.840802E-05	4.464142E-05	0.000000E+00	2.329664E-20	
4.500033E-05	9.038792E-05	4.542076E-05	0.000000E+00	3.541677E-21	
4.620021E-05	9.254813E-05	4.628459E-05	1.075269E-19	0.000000E+00	
4.751016E-05	9.491124E-05	4.724269E-05	8.566944E-20	0.000000E+00	
4.894473E-05	9.750331E-05	4.830624E-05	3.268621E-19	0.000000E+00	
5.053106E-05	1.003669E-04	4.948994E-05	6.900672E-20	0.000000E+00	
5.226825E-05	1.035116E-04	5.080452E-05	0.000000E+00	1.032484E-20	
5.419025E-05	1.069914E-04	5.226916E-05	3.323413E-19	0.000000E+00	
5.632447E-05	1.108541E-04	5.390366E-05	2.110833E-19	0.000000E+00	
5.870345E-05	1.151561E-04	5.573123E-05	0.000000E+00	3.848076E-20	
6.136593E-05	1.199639E-04	5.777913E-05	0.000000E+00	2.994282E-20	
6.435830E-05	1.253568E-04	6.007955E-05	0.000000E+00	0.000000E+00	
6.773642E-05	1.314299E-04	6.267081E-05	0.000000E+00	1.236771E-20	
7.156792E-05	1.382970E-04	6.559862E-05	0.000000E+00	0.000000E+00	
7.593525E-05	1.460964E-04	6.891798E-05	0.000000E+00	5.467709E-21	
8.093961E-05	1.549964E-04	7.269539E-05	0.000000E+00	2.052671E-20	
8.669479E-05	1.651916E-04	7.701117E-05	8.062033E-19	0.000000E+00	
9.337808E-05	1.769601E-04	8.196604E-05	0.000000E+00	0.000000E+00	
1.011739E-04	1.906079E-04	8.768180E-05	1.413751E-19	0.000000E+00	
1.103289E-04	2.065332E-04	9.431108E-05	0.000000E+00	5.514496E-21	
1.211598E-04	2.252419E-04	1.020455E-04	1.199346E-19	0.000000E+00	
1.342823E-04	2.473789E-04	1.109767E-04	0.000000E+00	4.740062E-20	
1.501138E-04	2.737453E-04	1.214846E-04	2.573921E-19	5.214488E-20	
1.693489E-04	3.054063E-04	1.339668E-04	0.000000E+00	9.169748E-20	
1.929685E-04	3.437785E-04	1.489139E-04	0.000000E+00	4.899753E-22	
2.221925E-04	3.904985E-04	1.668479E-04	0.000000E+00	1.051348E-19	
2.587730E-04	4.481683E-04	1.886883E-04	1.305966E-18	0.000000E+00	
3.049193E-04	5.200775E-04	2.156338E-04	0.000000E+00	0.000000E+00	
3.662026E-04	6.109735E-04	2.483355E-04	1.100613E-19	0.000000E+00	
4.467794E-04	7.271270E-04	2.891733E-04	9.349126E-20	8.643836E-20	
5.532806E-04	8.771564E-04	3.408584E-04	0.000000E+00	6.353125E-20	
6.964881E-04	1.073454E-03	4.067941E-04	1.440274E-18	0.000000E+00	
8.932465E-04	1.334460E-03	4.920184E-04	0.000000E+00	3.181916E-20	
1.178022E-03	1.685365E-03	5.988973E-04	4.277516E-18	0.000000E+00	
1.583111E-03	2.163770E-03	7.390382E-04	1.596869E-18	3.912400E-19	
2.173085E-03	2.817074E-03	9.195302E-04	0.000000E+00	3.709833E-20	
3.025889E-03	3.728956E-03	1.162722E-03	4.925497E-19	0.000000E+00	
4.347609E-03	4.981533E-03	1.458472E-03	1.894389E-18	0.000000E+00	
6.365534E-03	6.694429E-03	1.815217E-03	0.000000E+00	8.723178E-19	
9.374360E-03	8.995251E-03	2.239298E-03	0.000000E+00	1.378922E-18	
1.423280E-02	1.164448E-02	2.555512E-03	9.479993E-18	4.517970E-19	
2.107884E-02	1.455805E-02	2.753558E-03	0.000000E+00	4.258971E-19	
3.545595E-02	1.297894E-02	2.214989E-03	0.000000E+00	7.675243E-20	
4.899792E-02	1.573654E-02	2.696635E-03	6.911789E-18	0.000000E+00	
5.614453E-02	1.840205E-02	3.091825E-03	0.000000E+00	4.748156E-18	
6.166241E-02	2.054855E-02	3.399437E-03	0.000000E+00	4.687791E-18	
6.512368E-02	2.180410E-02	3.587713E-03	6.989716E-17	0.000000E+00	
6.630670E-02	2.181376E-02	3.632437E-03	0.000000E+00	6.574034E-19	
4.820147E-02	1.517804E-02	2.609605E-03	1.357421E-16	0.000000E+00	
1.335728E-02	4.037934E-03	7.155630E-04	2.432509E-17	0.000000E+00	
2.218834E-03	6.616726E-04	1.184634E-04	3.619584E-18	0.000000E+00	
5.130788E-04	1.525601E-04	2.737190E-05	0.000000E+00	0.000000E+00	
1.439884E-04	4.276024E-05	7.676835E-06	6.220398E-22	0.000000E+00	
5.018041E-05	1.488478E-05	2.673131E-06	5.952392E-20	1.967315E-21	
2.384962E-05	7.066075E-06	1.269270E-06	0.000000E+00	0.000000E+00	
1.587245E-05	4.698591E-06	8.441349E-07	0.000000E+00	6.162318E-22	
1.344399E-05	3.978016E-06	7.147442E-07	1.352109E-20	0.000000E+00	
1.275844E-05	3.774503E-06	6.782175E-07	0.000000E+00	0.000000E+00	
1.258749E-05	3.723598E-06	6.691031E-07	6.364328E-21	0.000000E+00	
1.255073E-05	3.712463E-06	6.671358E-07	2.801164E-20	0.000000E+00	
