9.510087E-02	4.899132E-03	0.000000E+00	0.000000E+00	0.000000E+00	
8.068092E-02	1.931908E-02	0.000000E+00	0.000000E+00	0.000000E+00	
8.108399E-02	1.891601E-02	0.000000E+00	0.000000E+00	0.000000E+00	
8.146039E-02	1.853961E-02	0.000000E+00	0.000000E+00	8.271806E-25	
8.178410E-02	1.821590E-02	0.000000E+00	0.000000E+00	8.271806E-25	
8.210401E-02	1.789599E-02	0.000000E+00	0.000000E+00	8.271806E-25	
8.238246E-02	1.761754E-02	0.000000E+00	0.000000E+00	0.000000E+00	
8.262676E-02	1.737324E-02	0.000000E+00	0.000000E+00	8.271806E-25	
8.284495E-02	1.715505E-02	0.000000E+00	0.000000E+00	0.000000E+00	
8.305396E-02	1.694604E-02	0.000000E+00	0.000000E+00	8.271806E-25	
8.323551E-02	1.676449E-02	0.000000E+00	0.000000E+00	8.271806E-25	
8.338586E-02	1.661414E-02	0.000000E+00	0.000000E+00	0.000000E+00	
8.351591E-02	1.648409E-02	0.000000E+00	0.000000E+00	0.000000E+00	
8.363362E-02	1.636638E-02	0.000000E+00	0.000000E+00	0.000000E+00	
8.373886E-02	1.626114E-02	0.000000E+00	0.000000E+00	1.654361E-24	
8.383764E-02	1.616236E-02	0.000000E+00	0.000000E+00	0.000000E+00	
8.393928E-02	1.606072E-02	0.000000E+00	0.000000E+00	0.000000E+00	
8.402813E-02	1.597187E-02	0.000000E+00	0.000000E+00	8.271806E-25	
8.410821E-02	1.589179E-02	0.000000E+00	0.000000E+00	0.000000E+00	
8.418069E-02	1.581931E-02	0.000000E+00	0.000000E+00	0.000000E+00	
8.424556E-02	1.575444E-02	0.000000E+00	0.000000E+00	0.000000E+00	
8.430662E-02	1.569338E-02	0.000000E+00	0.000000E+00	8.271806E-25	
8.436280E-02	1.563720E-02	0.000000E+00	0.000000E+00	0.000000E+00	
8.441480E-02	1.558520E-02	0.000000E+00	0.000000E+00	8.271806E-25	
8.446348E-02	1.553652E-02	0.000000E+00	0.000000E+00	0.000000E+00	
8.450482E-02	1.549518E-02	0.000000E+00	0.000000E+00	0.000000E+00	
8.455347E-02	1.544653E-02	0.000000E+00	0.000000E+00	8.271806E-25	
8.459542E-02	1.540458E-02	0.000000E+00	0.000000E+00	0.000000E+00	
8.463552E-02	1.536448E-02	0.000000E+00	0.000000E+00	8.271806E-25	
8.467979E-02	1.532021E-02	0.000000E+00	0.000000E+00	0.000000E+00	
8.471129E-02	1.528871E-02	0.000000E+00	0.000000E+00	0.000000E+00	
8.474753E-02	1.525247E-02	0.000000E+00	0.000000E+00	0.000000E+00	
8.478288E-02	1.521712E-02	0.000000E+00	0.000000E+00	0.000000E+00	
8.481746E-02	1.518254E-02	0.000000E+00	0.000000E+00	8.271806E-25	
8.485135E-02	1.514865E-02	0.000000E+00	0.000000E+00	8.271806E-25	
8.488461E-02	1.511539E-02	0.000000E+00	0.000000E+00	8.271806E-25	
8.491727E-02	1.508273E-02	0.000000E+00	0.000000E+00	8.271806E-25	
8.494936E-02	1.505064E-02	0.000000E+00	0.000000E+00	0.000000E+00	
8.498087E-02	1.501913E-02	0.000000E+00	0.000000E+00	0.000000E+00	
8.501179E-02	1.498821E-02	0.000000E+00	0.000000E+00	0.000000E+00	
8.504213E-02	1.495787E-02	0.000000E+00	0.000000E+00	0.000000E+00	
8.507185E-02	1.492815E-02	0.000000E+00	0.000000E+00	0.000000E+00	
8.510128E-02	1.489872E-02	0.000000E+00	0.000000E+00	0.000000E+00	
8.513414E-02	1.486586E-02	0.000000E+00	0.000000E+00	0.000000E+00	
8.516536E-02	1.483464E-02	0.000000E+00	0.000000E+00	0.000000E+00	
8.519589E-02	1.480411E-02	0.000000E+00	0.000000E+00	8.271806E-25	
8.522573E-02	1.477427E-02	0.000000E+00	0.000000E+00	0.000000E+00	
8.525490E-02	1.474510E-02	0.000000E+00	0.000000E+00	0.000000E+00	
8.527569E-02	1.472431E-02	0.000000E+00	0.000000E+00	0.000000E+00	
8.530462E-02	1.469538E-02	0.000000E+00	0.000000E+00	0.000000E+00	
8.533245E-02	1.466755E-02	0.000000E+00	0.000000E+00	0.000000E+00	
8.535970E-02	1.464030E-02	0.000000E+00	0.000000E+00	0.000000E+00	
8.538644E-02	1.461356E-02	0.000000E+00	0.000000E+00	0.000000E+00	
8.541275E-02	1.458725E-02	0.000000E+00	0.000000E+00	0.000000E+00	
8.543872E-02	1.456128E-02	0.000000E+00	0.000000E+00	0.000000E+00	
8.546445E-02	1.453555E-02	0.000000E+00	0.000000E+00	8.271806E-25	
8.549005E-02	1.450995E-02	0.000000E+00	0.000000E+00	8.271806E-25	
8.551563E-02	1.448437E-02	0.000000E+00	0.000000E+00	8.271806E-25	
8.554135E-02	1.445865E-02	0.000000E+00	0.000000E+00	8.271806E-25	
8.556734E-02	1.443266E-02	0.000000E+00	0.000000E+00	0.000000E+00	
8.559377E-02	1.440623E-02	0.000000E+00	0.000000E+00	0.000000E+00	
8.562083E-02	1.437917E-02	0.000000E+00	0.000000E+00	0.000000E+00	
8.564871E-02	1.435129E-02	0.000000E+00	0.000000E+00	0.000000E+00	
8.567763E-02	1.432237E-02	0.000000E+00	0.000000E+00	8.271806E-25	
8.570783E-02	1.429217E-02	0.000000E+00	0.000000E+00	8.271806E-25	
8.573957E-02	1.426043E-02	0.000000E+00	0.000000E+00	0.000000E+00	
8.577314E-02	1.422686E-02	0.000000E+00	0.000000E+00	2.481542E-24	
8.580887E-02	1.419113E-02	0.000000E+00	0.000000E+00	8.271806E-25	
8.587686E-02	1.412314E-02	0.000000E+00	0.000000E+00	0.000000E+00	
8.592158E-02	1.407842E-02	0.000000E+00	0.000000E+00	1.654361E-24	
8.597005E-02	1.402995E-02	0.000000E+00	0.000000E+00	0.000000E+00	
8.602279E-02	1.397721E-02	0.000000E+00	0.000000E+00	0.000000E+00	
8.608038E-02	1.391962E-02	0.000000E+00	0.000000E+00	0.000000E+00	
8.614074E-02	1.385926E-02	0.000000E+00	0.000000E+00	1.654361E-24	
8.621059E-02	1.378941E-02	0.000000E+00	0.000000E+00	0.000000E+00	
8.628748E-02	1.371252E-02	0.000000E+00	0.000000E+00	0.000000E+00	
8.637224E-02	1.362776E-02	0.000000E+00	0.000000E+00	0.000000E+00	
8.646520E-02	1.353480E-02	0.000000E+00	0.000000E+00	0.000000E+00	
8.656690E-02	1.343310E-02	0.000000E+00	0.000000E+00	0.000000E+00	
8.670246E-02	1.329754E-02	0.000000E+00	0.000000E+00	8.271806E-25	
8.685439E-02	1.314561E-02	0.000000E+00	0.000000E+00	0.000000E+00	
8.702295E-02	1.297705E-02	0.000000E+00	0.000000E+00	0.000000E+00	
8.720786E-02	1.279214E-02	0.000000E+00	0.000000E+00	0.000000E+00	
8.741493E-02	1.258507E-02	0.000000E+00	0.000000E+00	0.000000E+00	
8.764404E-02	1.235596E-02	0.000000E+00	0.000000E+00	8.271806E-25	
8.789844E-02	1.210156E-02	0.000000E+00	0.000000E+00	0.000000E+00	
8.817728E-02	1.182272E-02	0.000000E+00	0.000000E+00	8.271806E-25	
8.848395E-02	1.151605E-02	0.000000E+00	0.000000E+00	0.000000E+00	
8.907188E-02	1.092812E-02	0.000000E+00	0.000000E+00	8.271806E-25	
8.942561E-02	1.057439E-02	0.000000E+00	0.000000E+00	0.000000E+00	
8.993851E-02	1.006149E-02	0.000000E+00	0.000000E+00	0.000000E+00	
9.067527E-02	9.324733E-03	0.000000E+00	0.000000E+00	0.000000E+00	
9.134404E-02	8.655961E-03	0.000000E+00	0.000000E+00	8.271806E-25	
9.212307E-02	7.876934E-03	0.000000E+00	0.000000E+00	0.000000E+00	
9.320351E-02	6.796489E-03	0.000000E+00	0.000000E+00	8.271806E-25	
9.414436E-02	5.855637E-03	0.000000E+00	0.000000E+00	0.000000E+00	
9.401549E-02	5.984507E-03	0.000000E+00	0.000000E+00	8.271806E-25	
9.387070E-02	6.129297E-03	0.000000E+00	0.000000E+00	0.000000E+00	
9.370813E-02	6.291874E-03	0.000000E+00	0.000000E+00	0.000000E+00	
9.352572E-02	6.474278E-03	0.000000E+00	0.000000E+00	0.000000E+00	
9.332130E-02	6.678696E-03	0.000000E+00	0.000000E+00	0.000000E+00	
9.309255E-02	6.907448E-03	0.000000E+00	0.000000E+00	8.271806E-25	
9.283706E-02	7.162935E-03	0.000000E+00	0.000000E+00	0.000000E+00	
9.255242E-02	7.447575E-03	0.000000E+00	0.000000E+00	0.000000E+00	
9.223628E-02	7.763717E-03	0.000000E+00	0.000000E+00	0.000000E+00	
9.188651E-02	8.113492E-03	0.000000E+00	0.000000E+00	0.000000E+00	
9.150133E-02	8.498674E-03	0.000000E+00	0.000000E+00	4.135903E-25	
9.107954E-02	8.920464E-03	0.000000E+00	0.000000E+00	0.000000E+00	
9.062071E-02	9.379288E-03	0.000000E+00	0.000000E+00	4.135903E-25	
9.012540E-02	9.874596E-03	0.000000E+00	0.000000E+00	0.000000E+00	
8.959535E-02	1.040465E-02	0.000000E+00	0.000000E+00	0.000000E+00	
8.903353E-02	1.096647E-02	0.000000E+00	0.000000E+00	4.135903E-25	
8.844422E-02	1.155578E-02	0.000000E+00	0.000000E+00	4.135903E-25	
8.783282E-02	1.216718E-02	0.000000E+00	0.000000E+00	4.135903E-25	
8.720557E-02	1.279443E-02	0.000000E+00	0.000000E+00	0.000000E+00	
8.656923E-02	1.343077E-02	0.000000E+00	0.000000E+00	0.000000E+00	
8.593053E-02	1.406947E-02	0.000000E+00	0.000000E+00	0.000000E+00	
8.529587E-02	1.470413E-02	0.000000E+00	0.000000E+00	0.000000E+00	
8.467091E-02	1.532909E-02	0.000000E+00	0.000000E+00	0.000000E+00	
8.406040E-02	1.593960E-02	0.000000E+00	0.000000E+00	0.000000E+00	
8.346816E-02	1.653184E-02	0.000000E+00	0.000000E+00	0.000000E+00	
8.289706E-02	1.710294E-02	0.000000E+00	0.000000E+00	0.000000E+00	
