2.097449E+01
2.097437E+01
2.097435E+01
2.097433E+01
2.097431E+01
2.097429E+01
2.097427E+01
2.097424E+01
2.097421E+01
2.097418E+01
2.097414E+01
2.097409E+01
2.097404E+01
2.097399E+01
2.097393E+01
2.097386E+01
2.097378E+01
2.097370E+01
2.097360E+01
2.097349E+01
2.097337E+01
2.097323E+01
2.097308E+01
2.097291E+01
2.097271E+01
2.097250E+01
2.097225E+01
2.097198E+01
2.097167E+01
2.097133E+01
2.097094E+01
2.097051E+01
2.097003E+01
2.096948E+01
2.096887E+01
2.096818E+01
2.096741E+01
2.096655E+01
2.096558E+01
2.096450E+01
2.096328E+01
2.096191E+01
2.096037E+01
2.095865E+01
2.095672E+01
2.095455E+01
2.095212E+01
2.094939E+01
2.094633E+01
2.094290E+01
2.093905E+01
2.093473E+01
2.092988E+01
2.092444E+01
2.091835E+01
2.091151E+01
2.090383E+01
2.089523E+01
2.088558E+01
2.087476E+01
2.086262E+01
2.084901E+01
2.083376E+01
2.081665E+01
2.079747E+01
2.077598E+01
2.075189E+01
2.072490E+01
2.069466E+01
2.066078E+01
2.062283E+01
2.058034E+01
2.053277E+01
2.047954E+01
2.041998E+01
2.035337E+01
2.027889E+01
2.019567E+01
2.010271E+01
1.999895E+01
1.988318E+01
1.975412E+01
1.961035E+01
1.945035E+01
1.927244E+01
1.907487E+01
1.885571E+01
1.861298E+01
1.834458E+01
1.804831E+01
1.772198E+01
1.736337E+01
1.697036E+01
1.654097E+01
1.607347E+01
1.556656E+01
1.501954E+01
1.443255E+01
1.380696E+01
1.314576E+01
1.245430E+01
1.174111E+01
1.101921E+01
1.030766E+01
1.000000E+01
1.000000E+01
1.000000E+01
1.000000E+01
1.000000E+01
1.000000E+01
1.000000E+01
1.000000E+01
1.000000E+01
1.000000E+01
1.000000E+01
1.000000E+01
1.000000E+01
1.000000E+01
1.000000E+01
1.000000E+01
1.000000E+01
1.000000E+01
