0.000000E+00
3.621530E+02
3.342948E+02
3.342945E+02
3.342941E+02
3.342937E+02
3.342932E+02
3.342927E+02
3.342921E+02
3.342914E+02
3.342906E+02
3.342898E+02
3.064314E+02
3.064305E+02
3.064294E+02
3.064281E+02
3.064268E+02
3.064252E+02
3.064235E+02
3.064215E+02
2.971339E+02
2.971315E+02
2.971289E+02
2.971259E+02
2.971225E+02
2.971188E+02
2.924721E+02
2.924675E+02
2.924622E+02
2.924563E+02
2.599553E+02
2.599488E+02
2.599414E+02
2.599331E+02
2.599238E+02
2.599134E+02
2.599017E+02
2.598886E+02
2.598739E+02
2.598573E+02
2.598388E+02
2.598180E+02
2.597947E+02
2.597686E+02
2.597392E+02
2.597063E+02
2.596694E+02
2.596280E+02
2.595815E+02
2.595294E+02
2.594709E+02
2.594053E+02
2.593317E+02
2.592492E+02
2.591567E+02
2.590530E+02
2.589366E+02
2.588062E+02
2.586599E+02
2.584959E+02
2.583121E+02
2.581060E+02
2.578751E+02
2.576163E+02
2.573264E+02
2.570017E+02
2.566380E+02
2.562307E+02
2.557749E+02
2.552647E+02
2.546940E+02
2.540557E+02
2.533421E+02
2.435253E+02
2.426666E+02
2.417081E+02
2.406390E+02
2.394471E+02
2.381196E+02
2.366423E+02
2.328241E+02
2.310172E+02
1.369799E+02
1.356525E+02
1.341847E+02
1.615631E+02
1.593881E+02
1.569976E+02
1.543768E+02
1.398570E+02
1.369749E+02
1.338452E+02
1.304603E+02
1.109637E+02
6.913741E+01
2.638917E+01
2.541063E+01
2.438207E+01
2.330951E+01
2.220100E+01
2.106677E+01
1.991917E+01
1.877261E+01
1.764316E+01
1.654807E+01
1.550503E+01
1.453118E+01
1.364205E+01
1.285040E+01
1.216509E+01
1.159029E+01
1.112493E+01
1.076283E+01
1.049334E+01
1.030253E+01
1.017478E+01
1.009443E+01
1.004733E+01
1.002180E+01
1.000914E+01
1.000344E+01
1.000115E+01
