1.540557E-05	3.244474E-05	2.115052E-05	0.000000E+00	7.922041E-21	
1.541141E-05	3.245695E-05	2.115839E-05	0.000000E+00	1.193521E-21	
1.541165E-05	3.245744E-05	2.115870E-05	0.000000E+00	9.393182E-21	
1.541189E-05	3.245794E-05	2.115900E-05	6.895378E-21	0.000000E+00	
1.541213E-05	3.245843E-05	2.115931E-05	0.000000E+00	7.557684E-22	
1.541237E-05	3.245892E-05	2.115962E-05	6.780896E-20	0.000000E+00	
1.541261E-05	3.245941E-05	2.115992E-05	8.860759E-21	2.214711E-21	
1.541285E-05	3.245989E-05	2.116021E-05	0.000000E+00	3.248325E-21	
1.541308E-05	3.246035E-05	2.116049E-05	9.036783E-20	0.000000E+00	
1.541330E-05	3.246079E-05	2.116074E-05	0.000000E+00	7.876682E-21	
1.541350E-05	3.246119E-05	2.116098E-05	1.551129E-20	4.079348E-21	
1.541369E-05	3.246155E-05	2.116117E-05	0.000000E+00	8.529676E-21	
1.541384E-05	3.246185E-05	2.116133E-05	0.000000E+00	4.890153E-21	
1.541397E-05	3.246207E-05	2.116143E-05	0.000000E+00	1.045570E-20	
1.541405E-05	3.246219E-05	2.116146E-05	0.000000E+00	1.866184E-21	
1.542639E-05	3.248099E-05	2.116818E-05	0.000000E+00	4.352841E-21	
1.542634E-05	3.248083E-05	2.116801E-05	0.000000E+00	4.240005E-21	
1.542620E-05	3.248047E-05	2.116770E-05	0.000000E+00	0.000000E+00	
1.542594E-05	3.247985E-05	2.116721E-05	0.000000E+00	0.000000E+00	
1.542554E-05	3.247890E-05	2.116649E-05	0.000000E+00	0.000000E+00	
1.542493E-05	3.247753E-05	2.116548E-05	0.000000E+00	6.363452E-21	
1.542408E-05	3.247561E-05	2.116410E-05	0.000000E+00	0.000000E+00	
1.542290E-05	3.247299E-05	2.116224E-05	0.000000E+00	0.000000E+00	
1.542129E-05	3.246943E-05	2.115973E-05	1.699558E-19	0.000000E+00	
1.541910E-05	3.246462E-05	2.115638E-05	1.839650E-21	3.543461E-21	
1.541612E-05	3.245813E-05	2.115188E-05	2.196992E-21	0.000000E+00	
1.541206E-05	3.244928E-05	2.114580E-05	0.000000E+00	2.254907E-22	
1.540643E-05	3.243709E-05	2.113745E-05	4.489936E-20	1.509359E-21	
1.539849E-05	3.241995E-05	2.112577E-05	6.327601E-20	0.000000E+00	
1.538700E-05	3.239519E-05	2.110896E-05	6.633327E-20	0.000000E+00	
1.536966E-05	3.235792E-05	2.108374E-05	0.000000E+00	0.000000E+00	
1.534186E-05	3.229828E-05	2.104349E-05	0.000000E+00	0.000000E+00	
1.531417E-05	3.222452E-05	2.098312E-05	7.993873E-21	0.000000E+00	
1.523808E-05	3.206155E-05	2.087340E-05	0.000000E+00	1.746899E-21	
1.512632E-05	3.181102E-05	2.069677E-05	0.000000E+00	7.723356E-21	
1.495912E-05	3.142408E-05	2.041544E-05	0.000000E+00	9.474320E-22	
1.466781E-05	3.076976E-05	1.995152E-05	6.288558E-20	1.529476E-22	
1.454817E-05	3.028804E-05	1.946163E-05	0.000000E+00	8.877432E-21	
1.392311E-05	2.905279E-05	1.868125E-05	0.000000E+00	4.887109E-21	
1.315803E-05	2.764975E-05	1.786888E-05	6.967177E-20	0.000000E+00	
1.245586E-05	2.643194E-05	1.721370E-05	0.000000E+00	7.300733E-21	
1.391009E-05	2.869749E-05	1.804086E-05	8.344929E-20	0.000000E+00	
1.265271E-05	2.672800E-05	1.721985E-05	0.000000E+00	0.000000E+00	
1.420005E-05	2.915244E-05	1.814198E-05	7.562747E-20	3.326914E-22	
1.433890E-05	2.937688E-05	1.820966E-05	1.736087E-20	0.000000E+00	
1.447694E-05	2.960438E-05	1.828544E-05	6.624062E-20	2.475104E-21	
1.462666E-05	2.985254E-05	1.837296E-05	0.000000E+00	3.844490E-21	
1.478185E-05	3.011086E-05	1.846646E-05	0.000000E+00	5.762815E-21	
1.493638E-05	3.036972E-05	1.856157E-05	1.289178E-19	0.000000E+00	
1.510920E-05	3.065782E-05	1.866866E-05	0.000000E+00	0.000000E+00	
1.529669E-05	3.096956E-05	1.878547E-05	4.565044E-20	0.000000E+00	
1.550060E-05	3.130759E-05	1.891302E-05	0.000000E+00	5.470425E-21	
1.570879E-05	3.165410E-05	1.904527E-05	1.653369E-20	3.566893E-23	
1.593641E-05	3.203193E-05	1.919081E-05	0.000000E+00	9.331701E-21	
1.618900E-05	3.244942E-05	1.935291E-05	0.000000E+00	0.000000E+00	
1.645197E-05	3.288574E-05	1.952515E-05	1.067427E-19	0.000000E+00	
1.673804E-05	3.335997E-05	1.971476E-05	7.574327E-20	0.000000E+00	
1.704763E-05	3.387331E-05	1.992301E-05	5.110322E-20	0.000000E+00	
1.737397E-05	3.441709E-05	2.014824E-05	1.666603E-20	4.346631E-21	
1.774266E-05	3.502817E-05	2.040310E-05	7.016146E-20	0.000000E+00	
1.812510E-05	3.566783E-05	2.067707E-05	6.522154E-20	0.000000E+00	
1.854909E-05	3.637587E-05	2.098369E-05	7.709985E-20	0.000000E+00	
1.901170E-05	3.714961E-05	2.132373E-05	0.000000E+00	3.077060E-21	
1.951007E-05	3.798710E-05	2.169866E-05	0.000000E+00	4.508848E-21	
2.006199E-05	3.891407E-05	2.211771E-05	0.000000E+00	3.269276E-21	
2.065907E-05	3.992195E-05	2.258122E-05	0.000000E+00	2.101989E-21	
2.132134E-05	4.103963E-05	2.309954E-05	0.000000E+00	2.026108E-22	
2.204912E-05	4.227081E-05	2.367700E-05	5.596373E-20	0.000000E+00	
2.289028E-05	4.367884E-05	2.433185E-05	6.642591E-20	2.771323E-21	
2.378819E-05	4.519806E-05	2.505427E-05	0.000000E+00	6.713114E-21	
2.478280E-05	4.688406E-05	2.586267E-05	8.290997E-20	0.000000E+00	
2.589674E-05	4.877109E-05	2.677113E-05	0.000000E+00	0.000000E+00	
2.715141E-05	5.089262E-05	2.779449E-05	0.000000E+00	7.964712E-21	
2.855611E-05	5.326985E-05	2.894724E-05	9.528459E-20	2.566392E-22	
3.015835E-05	5.596952E-05	3.025337E-05	2.574186E-20	0.000000E+00	
3.196769E-05	5.901797E-05	3.173324E-05	0.000000E+00	0.000000E+00	
3.403574E-05	6.249177E-05	3.341811E-05	9.714409E-21	4.902477E-21	
3.643211E-05	6.648953E-05	3.534539E-05	0.000000E+00	1.345641E-20	
3.919659E-05	7.108356E-05	3.755542E-05	0.000000E+00	0.000000E+00	
4.241550E-05	7.640187E-05	4.010194E-05	2.530511E-20	3.958757E-21	
4.618419E-05	8.259050E-05	4.305013E-05	0.000000E+00	1.207771E-20	
5.064286E-05	8.985127E-05	4.648183E-05	6.420245E-20	0.000000E+00	
5.592904E-05	9.840049E-05	5.049870E-05	0.000000E+00	9.571888E-21	
6.231965E-05	1.086045E-04	5.522946E-05	4.637638E-19	0.000000E+00	
6.999191E-05	1.207727E-04	6.084063E-05	0.000000E+00	0.000000E+00	
7.942360E-05	1.355202E-04	6.754151E-05	2.309753E-19	0.000000E+00	
9.104773E-05	1.534833E-04	7.561169E-05	0.000000E+00	0.000000E+00	
1.056808E-04	1.754835E-04	8.530148E-05	8.875317E-20	0.000000E+00	
1.259254E-04	2.037691E-04	9.682933E-05	3.669770E-19	0.000000E+00	
1.500688E-04	2.382361E-04	1.113520E-04	0.000000E+00	2.532323E-20	
1.814692E-04	2.820217E-04	1.294355E-04	0.000000E+00	4.601133E-20	
2.236497E-04	3.381804E-04	1.517156E-04	4.285457E-19	0.000000E+00	
2.802191E-04	4.112916E-04	1.800152E-04	1.654361E-19	6.961979E-20	
3.561663E-04	5.076599E-04	2.167825E-04	4.615800E-19	0.000000E+00	
4.666874E-04	6.367858E-04	2.629452E-04	7.177545E-19	0.000000E+00	
6.228152E-04	8.123759E-04	3.240014E-04	0.000000E+00	1.280760E-19	
9.133359E-04	1.059307E-03	3.844989E-04	1.719265E-18	2.386145E-19	
1.443879E-03	1.382256E-03	4.273483E-04	1.290031E-18	0.000000E+00	
2.106111E-03	1.820386E-03	5.162046E-04	2.037538E-18	2.022560E-21	
2.363318E-03	2.595258E-03	9.028253E-04	0.000000E+00	1.043677E-19	
3.735374E-03	3.578427E-03	1.109254E-03	0.000000E+00	6.841425E-19	
5.949780E-03	4.936573E-03	1.349772E-03	0.000000E+00	0.000000E+00	
9.525752E-03	6.723708E-03	1.620590E-03	0.000000E+00	3.002856E-19	
1.518109E-02	8.919837E-03	1.850557E-03	0.000000E+00	0.000000E+00	
3.317248E-02	8.640660E-03	1.682960E-03	0.000000E+00	2.669123E-18	
4.217904E-02	1.142204E-02	2.150456E-03	8.120674E-17	0.000000E+00	
5.103962E-02	1.461941E-02	2.638206E-03	4.197895E-18	0.000000E+00	
5.837299E-02	1.791849E-02	3.086016E-03	0.000000E+00	1.116317E-18	
6.313404E-02	2.089924E-02	3.441832E-03	3.835365E-18	0.000000E+00	
6.504833E-02	2.318517E-02	3.680951E-03	7.387483E-17	4.251275E-18	
6.461056E-02	2.460139E-02	3.810619E-03	0.000000E+00	5.670925E-18	
5.123997E-02	2.052214E-02	3.142649E-03	0.000000E+00	7.866635E-18	
1.240711E-02	5.091993E-03	7.780804E-04	0.000000E+00	1.292355E-18	
1.699821E-03	7.014332E-04	1.071782E-04	0.000000E+00	1.914781E-19	
3.539947E-04	1.461765E-04	2.233590E-05	4.836558E-19	0.000000E+00	
9.332399E-05	3.852011E-05	5.885965E-06	0.000000E+00	1.277426E-20	
3.315212E-05	1.367043E-05	2.088900E-06	8.035232E-20	0.000000E+00	
1.746293E-05	7.193820E-06	1.099261E-06	0.000000E+00	8.347335E-22	
1.305697E-05	5.375763E-06	8.214568E-07	0.000000E+00	1.843920E-21	
1.185089E-05	4.878260E-06	7.454370E-07	5.455256E-21	0.000000E+00	
1.155282E-05	4.755400E-06	7.266637E-07	1.470562E-20	0.000000E+00	
1.148858E-05	4.729012E-06	7.226318E-07	1.326053E-20	0.000000E+00	
