2.309612E-08	9.125870E-09	2.657390E-10	1.334884E-12	1.013468E-13	2.611716E-14	6.796437E-15	2.034484E-15	5.639790E-16	1.686231E-16	4.810145E-17	1.451323E-17	4.187975E-18	1.302641E-18	3.645831E-19	9.102623E-20	2.563057E-20	6.382044E-21	1.518153E-21	3.602513E-22	8.210454E-23	1.734737E-23	3.343054E-24	6.405803E-25	7.185324E-25	7.690195E-25	7.104544E-25	0.000000E+00	0.000000E+00	0.000000E+00	0.000000E+00	0.000000E+00	0.000000E+00	7.370107E-25	1.463621E-24	6.740028E-25	4.042603E-24	3.841058E-24	5.072439E-24	5.838025E-24	3.140398E-24	
2.310849E-08	9.131323E-09	2.659691E-10	1.346104E-12	1.035000E-13	2.667363E-14	6.941248E-15	2.077818E-15	5.759917E-16	1.722136E-16	4.912565E-17	1.482218E-17	4.277122E-18	1.330366E-18	3.723425E-19	9.296465E-20	2.617561E-20	6.516585E-21	1.551022E-21	3.681083E-22	8.406385E-23	1.850413E-23	4.105611E-24	1.857925E-24	1.109504E-24	0.000000E+00	0.000000E+00	0.000000E+00	0.000000E+00	0.000000E+00	3.400811E-25	0.000000E+00	0.000000E+00	4.479215E-25	0.000000E+00	0.000000E+00	1.279444E-24	8.897846E-25	4.857263E-24	3.190078E-24	2.273535E-24	
2.311005E-08	9.132009E-09	2.659979E-10	1.347506E-12	1.037691E-13	2.674317E-14	6.959343E-15	2.083232E-15	5.774927E-16	1.726623E-16	4.925363E-17	1.486079E-17	4.288260E-18	1.333830E-18	3.733100E-19	9.320572E-20	2.624309E-20	6.534876E-21	1.554937E-21	3.694723E-22	8.384009E-23	1.851261E-23	3.562774E-24	0.000000E+00	0.000000E+00	0.000000E+00	3.857214E-26	2.069971E-25	5.248639E-25	6.805661E-26	9.348191E-25	7.009629E-25	2.650573E-25	6.501728E-25	1.889328E-24	9.046278E-25	9.729874E-25	8.966509E-25	2.499111E-24	0.000000E+00	1.653553E-24	
2.311181E-08	9.132784E-09	2.660306E-10	1.349089E-12	1.040727E-13	2.682162E-14	6.979759E-15	2.089342E-15	5.791863E-16	1.731685E-16	4.939802E-17	1.490434E-17	4.300828E-18	1.337739E-18	3.744053E-19	9.348084E-20	2.632109E-20	6.553420E-21	1.558500E-21	3.701076E-22	8.509095E-23	1.938947E-23	3.603567E-24	4.959853E-25	0.000000E+00	0.000000E+00	0.000000E+00	0.000000E+00	0.000000E+00	1.139797E-24	8.033507E-25	9.883354E-25	9.822770E-25	1.495024E-24	1.625079E-24	0.000000E+00	1.742108E-24	0.000000E+00	6.281605E-25	0.000000E+00	0.000000E+00	
2.311380E-08	9.133661E-09	2.660674E-10	1.350876E-12	1.044154E-13	2.691020E-14	7.002810E-15	2.096240E-15	5.810985E-16	1.737401E-16	4.956105E-17	1.495352E-17	4.315019E-18	1.342152E-18	3.756390E-19	9.378950E-20	2.640835E-20	6.574617E-21	1.564612E-21	3.710370E-22	8.522263E-23	1.865882E-23	5.707465E-24	2.201641E-24	8.273826E-25	7.550850E-25	6.605732E-25	0.000000E+00	1.324781E-25	7.451896E-25	4.749826E-25	0.000000E+00	0.000000E+00	0.000000E+00	0.000000E+00	0.000000E+00	7.091418E-25	0.000000E+00	6.412871E-25	0.000000E+00	3.794307E-24	
2.311606E-08	9.134653E-09	2.661091E-10	1.352895E-12	1.048027E-13	2.701030E-14	7.028857E-15	2.104034E-15	5.832593E-16	1.743859E-16	4.974528E-17	1.500910E-17	4.331054E-18	1.347139E-18	3.770352E-19	9.413696E-20	2.650600E-20	6.600292E-21	1.570557E-21	3.724385E-22	8.456145E-23	1.769674E-23	3.908509E-24	0.000000E+00	0.000000E+00	0.000000E+00	0.000000E+00	0.000000E+00	0.000000E+00	0.000000E+00	0.000000E+00	0.000000E+00	0.000000E+00	1.261975E-24	0.000000E+00	0.000000E+00	5.404139E-25	6.267468E-25	0.000000E+00	5.477850E-25	0.000000E+00	
2.311862E-08	9.135778E-09	2.661564E-10	1.355179E-12	1.052408E-13	2.712350E-14	7.058316E-15	2.112850E-15	5.857030E-16	1.751163E-16	4.995363E-17	1.507194E-17	4.349187E-18	1.352779E-18	3.786145E-19	9.453080E-20	2.661742E-20	6.629132E-21	1.578297E-21	3.750541E-22	8.587290E-23	1.991979E-23	4.101976E-24	1.700405E-24	1.272477E-24	4.006656E-25	0.000000E+00	0.000000E+00	0.000000E+00	0.000000E+00	0.000000E+00	0.000000E+00	0.000000E+00	0.000000E+00	0.000000E+00	0.000000E+00	0.000000E+00	0.000000E+00	0.000000E+00	0.000000E+00	1.432925E-24	
2.312152E-08	9.137055E-09	2.662100E-10	1.357765E-12	1.057367E-13	2.725166E-14	7.091668E-15	2.122830E-15	5.884697E-16	1.759433E-16	5.018951E-17	1.514310E-17	4.369720E-18	1.359164E-18	3.804007E-19	9.497655E-20	2.674292E-20	6.659735E-21	1.584494E-21	3.769128E-22	8.616694E-23	1.842335E-23	3.399599E-24	1.498457E-25	0.000000E+00	0.000000E+00	0.000000E+00	3.089810E-26	4.491332E-25	6.850089E-25	0.000000E+00	2.197199E-25	0.000000E+00	0.000000E+00	0.000000E+00	0.000000E+00	0.000000E+00	0.000000E+00	1.621343E-24	0.000000E+00	0.000000E+00	
2.312482E-08	9.138506E-09	2.662708E-10	1.360696E-12	1.062987E-13	2.739691E-14	7.129467E-15	2.134141E-15	5.916053E-16	1.768805E-16	5.045685E-17	1.522375E-17	4.392990E-18	1.366401E-18	3.824276E-19	9.548370E-20	2.688615E-20	6.694916E-21	1.592646E-21	3.769173E-22	8.625781E-23	1.813779E-23	2.763462E-24	0.000000E+00	0.000000E+00	0.000000E+00	0.000000E+00	0.000000E+00	0.000000E+00	0.000000E+00	0.000000E+00	0.000000E+00	0.000000E+00	0.000000E+00	0.000000E+00	0.000000E+00	7.681107E-25	0.000000E+00	0.000000E+00	0.000000E+00	0.000000E+00	
2.312858E-08	9.140157E-09	2.663399E-10	1.364023E-12	1.069366E-13	2.756176E-14	7.172366E-15	2.146978E-15	5.951639E-16	1.779441E-16	5.076026E-17	1.531527E-17	4.419396E-18	1.374615E-18	3.847239E-19	9.605624E-20	2.704577E-20	6.734140E-21	1.601658E-21	3.807216E-22	8.666777E-23	1.926224E-23	4.237685E-24	9.160379E-25	4.430748E-25	1.960919E-25	9.812672E-25	1.200381E-24	0.000000E+00	0.000000E+00	0.000000E+00	0.000000E+00	0.000000E+00	1.262177E-26	0.000000E+00	0.000000E+00	0.000000E+00	0.000000E+00	0.000000E+00	1.467155E-24	0.000000E+00	
2.313287E-08	9.142041E-09	2.664188E-10	1.367805E-12	1.076616E-13	2.774912E-14	7.221122E-15	2.161568E-15	5.992085E-16	1.791530E-16	5.110509E-17	1.541929E-17	4.449412E-18	1.383949E-18	3.873384E-19	9.670912E-20	2.723007E-20	6.781733E-21	1.613761E-21	3.837032E-22	8.755271E-23	1.929173E-23	4.174273E-24	8.780716E-25	9.053346E-25	0.000000E+00	8.532320E-25	8.944294E-25	5.967575E-25	0.000000E+00	0.000000E+00	0.000000E+00	1.549651E-24	0.000000E+00	5.475831E-25	0.000000E+00	0.000000E+00	0.000000E+00	0.000000E+00	0.000000E+00	0.000000E+00	
2.313777E-08	9.144194E-09	2.665088E-10	1.372112E-12	1.084870E-13	2.796242E-14	7.276630E-15	2.178178E-15	6.038131E-16	1.805293E-16	5.149768E-17	1.553771E-17	4.483582E-18	1.394576E-18	3.903123E-19	9.745064E-20	2.743948E-20	6.833199E-21	1.626248E-21	3.869513E-22	8.867958E-23	2.002439E-23	4.655314E-24	9.729874E-25	1.325387E-24	1.066288E-24	1.070932E-24	1.159992E-24	1.502092E-24	2.645524E-25	0.000000E+00	3.331139E-25	0.000000E+00	3.823893E-25	1.382337E-25	0.000000E+00	0.000000E+00	0.000000E+00	0.000000E+00	2.634215E-24	4.763761E-24	
2.314339E-08	9.146662E-09	2.666117E-10	1.377025E-12	1.094284E-13	2.820571E-14	7.339942E-15	2.197123E-15	6.090652E-16	1.820991E-16	5.194546E-17	1.567279E-17	4.522557E-18	1.406696E-18	3.937033E-19	9.829776E-20	2.767746E-20	6.892987E-21	1.640894E-21	3.907197E-22	8.993206E-23	1.984305E-23	4.222337E-24	6.304829E-25	1.137373E-24	0.000000E+00	9.243178E-25	0.000000E+00	3.180687E-25	0.000000E+00	0.000000E+00	2.293124E-25	0.000000E+00	0.000000E+00	2.029076E-24	0.000000E+00	2.886650E-24	1.110615E-24	3.325080E-24	2.535159E-24	3.740286E-24	
2.314986E-08	9.149497E-09	2.667298E-10	1.382642E-12	1.105045E-13	2.848381E-14	7.412315E-15	2.218780E-15	6.150688E-16	1.838936E-16	5.245733E-17	1.582719E-17	4.567110E-18	1.420552E-18	3.975815E-19	9.926735E-20	2.795028E-20	6.959676E-21	1.656047E-21	3.944339E-22	9.061424E-23	1.950700E-23	4.801525E-24	5.169879E-25	0.000000E+00	0.000000E+00	0.000000E+00	0.000000E+00	2.346640E-25	0.000000E+00	0.000000E+00	0.000000E+00	0.000000E+00	0.000000E+00	0.000000E+00	0.000000E+00	0.000000E+00	2.208306E-25	0.000000E+00	0.000000E+00	0.000000E+00	
2.315731E-08	9.152765E-09	2.668657E-10	1.389082E-12	1.117377E-13	2.880251E-14	7.495252E-15	2.243598E-15	6.219488E-16	1.859500E-16	5.304391E-17	1.600414E-17	4.618168E-18	1.436431E-18	4.020276E-19	1.003754E-19	2.826409E-20	7.037960E-21	1.675539E-21	3.983101E-22	9.126411E-23	2.118681E-23	6.085917E-24	7.621532E-25	7.322649E-25	0.000000E+00	3.756240E-26	6.583518E-26	3.822883E-25	4.299481E-25	0.000000E+00	0.000000E+00	0.000000E+00	0.000000E+00	9.829838E-25	5.490977E-25	1.484321E-25	2.376933E-24	1.080323E-24	2.273939E-24	4.851305E-24	
2.317476E-08	9.160009E-09	2.671207E-10	1.396404E-12	1.130342E-13	2.912332E-14	7.575238E-15	2.266243E-15	6.278837E-16	1.876141E-16	5.348975E-17	1.613093E-17	4.652724E-18	1.446676E-18	4.047973E-19	1.010358E-19	2.844852E-20	7.082543E-21	1.686550E-21	4.017464E-22	9.283770E-23	2.021867E-23	4.534145E-24	9.095756E-25	6.850089E-25	1.511180E-24	1.258542E-24	7.793188E-25	1.005703E-25	2.569389E-24	1.671729E-24	2.160040E-24	1.682634E-24	5.749471E-25	4.309579E-25	8.993772E-25	1.279040E-24	0.000000E+00	0.000000E+00	0.000000E+00	0.000000E+00	
2.318476E-08	9.164388E-09	2.673022E-10	1.404933E-12	1.146661E-13	2.954485E-14	7.684884E-15	2.299034E-15	6.369692E-16	1.903281E-16	5.426350E-17	1.636422E-17	4.720008E-18	1.467593E-18	4.106495E-19	1.024949E-19	2.885812E-20	7.184150E-21	1.709060E-21	4.062911E-22	9.235746E-23	1.943026E-23	3.063557E-24	0.000000E+00	0.000000E+00	0.000000E+00	0.000000E+00	0.000000E+00	0.000000E+00	0.000000E+00	0.000000E+00	0.000000E+00	0.000000E+00	0.000000E+00	0.000000E+00	0.000000E+00	8.624206E-25	0.000000E+00	0.000000E+00	0.000000E+00	3.281863E-24	
2.319645E-08	9.169501E-09	2.675134E-10	1.414808E-12	1.165548E-13	3.003271E-14	7.811784E-15	2.336985E-15	6.474844E-16	1.934691E-16	5.515901E-17	1.663422E-17	4.797882E-18	1.491803E-18	4.174241E-19	1.041855E-19	2.933376E-20	7.303281E-21	1.737706E-21	4.113030E-22	9.354128E-23	2.014476E-23	2.204469E-24	0.000000E+00	1.141008E-25	0.000000E+00	0.000000E+00	0.000000E+00	0.000000E+00	0.000000E+00	0.000000E+00	0.000000E+00	0.000000E+00	0.000000E+00	0.000000E+00	3.965257E-25	0.000000E+00	0.000000E+00	5.745432E-26	1.059320E-24	6.678130E-24	
2.321020E-08	9.175506E-09	2.677608E-10	1.426293E-12	1.187504E-13	3.059981E-14	7.959300E-15	2.381102E-15	6.597079E-16	1.971205E-16	5.620000E-17	1.694809E-17	4.888408E-18	1.519947E-18	4.252994E-19	1.061534E-19	2.988800E-20	7.441454E-21	1.772130E-21	4.219211E-22	9.570536E-23	1.965766E-23	4.312406E-24	0.000000E+00	0.000000E+00	0.000000E+00	0.000000E+00	2.770732E-25	0.000000E+00	0.000000E+00	2.033620E-25	0.000000E+00	3.300846E-25	0.000000E+00	0.000000E+00	0.000000E+00	0.000000E+00	0.000000E+00	0.000000E+00	0.000000E+00	0.000000E+00	
2.322646E-08	9.182603E-09	2.680521E-10	1.439720E-12	1.213157E-13	3.126243E-14	8.131661E-15	2.432648E-15	6.739902E-16	2.013867E-16	5.741632E-17	1.731481E-17	4.994178E-18	1.552828E-18	4.344981E-19	1.084471E-19	3.053486E-20	7.601527E-21	1.809455E-21	4.308468E-22	9.953955E-23	2.218363E-23	5.008320E-24	7.322649E-25	1.169281E-25	3.538136E-25	3.130200E-25	4.129845E-25	3.019128E-25	9.332035E-25	0.000000E+00	1.591252E-24	0.000000E+00	0.000000E+00	1.468165E-25	0.000000E+00	0.000000E+00	2.512238E-25	0.000000E+00	0.000000E+00	0.000000E+00	
2.324587E-08	9.191058E-09	2.683978E-10	1.455512E-12	1.243310E-13	3.204128E-14	8.334257E-15	2.493235E-15	6.907777E-16	2.064013E-16	5.884600E-17	1.774587E-17	5.118505E-18	1.591481E-18	4.453136E-19	1.111476E-19	3.129398E-20	7.791470E-21	1.852599E-21	4.400504E-22	1.010505E-22	2.235246E-23	4.875034E-24	7.419584E-25	1.377288E-25	0.000000E+00	0.000000E+00	2.479926E-25	0.000000E+00	8.946314E-26	0.000000E+00	0.000000E+00	0.000000E+00	0.000000E+00	0.000000E+00	0.000000E+00	0.000000E+00	0.000000E+00	0.000000E+00	0.000000E+00	0.000000E+00	
2.326925E-08	9.201224E-09	2.688116E-10	1.474221E-12	1.279003E-13	3.296322E-14	8.574079E-15	2.564955E-15	7.106500E-16	2.123373E-16	6.053839E-17	1.825612E-17	5.265674E-18	1.637233E-18	4.581156E-19	1.143425E-19	3.219394E-20	8.015497E-21	1.908396E-21	4.544970E-22	1.048330E-22	2.292841E-23	4.639562E-24	0.000000E+00	1.029937E-25	0.000000E+00	0.000000E+00	0.000000E+00	0.000000E+00	0.000000E+00	0.000000E+00	0.000000E+00	2.462761E-25	4.966921E-25	0.000000E+00	0.000000E+00	0.000000E+00	0.000000E+00	0.000000E+00	8.920060E-25	0.000000E+00	
2.329771E-08	9.213580E-09	2.693118E-10	1.496573E-12	1.321609E-13	3.406372E-14	8.860349E-15	2.650564E-15	7.343710E-16	2.194229E-16	6.255854E-17	1.886520E-17	5.441346E-18	1.691848E-18	4.733972E-19	1.181564E-19	3.326734E-20	8.283020E-21	1.971667E-21	4.695001E-22	1.083388E-22	2.512884E-23	5.797938E-24	2.634619E-24	1.458269E-24	7.092428E-25	4.933599E-25	9.489555E-25	1.585699E-24	5.175937E-25	9.255295E-25	1.163324E-24	1.205733E-24	1.350025E-25	1.121016E-24	0.000000E+00	2.812131E-25	0.000000E+00	0.000000E+00	0.000000E+00	7.318206E-24	
2.333283E-08	9.228795E-09	2.699240E-10	1.523551E-12	1.372979E-13	3.539056E-14	9.205503E-15	2.753781E-15	7.629714E-16	2.279658E-16	6.499424E-17	1.959956E-17	5.653156E-18	1.757695E-18	4.918213E-19	1.227531E-19	3.456149E-20	8.605936E-21	2.047750E-21	4.854993E-22	1.105918E-22	2.474231E-23	4.852012E-24	5.969594E-25	2.742459E-25	0.000000E+00	2.395108E-25	0.000000E+00	2.593017E-25	0.000000E+00	0.000000E+00	0.000000E+00	0.000000E+00	0.000000E+00	0.000000E+00	0.000000E+00	0.000000E+00	0.000000E+00	0.000000E+00	0.000000E+00	1.544905E-25	
2.337687E-08	9.247827E-09	2.706845E-10	1.556518E-12	1.435671E-13	3.700984E-14	9.626734E-15	2.879746E-15	7.978757E-16	2.383917E-16	6.796680E-17	2.049578E-17	5.911649E-18	1.838060E-18	5.143101E-19	1.283693E-19	3.614311E-20	8.999215E-21	2.142068E-21	5.089035E-22	1.158061E-22	2.477341E-23	5.442913E-24	1.609529E-24	7.712409E-25	7.952728E-25	0.000000E+00	0.000000E+00	3.352343E-26	7.716448E-25	5.196132E-25	1.194323E-24	1.208459E-24	5.723217E-25	2.378245E-24	2.898767E-24	2.929059E-24	3.651732E-24	6.020082E-24	4.087637E-24	4.642693E-24	
2.343319E-08	9.272097E-09	2.716465E-10	1.597417E-12	1.513328E-13	3.901560E-14	1.014851E-14	3.035776E-15	8.411118E-16	2.513060E-16	7.164890E-17	2.160591E-17	6.231846E-18	1.937601E-18	5.421606E-19	1.353184E-19	3.810006E-20	9.485989E-21	2.257264E-21	5.364420E-22	1.238198E-22	2.745731E-23	6.849282E-24	1.614375E-24	9.111911E-25	7.550850E-25	2.179023E-24	2.401166E-24	2.426208E-24	5.351632E-26	6.642083E-25	1.111120E-24	1.428583E-24	2.211032E-24	1.897002E-24	0.000000E+00	1.093551E-24	7.337795E-25	2.023725E-24	0.000000E+00	1.042054E-25	
2.350697E-08	9.303789E-09	2.728910E-10	1.649124E-12	1.611320E-13	4.154659E-14	1.080694E-14	3.232663E-15	8.956711E-16	2.676022E-16	7.629533E-17	2.300676E-17	6.635896E-18	2.063213E-18	5.773092E-19	1.440900E-19	4.056995E-20	1.010033E-20	2.402179E-21	5.705664E-22	1.304744E-22	2.845736E-23	5.018014E-24	4.180332E-25	0.000000E+00	0.000000E+00	0.000000E+00	0.000000E+00	0.000000E+00	0.000000E+00	0.000000E+00	9.970192E-25	1.129901E-24	9.473399E-25	2.576861E-25	1.053161E-25	0.000000E+00	5.989789E-25	9.768244E-25	0.000000E+00	4.893008E-24	
2.360660E-08	9.346433E-09	2.745476E-10	1.716087E-12	1.737931E-13	4.481667E-14	1.165766E-14	3.487044E-15	9.661647E-16	2.886573E-16	8.229876E-17	2.481671E-17	7.157950E-18	2.225507E-18	6.227194E-19	1.554232E-19	4.376027E-20	1.089634E-20	2.593387E-21	6.182347E-22	1.433115E-22	3.193450E-23	7.090004E-24	8.336430E-25	0.000000E+00	0.000000E+00	0.000000E+00	0.000000E+00	0.000000E+00	0.000000E+00	0.000000E+00	0.000000E+00	2.796985E-26	0.000000E+00	0.000000E+00	0.000000E+00	0.000000E+00	0.000000E+00	0.000000E+00	0.000000E+00	0.000000E+00	
2.374649E-08	9.406065E-09	2.768358E-10	1.805571E-12	1.906639E-13	4.917396E-14	1.279126E-14	3.825999E-15	1.060099E-15	3.167129E-16	9.029847E-17	2.722847E-17	7.853600E-18	2.441770E-18	6.832328E-19	1.705257E-19	4.801204E-20	1.195356E-20	2.845312E-21	6.774286E-22	1.555160E-22	3.390592E-23	7.731392E-24	2.542934E-24	1.021455E-24	1.662843E-24	6.232127E-25	1.324580E-24	1.643052E-24	1.196746E-24	1.014185E-24	1.631541E-24	0.000000E+00	8.101160E-25	2.424491E-24	2.421664E-24	2.220927E-24	0.000000E+00	3.347295E-25	0.000000E+00	0.000000E+00	
2.395327E-08	9.493808E-09	2.801554E-10	1.930342E-12	2.141032E-13	5.522752E-14	1.436624E-14	4.296904E-15	1.190609E-15	3.556909E-16	1.014130E-16	3.057922E-17	8.820111E-18	2.742230E-18	7.673076E-19	1.915099E-19	5.392172E-20	1.342495E-20	3.194058E-21	7.596063E-22	1.740468E-22	3.846753E-23	7.187747E-24	2.103091E-24	2.304231E-25	4.735690E-25	2.181043E-25	6.866245E-25	7.459974E-25	3.362441E-25	1.012973E-24	1.991211E-24	1.874485E-24	1.201795E-24	2.011406E-24	1.177561E-24	3.886093E-24	3.364561E-24	2.160242E-24	6.336030E-24	2.327152E-24	
2.428121E-08	9.632253E-09	2.853102E-10	2.115103E-12	2.486560E-13	6.415095E-14	1.668804E-14	4.991050E-15	1.383005E-15	4.131486E-16	1.177978E-16	3.551867E-17	1.024492E-17	3.185158E-18	8.912464E-19	2.224437E-19	6.263050E-20	1.559202E-20	3.710117E-21	8.813508E-22	2.018191E-22	4.413946E-23	9.284779E-24	1.258946E-24	0.000000E+00	0.000000E+00	0.000000E+00	0.000000E+00	0.000000E+00	0.000000E+00	0.000000E+00	0.000000E+00	0.000000E+00	0.000000E+00	0.000000E+00	0.000000E+00	0.000000E+00	0.000000E+00	0.000000E+00	6.726901E-25	0.000000E+00	
2.485688E-08	9.873949E-09	2.941530E-10	2.414843E-12	3.043979E-13	7.854577E-14	2.043380E-14	6.110799E-15	1.693400E-15	5.058389E-16	1.442317E-16	4.348716E-17	1.254356E-17	3.899715E-18	1.091199E-18	2.723499E-19	7.668181E-20	1.909226E-20	4.543583E-21	1.081245E-21	2.487269E-22	5.515857E-23	1.206965E-23	2.204873E-24	0.000000E+00	0.000000E+00	0.000000E+00	0.000000E+00	0.000000E+00	0.000000E+00	0.000000E+00	0.000000E+00	0.000000E+00	4.732661E-25	0.000000E+00	1.254806E-24	2.096729E-24	6.475475E-25	0.000000E+00	0.000000E+00	6.291904E-24	
2.604076E-08	1.036820E-08	3.119024E-10	2.978174E-12	4.081856E-13	1.052642E-13	2.736731E-14	8.175733E-15	2.263938E-15	6.755600E-16	1.924733E-16	5.798419E-17	1.671405E-17	5.193217E-18	1.452609E-18	3.623645E-19	1.020187E-19	2.539582E-20	6.041495E-21	1.436767E-21	3.289974E-22	7.318812E-23	1.532829E-23	2.752153E-24	1.256523E-24	6.401764E-26	9.917686E-25	1.679201E-24	2.574842E-24	3.301856E-24	2.031601E-24	1.109504E-24	1.842173E-24	5.285999E-25	2.114299E-24	3.427064E-25	3.022360E-24	3.944658E-24	2.548286E-24	1.439892E-25	0.000000E+00	
2.836069E-08	1.133345E-08	3.461864E-10	4.024956E-12	6.005043E-13	1.548798E-13	4.027340E-14	1.202868E-14	3.331540E-15	9.939638E-16	2.832256E-16	8.531522E-17	2.459382E-17	7.641128E-18	2.137388E-18	5.331953E-19	1.501130E-19	3.736499E-20	8.891227E-21	2.113424E-21	4.852473E-22	1.060972E-22	2.272970E-23	4.072087E-24	3.097888E-25	0.000000E+00	0.000000E+00	0.000000E+00	2.817180E-25	4.687222E-25	4.729631E-25	2.853531E-25	0.000000E+00	0.000000E+00	0.000000E+00	0.000000E+00	0.000000E+00	1.702425E-24	1.219768E-24	1.637297E-24	7.163109E-25	
3.352883E-08	1.348475E-08	4.227449E-10	6.380879E-12	1.033297E-12	2.663837E-13	6.925606E-14	2.066557E-14	5.722598E-15	1.705835E-15	4.859146E-16	1.462741E-16	4.215254E-17	1.309070E-17	3.661067E-18	9.130100E-19	2.570339E-19	6.397256E-20	1.521873E-20	3.616123E-21	8.288802E-22	1.815217E-22	3.705874E-23	6.099649E-24	4.370163E-25	0.000000E+00	2.194775E-24	6.405803E-25	2.276766E-24	1.266216E-24	3.693636E-25	3.089810E-25	0.000000E+00	9.083639E-25	0.000000E+00	0.000000E+00	0.000000E+00	0.000000E+00	0.000000E+00	0.000000E+00	0.000000E+00	
4.560399E-08	1.855492E-08	6.086179E-10	1.273773E-11	2.212715E-12	5.696434E-13	1.480014E-13	4.406780E-14	1.219366E-14	3.627315E-15	1.032211E-15	3.102334E-16	8.931662E-17	2.770769E-17	7.744841E-18	1.929844E-18	5.432275E-19	1.351540E-19	3.214424E-20	7.637599E-21	1.749909E-21	3.848458E-22	8.096434E-23	1.890479E-23	4.592306E-24	2.585343E-24	3.057095E-24	1.378500E-24	2.229510E-25	0.000000E+00	0.000000E+00	0.000000E+00	0.000000E+00	0.000000E+00	1.369210E-25	0.000000E+00	0.000000E+00	0.000000E+00	0.000000E+00	8.669644E-25	8.732450E-24	
7.577233E-08	3.154651E-08	1.125025E-09	3.500053E-11	6.425756E-12	1.651432E-12	4.290154E-13	1.273838E-13	3.524385E-14	1.045739E-14	2.974034E-15	8.921585E-16	2.566620E-16	7.952217E-17	2.221823E-17	5.531944E-18	1.557013E-18	3.872613E-19	9.209020E-20	2.188931E-20	5.019413E-21	1.106341E-21	2.373120E-22	4.977059E-23	9.809037E-24	4.809603E-24	2.838587E-24	3.338611E-24	7.803286E-25	6.495872E-24	0.000000E+00	3.448067E-24	2.350275E-24	4.280902E-24	8.093284E-24	8.267363E-24	7.777840E-24	1.418970E-23	1.860752E-23	0.000000E+00	0.000000E+00	
1.403495E-07	6.111654E-08	2.516200E-09	1.175299E-10	2.221027E-11	5.645912E-12	1.455656E-12	4.259431E-13	1.167609E-13	3.413036E-14	9.603665E-15	2.845500E-15	8.109527E-16	2.490628E-16	6.921182E-17	1.710292E-17	4.805309E-18	1.190929E-18	2.823186E-19	6.699100E-20	1.533845E-20	3.365737E-21	7.116888E-22	1.439230E-22	2.573146E-23	4.097129E-24	4.735286E-24	0.000000E+00	0.000000E+00	0.000000E+00	0.000000E+00	6.241821E-24	5.673134E-24	0.000000E+00	0.000000E+00	0.000000E+00	0.000000E+00	0.000000E+00	0.000000E+00	0.000000E+00	0.000000E+00	
2.675756E-07	1.270752E-07	6.566808E-09	4.499814E-10	8.731728E-11	2.230083E-11	5.812417E-12	1.706587E-12	4.741102E-13	1.393237E-13	3.967028E-14	1.181998E-14	3.398663E-15	1.048622E-15	2.928445E-16	7.279062E-17	2.048545E-17	5.092769E-18	1.211305E-18	2.877748E-19	6.600278E-20	1.452406E-20	3.077535E-21	6.330840E-22	1.225487E-22	2.353910E-23	2.908057E-25	0.000000E+00	7.026188E-24	4.853224E-24	8.756482E-24	1.193919E-23	6.005137E-24	0.000000E+00	0.000000E+00	0.000000E+00	0.000000E+00	0.000000E+00	2.412072E-23	0.000000E+00	0.000000E+00	
4.431339E-07	2.430763E-07	1.675400E-08	1.552477E-09	3.093495E-10	8.029709E-11	2.149346E-11	6.406674E-12	1.836184E-12	5.493214E-13	1.607736E-13	4.867325E-14	1.428684E-14	4.463488E-15	1.260497E-15	3.177691E-16	8.968628E-17	2.245261E-17	5.379613E-18	1.281849E-18	2.949285E-19	6.509643E-20	1.386110E-20	2.885387E-21	5.836987E-22	1.293762E-22	4.161752E-23	4.695866E-23	2.702877E-23	2.966864E-23	2.045656E-23	2.412718E-23	4.257395E-23	3.244745E-23	9.215309E-24	3.113075E-23	4.166115E-23	3.853983E-23	0.000000E+00	8.149991E-23	4.646590E-23	
5.841412E-07	3.800284E-07	3.401099E-08	3.848790E-09	7.894385E-10	2.095399E-10	5.807469E-11	1.765194E-11	5.251551E-12	1.603717E-12	4.838777E-13	1.489016E-13	4.466910E-14	1.414028E-14	4.038146E-15	1.033357E-15	2.920245E-16	7.361919E-17	1.777569E-17	4.248310E-18	9.809372E-19	2.171673E-19	4.634244E-20	9.563449E-21	1.892486E-21	3.473512E-22	3.162027E-23	0.000000E+00	0.000000E+00	0.000000E+00	0.000000E+00	0.000000E+00	0.000000E+00	0.000000E+00	0.000000E+00	0.000000E+00	0.000000E+00	3.411474E-23	7.115046E-24	0.000000E+00	4.327189E-23	
6.083057E-07	4.332320E-07	4.326460E-08	5.092540E-09	1.009161E-09	2.561658E-10	6.835803E-11	1.972033E-11	5.635499E-12	1.637421E-12	4.754051E-13	1.408625E-13	4.097591E-14	1.261807E-14	3.545474E-15	8.861893E-16	2.498968E-16	6.236401E-17	1.491831E-17	3.550484E-18	8.168760E-19	1.803247E-19	3.840588E-20	7.907795E-21	1.573220E-21	3.036981E-22	6.051989E-23	0.000000E+00	0.000000E+00	8.808181E-24	0.000000E+00	0.000000E+00	0.000000E+00	0.000000E+00	0.000000E+00	1.027513E-24	3.422460E-23	0.000000E+00	0.000000E+00	0.000000E+00	0.000000E+00	
6.590827E-07	5.275000E-07	6.074022E-08	7.961457E-09	1.652912E-09	4.390282E-10	1.237409E-10	3.744443E-11	1.134174E-11	3.458451E-12	1.056664E-12	3.252039E-13	9.832730E-14	3.116232E-14	8.937077E-15	2.298056E-15	6.500466E-16	1.643427E-16	3.983154E-17	9.533791E-18	2.206219E-18	4.894121E-19	1.045550E-19	2.157343E-20	4.257059E-21	7.862481E-22	1.071134E-22	1.226554E-23	0.000000E+00	2.486065E-23	0.000000E+00	0.000000E+00	0.000000E+00	0.000000E+00	0.000000E+00	0.000000E+00	0.000000E+00	0.000000E+00	0.000000E+00	0.000000E+00	5.639045E-23	
6.452357E-07	5.306996E-07	6.255422E-08	8.087169E-09	1.614153E-09	4.097456E-10	1.104794E-10	3.177360E-11	9.189271E-12	2.668498E-12	7.817326E-13	2.318033E-13	6.783259E-14	2.091261E-14	5.895587E-15	1.479227E-15	4.175702E-16	1.044463E-16	2.505748E-17	5.969854E-18	1.375778E-18	3.042369E-19	6.488356E-20	1.340387E-20	2.676937E-21	5.276766E-22	1.097113E-22	1.404268E-23	0.000000E+00	0.000000E+00	8.252419E-24	0.000000E+00	0.000000E+00	4.708790E-23	2.639546E-23	1.831430E-23	5.648093E-24	1.781346E-23	0.000000E+00	0.000000E+00	0.000000E+00	
6.495421E-07	5.609515E-07	6.968704E-08	9.272092E-09	1.856492E-09	4.715135E-10	1.276413E-10	3.669697E-11	1.066124E-11	3.097671E-12	9.106471E-13	2.702576E-13	7.927774E-14	2.446070E-14	6.905285E-15	1.735465E-15	4.901129E-16	1.227087E-16	2.947270E-17	7.024894E-18	1.619867E-18	3.583101E-19	7.643653E-20	1.573581E-20	3.082527E-21	5.385721E-22	6.939916E-23	0.000000E+00	0.000000E+00	0.000000E+00	0.000000E+00	0.000000E+00	0.000000E+00	0.000000E+00	0.000000E+00	8.659547E-24	0.000000E+00	0.000000E+00	0.000000E+00	0.000000E+00	0.000000E+00	
6.501581E-07	5.857009E-07	7.606297E-08	1.036672E-08	2.081996E-09	5.291436E-10	1.437631E-10	4.133171E-11	1.205682E-11	3.505864E-12	1.033953E-12	3.071437E-13	9.030050E-14	2.788524E-14	7.882040E-15	1.984095E-15	5.605472E-16	1.404690E-16	3.377425E-17	8.053583E-18	1.858182E-18	4.112891E-19	8.776592E-20	1.810573E-20	3.608033E-21	6.638641E-22	6.453947E-23	0.000000E+00	0.000000E+00	0.000000E+00	8.491526E-24	0.000000E+00	0.000000E+00	0.000000E+00	0.000000E+00	0.000000E+00	1.547732E-23	2.646655E-23	8.504451E-23	0.000000E+00	1.628318E-22	
6.481911E-07	6.068148E-07	8.198863E-08	1.141340E-08	2.298610E-09	5.844863E-10	1.592981E-10	4.579221E-11	1.340467E-11	3.900003E-12	1.153301E-12	3.428479E-13	1.009870E-13	3.120589E-14	8.830067E-15	2.225734E-15	6.290206E-16	1.577492E-16	3.796416E-17	9.056060E-18	2.090534E-18	4.629663E-19	9.882976E-20	2.044736E-20	4.095294E-21	8.046141E-22	1.240642E-22	2.531948E-23	1.699598E-23	0.000000E+00	4.885535E-23	0.000000E+00	0.000000E+00	3.251208E-23	5.729518E-23	4.200527E-26	2.920658E-23	7.058177E-23	7.274989E-23	0.000000E+00	0.000000E+00	
6.442599E-07	6.255691E-07	8.771340E-08	1.245335E-08	2.515305E-09	6.399785E-10	1.749620E-10	5.029842E-11	1.477402E-11	4.301535E-12	1.275425E-12	3.794693E-13	1.119826E-13	3.462863E-14	9.809004E-15	2.475870E-15	6.999375E-16	1.756698E-16	4.231561E-17	1.009781E-17	2.332177E-18	5.166812E-19	1.103821E-19	2.284122E-20	4.561268E-21	8.637058E-22	1.428825E-22	4.097775E-23	2.102848E-23	2.505453E-23	0.000000E+00	6.835872E-23	1.536100E-23	3.525857E-23	0.000000E+00	6.805176E-23	6.755093E-23	9.359096E-23	0.000000E+00	0.000000E+00	0.000000E+00	
6.386372E-07	6.426491E-07	9.339310E-08	1.351552E-08	2.738835E-09	6.975434E-10	1.913501E-10	5.504014E-11	1.622711E-11	4.730325E-12	1.406743E-12	4.190463E-13	1.239261E-13	3.835974E-14	1.087912E-14	2.750356E-15	7.778120E-16	1.953857E-16	4.711222E-17	1.124727E-17	2.599117E-18	5.761389E-19	1.231394E-19	2.545332E-20	5.083154E-21	9.976832E-22	2.830379E-22	4.992164E-23	5.039986E-23	0.000000E+00	7.232660E-23	5.370212E-24	1.466953E-23	0.000000E+00	0.000000E+00	0.000000E+00	0.000000E+00	0.000000E+00	0.000000E+00	1.858248E-23	0.000000E+00	
6.312988E-07	6.578147E-07	9.896063E-08	1.458519E-08	2.965073E-09	7.557891E-10	2.079779E-10	5.984615E-11	1.770387E-11	5.166023E-12	1.540414E-12	4.593333E-13	1.360983E-13	4.216270E-14	1.197069E-14	3.030680E-15	8.573609E-16	2.155411E-16	5.202068E-17	1.242397E-17	2.872534E-18	6.370191E-19	1.361146E-19	2.807828E-20	5.561135E-21	1.056788E-21	1.633811E-22	0.000000E+00	0.000000E+00	0.000000E+00	0.000000E+00	0.000000E+00	0.000000E+00	0.000000E+00	0.000000E+00	0.000000E+00	0.000000E+00	0.000000E+00	0.000000E+00	0.000000E+00	0.000000E+00	
6.223902E-07	6.712350E-07	1.044514E-07	1.567035E-08	3.196193E-09	8.153863E-10	2.250666E-10	6.479095E-11	1.922967E-11	5.617028E-12	1.679215E-12	5.012307E-13	1.487853E-13	4.613097E-14	1.311121E-14	3.324149E-15	9.406694E-16	2.366720E-16	5.717323E-17	1.365999E-17	3.159979E-18	7.010857E-19	1.499618E-19	3.101531E-20	6.200908E-21	1.195935E-21	2.169410E-22	5.996413E-23	2.746498E-24	0.000000E+00	0.000000E+00	8.271806E-25	0.000000E+00	3.752686E-23	0.000000E+00	0.000000E+00	0.000000E+00	0.000000E+00	0.000000E+00	0.000000E+00	0.000000E+00	
6.120116E-07	6.828665E-07	1.098434E-07	1.676764E-08	3.431619E-09	8.761938E-10	2.425780E-10	6.986415E-11	2.080145E-11	6.082510E-12	1.822903E-12	5.446701E-13	1.619675E-13	5.025873E-14	1.429911E-14	3.630403E-15	1.027637E-15	2.587550E-16	6.256470E-17	1.495407E-17	3.461072E-18	7.682607E-19	1.643805E-19	3.403731E-20	6.814585E-21	1.337189E-21	2.514888E-22	1.645314E-23	0.000000E+00	0.000000E+00	0.000000E+00	0.000000E+00	0.000000E+00	0.000000E+00	0.000000E+00	0.000000E+00	0.000000E+00	0.000000E+00	0.000000E+00	6.109181E-23	0.000000E+00	
6.003021E-07	6.929276E-07	1.151970E-07	1.789321E-08	3.676267E-09	9.398596E-10	2.610926E-10	7.526928E-11	2.249125E-11	6.586835E-12	1.979715E-12	5.923527E-13	1.765140E-13	5.483206E-14	1.561902E-14	3.972078E-15	1.124723E-15	2.834554E-16	6.860697E-17	1.640583E-17	3.799337E-18	8.438629E-19	1.806201E-19	3.744218E-20	7.574700E-21	1.495555E-21	2.736417E-22	5.607380E-23	6.212256E-23	1.402976E-23	0.000000E+00	6.461056E-23	0.000000E+00	0.000000E+00	1.753881E-23	0.000000E+00	0.000000E+00	0.000000E+00	0.000000E+00	0.000000E+00	0.000000E+00	
5.873441E-07	7.010339E-07	1.203755E-07	1.901809E-08	3.922989E-09	1.004226E-09	2.799048E-10	8.077272E-11	2.421949E-11	7.103992E-12	2.141049E-12	6.415082E-13	1.915455E-13	5.956455E-14	1.698681E-14	4.326928E-15	1.225587E-15	3.091475E-16	7.490035E-17	1.791883E-17	4.151973E-18	9.225798E-19	1.975434E-19	4.091529E-20	8.160512E-21	1.527557E-21	2.277332E-22	2.500929E-24	0.000000E+00	0.000000E+00	0.000000E+00	0.000000E+00	0.000000E+00	0.000000E+00	0.000000E+00	4.481316E-23	8.775869E-24	1.278608E-22	1.788875E-22	2.310774E-22	2.157293E-22	
5.732984E-07	7.070556E-07	1.253022E-07	2.012551E-08	4.167871E-09	1.068175E-09	2.986594E-10	8.626152E-11	2.594824E-11	7.621908E-12	2.302951E-12	6.908818E-13	2.066663E-13	6.432816E-14	1.836497E-14	4.685070E-15	1.327414E-15	3.351111E-16	8.126801E-17	1.945068E-17	4.509502E-18	1.002559E-18	2.147711E-19	4.447065E-20	8.870245E-21	1.712005E-21	3.355122E-22	1.338417E-22	8.396529E-23	1.866326E-23	1.465661E-23	3.260901E-23	0.000000E+00	0.000000E+00	0.000000E+00	0.000000E+00	1.244002E-24	1.039243E-22	0.000000E+00	0.000000E+00	0.000000E+00	
5.608614E-07	7.145001E-07	1.306354E-07	2.132969E-08	4.436637E-09	1.138813E-09	3.195050E-10	9.240376E-11	2.789321E-11	8.208205E-12	2.487047E-12	7.472681E-13	2.239923E-13	6.980279E-14	1.995170E-14	5.098533E-15	1.445003E-15	3.651312E-16	8.863937E-17	2.122519E-17	4.923840E-18	1.095252E-18	2.347560E-19	4.862616E-20	9.766509E-21	1.915130E-21	3.451928E-22	3.965943E-23	2.215293E-23	0.000000E+00	0.000000E+00	0.000000E+00	5.929851E-23	1.027126E-22	3.781120E-23	0.000000E+00	0.000000E+00	0.000000E+00	0.000000E+00	0.000000E+00	0.000000E+00	
5.559150E-07	7.309714E-07	1.377810E-07	2.285977E-08	4.776186E-09	1.227910E-09	3.456658E-10	1.001067E-10	3.032108E-11	8.939208E-12	2.715879E-12	8.172869E-13	2.454682E-13	7.658393E-14	2.191539E-14	5.609747E-15	1.590355E-15	4.022220E-16	9.774250E-17	2.341630E-17	5.435266E-18	1.209658E-18	2.593700E-19	5.374270E-20	1.077346E-20	2.085633E-21	3.825581E-22	4.343344E-23	0.000000E+00	0.000000E+00	0.000000E+00	0.000000E+00	0.000000E+00	0.000000E+00	0.000000E+00	0.000000E+00	0.000000E+00	0.000000E+00	0.000000E+00	0.000000E+00	0.000000E+00	
5.496590E-07	7.453795E-07	1.447326E-07	2.439151E-08	5.119604E-09	1.318382E-09	3.723791E-10	1.080011E-10	3.282125E-11	9.694864E-12	2.953292E-12	8.901309E-13	2.678703E-13	8.367093E-14	2.397087E-14	6.146176E-15	1.742924E-15	4.412042E-16	1.073231E-16	2.572399E-17	5.974454E-18	1.330360E-18	2.854325E-19	5.921482E-20	1.192337E-20	2.311944E-21	4.712732E-22	1.285490E-22	2.285086E-23	3.024379E-23	6.923760E-23	1.720923E-23	2.688337E-23	7.434932E-23	1.085998E-22	1.167488E-22	7.783253E-23	1.668288E-22	1.572613E-23	7.199703E-23	9.373637E-24	
5.421575E-07	7.577309E-07	1.514818E-07	2.592668E-08	5.468628E-09	1.411022E-09	3.999753E-10	1.162148E-10	3.544215E-11	1.049234E-11	3.205290E-12	9.678143E-13	2.918598E-13	9.128479E-14	2.618420E-14	6.725777E-15	1.907831E-15	4.834085E-16	1.177134E-16	2.822899E-17	6.560267E-18	1.461632E-18	3.137072E-19	6.504720E-20	1.300312E-20	2.539845E-21	4.050988E-22	3.358483E-23	0.000000E+00	0.000000E+00	0.000000E+00	0.000000E+00	0.000000E+00	0.000000E+00	0.000000E+00	0.000000E+00	0.000000E+00	0.000000E+00	1.173756E-22	0.000000E+00	1.346592E-22	
5.336060E-07	7.675829E-07	1.577866E-07	2.740377E-08	5.806732E-09	1.500716E-09	4.267218E-10	1.241675E-10	3.798139E-11	1.126486E-11	3.449477E-12	1.043084E-12	3.151125E-13	9.866414E-14	2.833037E-14	7.288412E-15	2.067943E-15	5.244172E-16	1.278195E-16	3.066693E-17	7.130886E-18	1.589583E-18	3.413737E-19	7.090102E-20	1.416951E-20	2.716629E-21	4.579220E-22	4.643844E-23	7.470475E-24	1.371957E-23	3.307430E-23	6.751862E-23	3.176891E-23	2.768470E-23	5.189912E-23	5.234502E-24	1.931919E-23	0.000000E+00	0.000000E+00	3.221545E-22	2.432751E-23	
5.240068E-07	7.753598E-07	1.638175E-07	2.887015E-08	6.148611E-09	1.592443E-09	4.544083E-10	1.324876E-10	4.066467E-11	1.208888E-11	3.711929E-12	1.124503E-12	3.403998E-13	1.067245E-13	3.068126E-14	7.907296E-15	2.244122E-15	5.696278E-16	1.389822E-16	3.336261E-17	7.762413E-18	1.731308E-18	3.719772E-19	7.722172E-20	1.549317E-20	2.954883E-21	5.190041E-22	2.848603E-23	1.474708E-23	3.677076E-24	0.000000E+00	0.000000E+00	0.000000E+00	0.000000E+00	0.000000E+00	0.000000E+00	5.280708E-23	7.001632E-23	1.216214E-23	1.095400E-22	3.244422E-23	
5.135963E-07	7.807140E-07	1.693380E-07	3.026174E-08	6.476540E-09	1.680653E-09	4.811342E-10	1.405348E-10	4.326729E-11	1.288997E-11	3.967586E-12	1.203938E-12	3.651090E-13	1.146088E-13	3.298323E-14	8.514464E-15	2.417007E-15	6.140416E-16	1.499622E-16	3.601593E-17	8.384627E-18	1.871092E-18	4.021742E-19	8.357518E-20	1.683544E-20	3.283041E-21	6.410650E-22	1.503918E-22	9.229526E-23	2.411748E-23	1.386174E-23	3.176244E-23	7.600368E-23	9.615975E-24	0.000000E+00	0.000000E+00	0.000000E+00	3.173013E-24	0.000000E+00	0.000000E+00	0.000000E+00	
5.024866E-07	7.837947E-07	1.743543E-07	3.157875E-08	6.791193E-09	1.765733E-09	5.070700E-10	1.483785E-10	4.581596E-11	1.367776E-11	4.219845E-12	1.282538E-12	3.896187E-13	1.224440E-13	3.527429E-14	9.120255E-15	2.589544E-15	6.584236E-16	1.609500E-16	3.867353E-17	9.008387E-18	2.011302E-18	4.325288E-19	8.995472E-20	1.807887E-20	3.542323E-21	6.979078E-22	1.657851E-22	5.388952E-23	1.986526E-23	9.913243E-24	1.200058E-23	0.000000E+00	0.000000E+00	0.000000E+00	0.000000E+00	0.000000E+00	0.000000E+00	0.000000E+00	0.000000E+00	0.000000E+00	
4.907787E-07	7.847723E-07	1.788870E-07	3.282505E-08	7.094229E-09	1.848371E-09	5.324897E-10	1.561225E-10	4.834953E-11	1.446589E-11	4.473463E-12	1.361892E-12	4.144503E-13	1.304046E-13	3.760655E-14	9.738847E-15	2.765770E-15	7.038227E-16	1.722074E-16	4.139870E-17	9.648654E-18	2.155415E-18	4.637596E-19	9.646679E-20	1.943616E-20	3.774800E-21	7.327657E-22	1.533128E-22	0.000000E+00	4.788600E-23	0.000000E+00	5.951177E-23	5.693329E-23	5.920157E-23	1.023248E-22	2.016382E-22	1.288043E-22	1.563307E-22	4.935296E-23	0.000000E+00	0.000000E+00	
4.786794E-07	7.836289E-07	1.828233E-07	3.396435E-08	7.375057E-09	1.925210E-09	5.562250E-10	1.633711E-10	5.072787E-11	1.520770E-11	4.712649E-12	1.436860E-12	4.379463E-13	1.379452E-13	3.981821E-14	1.032665E-14	2.933269E-15	7.470247E-16	1.829346E-16	4.399774E-17	1.025987E-17	2.293065E-18	4.935607E-19	1.026751E-19	2.061880E-20	3.984477E-21	7.365914E-22	8.740973E-23	1.605894E-23	0.000000E+00	0.000000E+00	0.000000E+00	7.127970E-24	3.181414E-23	2.647624E-23	7.355445E-23	7.350921E-24	0.000000E+00	0.000000E+00	7.180962E-23	0.000000E+00	
4.662435E-07	7.806648E-07	1.862565E-07	3.501962E-08	7.640626E-09	1.998596E-09	5.791220E-10	1.704209E-10	5.305791E-11	1.593944E-11	4.949795E-12	1.511515E-12	4.614275E-13	1.455031E-13	4.203934E-14	1.091883E-14	3.102051E-15	7.906236E-16	1.937775E-16	4.662722E-17	1.087881E-17	2.432589E-18	5.238150E-19	1.090130E-19	2.194013E-20	4.259877E-21	7.756240E-22	1.283422E-22	0.000000E+00	0.000000E+00	0.000000E+00	0.000000E+00	0.000000E+00	4.006656E-25	1.634328E-23	2.388484E-23	0.000000E+00	5.071651E-23	0.000000E+00	0.000000E+00	0.000000E+00	
4.538032E-07	7.761511E-07	1.891507E-07	3.596844E-08	7.883081E-09	2.065829E-09	6.001836E-10	1.769213E-10	5.521183E-11	1.661762E-11	5.169962E-12	1.580940E-12	4.832942E-13	1.525484E-13	4.411199E-14	1.147252E-14	3.259910E-15	8.314488E-16	2.039443E-16	4.909479E-17	1.146020E-17	2.563765E-18	5.523179E-19	1.150142E-19	2.313187E-20	4.482362E-21	8.222822E-22	1.133884E-22	0.000000E+00	0.000000E+00	0.000000E+00	0.000000E+00	0.000000E+00	2.955878E-23	6.636832E-24	3.377223E-23	0.000000E+00	7.506664E-23	4.062879E-23	8.061780E-23	0.000000E+00	
4.413761E-07	7.702642E-07	1.915535E-07	3.682109E-08	8.105438E-09	2.127941E-09	6.197842E-10	1.830043E-10	5.723743E-11	1.725849E-11	5.378715E-12	1.646966E-12	5.041407E-13	1.592780E-13	4.609472E-14	1.200355E-14	3.411345E-15	8.706654E-16	2.137248E-16	5.147077E-17	1.202068E-17	2.690322E-18	5.798131E-19	1.207814E-19	2.436373E-20	4.702263E-21	8.622324E-22	1.326849E-22	0.000000E+00	0.000000E+00	3.263486E-24	0.000000E+00	0.000000E+00	0.000000E+00	0.000000E+00	0.000000E+00	0.000000E+00	0.000000E+00	0.000000E+00	0.000000E+00	0.000000E+00	
4.292548E-07	7.628813E-07	1.932287E-07	3.749690E-08	8.282247E-09	2.176496E-09	6.348923E-10	1.876192E-10	5.875640E-11	1.773423E-11	5.532376E-12	1.695259E-12	5.193128E-13	1.641518E-13	4.752875E-14	1.238736E-14	3.520902E-15	8.990585E-16	2.208160E-16	5.319481E-17	1.242796E-17	2.782466E-18	5.998213E-19	1.249574E-19	2.513773E-20	4.829985E-21	8.766693E-22	1.124255E-22	0.000000E+00	0.000000E+00	0.000000E+00	0.000000E+00	0.000000E+00	0.000000E+00	0.000000E+00	0.000000E+00	0.000000E+00	0.000000E+00	3.460265E-23	0.000000E+00	0.000000E+00	
4.171696E-07	7.547357E-07	1.946539E-07	3.813758E-08	8.456517E-09	2.225620E-09	6.505435E-10	1.925050E-10	6.039253E-11	1.825501E-11	5.702628E-12	1.749309E-12	5.364279E-13	1.696883E-13	4.916365E-14	1.282709E-14	3.646397E-15	9.316401E-16	2.289654E-16	5.517806E-17	1.289673E-17	2.888555E-18	6.229645E-19	1.299001E-19	2.618027E-20	5.060562E-21	9.184936E-22	1.105837E-22	3.517456E-23	0.000000E+00	1.296993E-23	3.772073E-23	8.156776E-23	7.109876E-23	9.044057E-23	4.965022E-23	9.858959E-23	3.531027E-23	5.682343E-23	1.441847E-22	0.000000E+00	
4.054551E-07	7.459910E-07	1.957304E-07	3.869948E-08	8.613152E-09	2.270089E-09	6.648063E-10	1.969796E-10	6.189705E-11	1.873598E-11	5.860288E-12	1.799495E-12	5.523509E-13	1.748474E-13	5.068911E-14	1.323834E-14	3.763805E-15	9.621616E-16	2.366104E-16	5.704014E-17	1.333733E-17	2.988386E-18	6.447358E-19	1.345192E-19	2.712367E-20	5.310034E-21	9.788649E-22	1.785159E-22	6.779650E-23	9.099633E-23	7.663053E-23	5.573129E-23	3.193046E-23	3.290628E-23	1.740957E-23	3.606960E-23	1.545794E-23	0.000000E+00	5.569575E-23	1.136178E-22	1.549930E-22	
3.944008E-07	7.371355E-07	1.965455E-07	3.919156E-08	8.752323E-09	2.309554E-09	6.774504E-10	2.009400E-10	6.322662E-11	1.916095E-11	5.999440E-12	1.843785E-12	5.663992E-13	1.793973E-13	5.203501E-14	1.360164E-14	3.867572E-15	9.891641E-16	2.433823E-16	5.869092E-17	1.372831E-17	3.077016E-18	6.640080E-19	1.385060E-19	2.794380E-20	5.506929E-21	1.020534E-21	1.806614E-22	3.304199E-23	2.223694E-23	2.438244E-23	4.859686E-24	7.909915E-23	3.289982E-23	3.369469E-23	6.252322E-24	0.000000E+00	0.000000E+00	0.000000E+00	7.057854E-23	0.000000E+00	
3.842450E-07	7.286727E-07	1.972204E-07	3.963382E-08	8.877524E-09	2.344734E-09	6.886212E-10	2.044110E-10	6.438353E-11	1.952897E-11	6.119358E-12	1.881842E-12	5.784379E-13	1.832871E-13	5.318492E-14	1.391202E-14	3.956277E-15	1.012261E-15	2.491802E-16	6.010509E-17	1.406363E-17	3.153135E-18	6.806551E-19	1.420192E-19	2.869951E-20	5.615018E-21	1.051579E-21	2.159394E-22	8.856649E-23	4.004071E-23	3.650581E-23	2.299950E-23	0.000000E+00	4.064817E-23	0.000000E+00	8.229801E-24	2.424673E-23	0.000000E+00	0.000000E+00	0.000000E+00	8.643391E-24	
3.751258E-07	7.211545E-07	1.979630E-07	4.007590E-08	9.001627E-09	2.379454E-09	6.995808E-10	2.078051E-10	6.550957E-11	1.988631E-11	6.235448E-12	1.918629E-12	5.900549E-13	1.870362E-13	5.429258E-14	1.421082E-14	4.041687E-15	1.034499E-15	2.547624E-16	6.146678E-17	1.438652E-17	3.226447E-18	6.966900E-19	1.454589E-19	2.942674E-20	5.764014E-21	1.131053E-21	2.662552E-22	1.015106E-22	7.739309E-23	6.654280E-23	4.063525E-23	2.558444E-23	7.148004E-23	5.735981E-23	6.453947E-23	7.814272E-23	0.000000E+00	0.000000E+00	1.274698E-23	0.000000E+00	
3.673252E-07	7.149566E-07	1.988029E-07	4.050848E-08	9.118698E-09	2.411247E-09	7.093147E-10	2.107411E-10	6.645988E-11	2.018200E-11	6.329819E-12	1.948157E-12	5.992747E-13	1.899831E-13	5.515932E-14	1.444343E-14	4.108248E-15	1.051810E-15	2.591061E-16	6.252605E-17	1.463781E-17	3.283506E-18	7.090947E-19	1.480418E-19	2.992237E-20	5.814097E-21	1.045181E-21	1.980968E-22	2.328384E-23	8.381666E-24	0.000000E+00	0.000000E+00	0.000000E+00	2.966218E-24	0.000000E+00	0.000000E+00	0.000000E+00	0.000000E+00	5.463593E-23	6.895326E-23	1.689807E-22	
3.609175E-07	7.106433E-07	2.000001E-07	4.099972E-08	9.247427E-09	2.445836E-09	7.197609E-10	2.138638E-10	6.745955E-11	2.049039E-11	6.427462E-12	1.978531E-12	6.087058E-13	1.929851E-13	5.603963E-14	1.467867E-14	4.175542E-15	1.069278E-15	2.634803E-16	6.359162E-17	1.489028E-17	3.340749E-18	7.215975E-19	1.506263E-19	3.042223E-20	5.892744E-21	1.037653E-21	1.128455E-22	0.000000E+00	0.000000E+00	0.000000E+00	7.625571E-25	5.887200E-24	0.000000E+00	0.000000E+00	0.000000E+00	0.000000E+00	7.480168E-24	0.000000E+00	2.699969E-23	1.779957E-22	
3.561400E-07	7.086386E-07	2.016423E-07	4.155928E-08	9.387638E-09	2.482606E-09	7.305569E-10	2.170150E-10	6.844309E-11	2.078718E-11	6.519543E-12	2.006724E-12	6.173330E-13	1.956978E-13	5.682935E-14	1.488761E-14	4.235326E-15	1.084737E-15	2.673382E-16	6.452961E-17	1.511232E-17	3.391093E-18	7.325730E-19	1.530045E-19	3.095464E-20	6.060701E-21	1.135060E-21	2.341761E-22	7.819442E-23	4.598607E-23	5.825807E-23	5.938898E-23	4.384057E-23	1.282776E-22	1.149490E-22	1.326139E-22	1.343361E-22	1.993602E-22	3.838635E-23	1.007836E-22	2.092476E-22	
3.532705E-07	7.093822E-07	2.037999E-07	4.218876E-08	9.536182E-09	2.519886E-09	7.409406E-10	2.198935E-10	6.929238E-11	2.102993E-11	6.590953E-12	2.027627E-12	6.234590E-13	1.975501E-13	5.735632E-14	1.502272E-14	4.274042E-15	1.094635E-15	2.697845E-16	6.512083E-17	1.525182E-17	3.422707E-18	7.395086E-19	1.544815E-19	3.122841E-20	6.137409E-21	1.190067E-21	2.523482E-22	7.516358E-23	3.621500E-23	4.336236E-23	6.823594E-23	9.820185E-23	6.173482E-23	9.046319E-23	1.861900E-22	1.044251E-22	1.607865E-22	1.352893E-22	2.002359E-22	1.952372E-22	
3.524505E-07	7.135118E-07	2.067480E-07	4.295804E-08	9.711526E-09	2.563156E-09	7.527215E-10	2.230897E-10	7.021034E-11	2.128489E-11	6.663762E-12	2.048353E-12	6.293614E-13	1.992878E-13	5.784153E-14	1.514363E-14	4.308650E-15	1.103371E-15	2.719168E-16	6.563228E-17	1.537166E-17	3.449639E-18	7.453847E-19	1.556784E-19	3.146749E-20	6.144840E-21	1.156140E-21	1.932630E-22	3.063799E-23	5.169879E-24	4.062879E-23	0.000000E+00	4.951451E-23	4.811865E-23	9.054397E-23	7.779052E-23	4.136226E-23	7.402620E-24	5.373443E-24	2.574600E-23	4.977624E-23	
3.539936E-07	7.216428E-07	2.106443E-07	4.389296E-08	9.917312E-09	2.612829E-09	7.658444E-10	2.265378E-10	7.116114E-11	2.153689E-11	6.732029E-12	2.066771E-12	6.343039E-13	2.006562E-13	5.820694E-14	1.522839E-14	4.332865E-15	1.109283E-15	2.733138E-16	6.596050E-17	1.544741E-17	3.466458E-18	7.489487E-19	1.564554E-19	3.166641E-20	6.216870E-21	1.239091E-21	2.722329E-22	8.932904E-23	3.043766E-23	8.012020E-23	5.447760E-24	0.000000E+00	1.965846E-23	0.000000E+00	5.944714E-23	0.000000E+00	0.000000E+00	0.000000E+00	0.000000E+00	2.242758E-23	
3.582406E-07	7.345519E-07	2.157281E-07	4.504219E-08	1.016369E-08	2.671338E-09	7.809476E-10	2.304051E-10	7.219075E-11	2.179796E-11	6.799001E-12	2.083744E-12	6.385161E-13	2.017196E-13	5.846943E-14	1.528085E-14	4.347735E-15	1.112621E-15	2.740321E-16	6.611857E-17	1.548184E-17	3.473752E-18	7.504798E-19	1.567052E-19	3.172450E-20	6.201334E-21	1.203509E-21	1.979482E-22	5.127227E-23	0.000000E+00	0.000000E+00	0.000000E+00	4.814450E-24	0.000000E+00	0.000000E+00	7.355445E-23	0.000000E+00	2.947800E-23	6.235843E-23	0.000000E+00	0.000000E+00	
3.656891E-07	7.531456E-07	2.222167E-07	4.643861E-08	1.045443E-08	2.738769E-09	7.977649E-10	2.345315E-10	7.322368E-11	2.203813E-11	6.853342E-12	2.095283E-12	6.406406E-13	2.020142E-13	5.848777E-14	1.526174E-14	4.341967E-15	1.110412E-15	2.733211E-16	6.592256E-17	1.543140E-17	3.461520E-18	7.476641E-19	1.560915E-19	3.148991E-20	6.081354E-21	1.105798E-21	1.748453E-22	0.000000E+00	0.000000E+00	0.000000E+00	0.000000E+00	0.000000E+00	0.000000E+00	0.000000E+00	9.360712E-24	0.000000E+00	0.000000E+00	0.000000E+00	0.000000E+00	0.000000E+00	
3.768550E-07	7.786803E-07	2.305329E-07	4.817616E-08	1.081139E-08	2.820967E-09	8.180401E-10	2.394404E-10	7.442699E-11	2.230873E-11	6.911304E-12	2.106427E-12	6.422423E-13	2.020417E-13	5.840844E-14	1.521001E-14	4.326568E-15	1.105494E-15	2.718855E-16	6.554364E-17	1.533640E-17	3.439058E-18	7.426126E-19	1.550047E-19	3.130134E-20	6.094189E-21	1.125948E-21	1.972050E-22	3.431507E-24	2.483481E-23	0.000000E+00	0.000000E+00	0.000000E+00	1.656946E-23	0.000000E+00	0.000000E+00	0.000000E+00	0.000000E+00	0.000000E+00	0.000000E+00	2.102816E-22	
3.927150E-07	8.125272E-07	2.408624E-07	5.024972E-08	1.122194E-08	2.911831E-09	8.390959E-10	2.440931E-10	7.539773E-11	2.246625E-11	6.922050E-12	2.100037E-12	6.376573E-13	1.999087E-13	5.766202E-14	1.496983E-14	4.256799E-15	1.086173E-15	2.667903E-16	6.426590E-17	1.502764E-17	3.367974E-18	7.269301E-19	1.517209E-19	3.063001E-20	5.962085E-21	1.111291E-21	1.805192E-22	8.110247E-23	2.246959E-23	0.000000E+00	0.000000E+00	0.000000E+00	0.000000E+00	3.448309E-23	2.590756E-23	6.636832E-24	5.121734E-23	6.061683E-24	1.100409E-22	0.000000E+00	
4.140500E-07	8.569499E-07	2.540814E-07	5.287494E-08	1.174162E-08	3.027487E-09	8.661449E-10	2.501649E-10	7.670410E-11	2.269463E-11	6.946363E-12	2.095605E-12	6.331061E-13	1.976490E-13	5.685040E-14	1.470379E-14	4.178837E-15	1.064438E-15	2.610318E-16	6.281890E-17	1.467726E-17	3.287219E-18	7.090981E-19	1.478941E-19	2.983582E-20	5.781269E-21	1.054358E-21	2.040939E-22	0.000000E+00	0.000000E+00	1.023636E-23	2.875745E-24	0.000000E+00	0.000000E+00	1.212983E-23	3.208556E-23	0.000000E+00	4.089051E-23	4.556925E-23	7.353506E-23	2.668207E-22	
4.426049E-07	9.143678E-07	2.705131E-07	5.604250E-08	1.234858E-08	3.157434E-09	8.945898E-10	2.558752E-10	7.765619E-11	2.274854E-11	6.897406E-12	2.063858E-12	6.189346E-13	1.920462E-13	5.500696E-14	1.414853E-14	4.016779E-15	1.020479E-15	2.496483E-16	5.999440E-17	1.400026E-17	3.132303E-18	6.750774E-19	1.406577E-19	2.833798E-20	5.463541E-21	9.831300E-22	1.753235E-22	2.623714E-23	2.165533E-23	0.000000E+00	2.234034E-23	7.704412E-23	1.447566E-24	0.000000E+00	1.516196E-22	1.182610E-24	0.000000E+00	6.583841E-23	0.000000E+00	0.000000E+00	
4.801886E-07	9.884950E-07	2.912513E-07	5.997304E-08	1.308926E-08	3.312929E-09	9.274294E-10	2.620268E-10	7.848079E-11	2.268989E-11	6.792596E-12	2.009619E-12	5.965297E-13	1.835299E-13	5.225147E-14	1.333617E-14	3.778904E-15	9.564087E-16	2.331702E-16	5.592287E-17	1.302785E-17	2.910715E-18	6.267198E-19	1.305767E-19	2.634170E-20	5.179081E-21	1.025109E-21	2.635992E-22	1.104545E-22	9.525502E-23	4.224437E-23	7.483400E-24	5.580884E-23	9.299320E-23	1.566990E-22	5.416741E-23	5.217700E-23	0.000000E+00	1.990403E-24	0.000000E+00	2.894486E-23	
5.293545E-07	1.084090E-06	3.175439E-07	6.488966E-08	1.400313E-08	3.501569E-09	9.660109E-10	2.687740E-10	7.915130E-11	2.249018E-11	6.617232E-12	1.926848E-12	5.637026E-13	1.713457E-13	4.834781E-14	1.220271E-14	3.445493E-15	8.670449E-16	2.103079E-16	5.029221E-17	1.168700E-17	2.605754E-18	5.601731E-19	1.164508E-19	2.342021E-20	4.558463E-21	8.667690E-22	1.583146E-22	8.450167E-23	0.000000E+00	0.000000E+00	0.000000E+00	0.000000E+00	0.000000E+00	0.000000E+00	0.000000E+00	0.000000E+00	0.000000E+00	0.000000E+00	0.000000E+00	0.000000E+00	
5.967800E-07	1.203174E-06	3.462782E-07	6.947133E-08	1.463531E-08	3.567053E-09	9.529688E-10	2.559646E-10	7.235585E-11	1.966488E-11	5.518899E-12	1.533961E-12	4.293932E-13	1.257171E-13	3.442024E-14	8.375800E-15	2.326667E-15	5.735157E-16	1.366205E-16	3.233647E-17	7.449577E-18	1.649456E-18	3.527891E-19	7.305093E-20	1.458570E-20	2.728416E-21	4.748534E-22	9.600465E-23	0.000000E+00	0.000000E+00	2.924859E-23	0.000000E+00	0.000000E+00	3.948495E-24	1.044962E-23	2.221755E-23	1.148682E-22	1.331115E-22	1.087355E-22	0.000000E+00	0.000000E+00	
6.797490E-07	1.356441E-06	3.858850E-07	7.641664E-08	1.581201E-08	3.776926E-09	9.826426E-10	2.558881E-10	6.959573E-11	1.807381E-11	4.809184E-12	1.260778E-12	3.323228E-13	9.212104E-14	2.400221E-14	5.494418E-15	1.470343E-15	3.477710E-16	7.986342E-17	1.850120E-17	4.185551E-18	9.132913E-19	1.933503E-19	3.965995E-20	7.852736E-21	1.444464E-21	1.464497E-22	0.000000E+00	0.000000E+00	0.000000E+00	0.000000E+00	0.000000E+00	0.000000E+00	0.000000E+00	1.692489E-23	1.423203E-22	0.000000E+00	0.000000E+00	6.390616E-23	3.415933E-22	6.080424E-23	
7.894753E-07	1.555112E-06	4.359866E-07	8.497252E-08	1.720776E-08	4.011582E-09	1.010114E-09	2.528098E-10	6.525742E-11	1.585500E-11	3.867464E-12	9.082315E-13	2.098518E-13	5.052185E-14	1.123995E-14	2.025830E-15	4.371708E-16	7.742017E-17	1.242199E-17	2.140066E-18	3.424306E-19	4.997861E-20	6.895998E-21	8.062168E-22	1.053104E-22	0.000000E+00	0.000000E+00	0.000000E+00	0.000000E+00	0.000000E+00	0.000000E+00	0.000000E+00	0.000000E+00	0.000000E+00	0.000000E+00	0.000000E+00	0.000000E+00	4.540446E-23	3.302260E-23	0.000000E+00	0.000000E+00	
9.404935E-07	1.820359E-06	5.004020E-07	9.552942E-08	1.884806E-08	4.281012E-09	1.044906E-09	2.531504E-10	6.300458E-11	1.471745E-11	3.441144E-12	7.731680E-13	1.707115E-13	3.930856E-14	8.433304E-15	1.433843E-15	3.001984E-16	5.078337E-17	7.704749E-18	1.286389E-18	1.981976E-19	2.789439E-20	3.818473E-21	5.137309E-22	1.068355E-22	7.170622E-23	2.106726E-23	1.034234E-22	6.183175E-23	8.627235E-23	0.000000E+00	1.134659E-22	1.407887E-22	3.370761E-23	0.000000E+00	0.000000E+00	2.188280E-22	6.824240E-23	1.205099E-22	8.368095E-23	7.853628E-22	
1.150038E-06	2.180464E-06	5.856853E-07	1.091137E-07	2.088425E-08	4.600974E-09	1.082485E-09	2.522442E-10	6.006389E-11	1.336420E-11	2.961103E-12	6.275349E-13	1.302280E-13	2.814546E-14	5.718768E-15	8.886116E-16	1.760659E-16	2.743797E-17	3.739006E-18	5.834157E-19	8.220976E-20	1.037838E-20	1.267344E-21	7.465305E-23	4.588267E-23	8.204598E-23	2.371940E-22	2.500412E-22	1.807648E-22	2.258979E-22	3.492512E-22	4.612566E-22	3.612453E-22	5.173368E-22	4.865502E-22	5.776952E-22	6.118293E-22	2.366512E-22	8.429487E-23	2.455175E-22	1.160870E-21	
1.445384E-06	2.681612E-06	7.029998E-07	1.275948E-07	2.364331E-08	5.040086E-09	1.139227E-09	2.542940E-10	5.764646E-11	1.214510E-11	2.532617E-12	5.021084E-13	9.710598E-14	1.951081E-14	3.730586E-15	5.246655E-16	9.806416E-17	1.405110E-17	1.719588E-18	2.528433E-19	3.300761E-20	4.010327E-21	6.090117E-22	2.035898E-22	1.638852E-22	2.973197E-22	2.668691E-22	1.014847E-22	2.864113E-22	1.049485E-22	9.773656E-23	8.641452E-23	0.000000E+00	0.000000E+00	0.000000E+00	0.000000E+00	0.000000E+00	0.000000E+00	0.000000E+00	0.000000E+00	2.895132E-23	
1.871942E-06	3.364387E-06	8.513212E-07	1.487560E-07	2.634173E-08	5.367998E-09	1.150175E-09	2.428136E-10	5.175073E-11	1.020173E-11	1.982041E-12	3.643933E-13	6.517310E-14	1.206169E-14	2.169162E-15	2.734882E-16	4.856503E-17	6.388592E-18	6.940979E-19	9.678241E-20	1.161796E-20	1.329900E-21	1.571643E-22	2.476372E-23	1.741215E-22	1.558201E-22	1.546828E-22	1.954214E-23	0.000000E+00	0.000000E+00	0.000000E+00	9.796920E-23	4.493917E-22	4.053185E-22	6.774351E-22	8.768631E-22	9.599173E-22	1.128765E-21	3.267493E-22	5.473351E-22	4.708596E-22	
2.492197E-06	4.325037E-06	1.052613E-06	1.761894E-07	2.965642E-08	5.741967E-09	1.157176E-09	2.288620E-10	4.532041E-11	8.238895E-12	1.464611E-12	2.438415E-13	3.920715E-14	6.448584E-15	1.053971E-15	1.128689E-16	1.815204E-17	2.064851E-18	1.827978E-19	2.275408E-20	2.129370E-21	0.000000E+00	0.000000E+00	0.000000E+00	0.000000E+00	0.000000E+00	0.000000E+00	2.722975E-22	2.253550E-22	1.377256E-22	4.292033E-22	1.012779E-22	3.471574E-22	0.000000E+00	1.057499E-22	0.000000E+00	7.452380E-23	5.056658E-22	2.869800E-22	1.405690E-22	0.000000E+00	
3.157136E-06	4.961892E-06	1.081774E-06	1.594920E-07	2.324182E-08	3.880699E-09	6.560612E-10	1.074732E-10	1.725669E-11	2.499668E-12	3.490000E-13	4.474467E-14	5.480069E-15	6.641210E-16	8.644777E-17	6.455493E-18	8.600193E-19	7.434741E-20	4.416317E-21	3.077112E-22	8.447582E-23	0.000000E+00	8.706076E-23	1.810492E-22	0.000000E+00	1.414479E-22	0.000000E+00	0.000000E+00	0.000000E+00	0.000000E+00	0.000000E+00	0.000000E+00	0.000000E+00	0.000000E+00	1.872272E-22	1.425077E-22	1.082573E-22	0.000000E+00	0.000000E+00	1.054655E-22	0.000000E+00	
3.627510E-06	4.986952E-06	9.352148E-07	1.135153E-07	1.334293E-08	1.775985E-09	2.305670E-10	2.835983E-11	3.303249E-12	3.356521E-13	3.172589E-14	2.625076E-15	1.978893E-16	1.327911E-17	9.498912E-19	3.767063E-20	2.443078E-21	2.179621E-22	0.000000E+00	1.031908E-22	2.394688E-22	0.000000E+00	0.000000E+00	0.000000E+00	7.827197E-23	9.254083E-23	1.701407E-22	0.000000E+00	0.000000E+00	3.443139E-23	0.000000E+00	0.000000E+00	1.610934E-22	0.000000E+00	4.755255E-22	9.505598E-22	3.067806E-22	3.592290E-22	0.000000E+00	0.000000E+00	0.000000E+00	
5.400609E-06	7.032882E-06	1.238666E-06	1.373420E-07	1.458051E-08	1.743378E-09	2.015095E-10	2.212305E-11	2.314843E-12	2.141440E-13	1.877571E-14	1.469686E-15	1.064827E-16	6.888096E-18	4.926233E-19	1.866244E-20	9.148618E-22	0.000000E+00	0.000000E+00	0.000000E+00	0.000000E+00	0.000000E+00	0.000000E+00	0.000000E+00	0.000000E+00	0.000000E+00	0.000000E+00	0.000000E+00	0.000000E+00	3.646833E-22	4.467292E-22	0.000000E+00	2.027109E-22	0.000000E+00	0.000000E+00	3.980290E-22	3.596685E-22	9.228234E-22	0.000000E+00	2.419917E-21	2.746679E-21	
1.105197E-05	1.682255E-05	3.539272E-06	4.974633E-07	6.865914E-08	1.082836E-08	1.712619E-09	2.609458E-10	3.859995E-11	5.098894E-12	6.415201E-13	7.277168E-14	7.740298E-15	7.850559E-16	8.544440E-17	5.093566E-18	5.346060E-19	3.564404E-20	2.478233E-21	8.826017E-22	4.714929E-22	1.023222E-21	1.345823E-21	9.392636E-22	1.617138E-22	4.683910E-22	1.251111E-21	1.619413E-21	3.012178E-21	1.436606E-21	2.401512E-21	2.644496E-21	2.700641E-21	2.256962E-21	1.273858E-21	1.369087E-21	1.832308E-21	1.300742E-21	1.799842E-21	1.476517E-21	1.802840E-21	
1.663088E-05	2.309563E-05	4.382267E-06	5.371973E-07	6.369343E-08	8.542927E-09	1.117522E-09	1.383671E-10	1.620784E-11	1.654744E-12	1.569409E-13	1.301803E-14	9.831040E-16	6.612287E-17	4.723459E-18	1.871546E-19	1.165994E-20	9.595295E-23	0.000000E+00	0.000000E+00	9.016269E-23	0.000000E+00	0.000000E+00	0.000000E+00	0.000000E+00	0.000000E+00	0.000000E+00	0.000000E+00	1.838409E-22	4.487455E-23	0.000000E+00	1.652293E-22	2.768160E-21	1.414272E-21	2.603758E-21	9.022473E-22	1.867153E-21	1.733460E-21	1.491096E-21	6.524904E-21	7.102069E-21	
2.938706E-05	3.774679E-05	6.544052E-06	7.024447E-07	7.151096E-08	8.123659E-09	8.799608E-10	8.959497E-11	8.609899E-12	7.297036E-13	5.888930E-14	4.297649E-15	2.951696E-16	1.834849E-17	1.285263E-18	4.690776E-20	3.498974E-21	0.000000E+00	0.000000E+00	0.000000E+00	3.292179E-22	0.000000E+00	0.000000E+00	0.000000E+00	1.240771E-23	2.018321E-21	2.417022E-21	6.571950E-22	2.254067E-21	1.443430E-22	7.101346E-22	0.000000E+00	8.127050E-22	0.000000E+00	2.539444E-22	4.950676E-22	2.212708E-22	1.135512E-21	8.049501E-21	6.288434E-21	8.497213E-21	
5.905581E-05	7.020772E-05	1.110771E-05	1.038091E-06	9.145925E-08	9.011071E-09	8.397419E-10	7.271203E-11	5.756210E-12	3.829399E-13	2.269775E-14	1.123972E-15	4.829189E-17	1.706798E-18	5.645342E-20	2.653595E-21	3.255783E-21	0.000000E+00	0.000000E+00	0.000000E+00	0.000000E+00	0.000000E+00	0.000000E+00	0.000000E+00	3.316994E-21	1.938911E-21	0.000000E+00	0.000000E+00	1.560890E-21	0.000000E+00	0.000000E+00	0.000000E+00	1.123311E-21	0.000000E+00	0.000000E+00	0.000000E+00	0.000000E+00	0.000000E+00	0.000000E+00	4.865063E-21	0.000000E+00	
1.270349E-04	1.397689E-04	2.006727E-05	1.575222E-06	1.120103E-07	8.705536E-09	6.353469E-10	4.447905E-11	3.000717E-12	1.805284E-13	1.013355E-14	4.886133E-16	2.070485E-17	7.147238E-19	1.342018E-20	0.000000E+00	8.337981E-22	0.000000E+00	0.000000E+00	0.000000E+00	0.000000E+00	3.166447E-21	1.356576E-22	0.000000E+00	5.760486E-21	8.956712E-21	7.917773E-21	8.021998E-21	1.111896E-20	6.610827E-21	2.039827E-21	6.334549E-21	2.318587E-20	1.761068E-20	3.560185E-21	0.000000E+00	5.107840E-21	0.000000E+00	4.061622E-20	2.293606E-20	3.180096E-20	
1.268970E-04	5.068004E-05	1.590932E-06	6.552129E-09	6.174350E-12	4.074606E-15	1.590198E-18	2.594038E-21	1.588187E-21	0.000000E+00	8.523269E-21	6.061580E-21	8.443860E-21	5.267486E-21	4.652064E-21	3.249165E-21	0.000000E+00	0.000000E+00	0.000000E+00	0.000000E+00	2.852119E-21	4.036641E-21	4.509789E-21	8.559665E-21	1.167814E-20	3.196226E-21	2.739622E-21	9.148618E-22	5.290647E-21	1.108422E-22	0.000000E+00	3.704942E-21	0.000000E+00	9.506787E-21	2.452591E-21	2.200879E-20	1.280972E-20	2.348697E-20	2.030770E-20	2.237979E-20	2.893561E-20	
1.675624E-04	6.694117E-05	2.102804E-06	8.661697E-09	8.164944E-12	5.388999E-15	2.108477E-18	1.058791E-21	0.000000E+00	0.000000E+00	0.000000E+00	0.000000E+00	0.000000E+00	0.000000E+00	0.000000E+00	0.000000E+00	0.000000E+00	0.000000E+00	0.000000E+00	0.000000E+00	0.000000E+00	0.000000E+00	0.000000E+00	0.000000E+00	0.000000E+00	0.000000E+00	0.000000E+00	0.000000E+00	0.000000E+00	0.000000E+00	0.000000E+00	0.000000E+00	0.000000E+00	0.000000E+00	0.000000E+00	0.000000E+00	0.000000E+00	6.762202E-21	7.494256E-22	2.227515E-20	0.000000E+00	
1.959571E-04	7.831719E-05	2.462300E-06	1.014322E-08	9.562508E-12	6.311213E-15	2.453431E-18	8.152692E-21	1.439956E-20	2.678742E-20	1.762887E-20	1.773475E-20	9.079134E-21	5.452775E-21	0.000000E+00	0.000000E+00	0.000000E+00	0.000000E+00	0.000000E+00	0.000000E+00	1.753623E-21	0.000000E+00	0.000000E+00	0.000000E+00	0.000000E+00	0.000000E+00	2.766092E-21	1.297019E-21	5.829969E-21	0.000000E+00	0.000000E+00	8.372722E-21	1.581569E-21	0.000000E+00	0.000000E+00	1.758586E-21	0.000000E+00	5.214547E-21	0.000000E+00	7.087283E-21	0.000000E+00	
2.048394E-04	8.190899E-05	2.577925E-06	1.061942E-08	1.001067E-11	6.605854E-15	2.586203E-18	9.952637E-21	8.999725E-21	1.619951E-20	2.342575E-20	2.699918E-21	0.000000E+00	0.000000E+00	5.068963E-21	0.000000E+00	7.265955E-21	2.944763E-21	1.687448E-21	0.000000E+00	2.680065E-21	1.617965E-21	7.487639E-21	1.535578E-20	5.059037E-21	1.052174E-20	6.614136E-21	3.295488E-21	4.450232E-22	8.903772E-21	0.000000E+00	0.000000E+00	0.000000E+00	0.000000E+00	0.000000E+00	0.000000E+00	0.000000E+00	0.000000E+00	0.000000E+00	7.715114E-21	1.142254E-20	
2.164449E-04	8.660217E-05	2.728948E-06	1.124059E-08	1.059366E-11	6.988411E-15	2.748834E-18	1.281137E-20	7.517417E-21	5.876291E-21	9.317362E-21	2.189051E-20	1.429368E-20	1.253344E-20	7.596827E-21	3.917527E-21	9.833523E-21	1.256653E-20	3.626360E-21	1.145480E-20	1.036954E-20	1.245734E-20	1.239447E-20	1.423082E-20	5.509023E-21	1.012469E-21	1.099488E-20	6.655495E-21	0.000000E+00	0.000000E+00	1.796636E-21	0.000000E+00	7.295733E-21	2.061334E-21	0.000000E+00	0.000000E+00	0.000000E+00	0.000000E+00	0.000000E+00	0.000000E+00	0.000000E+00	
2.961938E-04	1.186096E-04	3.743696E-06	1.541751E-08	1.452322E-11	9.575703E-15	3.706404E-18	0.000000E+00	0.000000E+00	0.000000E+00	0.000000E+00	0.000000E+00	8.417390E-21	4.473393E-21	0.000000E+00	6.643915E-21	0.000000E+00	7.371834E-21	1.568334E-21	8.523269E-21	0.000000E+00	3.639595E-22	2.130817E-21	1.223896E-20	1.389663E-22	0.000000E+00	6.140989E-21	0.000000E+00	0.000000E+00	0.000000E+00	0.000000E+00	0.000000E+00	0.000000E+00	0.000000E+00	0.000000E+00	0.000000E+00	0.000000E+00	0.000000E+00	1.368157E-20	0.000000E+00	2.766836E-20	
7.232254E-04	2.901608E-04	9.192257E-06	3.783765E-08	3.559928E-11	2.344239E-14	9.143721E-18	5.209253E-20	6.776264E-20	5.569242E-20	3.324604E-20	5.293956E-22	0.000000E+00	6.845085E-20	5.516302E-20	5.923937E-20	3.118140E-20	1.672890E-20	4.611036E-20	2.255225E-20	7.350658E-20	4.084287E-20	3.552244E-20	3.120787E-20	1.355253E-20	1.504145E-20	2.726387E-20	3.754076E-20	0.000000E+00	2.093098E-20	0.000000E+00	2.114935E-20	2.134126E-20	0.000000E+00	0.000000E+00	0.000000E+00	0.000000E+00	0.000000E+00	3.327582E-20	0.000000E+00	0.000000E+00	
1.417646E-02	5.829614E-03	1.976147E-04	8.063520E-07	7.428418E-10	4.777983E-13	1.871875E-16	0.000000E+00	0.000000E+00	0.000000E+00	0.000000E+00	0.000000E+00	0.000000E+00	0.000000E+00	0.000000E+00	5.293956E-19	2.210756E-19	0.000000E+00	0.000000E+00	0.000000E+00	0.000000E+00	0.000000E+00	0.000000E+00	0.000000E+00	0.000000E+00	0.000000E+00	0.000000E+00	0.000000E+00	2.102759E-19	0.000000E+00	0.000000E+00	0.000000E+00	0.000000E+00	0.000000E+00	0.000000E+00	0.000000E+00	0.000000E+00	0.000000E+00	0.000000E+00	0.000000E+00	0.000000E+00	
5.550478E-02	2.323517E-02	1.008201E-03	4.060843E-06	3.495249E-09	2.054647E-12	8.219879E-16	4.878910E-19	2.412350E-18	4.567202E-18	0.000000E+00	4.472334E-19	0.000000E+00	0.000000E+00	0.000000E+00	4.269046E-19	0.000000E+00	0.000000E+00	8.588914E-19	0.000000E+00	0.000000E+00	0.000000E+00	6.166400E-19	0.000000E+00	0.000000E+00	0.000000E+00	0.000000E+00	0.000000E+00	0.000000E+00	0.000000E+00	0.000000E+00	0.000000E+00	0.000000E+00	0.000000E+00	0.000000E+00	0.000000E+00	0.000000E+00	0.000000E+00	0.000000E+00	4.715009E-18	0.000000E+00	
6.728720E-02	2.820485E-02	1.380516E-03	5.829853E-06	4.750635E-09	2.627505E-12	1.047014E-15	0.000000E+00	0.000000E+00	0.000000E+00	0.000000E+00	0.000000E+00	0.000000E+00	0.000000E+00	2.151464E-18	0.000000E+00	1.863472E-18	2.090477E-18	2.500441E-18	0.000000E+00	1.810956E-18	0.000000E+00	0.000000E+00	0.000000E+00	0.000000E+00	0.000000E+00	6.683090E-19	0.000000E+00	0.000000E+00	0.000000E+00	1.681784E-18	6.577211E-19	1.010087E-18	3.243289E-18	0.000000E+00	0.000000E+00	0.000000E+00	0.000000E+00	0.000000E+00	1.649173E-18	0.000000E+00	
6.883702E-02	2.885695E-02	1.472085E-03	6.770688E-06	5.245041E-09	2.774952E-12	1.098568E-15	0.000000E+00	0.000000E+00	5.475221E-18	4.458781E-18	4.052206E-18	4.790818E-18	5.414235E-18	3.611748E-18	2.974780E-18	3.903128E-18	4.001384E-18	4.162320E-18	4.507909E-18	4.363914E-18	2.886688E-18	3.781155E-18	5.620064E-18	5.206712E-18	1.744888E-19	1.766911E-18	2.207368E-18	5.971582E-19	0.000000E+00	2.829514E-18	2.464866E-19	0.000000E+00	0.000000E+00	0.000000E+00	0.000000E+00	0.000000E+00	0.000000E+00	0.000000E+00	0.000000E+00	0.000000E+00	
6.916541E-02	2.899430E-02	1.507643E-03	7.681029E-06	5.657433E-09	2.867770E-12	1.119168E-15	0.000000E+00	0.000000E+00	0.000000E+00	0.000000E+00	0.000000E+00	0.000000E+00	0.000000E+00	0.000000E+00	1.375582E-18	5.444728E-18	3.018825E-18	2.024409E-18	6.284984E-19	0.000000E+00	3.376273E-18	1.236668E-18	3.269547E-19	3.178915E-18	0.000000E+00	0.000000E+00	2.181957E-18	2.764716E-18	1.606822E-18	3.357215E-18	3.854000E-18	1.378970E-18	5.838175E-18	8.646936E-18	3.120893E-18	0.000000E+00	4.708233E-18	5.391788E-18	1.094409E-17	1.516549E-17	
6.925926E-02	2.903308E-02	1.526053E-03	8.656003E-06	6.078552E-09	2.953038E-12	1.144104E-15	3.062871E-18	1.843144E-18	0.000000E+00	0.000000E+00	0.000000E+00	0.000000E+00	0.000000E+00	0.000000E+00	0.000000E+00	0.000000E+00	0.000000E+00	8.283982E-19	0.000000E+00	0.000000E+00	0.000000E+00	0.000000E+00	0.000000E+00	0.000000E+00	0.000000E+00	0.000000E+00	0.000000E+00	0.000000E+00	0.000000E+00	0.000000E+00	3.906092E-18	0.000000E+00	3.128516E-18	0.000000E+00	1.700842E-18	0.000000E+00	0.000000E+00	0.000000E+00	0.000000E+00	0.000000E+00	
6.929068E-02	2.904575E-02	1.537223E-03	9.672951E-06	6.511563E-09	3.037155E-12	1.160313E-15	0.000000E+00	3.008661E-18	3.361027E-18	4.838252E-18	2.500441E-18	7.860466E-19	1.355253E-19	5.553148E-18	2.385245E-18	2.500441E-18	3.950562E-18	9.537591E-19	0.000000E+00	2.915487E-18	2.829090E-19	3.438954E-19	2.401338E-18	2.429290E-18	4.762866E-18	6.835556E-19	0.000000E+00	1.617833E-19	0.000000E+00	2.149770E-18	0.000000E+00	3.496976E-18	1.870672E-18	0.000000E+00	0.000000E+00	0.000000E+00	0.000000E+00	1.123377E-17	1.845812E-17	2.149240E-17	
6.929914E-02	2.904889E-02	1.544614E-03	1.068802E-05	6.943050E-09	3.119107E-12	1.175492E-15	0.000000E+00	0.000000E+00	0.000000E+00	0.000000E+00	0.000000E+00	0.000000E+00	0.000000E+00	0.000000E+00	0.000000E+00	0.000000E+00	0.000000E+00	3.850612E-18	1.004581E-18	0.000000E+00	7.453890E-19	0.000000E+00	0.000000E+00	0.000000E+00	0.000000E+00	0.000000E+00	7.369187E-20	0.000000E+00	0.000000E+00	0.000000E+00	7.648708E-19	0.000000E+00	1.949446E-18	0.000000E+00	0.000000E+00	0.000000E+00	0.000000E+00	4.184343E-19	0.000000E+00	0.000000E+00	
6.929926E-02	2.904862E-02	1.549824E-03	1.166556E-05	7.360928E-09	3.197200E-12	1.187256E-15	0.000000E+00	0.000000E+00	0.000000E+00	0.000000E+00	0.000000E+00	0.000000E+00	0.000000E+00	0.000000E+00	0.000000E+00	1.050321E-19	0.000000E+00	0.000000E+00	0.000000E+00	0.000000E+00	1.961728E-18	7.691059E-19	3.616831E-19	0.000000E+00	1.448426E-19	0.000000E+00	2.390327E-18	0.000000E+00	0.000000E+00	0.000000E+00	0.000000E+00	0.000000E+00	0.000000E+00	0.000000E+00	0.000000E+00	0.000000E+00	0.000000E+00	0.000000E+00	0.000000E+00	0.000000E+00	
6.929714E-02	2.904747E-02	1.553687E-03	1.258374E-05	7.757899E-09	3.270331E-12	1.204549E-15	0.000000E+00	0.000000E+00	0.000000E+00	0.000000E+00	0.000000E+00	0.000000E+00	0.000000E+00	4.980554E-19	1.223116E-18	0.000000E+00	0.000000E+00	3.134022E-19	0.000000E+00	0.000000E+00	0.000000E+00	0.000000E+00	0.000000E+00	0.000000E+00	0.000000E+00	0.000000E+00	0.000000E+00	0.000000E+00	0.000000E+00	0.000000E+00	0.000000E+00	0.000000E+00	0.000000E+00	0.000000E+00	0.000000E+00	0.000000E+00	8.965844E-19	4.136485E-18	8.099753E-19	0.000000E+00	
6.929482E-02	2.904629E-02	1.556657E-03	1.343172E-05	8.130734E-09	3.337946E-12	1.210729E-15	4.336809E-19	0.000000E+00	0.000000E+00	2.940898E-18	3.957338E-18	7.386127E-19	1.924459E-18	2.022715E-18	0.000000E+00	9.723938E-19	4.516380E-18	6.437450E-20	2.202286E-19	2.419126E-18	2.519076E-18	4.855193E-18	8.106105E-19	9.063253E-19	3.914139E-18	2.542793E-18	1.370499E-18	3.998843E-18	0.000000E+00	0.000000E+00	1.905824E-19	0.000000E+00	3.981478E-18	3.694334E-18	6.391287E-18	5.597194E-18	3.713816E-18	1.167931E-17	1.835944E-19	0.000000E+00	
