   0.5001265540292935E-34
   0.5004618932471377E-34
   0.5004817776661336E-34
   0.5005028424103074E-34
   0.5005251566648296E-34
   0.5005487956022976E-34
   0.5005738376719032E-34
   0.5006003665272930E-34
   0.5006284702216380E-34
   0.5006582422317212E-34
   0.5006897826959695E-34
   0.5007231960627711E-34
   0.5007585945899157E-34
   0.5007960957523921E-34
   0.5008358246006350E-34
   0.5008779150422762E-34
   0.5009225071575677E-34
   0.5009697501675444E-34
   0.5010198022033980E-34
   0.5010728298886692E-34
   0.5011290131099236E-34
   0.5011885389387625E-34
   0.5012516071006394E-34
   0.5013184296940046E-34
   0.5013892298907023E-34
   0.5014642481968131E-34
   0.5015437359974146E-34
   0.5016279611939208E-34
   0.5017172078992290E-34
   0.5018117753966713E-34
   0.5019119867495237E-34
   0.5020181799851839E-34
   0.5021307140138299E-34
   0.5022499704135985E-34
   0.5023763530515450E-34
   0.5025102955649142E-34
   0.5026522523079859E-34
   0.5028027086196591E-34
   0.5029621767166887E-34
   0.5031312000811983E-34
   0.5033103662288467E-34
   0.5035002887180031E-34
   0.5037016173478541E-34
   0.5039150534648670E-34
   0.5041413253681551E-34
   0.5043812327858623E-34
   0.5046356034243600E-34
   0.5049053230708314E-34
   0.5051913382529271E-34
   0.5054946489786653E-34
   0.5058163325791436E-34
   0.5061575198014450E-34
   0.5065194272658485E-34
   0.5069033380754480E-34
   0.5073106243175827E-34
   0.5077427618546891E-34
   0.5082013041611292E-34
   0.5086879170199276E-34
   0.5092043764362815E-34
   0.5097525674627450E-34
   0.5103345361211953E-34
   0.5109524319915263E-34
   0.5116085647637018E-34
   0.5123054099783427E-34
   0.5130455943111300E-34
   0.5138319795077365E-34
   0.5146675811511414E-34
   0.5155556538204139E-34
   0.5164996782073086E-34
   0.5175033828516387E-34
   0.5185708251006443E-34
   0.5197063102779963E-34
   0.5209144877398974E-34
   0.5222003635256122E-34
   0.5235693267319008E-34
   0.5250272456284667E-34
   0.5265804196532898E-34
   0.5282356003525488E-34
   0.5300002072105245E-34
   0.5318821835884669E-34
   0.5338902946927346E-34
   0.5360339474674290E-34
   0.5383233878892293E-34
   0.5407697924170331E-34
   0.5433854678165347E-34
   0.5461837266460418E-34
   0.5491793323886100E-34
   0.5523883320686215E-34
   0.5558284702061003E-34
   0.5595193634694904E-34
   0.5634825980844669E-34
   0.5677421711148757E-34
   0.5723247722856309E-34
   0.5772599801791671E-34
   0.5825810590721473E-34
   0.5883251909537311E-34
   0.5945342331752857E-34
   0.6012554022487203E-34
   0.6085421550229450E-34
   0.6164554988352140E-34
   0.6250648606147356E-34
   0.6344502248408339E-34
   0.6447037130512902E-34
   0.6559320493287995E-34
   0.6682601132861095E-34
   0.6818340326299676E-34
   0.6968271242397475E-34
   0.7134452283196078E-34
   0.7319355398175515E-34
   0.7525980563477390E-34
   0.7757990145691482E-34
   0.8019921240839898E-34
   0.8317449307957098E-34
   0.8657776400448504E-34
   0.9069709019400859E-34
   0.9525700582125748E-34
   0.1006195430127388E-33
   0.1070068203976491E-33
   0.1147316322290051E-33
   0.1234986482598065E-33
   0.1354594351594416E-33
   0.1510087517484629E-33
   0.1720380043419934E-33
   0.1978087836764393E-33
   0.2355216693136715E-33
   0.2870026004626464E-33
   0.3602991404965575E-33
   0.4704298437303591E-33
   0.6475929586673505E-33
   0.9953920651017236E-33
   0.1643646089986388E-32
   0.2697787393296497E-32
   0.5349635587644879E-32
   0.1078767267117067E-31
   0.2447193653514629E-31
   0.5658347455398131E-31
   0.1088916452722152E-30
   0.2063170073086909E-30
   0.3592028521129578E-30
   0.1566701312264296E-30
   0.7117123796526573E-30
   0.9122076778707628E-30
   0.1115327096797744E-29
   0.1310599025152899E-29
   0.1498160453776872E-29
   0.1680046434230834E-29
   0.1858895742101012E-29
   0.2037316460092662E-29
   0.2217658594752121E-29
   0.2401968985969224E-29
   0.2592003049111308E-29
   0.2789286467283632E-29
   0.2995144294001183E-29
   0.3210748427189151E-29
   0.3437150651502335E-29
   0.3675295193707422E-29
   0.3958617091025412E-29
   0.4224600979845190E-29
   0.4504773281828996E-29
   0.4818614356182315E-29
   0.3950585335875717E-29
   0.4234366501474166E-29
   0.4534256961117705E-29
   0.4850818446684347E-29
   0.6671395834238884E-29
   0.7085206361319104E-29
   0.7595229614157317E-29
   0.8272406843031185E-29
   0.8847083321255811E-29
   0.9451069143030937E-29
   0.1009629520087039E-28
   0.1076153122469347E-28
   0.1145607757402018E-28
   0.1253763924643289E-28
   0.1330544790126247E-28
   0.1413192890782904E-28
   0.1495774765719621E-28
   0.1583116323299948E-28
   0.1673319654265211E-28
   0.1788296943512745E-28
   0.1881354806749256E-28
   0.2039628277625899E-28
   0.2137782740069875E-28
   0.2227314579743856E-28
   0.2357001216478284E-28
   0.2459427230462077E-28
   0.2574301344007727E-28
   0.2690639179221243E-28
   0.2850224160787675E-28
   0.2956606046637102E-28
   0.3077162432869693E-28
   0.3221432686549513E-28
   0.3437719635126100E-28
   0.3514966260006578E-28
   0.3664585550255306E-28
   0.3796684963570153E-28
   0.3930199607852976E-28
   0.4085558060654562E-28
   0.4250919217566402E-28
   0.4416851750557610E-28
   0.4544543424970277E-28
   0.4763967330579350E-28
   0.4946846891310738E-28
   0.5116900334613788E-28
   0.5294696841839037E-28
   0.5525278485099250E-28
   0.5724601284360367E-28
   0.5958491916186508E-28
   0.5976810353196987E-28
   0.6492175055614082E-28
   0.6742950376042292E-28
   0.7045757346044530E-28
   0.7369721943659996E-28
   0.7712436498486695E-28
   0.8123347277796498E-28
   0.8553776548276899E-28
   0.8969002255622677E-28
   0.9472062506285846E-28
   0.9962763486971403E-28
   0.1051833071554673E-27
   0.1114994197996870E-27
   0.1187127877400356E-27
   0.1270088800221664E-27
   0.1358338980660304E-27
   0.1460865575418929E-27
   0.1575120554753614E-27
   0.1705917720570022E-27
   0.1862350400633816E-27
   0.2029736850460772E-27
   0.2214540425465167E-27
   0.2457572710301392E-27
   0.2746744915673022E-27
   0.3065694051858303E-27
   0.3443382462464100E-27
   0.3905724771515207E-27
   0.4476394121080590E-27
   0.5162808663226086E-27
   0.5994049020265773E-27
   0.6808339637625480E-27
   0.8326246377955459E-27
   0.9730379857006866E-27
   0.1141800468202045E-26
   0.1329583269345773E-26
   0.1503482009514075E-26
   0.1768964149387623E-26
   0.1852137916562853E-26
   0.2312547547731646E-26
   0.1910400092357749E-26
   0.3061189627662501E-26
   0.3996268552715640E-26
   0.4693063722494296E-26
   0.5288301112093012E-26
   0.5811337220572537E-26
   0.5394623751366394E-26
   0.4457214267697119E-26
   0.3887174358211073E-26
   0.3465721700308939E-26
   0.3380464920944930E-26
   0.3530036583100358E-26
   0.3960670468057392E-26
   0.4560101159210913E-26
   0.5468418926217865E-26
   0.6634804576764903E-26
   0.8082006128988052E-26
   0.9739894362690315E-26
   0.1171518941101852E-25
   0.1375104218788735E-25
   0.1598648170573919E-25
   0.1811788436253780E-25
   0.2034384978649585E-25
   0.2218566627197781E-25
   0.2534923794565123E-25
   0.2553760581451758E-25
   0.2673124404664723E-25
   0.2767516263917302E-25
   0.2770428849034705E-25
   0.2818940714546281E-25
   0.2794333815762323E-25
   0.2881059103446376E-25
   0.2851165671573376E-25
   0.2815333053474053E-25
   0.2817964011834388E-25
   0.2796697674353618E-25
   0.2715774150644834E-25
   0.2790530884696450E-25
   0.2782142113248978E-25
   0.2660949032425519E-25
   0.2686341613163429E-25
   0.2699226633798235E-25
   0.2836119106283231E-25
   0.2836445342759207E-25
   0.2798382084203387E-25
   0.3037906526471052E-25
   0.3087801090864645E-25
