   0.2843177326015932E-01   0.3182713837854968E-02   0.1368940087344228E-35   0.1401794649440490E-32   0.0000000000000000E+00 
   0.2843177387112385E-01   0.3182712375959273E-02   0.0000000000000000E+00   0.0000000000000000E+00   0.0000000000000000E+00 
   0.2843177393222945E-01   0.3182712292294135E-02   0.0000000000000000E+00   0.0000000000000000E+00   0.0000000000000000E+00 
   0.2843177399758707E-01   0.3182712203738615E-02   0.0000000000000000E+00   0.0000000000000000E+00   0.0000000000000000E+00 
   0.2843177406779689E-01   0.3182712109710002E-02   0.1368940126230563E-35   0.1401794689260097E-32   0.2351821228936952E-25 
   0.2843177414279751E-01   0.3182712010289924E-02   0.0000000000000000E+00   0.1401794692957912E-32   0.2351821235140857E-25 
   0.2843177422308240E-01   0.3182711904917973E-02   0.6844700668536442E-36   0.0000000000000000E+00   0.2351821241781868E-25 
   0.2843177430812013E-01   0.3182711793979982E-02   0.0000000000000000E+00   0.0000000000000000E+00   0.0000000000000000E+00 
   0.2843177439962443E-01   0.3182711676154603E-02   0.6844700711037389E-36   0.0000000000000000E+00   0.0000000000000000E+00 
   0.2843177449710178E-01   0.3182711551448569E-02   0.0000000000000000E+00   0.1401794710426462E-32   0.2351821264448220E-25 
   0.2843177460131774E-01   0.3182711419309799E-02   0.0000000000000000E+00   0.1401794715564705E-32   0.0000000000000000E+00 
   0.2843177471241733E-01   0.3182711279526798E-02   0.0000000000000000E+00   0.0000000000000000E+00   0.0000000000000000E+00 
   0.2843177483106972E-01   0.3182711131431385E-02   0.6844700814904066E-36   0.0000000000000000E+00   0.0000000000000000E+00 
   0.2843177495733701E-01   0.3182710974749278E-02   0.0000000000000000E+00   0.0000000000000000E+00   0.2351821302517986E-25 
   0.2843177509204320E-01   0.3182710809142058E-02   0.0000000000000000E+00   0.0000000000000000E+00   0.0000000000000000E+00 
   0.2843177523554015E-01   0.3182710633584063E-02   0.0000000000000000E+00   0.0000000000000000E+00   0.0000000000000000E+00 
   0.2843177538882375E-01   0.3182710447620156E-02   0.0000000000000000E+00   0.0000000000000000E+00   0.0000000000000000E+00 
   0.2843177555208476E-01   0.3182710250708508E-02   0.6844700988482122E-36   0.1401794762441139E-32   0.0000000000000000E+00 
   0.2843177572580929E-01   0.3182710042336277E-02   0.0000000000000000E+00   0.1401794771006419E-32   0.0000000000000000E+00 
   0.2843177591092000E-01   0.3182709821745699E-02   0.6844701074868564E-36   0.0000000000000000E+00   0.2351821381396522E-25 
   0.2843177610795740E-01   0.3182709588156878E-02   0.0000000000000000E+00   0.0000000000000000E+00   0.0000000000000000E+00 
   0.2843177631781891E-01   0.3182709340793012E-02   0.6844701172825912E-36   0.2803589600389493E-32   0.4703642830108822E-25 
   0.2843177654107991E-01   0.3182709079016630E-02   0.0000000000000000E+00   0.1401794811202364E-32   0.0000000000000000E+00 
   0.2843177677896168E-01   0.3182708801631786E-02   0.0000000000000000E+00   0.0000000000000000E+00   0.0000000000000000E+00 
   0.2843177703172282E-01   0.3182708508052646E-02   0.6844701344692027E-36   0.0000000000000000E+00   0.0000000000000000E+00 
   0.2843177730090584E-01   0.3182708197088596E-02   0.6844701409495482E-36   0.1401794848664675E-32   0.4703642992746912E-25 
   0.2843177758724543E-01   0.3182707867773198E-02   0.0000000000000000E+00   0.0000000000000000E+00   0.0000000000000000E+00 
   0.2843177789177357E-01   0.3182707519132107E-02   0.1368940310348343E-35   0.0000000000000000E+00   0.0000000000000000E+00 
   0.2843177821570482E-01   0.3182707149898852E-02   0.0000000000000000E+00   0.0000000000000000E+00   0.0000000000000000E+00 
   0.2843177856016930E-01   0.3182706758786829E-02   0.0000000000000000E+00   0.0000000000000000E+00   0.2351821600537288E-25 
   0.2843177892643903E-01   0.3182706344700127E-02   0.0000000000000000E+00   0.0000000000000000E+00   0.0000000000000000E+00 
   0.2843177931566377E-01   0.3182705906131774E-02   0.0000000000000000E+00   0.0000000000000000E+00   0.0000000000000000E+00 
   0.2843177972961683E-01   0.3182705441569206E-02   0.0000000000000000E+00   0.1401794968409371E-32   0.0000000000000000E+00 
   0.2843178016946009E-01   0.3182704949695756E-02   0.0000000000000000E+00   0.0000000000000000E+00   0.0000000000000000E+00 
   0.2843178063695725E-01   0.3182704428690729E-02   0.0000000000000000E+00   0.0000000000000000E+00   0.0000000000000000E+00 
   0.2843178113387667E-01   0.3182703876860681E-02   0.0000000000000000E+00   0.0000000000000000E+00   0.0000000000000000E+00 
   0.2843178166187266E-01   0.3182703292378475E-02   0.0000000000000000E+00   0.0000000000000000E+00   0.0000000000000000E+00 
   0.2843178222289742E-01   0.3182702673314925E-02   0.0000000000000000E+00   0.0000000000000000E+00   0.0000000000000000E+00 
   0.2843178281873619E-01   0.3182702017654194E-02   0.0000000000000000E+00   0.0000000000000000E+00   0.0000000000000000E+00 
   0.2843178345188734E-01   0.3182701323075167E-02   0.0000000000000000E+00   0.0000000000000000E+00   0.0000000000000000E+00 
   0.2843178412443128E-01   0.3182700587428612E-02   0.0000000000000000E+00   0.0000000000000000E+00   0.0000000000000000E+00 
   0.2843178483887650E-01   0.3182699808065400E-02   0.6844703224195909E-36   0.0000000000000000E+00   0.2351822119899775E-25 
   0.2843178559768469E-01   0.3182698982572932E-02   0.0000000000000000E+00   0.0000000000000000E+00   0.0000000000000000E+00 
   0.2843178640357414E-01   0.3182698108060088E-02   0.0000000000000000E+00   0.0000000000000000E+00   0.0000000000000000E+00 
   0.2843178725924903E-01   0.3182697181621932E-02   0.6844703806879399E-36   0.1401795339648901E-32   0.4703644640216595E-25 
   0.2843178816835485E-01   0.3182696200209854E-02   0.6844704025738665E-36   0.0000000000000000E+00   0.2351822395307769E-25 
   0.2843178913320477E-01   0.3182695160424642E-02   0.0000000000000000E+00   0.0000000000000000E+00   0.2351822475118284E-25 
   0.2843179015810656E-01   0.3182694058832877E-02   0.6844704504753966E-36   0.1401795482573612E-32   0.2351822559896173E-25 
   0.2843179124614163E-01   0.3182692891761428E-02   0.0000000000000000E+00   0.0000000000000000E+00   0.0000000000000000E+00 
   0.2843179240143185E-01   0.3182691655197208E-02   0.1368941008962977E-35   0.2803591186356177E-32   0.0000000000000000E+00 
   0.2843179362808796E-01   0.3182690344959671E-02   0.1368941068024320E-35   0.2803591307313808E-32   0.2351822846926307E-25 
   0.2843179493031563E-01   0.3182688956689349E-02   0.1368941130724302E-35   0.0000000000000000E+00   0.4703645909288110E-25 
   0.2843179631291395E-01   0.3182687485564116E-02   0.0000000000000000E+00   0.0000000000000000E+00   0.0000000000000000E+00 
   0.2843179778064529E-01   0.3182685926720314E-02   0.0000000000000000E+00   0.0000000000000000E+00   0.0000000000000000E+00 
   0.2843179933888700E-01   0.3182684274778543E-02   0.0000000000000000E+00   0.0000000000000000E+00   0.2351823319312532E-25 
   0.2843180099315312E-01   0.3182682524084279E-02   0.0000000000000000E+00   0.0000000000000000E+00   0.0000000000000000E+00 
   0.2843180274925130E-01   0.3182680668696560E-02   0.0000000000000000E+00   0.0000000000000000E+00   0.2351823601411255E-25 
   0.2843180461357802E-01   0.3182678702245922E-02   0.1368941596956427E-35   0.0000000000000000E+00   0.0000000000000000E+00 
   0.2843180659269527E-01   0.3182676617990992E-02   0.0000000000000000E+00   0.0000000000000000E+00   0.0000000000000000E+00 
   0.2843180869370195E-01   0.3182674408782489E-02   0.6844708967036241E-36   0.1401796396449022E-32   0.2351824093124688E-25 
   0.2843181092416730E-01   0.3182672066918334E-02   0.0000000000000000E+00   0.0000000000000000E+00   0.0000000000000000E+00 
   0.2843181329205713E-01   0.3182669584337748E-02   0.0000000000000000E+00   0.0000000000000000E+00   0.0000000000000000E+00 
   0.2843181580590836E-01   0.3182666952455443E-02   0.2053413203771296E-35   0.2803593494215743E-32   0.2351824681432613E-25 
   0.2843181847476797E-01   0.3182664162050449E-02   0.0000000000000000E+00   0.0000000000000000E+00   0.0000000000000000E+00 
   0.2843182130832708E-01   0.3182661203492719E-02   0.1368942400779355E-35   0.1401797018398059E-32   0.4703650273164044E-25 
   0.2843182431672052E-01   0.3182658066246612E-02   0.0000000000000000E+00   0.1401797166723308E-32   0.0000000000000000E+00 
   0.2843182751104725E-01   0.3182654739337768E-02   0.0000000000000000E+00   0.0000000000000000E+00   0.0000000000000000E+00 
   0.2843183090297453E-01   0.3182651211037992E-02   0.0000000000000000E+00   0.0000000000000000E+00   0.0000000000000000E+00 
   0.2843183450451833E-01   0.3182647468760355E-02   0.0000000000000000E+00   0.0000000000000000E+00   0.0000000000000000E+00 
   0.2843183832931961E-01   0.3182643499316475E-02   0.0000000000000000E+00   0.1401797857597783E-32   0.4703653089051049E-25 
   0.2843184239141048E-01   0.3182639288316299E-02   0.6844717079464481E-36   0.2803596115748651E-32   0.2351826880533806E-25 
   0.2843184670578601E-01   0.3182634820640053E-02   0.1368943623622521E-35   0.1401798270589462E-32   0.7055481712231755E-25 
   0.2843185128862457E-01   0.3182630080170040E-02   0.6844719221390859E-36   0.0000000000000000E+00   0.2351827616494106E-25 
   0.2843185615645968E-01   0.3182625049580356E-02   0.6844720393279535E-36   0.0000000000000000E+00   0.4703656038303978E-25 
   0.2843186132824451E-01   0.3182619710561193E-02   0.6844721638341443E-36   0.0000000000000000E+00   0.0000000000000000E+00 
   0.2843186682346503E-01   0.3182614043224952E-02   0.0000000000000000E+00   0.0000000000000000E+00   0.0000000000000000E+00 
   0.2843187266305252E-01   0.3182608026554620E-02   0.1368944873419443E-35   0.0000000000000000E+00   0.2351829384545347E-25 
   0.2843187886924036E-01   0.3182601638211332E-02   0.6844725861182588E-36   0.2803599712740388E-32   0.4703659795818345E-25 
   0.2843188546604449E-01   0.3182594853940969E-02   0.0000000000000000E+00   0.0000000000000000E+00   0.0000000000000000E+00 
   0.2843189247922750E-01   0.3182587648044180E-02   0.1368945827533562E-35   0.1401800527394368E-32   0.2351831023700923E-25 
   0.2843189993651612E-01   0.3182579992587512E-02   0.0000000000000000E+00   0.1401800895067083E-32   0.0000000000000000E+00 
   0.2843190786771658E-01   0.3182571857747530E-02   0.6844732842311800E-36   0.0000000000000000E+00   0.0000000000000000E+00 
   0.2843191630414333E-01   0.3182563212130007E-02   0.0000000000000000E+00   0.0000000000000000E+00   0.0000000000000000E+00 
   0.2843192527980863E-01   0.3182554021560263E-02   0.2053421110236146E-35   0.2803604289175751E-32   0.4703667473802804E-25 
   0.2843193483218204E-01   0.3182544248686822E-02   0.0000000000000000E+00   0.0000000000000000E+00   0.0000000000000000E+00 
   0.2843194500116706E-01   0.3182533853470822E-02   0.0000000000000000E+00   0.0000000000000000E+00   0.0000000000000000E+00 
   0.2843195582922510E-01   0.3182522793478131E-02   0.6844744388624980E-36   0.1401803650790396E-32   0.0000000000000000E+00 
   0.2843196736270413E-01   0.3182511022377270E-02   0.0000000000000000E+00   0.0000000000000000E+00   0.0000000000000000E+00 
   0.2843197965198785E-01   0.3182498490078498E-02   0.0000000000000000E+00   0.0000000000000000E+00   0.0000000000000000E+00 
   0.2843199275144411E-01   0.3182485142085433E-02   0.0000000000000000E+00   0.0000000000000000E+00   0.0000000000000000E+00 
   0.2843200672018352E-01   0.3182470919642087E-02   0.0000000000000000E+00   0.0000000000000000E+00   0.0000000000000000E+00 
   0.2843202162242482E-01   0.3182455758727585E-02   0.0000000000000000E+00   0.0000000000000000E+00   0.0000000000000000E+00 
   0.2843203752874565E-01   0.3182439589149030E-02   0.0000000000000000E+00   0.0000000000000000E+00   0.0000000000000000E+00 
   0.2843205451492625E-01   0.3182422335512930E-02   0.0000000000000000E+00   0.0000000000000000E+00   0.0000000000000000E+00 
   0.2843207266572926E-01   0.3182403913773085E-02   0.0000000000000000E+00   0.0000000000000000E+00   0.0000000000000000E+00 
   0.2843209207425533E-01   0.3182384231396031E-02   0.0000000000000000E+00   0.1401810368189013E-32   0.0000000000000000E+00 
   0.2843211283864430E-01   0.3182363191155321E-02   0.0000000000000000E+00   0.0000000000000000E+00   0.0000000000000000E+00 
   0.2843213507439075E-01   0.3182340678811498E-02   0.6844787540328970E-36   0.0000000000000000E+00   0.4703702181404993E-25 
   0.2843215890561163E-01   0.3182316571477799E-02   0.0000000000000000E+00   0.0000000000000000E+00   0.0000000000000000E+00 
   0.2843218446984842E-01   0.3182290733297125E-02   0.6844799431852851E-36   0.1401814923643464E-32   0.2351855176598990E-25 
   0.2843221192266263E-01   0.3182263010815561E-02   0.0000000000000000E+00   0.0000000000000000E+00   0.0000000000000000E+00 
   0.2843224143724091E-01   0.3182233233193782E-02   0.6844813146253732E-36   0.0000000000000000E+00   0.0000000000000000E+00 
   0.2843227320982679E-01   0.3182201207360886E-02   0.0000000000000000E+00   0.1401819298862193E-32   0.2351862516997956E-25 
   0.2843230746200731E-01   0.3182166715352761E-02   0.6844829041138067E-36   0.0000000000000000E+00   0.2351865350271923E-25 
   0.2843234444775484E-01   0.3182129507829325E-02   0.0000000000000000E+00   0.0000000000000000E+00   0.2351868409661253E-25 
   0.2843238445767949E-01   0.3182089299937347E-02   0.0000000000000000E+00   0.0000000000000000E+00   0.2351871719204651E-25 
   0.2843242782606689E-01   0.3182045763347292E-02   0.0000000000000000E+00   0.0000000000000000E+00   0.2351875306553576E-25 
   0.2843247494579405E-01   0.3181998514588605E-02   0.6844869361393076E-36   0.1401829245213302E-32   0.0000000000000000E+00 
   0.2843252627425096E-01   0.3181947106267251E-02   0.0000000000000000E+00   0.0000000000000000E+00   0.0000000000000000E+00 
   0.2843258235719397E-01   0.3181891005926874E-02   0.2053468565924103E-35   0.4205503623012563E-32   0.4703776178137623E-25 
   0.2843264384377282E-01   0.3181829580490728E-02   0.0000000000000000E+00   0.0000000000000000E+00   0.0000000000000000E+00 
   0.2843271152359308E-01   0.3181762061214492E-02   0.0000000000000000E+00   0.0000000000000000E+00   0.0000000000000000E+00 
   0.2843278636081886E-01   0.3181687510276080E-02   0.0000000000000000E+00   0.0000000000000000E+00   0.2351904963853151E-25 
   0.2843286955599435E-01   0.3181604760899259E-02   0.0000000000000000E+00   0.0000000000000000E+00   0.0000000000000000E+00 
   0.2844197320147200E-01   0.3172419158192547E-02   0.6847155983271777E-36   0.2804595090748120E-32   0.2352664881501040E-25 
   0.2844207472310092E-01   0.3172318412110248E-02   0.0000000000000000E+00   0.0000000000000000E+00   0.0000000000000000E+00 
   0.2844219005541889E-01   0.3172204174388265E-02   0.0000000000000000E+00   0.0000000000000000E+00   0.0000000000000000E+00 
   0.2844232246444127E-01   0.3172073281937078E-02   0.0000000000000000E+00   0.0000000000000000E+00   0.0000000000000000E+00 
   0.2844247643540402E-01   0.3171921392829507E-02   0.0000000000000000E+00   0.0000000000000000E+00   0.0000000000000000E+00 
   0.2845070160919187E-01   0.3163727276153412E-02   0.0000000000000000E+00   0.0000000000000000E+00   0.0000000000000000E+00 
   0.2845092320647414E-01   0.3163509729868537E-02   0.0000000000000000E+00   0.0000000000000000E+00   0.0000000000000000E+00 
   0.2845119723327223E-01   0.3163241349268929E-02   0.0000000000000000E+00   0.0000000000000000E+00   0.0000000000000000E+00 
   0.2845154741067075E-01   0.3162899217196133E-02   0.0000000000000000E+00   0.0000000000000000E+00   0.2353456841524014E-25 
   0.2845195657813929E-01   0.3162499838422640E-02   0.0000000000000000E+00   0.0000000000000000E+00   0.0000000000000000E+00 
   0.2845251148877452E-01   0.3161959475665625E-02   0.0000000000000000E+00   0.0000000000000000E+00   0.0000000000000000E+00 
   0.2845320825180955E-01   0.3161281781868811E-02   0.0000000000000000E+00   0.0000000000000000E+00   0.0000000000000000E+00 
   0.2845409839052424E-01   0.3160416930700863E-02   0.0000000000000000E+00   0.0000000000000000E+00   0.0000000000000000E+00 
   0.2845525695802947E-01   0.3159292319729114E-02   0.0000000000000000E+00   0.0000000000000000E+00   0.0000000000000000E+00 
   0.2845679514899746E-01   0.3157800330385108E-02   0.0000000000000000E+00   0.0000000000000000E+00   0.4707781848528750E-25 
   0.2847471963028498E-01   0.3140128093841172E-02   0.6855039399249611E-36   0.1403912068966320E-32   0.2355373602605485E-25 
   0.2847782431238583E-01   0.3137120523572702E-02   0.1371157364855568E-35   0.4212195424836304E-32   0.2355630415889681E-25 
   0.2849084649212778E-01   0.3123918503021986E-02   0.0000000000000000E+00   0.0000000000000000E+00   0.0000000000000000E+00 
   0.2850463533224589E-01   0.3110254822442274E-02   0.0000000000000000E+00   0.0000000000000000E+00   0.0000000000000000E+00 
   0.2852811341079561E-01   0.3086892838048951E-02   0.6867893484340793E-36   0.1406544585592994E-32   0.2359790232612415E-25 
   0.2855423218150831E-01   0.3061107934229326E-02   0.6874181349669065E-36   0.0000000000000000E+00   0.2361950726688142E-25 
   0.2858358852237431E-01   0.3032134867982873E-02   0.0000000000000000E+00   0.0000000000000000E+00   0.0000000000000000E+00 
   0.2862175181965899E-01   0.2994032361907449E-02   0.0000000000000000E+00   0.0000000000000000E+00   0.0000000000000000E+00 
   0.2865510879475353E-01   0.2960846150463417E-02   0.0000000000000000E+00   0.0000000000000000E+00   0.0000000000000000E+00 
   0.2869158019103737E-01   0.2924587059584018E-02   0.0000000000000000E+00   0.0000000000000000E+00   0.0000000000000000E+00 
   0.2868106263990376E-01   0.2933394094302764E-02   0.6904714671879583E-36   0.1414085564800939E-32   0.2372441896314735E-25 
   0.2873688755846019E-01   0.2879423279091849E-02   0.0000000000000000E+00   0.0000000000000000E+00   0.0000000000000000E+00 
   0.2875725282366547E-01   0.2859086183854819E-02   0.0000000000000000E+00   0.0000000000000000E+00   0.0000000000000000E+00 
   0.2876893541614558E-01   0.2847442200297711E-02   0.0000000000000000E+00   0.0000000000000000E+00   0.0000000000000000E+00 
   0.2877934033175213E-01   0.2837059400241345E-02   0.0000000000000000E+00   0.0000000000000000E+00   0.0000000000000000E+00 
   0.2878876576736263E-01   0.2827645029485002E-02   0.0000000000000000E+00   0.0000000000000000E+00   0.0000000000000000E+00 
   0.2879748876652538E-01   0.2818925471811498E-02   0.0000000000000000E+00   0.0000000000000000E+00   0.0000000000000000E+00 
   0.2880574036111112E-01   0.2810671829184186E-02   0.6934729741463488E-36   0.1420232651051722E-32   0.4765509991389474E-25 
   0.2881370343783803E-01   0.2802702541309706E-02   0.0000000000000000E+00   0.0000000000000000E+00   0.0000000000000000E+00 
   0.2882152021602006E-01   0.2794876212365100E-02   0.6938528603349388E-36   0.1421010657965955E-32   0.2384060274699694E-25 
   0.2882930126246794E-01   0.2787082781243523E-02   0.0000000000000000E+00   0.0000000000000000E+00   0.0000000000000000E+00 
   0.2883713281952139E-01   0.2779236309009841E-02   0.6942287200923520E-36   0.0000000000000000E+00   0.0000000000000000E+00 
   0.2884508368982512E-01   0.2771268162870743E-02   0.6944201303323758E-36   0.0000000000000000E+00   0.0000000000000000E+00 
   0.2885320920014683E-01   0.2763123098018151E-02   0.0000000000000000E+00   0.1422573045509941E-32   0.2386681526029811E-25 
   0.2886155497596034E-01   0.2754755509402855E-02   0.0000000000000000E+00   0.0000000000000000E+00   0.0000000000000000E+00 
   0.2887015951398268E-01   0.2746126878408989E-02   0.0000000000000000E+00   0.0000000000000000E+00   0.0000000000000000E+00 
   0.2887905558824801E-01   0.2737204378420306E-02   0.0000000000000000E+00   0.0000000000000000E+00   0.0000000000000000E+00 
   0.2888155895953360E-01   0.2734703325714227E-02   0.3476491202546952E-36   0.1423970796563231E-32   0.2389026563163339E-25 
   0.2889115121174503E-01   0.2725079621692561E-02   0.3477645827907458E-36   0.0000000000000000E+00   0.0000000000000000E+00 
   0.2890111354310543E-01   0.2715083235630136E-02   0.3478844999925140E-36   0.1424934911969337E-32   0.2390644080405056E-25 
   0.2890648863040108E-01   0.2709694237889635E-02   0.0000000000000000E+00   0.0000000000000000E+00   0.0000000000000000E+00 
   0.2889305981340061E-01   0.2721833830254029E-02   0.0000000000000000E+00   0.1424537832437753E-32   0.2389977891497998E-25 
   0.2890396616094579E-01   0.2710890344554739E-02   0.0000000000000000E+00   0.1425075556887574E-32   0.0000000000000000E+00 
   0.2891530455159749E-01   0.2699511256978875E-02   0.0000000000000000E+00   0.0000000000000000E+00   0.0000000000000000E+00 
   0.2892709243212542E-01   0.2687678939519537E-02   0.0000000000000000E+00   0.0000000000000000E+00   0.0000000000000000E+00 
   0.2894587990669108E-01   0.2670158630746246E-02   0.0000000000000000E+00   0.0000000000000000E+00   0.0000000000000000E+00 
   0.2895909654986310E-01   0.2656885415383991E-02   0.0000000000000000E+00   0.0000000000000000E+00   0.0000000000000000E+00 
   0.2896379596267301E-01   0.2652086218276247E-02   0.0000000000000000E+00   0.0000000000000000E+00   0.0000000000000000E+00 
   0.2897042082827570E-01   0.2645507266727692E-02   0.3487187560917240E-36   0.1428352024951701E-32   0.2396377044665208E-25 
   0.2898529636171885E-01   0.2630561480217605E-02   0.0000000000000000E+00   0.0000000000000000E+00   0.0000000000000000E+00 
   0.2900070898931679E-01   0.2615074052587432E-02   0.3490833365686581E-36   0.1429845346585224E-32   0.0000000000000000E+00 
   0.2899907498807123E-01   0.2616554296012125E-02   0.3490636679941081E-36   0.2859529568207734E-32   0.2398747261210394E-25 
   0.2901556973104153E-01   0.2599974723566337E-02   0.0000000000000000E+00   0.1430578037720801E-32   0.0000000000000000E+00 
   0.2903271461876580E-01   0.2582739595098404E-02   0.0000000000000000E+00   0.0000000000000000E+00   0.0000000000000000E+00 
   0.2903750985776250E-01   0.2578065535645080E-02   0.3495263109094021E-36   0.1431659769484911E-32   0.0000000000000000E+00 
   0.2905575660165387E-01   0.2559717542367733E-02   0.0000000000000000E+00   0.0000000000000000E+00   0.0000000000000000E+00 
   0.2905933716940483E-01   0.2555959475823387E-02   0.0000000000000000E+00   0.0000000000000000E+00   0.0000000000000000E+00 
   0.2907878935546094E-01   0.2536392590312173E-02   0.0000000000000000E+00   0.0000000000000000E+00   0.0000000000000000E+00 
   0.2909137059185649E-01   0.2523652667103021E-02   0.0000000000000000E+00   0.0000000000000000E+00   0.0000000000000000E+00 
   0.2910463485862461E-01   0.2510220658049342E-02   0.0000000000000000E+00   0.0000000000000000E+00   0.0000000000000000E+00 
   0.2911257602104588E-01   0.2502216517299591E-02   0.0000000000000000E+00   0.0000000000000000E+00   0.0000000000000000E+00 
   0.2913445703561050E-01   0.2480188848531698E-02   0.3506932701146603E-36   0.1436439634389648E-32   0.2409945801711616E-25 
   0.2914636851757551E-01   0.2468468179689521E-02   0.0000000000000000E+00   0.0000000000000000E+00   0.0000000000000000E+00 
   0.2916951721970977E-01   0.2445156403176147E-02   0.0000000000000000E+00   0.1438168234925009E-32   0.2412845912167562E-25 
   0.2917774639076766E-01   0.2436548810475069E-02   0.7024286935464503E-36   0.1438573964383130E-32   0.2413526613243208E-25 
   0.2918928398756419E-01   0.2424895838267098E-02   0.0000000000000000E+00   0.0000000000000000E+00   0.0000000000000000E+00 
   0.2921418608934618E-01   0.2399794739941261E-02   0.0000000000000000E+00   0.0000000000000000E+00   0.0000000000000000E+00 
   0.2922588951541510E-01   0.2387805363560862E-02   0.0000000000000000E+00   0.0000000000000000E+00   0.0000000000000000E+00 
   0.2923839504088592E-01   0.2374994160763811E-02   0.0000000000000000E+00   0.1441564173697676E-32   0.2418543351998742E-25 
   0.2925392318441748E-01   0.2359449269306687E-02   0.0000000000000000E+00   0.0000000000000000E+00   0.0000000000000000E+00 
   0.2928104742858527E-01   0.2332066330328331E-02   0.3524577877858453E-36   0.1443667098770822E-32   0.0000000000000000E+00 
   0.2929554516240918E-01   0.2317215599459719E-02   0.0000000000000000E+00   0.1444381892235071E-32   0.0000000000000000E+00 
   0.2931185743741081E-01   0.2300681934803711E-02   0.0000000000000000E+00   0.0000000000000000E+00   0.2424620019014450E-25 
   0.2933160592960574E-01   0.2281230260476227E-02   0.0000000000000000E+00   0.0000000000000000E+00   0.0000000000000000E+00 
   0.2934634697831089E-01   0.2265682887912986E-02   0.3532438025244177E-36   0.1446886615140015E-32   0.0000000000000000E+00 
   0.2936446896626247E-01   0.2247269127352620E-02   0.0000000000000000E+00   0.1447780098128758E-32   0.0000000000000000E+00 
   0.2938228306136896E-01   0.2228985072458866E-02   0.0000000000000000E+00   0.0000000000000000E+00   0.0000000000000000E+00 
   0.2940708855620488E-01   0.2203792322532202E-02   0.3539749526727637E-36   0.0000000000000000E+00   0.0000000000000000E+00 
   0.2943307049295729E-01   0.2177542451791182E-02   0.0000000000000000E+00   0.0000000000000000E+00   0.0000000000000000E+00 
   0.2944081144308860E-01   0.2169151325516085E-02   0.0000000000000000E+00   0.1451544072839750E-32   0.0000000000000000E+00 
   0.2946156759757866E-01   0.2147937414971116E-02   0.3546307202797842E-36   0.1452567430265996E-32   0.2437003753213755E-25 
   0.2948102767305408E-01   0.2127635773998311E-02   0.0000000000000000E+00   0.0000000000000000E+00   0.0000000000000000E+00 
   0.2950428323882251E-01   0.2104167697280889E-02   0.0000000000000000E+00   0.0000000000000000E+00   0.0000000000000000E+00 
   0.2952616417409412E-01   0.2081680439339473E-02   0.3554082732861343E-36   0.1455752287380006E-32   0.2442347056786844E-25 
   0.2954773897587268E-01   0.2059274316314028E-02   0.0000000000000000E+00   0.0000000000000000E+00   0.0000000000000000E+00 
   0.2956955973508864E-01   0.2036544525805893E-02   0.0000000000000000E+00   0.0000000000000000E+00   0.0000000000000000E+00 
   0.2959313536996868E-01   0.2012332176040312E-02   0.0000000000000000E+00   0.1459054222267590E-32   0.2447886784269537E-25 
   0.2961593235743586E-01   0.1988463862531442E-02   0.0000000000000000E+00   0.0000000000000000E+00   0.0000000000000000E+00 
   0.2963933966388560E-01   0.1964064253174844E-02   0.0000000000000000E+00   0.7306661349189322E-33   0.2451708713884014E-25 
   0.2965051730735971E-01   0.1950060661847064E-02   0.0000000000000000E+00   0.0000000000000000E+00   0.0000000000000000E+00 
   0.2968377731681587E-01   0.1917330998536829E-02   0.0000000000000000E+00   0.0000000000000000E+00   0.0000000000000000E+00 
   0.2970913143973839E-01   0.1890461214914421E-02   0.0000000000000000E+00   0.0000000000000000E+00   0.0000000000000000E+00 
   0.2973473789005295E-01   0.1863425790287690E-02   0.0000000000000000E+00   0.0000000000000000E+00   0.0000000000000000E+00 
   0.2975461269505331E-01   0.1841626453153636E-02   0.0000000000000000E+00   0.0000000000000000E+00   0.0000000000000000E+00 
   0.2977913677140561E-01   0.1815159441709133E-02   0.3584533201628318E-36   0.0000000000000000E+00   0.1231636229793584E-25 
   0.2980364181668489E-01   0.1788737937138521E-02   0.0000000000000000E+00   0.0000000000000000E+00   0.1232649734711822E-25 
   0.2982216893372164E-01   0.1767561038605113E-02   0.0000000000000000E+00   0.0000000000000000E+00   0.0000000000000000E+00 
   0.2985054606635413E-01   0.1736344847478262E-02   0.0000000000000000E+00   0.7358727747264261E-33   0.0000000000000000E+00 
   0.2986683396289381E-01   0.1716700592719454E-02   0.0000000000000000E+00   0.0000000000000000E+00   0.0000000000000000E+00 
   0.2989303864175397E-01   0.1686852543212743E-02   0.0000000000000000E+00   0.0000000000000000E+00   0.0000000000000000E+00 
   0.2991824879475627E-01   0.1657494431515658E-02   0.0000000000000000E+00   0.0000000000000000E+00   0.0000000000000000E+00 
   0.2994231942908155E-01   0.1628683866769268E-02   0.3604175599554743E-36   0.7381351627888113E-33   0.1238385306330305E-25 
   0.2996508672361035E-01   0.1600479599807763E-02   0.0000000000000000E+00   0.0000000000000000E+00   0.0000000000000000E+00 
   0.2998636323049099E-01   0.1572941677553241E-02   0.1804738589652342E-36   0.1478441852643199E-32   0.1240206915261756E-25 
   0.3001531391576465E-01   0.1536934331725856E-02   0.0000000000000000E+00   0.0000000000000000E+00   0.0000000000000000E+00 
   0.3004211199522932E-01   0.1501911907593260E-02   0.1808093846382722E-36   0.7405952394783631E-33   0.0000000000000000E+00 
   0.3006060236603435E-01   0.1473138191392874E-02   0.0000000000000000E+00   0.0000000000000000E+00   0.0000000000000000E+00 
   0.3008735270701022E-01   0.1434989732975827E-02   0.0000000000000000E+00   0.0000000000000000E+00   0.0000000000000000E+00 
   0.3010595487488289E-01   0.1402625524269688E-02   0.0000000000000000E+00   0.0000000000000000E+00   0.0000000000000000E+00 
   0.3012725973288403E-01   0.1364870434011314E-02   0.1813218489434161E-36   0.0000000000000000E+00   0.1246034258019559E-25 
   0.3014818192037584E-01   0.1324235243467710E-02   0.1814477697790179E-36   0.0000000000000000E+00   0.1246899579412830E-25 
   0.3016670407085159E-01   0.1283095703870646E-02   0.0000000000000000E+00   0.0000000000000000E+00   0.0000000000000000E+00 
   0.3017994621382015E-01   0.1242050979051685E-02   0.0000000000000000E+00   0.0000000000000000E+00   0.0000000000000000E+00 
   0.3019324805036819E-01   0.1194915853867047E-02   0.0000000000000000E+00   0.0000000000000000E+00   0.0000000000000000E+00 
   0.3020128453206029E-01   0.1145891847925458E-02   0.0000000000000000E+00   0.0000000000000000E+00   0.0000000000000000E+00 
   0.3020183023893167E-01   0.1095220409588313E-02   0.0000000000000000E+00   0.0000000000000000E+00   0.0000000000000000E+00 
   0.3019371431531252E-01   0.1041641010654679E-02   0.0000000000000000E+00   0.0000000000000000E+00   0.0000000000000000E+00 
   0.3018770032104246E-01   0.9715774803007429E-03   0.3633712250030241E-36   0.7441842688061934E-33   0.1248534022156357E-25 
   0.3015204899511853E-01   0.9112519181658715E-03   0.0000000000000000E+00   0.3716526978837109E-33   0.0000000000000000E+00 
   0.3010197690187383E-01   0.8397957592212010E-03   0.1811696834392866E-36   0.3710355116836590E-33   0.6224942923187271E-26 
   0.3002224659555407E-01   0.7706691253975562E-03   0.0000000000000000E+00   0.0000000000000000E+00   0.6208455082282116E-26 
   0.2990052378956571E-01   0.6994683152613928E-03   0.0000000000000000E+00   0.0000000000000000E+00   0.0000000000000000E+00 
   0.2972087809697990E-01   0.6324688150558914E-03   0.1788760284389260E-36   0.0000000000000000E+00   0.6146133537468424E-26 
   0.2948010759914371E-01   0.5572137501677214E-03   0.0000000000000000E+00   0.0000000000000000E+00   0.0000000000000000E+00 
   0.2914462401566647E-01   0.4844729239097516E-03   0.0000000000000000E+00   0.0000000000000000E+00   0.0000000000000000E+00 
   0.2869072813814024E-01   0.4146217297690243E-03   0.0000000000000000E+00   0.0000000000000000E+00   0.0000000000000000E+00 
   0.2807935175274022E-01   0.3480529762480853E-03   0.8449822556185093E-37   0.1730523659506707E-33   0.2903336922865448E-26 
   0.2727873641111192E-01   0.2886970300018418E-03   0.0000000000000000E+00   0.0000000000000000E+00   0.0000000000000000E+00 
   0.2628632238367267E-01   0.2319896330252658E-03   0.3955126203635285E-37   0.0000000000000000E+00   0.0000000000000000E+00 
   0.2496185186731619E-01   0.1753281868604001E-03   0.0000000000000000E+00   0.0000000000000000E+00   0.0000000000000000E+00 
   0.2332145475827143E-01   0.1251991345988956E-03   0.0000000000000000E+00   0.0000000000000000E+00   0.0000000000000000E+00 
   0.2138365515006068E-01   0.8557429853125090E-04   0.0000000000000000E+00   0.0000000000000000E+00   0.0000000000000000E+00 
   0.1918170930467325E-01   0.5326181447452705E-04   0.0000000000000000E+00   0.0000000000000000E+00   0.0000000000000000E+00 
   0.1670351895452375E-01   0.2838235162514473E-04   0.0000000000000000E+00   0.0000000000000000E+00   0.0000000000000000E+00 
   0.1415660209379607E-01   0.1349966573944070E-04   0.2662560926095399E-38   0.1635877432993013E-34   0.1829697936189954E-27 
   0.1166144127955902E-01   0.7170276979826859E-05   0.1096636667725396E-38   0.0000000000000000E+00   0.7536029797559993E-28 
   0.9409873987187007E-02   0.3660685796461841E-05   0.0000000000000000E+00   0.0000000000000000E+00   0.0000000000000000E+00 
   0.7494773259043117E-02   0.1779305847521444E-05   0.0000000000000000E+00   0.0000000000000000E+00   0.0000000000000000E+00 
   0.6073428548883182E-02   0.8504750220255772E-06   0.0000000000000000E+00   0.0000000000000000E+00   0.0000000000000000E+00 
   0.5119673910369614E-02   0.4178369035025513E-06   0.0000000000000000E+00   0.0000000000000000E+00   0.0000000000000000E+00 
   0.4571633050757883E-02   0.2221701512529865E-06   0.0000000000000000E+00   0.0000000000000000E+00   0.0000000000000000E+00 
   0.4269213858301016E-02   0.1301886736641573E-06   0.2509218386442533E-40   0.5138879255434308E-37   0.1724321745326811E-29 
   0.4146836180260929E-02   0.9750718226039390E-07   0.0000000000000000E+00   0.0000000000000000E+00   0.0000000000000000E+00 
   0.4106393236011960E-02   0.9490522048352895E-07   0.0000000000000000E+00   0.0000000000000000E+00   0.0000000000000000E+00 
   0.4109583174511533E-02   0.1118244512690241E-06   0.0000000000000000E+00   0.0000000000000000E+00   0.0000000000000000E+00 
   0.4118992281900106E-02   0.1445594237143304E-06   0.0000000000000000E+00   0.0000000000000000E+00   0.0000000000000000E+00 
   0.4156318866533982E-02   0.1824989986094702E-06   0.0000000000000000E+00   0.0000000000000000E+00   0.0000000000000000E+00 
   0.4180950593310725E-02   0.2216744487893907E-06   0.3686012852627886E-40   0.2013054485915176E-36   0.1688672496498394E-29 
   0.4214443038169613E-02   0.2742573908538987E-06   0.2477026991615349E-40   0.1014590255765647E-36   0.0000000000000000E+00 
   0.4239874565886326E-02   0.3143013519995628E-06   0.0000000000000000E+00   0.0000000000000000E+00   0.0000000000000000E+00 
   0.4267997837050182E-02   0.3725897978019050E-06   0.0000000000000000E+00   0.0000000000000000E+00   0.0000000000000000E+00 
   0.4286717950068147E-02   0.4149451809642895E-06   0.2519506366936802E-40   0.0000000000000000E+00   0.0000000000000000E+00 
   0.4367455920506579E-02   0.4673191026520155E-06   0.2566959881010419E-40   0.2102853534523735E-36   0.7056005593013632E-29 
   0.4330145506319417E-02   0.5224847630927573E-06   0.0000000000000000E+00   0.0000000000000000E+00   0.0000000000000000E+00 
   0.4343853081817994E-02   0.5889006180625715E-06   0.5106174758479036E-40   0.4182978362146026E-36   0.7017873150505011E-29 
   0.4361027233556433E-02   0.6509315042112360E-06   0.0000000000000000E+00   0.0000000000000000E+00   0.0000000000000000E+00 
   0.4356108621173605E-02   0.7061972320282405E-06   0.0000000000000000E+00   0.4194780017260820E-36   0.0000000000000000E+00 
   0.4377887987043956E-02   0.7836329811099705E-06   0.0000000000000000E+00   0.0000000000000000E+00   0.7072859505491329E-29 
   0.4384481699983408E-02   0.8214420366256919E-06   0.1030786693922839E-39   0.8444204596615898E-36   0.7083512223280890E-29 
   0.4398905191075399E-02   0.9133677494356984E-06   0.0000000000000000E+00   0.0000000000000000E+00   0.0000000000000000E+00 
   0.4399044220980888E-02   0.9973252244974353E-06   0.0000000000000000E+00   0.0000000000000000E+00   0.0000000000000000E+00 
   0.4411293797661389E-02   0.1073034374261296E-05   0.0000000000000000E+00   0.4247921409202879E-36   0.0000000000000000E+00 
   0.4418496516218353E-02   0.1154930910085305E-05   0.0000000000000000E+00   0.0000000000000000E+00   0.0000000000000000E+00 
   0.4427943721587587E-02   0.1264445309194872E-05   0.0000000000000000E+00   0.0000000000000000E+00   0.0000000000000000E+00 
   0.4385666386628745E-02   0.1347538616307747E-05   0.0000000000000000E+00   0.0000000000000000E+00   0.0000000000000000E+00 
   0.4443369599257137E-02   0.1473042943251145E-05   0.0000000000000000E+00   0.0000000000000000E+00   0.0000000000000000E+00 
   0.4461561421408720E-02   0.1606338672054833E-05   0.0000000000000000E+00   0.0000000000000000E+00   0.0000000000000000E+00 
   0.4436933713388247E-02   0.1697490841722616E-05   0.0000000000000000E+00   0.0000000000000000E+00   0.0000000000000000E+00 
   0.4461302562200336E-02   0.1863791044183173E-05   0.2097694383670197E-39   0.8592156195513126E-36   0.1441524603978619E-28 
   0.4479024026968727E-02   0.2020431708229826E-05   0.0000000000000000E+00   0.0000000000000000E+00   0.0000000000000000E+00 
   0.4485456494229831E-02   0.2180258813502891E-05   0.0000000000000000E+00   0.8638674976483425E-36   0.0000000000000000E+00 
   0.4496155782618884E-02   0.2335936843585458E-05   0.2114082289154183E-39   0.1731856211275107E-35   0.2905572573750411E-28 
   0.4501704940686028E-02   0.2509475760013662E-05   0.2116691490738083E-39   0.1733993669212637E-35   0.2909158633101297E-28 
   0.4520911513003376E-02   0.2962703414279291E-05   0.6377167132923491E-39   0.1741391771763641E-35   0.2921570589550131E-28 
   0.4521008940683131E-02   0.2865283561987910E-05   0.0000000000000000E+00   0.0000000000000000E+00   0.0000000000000000E+00 
