   0.9482971349447739E-01   0.2179012162915209E-04   0.1456565661152097E-04   0.0000000000000000E+00   0.0000000000000000E+00 
   0.9482971353975998E-01   0.2179010078897279E-04   0.1456562649945371E-04   0.5020243234178996E-23   0.1568826010680936E-24 
   0.9482971354167116E-01   0.2179009955366517E-04   0.1456562471505160E-04   0.7530364851420259E-22   0.6667510545528354E-24 
   0.9482971354542226E-01   0.2179009824497918E-04   0.1456562282514898E-04   0.0000000000000000E+00   0.0000000000000000E+00 
   0.9482971354780778E-01   0.2179009685980928E-04   0.1456562082306397E-04   0.3514170264223530E-22   0.7844130054070379E-25 
   0.9482971355152960E-01   0.2179009539193727E-04   0.1456561870249716E-04   0.6024291881762489E-22   0.3137652021751296E-24 
   0.9482971355522314E-01   0.2179009383724663E-04   0.1456561645623329E-04   0.2510121617498804E-22   0.3922065027341881E-25 
   0.9482971355942037E-01   0.2179009219013417E-04   0.1456561407688871E-04   0.0000000000000000E+00   0.7844130055030949E-25 
   0.9482971356229143E-01   0.2179009044643703E-04   0.1456561155632258E-04   0.2510121617685900E-22   0.1568826011053688E-24 
   0.9482971356627339E-01   0.2179008859804599E-04   0.1456560888657128E-04   0.0000000000000000E+00   0.0000000000000000E+00 
   0.9482971357098624E-01   0.2179008664117357E-04   0.1456560605865070E-04   0.5522267559415310E-22   0.0000000000000000E+00 
   0.9482971357477588E-01   0.2179008456681456E-04   0.1456560306298570E-04   0.3012145941619633E-22   0.1176619508445169E-24 
   0.9482971357971152E-01   0.2179008237086251E-04   0.1456559988991262E-04   0.0000000000000000E+00   0.0000000000000000E+00 
   0.9482971358755587E-01   0.2179008004522120E-04   0.1456559652924216E-04   0.0000000000000000E+00   0.0000000000000000E+00 
   0.9482971359036030E-01   0.2179007758064598E-04   0.1456559296861334E-04   0.0000000000000000E+00   0.0000000000000000E+00 
   0.9482971359711327E-01   0.2179007497030796E-04   0.1456558919750842E-04   0.0000000000000000E+00   0.0000000000000000E+00 
   0.9482971360259460E-01   0.2179007220496143E-04   0.1456558520267945E-04   0.0000000000000000E+00   0.0000000000000000E+00 
   0.9482971360855087E-01   0.2179006927616897E-04   0.1456558097114067E-04   0.2510121618910377E-22   0.1176619508864239E-24 
   0.9482971361509729E-01   0.2179006617297542E-04   0.1456557648887211E-04   0.5020243238167319E-23   0.0000000000000000E+00 
   0.9482971362250582E-01   0.2179006288687892E-04   0.1456557174114561E-04   0.1506072971567857E-22   0.4314271533137091E-24 
   0.9482971363143584E-01   0.2179005940607767E-04   0.1456556671212065E-04   0.2008097295612910E-22   0.3922065030493965E-25 
   0.9482971363737036E-01   0.2179005571736553E-04   0.1456556138453953E-04   0.5020243239346446E-22   0.2353239018443647E-24 
   0.9482971364581193E-01   0.2179005181107320E-04   0.1456555574158208E-04   0.0000000000000000E+00   0.0000000000000000E+00 
   0.9482971365532183E-01   0.2179004767358426E-04   0.1456554976428103E-04   0.0000000000000000E+00   0.0000000000000000E+00 
   0.9482971366557688E-01   0.2179004329062376E-04   0.1456554343288795E-04   0.5020243240839687E-23   0.0000000000000000E+00 
   0.9482971367677163E-01   0.2179003864805937E-04   0.1456553672623807E-04   0.7028340538005265E-22   0.5490891045316613E-24 
   0.9482971368625467E-01   0.2179003372957766E-04   0.1456552962172634E-04   0.2008097296773744E-22   0.1961032516380609E-24 
   0.9482971369780002E-01   0.2179002852002940E-04   0.1456552209641056E-04   0.0000000000000000E+00   0.7844130066477446E-25 
   0.9482971370957845E-01   0.2179002300140159E-04   0.1456551412502697E-04   0.0000000000000000E+00   0.0000000000000000E+00 
   0.9482971372228904E-01   0.2179001715572480E-04   0.1456550568141505E-04   0.0000000000000000E+00   0.0000000000000000E+00 
   0.9482971373597050E-01   0.2179001096315915E-04   0.1456549673726606E-04   0.0000000000000000E+00   0.0000000000000000E+00 
   0.9482971374977825E-01   0.2179000440345775E-04   0.1456548726286819E-04   0.0000000000000000E+00   0.0000000000000000E+00 
   0.9482971376496480E-01   0.2178999745513575E-04   0.1456547722705978E-04   0.6526316219931610E-22   0.6667510561228208E-24 
   0.9482971378091480E-01   0.2178999009456695E-04   0.1456546659646408E-04   0.0000000000000000E+00   0.0000000000000000E+00 
   0.9482971379765916E-01   0.2178998229783693E-04   0.1456545533591917E-04   0.0000000000000000E+00   0.0000000000000000E+00 
   0.9482971381625653E-01   0.2178997403864206E-04   0.1456544340789179E-04   0.8534413522988222E-22   0.2745445526696579E-24 
   0.9482971383551607E-01   0.2178996528953372E-04   0.1456543077278840E-04   0.3012145949901715E-22   0.1961032519467263E-24 
   0.9482971385407193E-01   0.2178995602107027E-04   0.1456541738839061E-04   0.2008097300327413E-22   0.3137652031761582E-24 
   0.9482971387716739E-01   0.2178994620365964E-04   0.1456540321128330E-04   0.2008097300816478E-22   0.0000000000000000E+00 
   0.9482971390005915E-01   0.2178993580389195E-04   0.1456538819390151E-04   0.0000000000000000E+00   0.0000000000000000E+00 
   0.9482971392398287E-01   0.2178992478690297E-04   0.1456537228590963E-04   0.0000000000000000E+00   0.0000000000000000E+00 
   0.9482971394881079E-01   0.2178991311626388E-04   0.1456535543472107E-04   0.0000000000000000E+00   0.0000000000000000E+00 
   0.9482971397608585E-01   0.2178990075345472E-04   0.1456533758503066E-04   0.4518218931550105E-22   0.7844130089496710E-25 
   0.9482971400544851E-01   0.2178988765724259E-04   0.1456531867697783E-04   0.3012145955299405E-22   0.1961032522981383E-24 
   0.9482971403496626E-01   0.2178987378411479E-04   0.1456529864842996E-04   0.7028340564552996E-22   0.3922065047183592E-24 
   0.9482971406696444E-01   0.2178985908726832E-04   0.1456527743195920E-04   0.0000000000000000E+00   0.0000000000000000E+00 
   0.9482971410088183E-01   0.2178984351845705E-04   0.1456525495766474E-04   0.3514170284719177E-22   0.2745445534936857E-24 
   0.9482971413540313E-01   0.2178982702530619E-04   0.1456523115085986E-04   0.0000000000000000E+00   0.0000000000000000E+00 
   0.9482971417424396E-01   0.2178980955379931E-04   0.1456520593284950E-04   0.8534413555206106E-22   0.3922065052943983E-24 
   0.9482971421469692E-01   0.2178979104512331E-04   0.1456517921982987E-04   0.0000000000000000E+00   0.0000000000000000E+00 
   0.9482971425714509E-01   0.2178977143725191E-04   0.1456515092235728E-04   0.0000000000000000E+00   0.0000000000000000E+00 
   0.9482971430216264E-01   0.2178975066528399E-04   0.1456512094710624E-04   0.8032389239264410E-22   0.6667510598998777E-24 
   0.9482971435059087E-01   0.2178972865980745E-04   0.1456508919410545E-04   0.0000000000000000E+00   0.0000000000000000E+00 
   0.9482971440119421E-01   0.2178970534738559E-04   0.1456505555822461E-04   0.0000000000000000E+00   0.1568826024932170E-24 
   0.9482971445487132E-01   0.2178968065055270E-04   0.1456501992795925E-04   0.2008097313049834E-22   0.0000000000000000E+00 
   0.9482971451128498E-01   0.2178965448594985E-04   0.1456498218381456E-04   0.7028340599855541E-22   0.4706478080260407E-24 
   0.9482971457170895E-01   0.2178962676692816E-04   0.1456494220112603E-04   0.0000000000000000E+00   0.0000000000000000E+00 
   0.9482971463532172E-01   0.2178959740045719E-04   0.1456489984671503E-04   0.0000000000000000E+00   0.0000000000000000E+00 
   0.9482971470213712E-01   0.2178956628828704E-04   0.1456485505187485E-04   0.1506072988714419E-22   0.2353239044866279E-24 
   0.9482971477394787E-01   0.2178953332735454E-04   0.1456480750653026E-04   0.0000000000000000E+00   0.0000000000000000E+00 
   0.9482971485044389E-01   0.2178949840612472E-04   0.1456475694956703E-04   0.0000000000000000E+00   0.0000000000000000E+00 
   0.9482971492905427E-01   0.2178946140723592E-04   0.1456470355284234E-04   0.0000000000000000E+00   0.0000000000000000E+00 
   0.9482971501470680E-01   0.2178942220772221E-04   0.1456464709398930E-04   0.0000000000000000E+00   0.0000000000000000E+00 
   0.9482971510416904E-01   0.2178938067530375E-04   0.1456458726970949E-04   0.9036437970596619E-22   0.2745445563983348E-24 
   0.9482971519891679E-01   0.2178933667160027E-04   0.1456452395439986E-04   0.0000000000000000E+00   0.3922065095323458E-25 
   0.9482971530159562E-01   0.2178929004787219E-04   0.1456445668187152E-04   0.0000000000000000E+00   0.1568826039828062E-24 
   0.9482971540703693E-01   0.2178924064662445E-04   0.1456438547538820E-04   0.1506072999909544E-22   0.2353239062358663E-24 
   0.9482971551992909E-01   0.2178918830227463E-04   0.1456431012103144E-04   0.0000000000000000E+00   0.0000000000000000E+00 
   0.9482971563904662E-01   0.2178913283854012E-04   0.1456423026895019E-04   0.3012146007188583E-22   0.5883097670290201E-24 
   0.9482971576591033E-01   0.2178907406930620E-04   0.1456414566946509E-04   0.0000000000000000E+00   0.0000000000000000E+00 
   0.9482971589997131E-01   0.2178901179379972E-04   0.1456405601052549E-04   0.0000000000000000E+00   0.0000000000000000E+00 
   0.9482971604173082E-01   0.2178894580220568E-04   0.1456396113573618E-04   0.4016194693305783E-22   0.0000000000000000E+00 
   0.9482971619217782E-01   0.2178887587157574E-04   0.1456386048518804E-04   0.1506073012379048E-22   0.0000000000000000E+00 
   0.9482971635060614E-01   0.2178880176444255E-04   0.1456375392980619E-04   0.1506073014895186E-22   0.0000000000000000E+00 
   0.9482971651911330E-01   0.2178872323024179E-04   0.1456364101299721E-04   0.7530365087856971E-22   0.2745445604947854E-24 
   0.9482971669680444E-01   0.2178863999897764E-04   0.1456352144796436E-04   0.0000000000000000E+00   0.0000000000000000E+00 
   0.9482971688456801E-01   0.2178855178711128E-04   0.1456339464285774E-04   0.0000000000000000E+00   0.0000000000000000E+00 
   0.9482971708531289E-01   0.2178845829697336E-04   0.1456326036619209E-04   0.2510121710939502E-22   0.2745445621340080E-24 
   0.9482971729654073E-01   0.2178835920529412E-04   0.1456311811831649E-04   0.0000000000000000E+00   0.1961032591039575E-24 
   0.9482971751956357E-01   0.2178825417516327E-04   0.1456296737554452E-04   0.1004048688973609E-22   0.0000000000000000E+00 
   0.9482971775691264E-01   0.2178814284093658E-04   0.1456280769135578E-04   0.2008097382973279E-22   0.4706478241343623E-24 
   0.9482971800589045E-01   0.2178802481948511E-04   0.1456263848720586E-04   0.1054251128828934E-21   0.8628543465117768E-24 
   0.9482971827111648E-01   0.2178789970508489E-04   0.1456245917041498E-04   0.5020243484654923E-23   0.0000000000000000E+00 
   0.9482971855115384E-01   0.2178776706438951E-04   0.1456226921496175E-04   0.0000000000000000E+00   0.0000000000000000E+00 
   0.9482971884676121E-01   0.2178762643172660E-04   0.1456206795350386E-04   0.2510121757564651E-22   0.2353239147716860E-24 
   0.9482971916032654E-01   0.2178747732018352E-04   0.1456185462159219E-04   0.0000000000000000E+00   0.3922065259163524E-25 
   0.9482971949227437E-01   0.2178731920164415E-04   0.1456162858625107E-04   0.0000000000000000E+00   0.0000000000000000E+00 
   0.9482971984401166E-01   0.2178715152271182E-04   0.1456138910144176E-04   0.0000000000000000E+00   0.3922065287440078E-25 
   0.9482972021254012E-01   0.2178697368848268E-04   0.1456113528943344E-04   0.2510121793716517E-22   0.4706478363218470E-24 
   0.9482972060375194E-01   0.2178678506441330E-04   0.1456086627918330E-04   0.4016194886514893E-22   0.3137652255089760E-24 
   0.9482972101843373E-01   0.2178658497737670E-04   0.1456058117873573E-04   0.3514170541067681E-22   0.0000000000000000E+00 
   0.9482972145586024E-01   0.2178637270476009E-04   0.1456027903856638E-04   0.2510121826626927E-22   0.0000000000000000E+00 
   0.9482972191767909E-01   0.2178614747398733E-04   0.1455995875500117E-04   0.0000000000000000E+00   0.1568826149281981E-24 
   0.9482972240607633E-01   0.2178590846669827E-04   0.1455961930198940E-04   0.4518219333202087E-22   0.2745445775383213E-24 
   0.9482972292179903E-01   0.2178565479672329E-04   0.1455925947628205E-04   0.5020243730860007E-22   0.4706478497681257E-24 
   0.9482972346666481E-01   0.2178538551985758E-04   0.1455887801544409E-04   0.0000000000000000E+00   0.3922065437269501E-25 
   0.9482972404147232E-01   0.2178509962126962E-04   0.1455847362483852E-04   0.7530365685202526E-22   0.3922065461042982E-24 
   0.9482972464823576E-01   0.2178479601232084E-04   0.1455804485597675E-04   0.2008097528902723E-22   0.2745445840296691E-24 
   0.9482972528730382E-01   0.2178447352301161E-04   0.1455759020714383E-04   0.3514170699262152E-22   0.3922065512569366E-25 
   0.9482972596210019E-01   0.2178413088445401E-04   0.1455710809044121E-04   0.0000000000000000E+00   0.2745445878334803E-24 
   0.9482972667301749E-01   0.2178376673704883E-04   0.1455659676552067E-04   0.0000000000000000E+00   0.0000000000000000E+00 
   0.9482972742189077E-01   0.2178337959686228E-04   0.1455605438862835E-04   0.2008097587637152E-22   0.2745445920597669E-24 
   0.9482972820895354E-01   0.2178296785843304E-04   0.1455547900823275E-04   0.2008097604303854E-22   0.2353239380043580E-24 
   0.9482972903826296E-01   0.2178252977863410E-04   0.1455486852354541E-04   0.0000000000000000E+00   0.0000000000000000E+00 
   0.9482972990958762E-01   0.2178206343642140E-04   0.1455422065184587E-04   0.3514170870553318E-22   0.2353239422245526E-24 
   0.9482973082506624E-01   0.2178156674086620E-04   0.1455353296506789E-04   0.1004048829851098E-22   0.0000000000000000E+00 
   0.9482973178277572E-01   0.2178103736268280E-04   0.1455280282222854E-04   0.0000000000000000E+00   0.0000000000000000E+00 
   0.9482973278840391E-01   0.2178047273813740E-04   0.1455202736723800E-04   0.2008097701277488E-22   0.1961032911403797E-24 
   0.9482973383654573E-01   0.2177986999748140E-04   0.1455120351010516E-04   0.4016195446945509E-22   0.2353239519694634E-24 
   0.9482973493031514E-01   0.2177922589402503E-04   0.1455032787590071E-04   0.0000000000000000E+00   0.0000000000000000E+00 
   0.9482973607104854E-01   0.2177853676194608E-04   0.1454939674482313E-04   0.0000000000000000E+00   0.3922065958574594E-25 
   0.9482973725302854E-01   0.2177779836799190E-04   0.1454840598292876E-04   0.0000000000000000E+00   0.0000000000000000E+00 
   0.9482973847471984E-01   0.2177700580582873E-04   0.1454735103065819E-04   0.0000000000000000E+00   0.0000000000000000E+00 
   0.9482973972645500E-01   0.2177615328980240E-04   0.1454622672465298E-04   0.4016195696392870E-22   0.0000000000000000E+00 
   0.9483020926623296E-01   0.2158526217593688E-04   0.1437527240983043E-04   0.0000000000000000E+00   0.0000000000000000E+00 
   0.9483021055092403E-01   0.2158427208322389E-04   0.1437399765602280E-04   0.0000000000000000E+00   0.0000000000000000E+00 
   0.9483021183274867E-01   0.2158319658516306E-04   0.1437263328764654E-04   0.0000000000000000E+00   0.1961042817808660E-24 
   0.9483021308750675E-01   0.2158202218772157E-04   0.1437116954180417E-04   0.1506080904004953E-22   0.1568834275005159E-24 
   0.9483021427968318E-01   0.2158073105110811E-04   0.1436959425382044E-04   0.0000000000000000E+00   0.0000000000000000E+00 
   0.9483049001811440E-01   0.2140528758663323E-04   0.1423109025169537E-04   0.4016227472480648E-22   0.2353258284656630E-24 
   0.9483049036278399E-01   0.2140385423268233E-04   0.1422959602445747E-04   0.0000000000000000E+00   0.7844194310699165E-25 
   0.9483049034946188E-01   0.2140220265659166E-04   0.1422794295596696E-04   0.2510142179071099E-22   0.1961048577399296E-24 
   0.9483048977149980E-01   0.2140024933418284E-04   0.1422608442238244E-04   0.0000000000000000E+00   0.1961048565447321E-24 
   0.9483048883131386E-01   0.2139804744916940E-04   0.1422404578436040E-04   0.0000000000000000E+00   0.0000000000000000E+00 
   0.9483048674028399E-01   0.2139529749167715E-04   0.1422166605207298E-04   0.0000000000000000E+00   0.0000000000000000E+00 
   0.9483048364010141E-01   0.2139200254537428E-04   0.1421894386091785E-04   0.0000000000000000E+00   0.0000000000000000E+00 
   0.9483047919723578E-01   0.2138797272779834E-04   0.1421577577029941E-04   0.5020283767748265E-22   0.4706516032263999E-24 
   0.9483047299708579E-01   0.2138292679683378E-04   0.1421201000446799E-04   0.7028396815321080E-22   0.4314306080833253E-24 
   0.9483046455306796E-01   0.2137643735531665E-04   0.1420741747979856E-04   0.0000000000000000E+00   0.0000000000000000E+00 
   0.9483084205236612E-01   0.2102562040257084E-04   0.1393998095813728E-04   0.4016242381711136E-22   0.7844223401779563E-25 
   0.9483082970219738E-01   0.2101388935429180E-04   0.1393249882847968E-04   0.0000000000000000E+00   0.0000000000000000E+00 
   0.9483143381435363E-01   0.2082745832966335E-04   0.1379224202200544E-04   0.6024401165709230E-22   0.3137708940473558E-24 
   0.9483175364337743E-01   0.2063363785248465E-04   0.1364801349406485E-04   0.0000000000000000E+00   0.1176644821023101E-24 
   0.9483241541571848E-01   0.2026191013894655E-04   0.1336932616485651E-04   0.1004077254060252E-21   0.5491047483142003E-24 
   0.9483295971556881E-01   0.1987731977294947E-04   0.1308380937216600E-04   0.6024498102354493E-22   0.1372769749885464E-24 
   0.9483354762656031E-01   0.1947458781457894E-04   0.1278870966943204E-04   0.2008178483617661E-22   0.2745556520571021E-24 
   0.9483466192671670E-01   0.1888769704900227E-04   0.1235593754159235E-04   0.2008202079841301E-22   0.3333929234111534E-24 
   0.9483540833076529E-01   0.1844903801821596E-04   0.1204203367583961E-04   0.4518490242514115E-22   0.1961150278868973E-25 
   0.9483611016954061E-01   0.1799684487578805E-04   0.1172133556043167E-04   0.1506174560681991E-22   0.0000000000000000E+00 
   0.9483709555675286E-01   0.1791531329271689E-04   0.1163562705101143E-04   0.0000000000000000E+00   0.0000000000000000E+00 
   0.9483685034932450E-01   0.1749141540672389E-04   0.1138047926689816E-04   0.1004124210746292E-22   0.0000000000000000E+00 
   0.9483717367387297E-01   0.1726273779799203E-04   0.1122736329487383E-04   0.2008255268156214E-22   0.3922373570617606E-25 
   0.9483724918272272E-01   0.1717069553844935E-04   0.1117706651566405E-04   0.3514449517457030E-22   0.3922376693590435E-25 
   0.9483731905740848E-01   0.1708714826901069E-04   0.1113107534815747E-04   0.0000000000000000E+00   0.0000000000000000E+00 
   0.9483738482108249E-01   0.1701035147541474E-04   0.1108847255116009E-04   0.2510324674215367E-22   0.0000000000000000E+00 
   0.9483744794663967E-01   0.1693844598471741E-04   0.1104828069395559E-04   0.0000000000000000E+00   0.1568953965709346E-24 
   0.9483750973103525E-01   0.1686977811369271E-04   0.1100962910274991E-04   0.0000000000000000E+00   0.0000000000000000E+00 
   0.9483757126562947E-01   0.1680298908220995E-04   0.1097180071024654E-04   0.5020659218722867E-22   0.2549553509507706E-24 
   0.9483763346080662E-01   0.1673699556463464E-04   0.1093422184447498E-04   0.0000000000000000E+00   0.1568957034783791E-24 
   0.9483769707955103E-01   0.1667093969579110E-04   0.1089643604819479E-04   0.1506199763776925E-22   0.2353437130901445E-24 
   0.9483776276972639E-01   0.1660414292626472E-04   0.1085808019543742E-04   0.0000000000000000E+00   0.0000000000000000E+00 
   0.9483783109740858E-01   0.1653605746351383E-04   0.1081885884372545E-04   0.3514471081871904E-22   0.2157320418559762E-24 
   0.9483790256479997E-01   0.1646623884519481E-04   0.1077853021134971E-04   0.4016541406043934E-22   0.1372841300893923E-24 
   0.9483797762889251E-01   0.1639431785849735E-04   0.1073689135281111E-04   0.0000000000000000E+00   0.0000000000000000E+00 
   0.9483805671671547E-01   0.1631998129703502E-04   0.1069376806014995E-04   0.2008273967315750E-22   0.3922410092413574E-25 
   0.9483814022880932E-01   0.1624296182027663E-04   0.1064900975067121E-04   0.0000000000000000E+00   0.0000000000000000E+00 
   0.9483800636866396E-01   0.1628047478059766E-04   0.1069459227848179E-04   0.8033091604617154E-22   0.5099130413087061E-24 
   0.9483810106415888E-01   0.1619676384079467E-04   0.1064577422018331E-04   0.0000000000000000E+00   0.0000000000000000E+00 
   0.9483820134711558E-01   0.1610971639533447E-04   0.1059494111861929E-04   0.0000000000000000E+00   0.0000000000000000E+00 
   0.9483814386045013E-01   0.1610571728650930E-04   0.1061021120502051E-04   0.2510344765820138E-22   0.9806034241484912E-25 
   0.9483853779056339E-01   0.1618688309976982E-04   0.1065405741479888E-04   0.5020710386126828E-23   0.7844859978323169E-25 
   0.9483864454412846E-01   0.1609162911007954E-04   0.1059794931548692E-04   0.0000000000000000E+00   0.0000000000000000E+00 
   0.9483875792362129E-01   0.1599248546776450E-04   0.1053947727915666E-04   0.1506216611962164E-22   0.0000000000000000E+00 
   0.9483887827732797E-01   0.1588931319112875E-04   0.1047855328597693E-04   0.0000000000000000E+00   0.9806110178410272E-25 
   0.9483817345390122E-01   0.1591616156893941E-04   0.1056376967644870E-04   0.0000000000000000E+00   0.0000000000000000E+00 
   0.9483832783981455E-01   0.1579854700640971E-04   0.1049435234979227E-04   0.0000000000000000E+00   0.0000000000000000E+00 
   0.9483823926144731E-01   0.1582373785179386E-04   0.1053811857160943E-04   0.0000000000000000E+00   0.0000000000000000E+00 
   0.9483812241016951E-01   0.1583491109533740E-04   0.1057384738412005E-04   0.0000000000000000E+00   0.0000000000000000E+00 
   0.9483830565395533E-01   0.1570129803644792E-04   0.1049454771721350E-04   0.0000000000000000E+00   0.0000000000000000E+00 
   0.9483849812383188E-01   0.1556297901258293E-04   0.1041232103636245E-04   0.0000000000000000E+00   0.0000000000000000E+00 
   0.9483821137539870E-01   0.1570591060820295E-04   0.1055354622530626E-04   0.3012415863511135E-22   0.0000000000000000E+00 
   0.9483842632685170E-01   0.1555577797415725E-04   0.1046375993762011E-04   0.3012422691172239E-22   0.5883638068695779E-25 
   0.9483865103687521E-01   0.1540082669550143E-04   0.1037102152527167E-04   0.5020716381336657E-23   0.5883652009378895E-25 
   0.9483834551095449E-01   0.1550268676031900E-04   0.1048982597064615E-04   0.0000000000000000E+00   0.0000000000000000E+00 
   0.9483859768700008E-01   0.1533460568677638E-04   0.1038857115102919E-04   0.2008285422807114E-22   0.3726310843099137E-24 
   0.9483838267198551E-01   0.1543685895540732E-04   0.1050610458229123E-04   0.0000000000000000E+00   0.0000000000000000E+00 
   0.9483865973614636E-01   0.1525629272967895E-04   0.1039676413616569E-04   0.0000000000000000E+00   0.0000000000000000E+00 
   0.9483871400984843E-01   0.1520495608963614E-04   0.1039308937128951E-04   0.0000000000000000E+00   0.0000000000000000E+00 
   0.9483878373119294E-01   0.1514566148839243E-04   0.1038426278258546E-04   0.2510361703057673E-22   0.0000000000000000E+00 
   0.9483861571833428E-01   0.1520128703290002E-04   0.1047288301235413E-04   0.0000000000000000E+00   0.0000000000000000E+00 
   0.9483894554135146E-01   0.1499541506129350E-04   0.1034674077685346E-04   0.0000000000000000E+00   0.0000000000000000E+00 
   0.9483878152314783E-01   0.1501552399948449E-04   0.1041388491660169E-04   0.0000000000000000E+00   0.0000000000000000E+00 
   0.9483914118899012E-01   0.1479658491021002E-04   0.1027884072222275E-04   0.4016593863818850E-22   0.1568981978054238E-24 
   0.9483908457360481E-01   0.1483111319437109E-04   0.1035157885340629E-04   0.0000000000000000E+00   0.0000000000000000E+00 
   0.9483901750000637E-01   0.1483792713689670E-04   0.1040778301640758E-04   0.0000000000000000E+00   0.1961224914739564E-25 
   0.9483941838951640E-01   0.1459934544223417E-04   0.1025893892916586E-04   0.1506227101394171E-22   0.0000000000000000E+00 
   0.9483940436166453E-01   0.1459527801827967E-04   0.1030665137562867E-04   0.2008302504807576E-22   0.7844931659404595E-25 
   0.9483941238398584E-01   0.1457965175689333E-04   0.1034655458220640E-04   0.0000000000000000E+00   0.0000000000000000E+00 
   0.9483941250508213E-01   0.1453856252779402E-04   0.1037056747150147E-04   0.0000000000000000E+00   0.0000000000000000E+00 
   0.9483987005156747E-01   0.1427405078770916E-04   0.1020256887748568E-04   0.2008312366174851E-22   0.1961242545092628E-24 
   0.9483993038467615E-01   0.1423091055567521E-04   0.1022457516665441E-04   0.5020784109445307E-23   0.0000000000000000E+00 
   0.9483996191834534E-01   0.1418265020854779E-04   0.1026010288201619E-04   0.3514550045176698E-22   0.3922488889706136E-25 
   0.9483996472480545E-01   0.1411075855440486E-04   0.1027673495309920E-04   0.3012471556437969E-22   0.1372871152022512E-24 
   0.9484009834797685E-01   0.1405266173500972E-04   0.1030164713760391E-04   0.1506237900404523E-22   0.9806236330758610E-25 
   0.9484020219639609E-01   0.1397144169437389E-04   0.1030778254232168E-04   0.0000000000000000E+00   0.0000000000000000E+00 
   0.9484033935650599E-01   0.1388419808200365E-04   0.1030739014481900E-04   0.0000000000000000E+00   0.0000000000000000E+00 
   0.9484070111945846E-01   0.1367609220947288E-04   0.1019152526212153E-04   0.0000000000000000E+00   0.0000000000000000E+00 
   0.9484106718527681E-01   0.1345844074269812E-04   0.1006674275439325E-04   0.0000000000000000E+00   0.0000000000000000E+00 
   0.9484086384733388E-01   0.1354982508465915E-04   0.1024111821245435E-04   0.5020833526546940E-23   0.5883789288922196E-25 
   0.9484107811750440E-01   0.1341747702271301E-04   0.1019895336685615E-04   0.3012506921949191E-22   0.2353521032772805E-24 
   0.9484132920049611E-01   0.1328380161396859E-04   0.1015413762158772E-04   0.0000000000000000E+00   0.3922545439170486E-25 
   0.9484156683751485E-01   0.1312610452656277E-04   0.1008700253961806E-04   0.1506261222761173E-22   0.3922555267607223E-25 
   0.9484183956346234E-01   0.1296798908688860E-04   0.1001755516513737E-04   0.1757309813185041E-22   0.0000000000000000E+00 
   0.9484213999621781E-01   0.1280306396952170E-04   0.9941486126440028E-05   0.0000000000000000E+00   0.0000000000000000E+00 
   0.9484245690983080E-01   0.1263054633972652E-04   0.9856924835872962E-05   0.0000000000000000E+00   0.0000000000000000E+00 
   0.9484277057653359E-01   0.1244895639695117E-04   0.9759866879229555E-05   0.0000000000000000E+00   0.0000000000000000E+00 
   0.9484311781142102E-01   0.1226206569425208E-04   0.9659795598360295E-05   0.1004190570082435E-22   0.3922619414384510E-25 
   0.9484346927936047E-01   0.1206918581682209E-04   0.9549565157597382E-05   0.0000000000000000E+00   0.0000000000000000E+00 
   0.9484377474220676E-01   0.1197073850690855E-04   0.9484390118881934E-05   0.0000000000000000E+00   0.0000000000000000E+00 
   0.9484411291366983E-01   0.1171581820108894E-04   0.9354473811821799E-05   0.2510502765343294E-22   0.9806651427122242E-25 
   0.9484462150605219E-01   0.1145247911076346E-04   0.9165547935331225E-05   0.0000000000000000E+00   0.0000000000000000E+00 
   0.9484511905176590E-01   0.1119230359646856E-04   0.8970112284268477E-05   0.2008423518077557E-22   0.1961351091872614E-25 
   0.9484544726442240E-01   0.1101955771992947E-04   0.8871469008241815E-05   0.3012645702376351E-22   0.9806789395756350E-25 
   0.9484596333169373E-01   0.1075446288438846E-04   0.8665850217758923E-05   0.0000000000000000E+00   0.0000000000000000E+00 
   0.9484646181630257E-01   0.1049797751901056E-04   0.8455113173168028E-05   0.0000000000000000E+00   0.0000000000000000E+00 
   0.9484681391913607E-01   0.1031588630138274E-04   0.8334806366035637E-05   0.7531722781088065E-23   0.3922772281816700E-25 
   0.9484749411906995E-01   0.9973481376439550E-05   0.8035649432329632E-05   0.0000000000000000E+00   0.0000000000000000E+00 
   0.9484783252727913E-01   0.9799978520978847E-05   0.7909795143817277E-05   0.0000000000000000E+00   0.7845628820924173E-25 
   0.9484849070505925E-01   0.9470309177476270E-05   0.7611007495023898E-05   0.0000000000000000E+00   0.0000000000000000E+00 
   0.9484913828082363E-01   0.9146221233403069E-05   0.7312904954413113E-05   0.7531907357112817E-23   0.0000000000000000E+00 
   0.9484977391861842E-01   0.8828072670437218E-05   0.7015659171014343E-05   0.0000000000000000E+00   0.0000000000000000E+00 
   0.9485039646769158E-01   0.8515880724658297E-05   0.6719439874608199E-05   0.7532007268900096E-23   0.1961460226276066E-25 
   0.9485100114546535E-01   0.8211600174659387E-05   0.6425919932109673E-05   0.0000000000000000E+00   0.0000000000000000E+00 
   0.9485182798798593E-01   0.7796634201159666E-05   0.6006587249261142E-05   0.0000000000000000E+00   0.3922979658843831E-25 
   0.9485264058012670E-01   0.7379389030054167E-05   0.5593290320476195E-05   0.3263947038033401E-22   0.1765355970090181E-24 
   0.9485331253311249E-01   0.7037317443124923E-05   0.5253400384334276E-05   0.0000000000000000E+00   0.0000000000000000E+00 
   0.9485413119873659E-01   0.6609487860197280E-05   0.4819981009873619E-05   0.0000000000000000E+00   0.0000000000000000E+00 
   0.9485481340812604E-01   0.6238380380992425E-05   0.4457788381973373E-05   0.2008628804058543E-22   0.1569241253170737E-24 
   0.9485564691882799E-01   0.5777796176221783E-05   0.4018301057657370E-05   0.1004323227167102E-22   0.8827059613773358E-25 
   0.9485654389663613E-01   0.5280533408321915E-05   0.3532125934175679E-05   0.0000000000000000E+00   0.0000000000000000E+00 
   0.9485731922584550E-01   0.4816199980808420E-05   0.3075599076679462E-05   0.0000000000000000E+00   0.0000000000000000E+00 
   0.9485790515641264E-01   0.4417379463170589E-05   0.2719610873817816E-05   0.0000000000000000E+00   0.0000000000000000E+00 
   0.9485857941294006E-01   0.3942752432245307E-05   0.2311323256847530E-05   0.1255442845195292E-23   0.2452036807022056E-25 
   0.9485923324203656E-01   0.3440198730356556E-05   0.1885524280573493E-05   0.2510902997102666E-23   0.9808214832432291E-26 
   0.9485967565445190E-01   0.2999717433800393E-05   0.1530187546523578E-05   0.3138643384577242E-23   0.1471239086520582E-25 
   0.9485986248963053E-01   0.2624303678097277E-05   0.1263186528138457E-05   0.0000000000000000E+00   0.0000000000000000E+00 
   0.9485995655477281E-01   0.2205929056069856E-05   0.9668155776248539E-06   0.9415958036367668E-24   0.7356217215912240E-26 
   0.9485984866938878E-01   0.1838728005205408E-05   0.7339447857408290E-06   0.0000000000000000E+00   0.0000000000000000E+00 
   0.9485956302387803E-01   0.1522684972574742E-05   0.5577418144623673E-06   0.1412387846074871E-23   0.0000000000000000E+00 
   0.9485840153792933E-01   0.1251747069280148E-05   0.4127117512503771E-06   0.9415803682793454E-24   0.0000000000000000E+00 
   0.9485723804465006E-01   0.9811587139830129E-06   0.2882202220998679E-06   0.1255425092333792E-23   0.1532501333415273E-25 
   0.9485564241682243E-01   0.7120014486070508E-06   0.1748974496397883E-06   0.3923137419922907E-24   0.8275367995149881E-26 
   0.9485322244517905E-01   0.5692692957736148E-06   0.1243099087889298E-06   0.5099948531914067E-24   0.3984334790557865E-26 
   0.9485056121551352E-01   0.4363650570134480E-06   0.8680960327102578E-07   0.0000000000000000E+00   0.0000000000000000E+00 
   0.9484647881022835E-01   0.3265605894347071E-06   0.5817665147285979E-07   0.7453241001870533E-24   0.6129310034433004E-26 
   0.9484429137152559E-01   0.2122414896361175E-06   0.3241874052435302E-07   0.0000000000000000E+00   0.0000000000000000E+00 
   0.9483660432586972E-01   0.1098893992726441E-06   0.1017834780889450E-07   0.3579144395929193E-24   0.1761993174365827E-26 
   0.9483986973397564E-01   0.9342830919451142E-07   0.8116301705843217E-08   0.0000000000000000E+00   0.0000000000000000E+00 
   0.9481846792975027E-01   0.7862999176179121E-07   0.6364805944285049E-08   0.1715699964638416E-25   0.2968007751327617E-27 
   0.9479707266777893E-01   0.6448807555568793E-07   0.4738120832605093E-08   0.0000000000000000E+00   0.0000000000000000E+00 
   0.9477375515294868E-01   0.4632313544341739E-07   0.3183862443007815E-08   0.2694828566421982E-25   0.3445093337755375E-27 
   0.9474763675921105E-01   0.2774828420447313E-07   0.1801357815669775E-08   0.0000000000000000E+00   0.0000000000000000E+00 
   0.9471894940490935E-01   0.1091979090353824E-07   0.6252502698665170E-09   0.0000000000000000E+00   0.0000000000000000E+00 
   0.9470228325503881E-01   0.1358763158752736E-08   0.2485703726014520E-10   0.1912497379713704E-26   0.4295648411466328E-29 
   0.9469555778837066E-01   0.1434469002296940E-08   0.2327931777146302E-10   0.5249432482188947E-26   0.2125261186792400E-28 
   0.9468653498826018E-01   0.1508991434594139E-08   0.2189962511087403E-10   0.3824358691997693E-27   0.1807607038014534E-28 
   0.9468116391885563E-01   0.1591973359832729E-08   0.2070716725016772E-10   0.0000000000000000E+00   0.0000000000000000E+00 
   0.9466256067354244E-01   0.1675919792736997E-08   0.1985544842484728E-10   0.0000000000000000E+00   0.5712682887715428E-29 
   0.9463555189874488E-01   0.1766870629682725E-08   0.1927266088202609E-10   0.1662700283113793E-26   0.3247461490456626E-28 
   0.9459349457733532E-01   0.1864705763343167E-08   0.1893065262289539E-10   0.0000000000000000E+00   0.6305483774744979E-29 
   0.9454205418053462E-01   0.1971069015200403E-08   0.1870636743832635E-10   0.0000000000000000E+00   0.0000000000000000E+00 
   0.9447104206633894E-01   0.2082901191644320E-08   0.1859204445588162E-10   0.0000000000000000E+00   0.0000000000000000E+00 
   0.9438361901910748E-01   0.2201788541546013E-08   0.1851787986697650E-10   0.3974139284008437E-26   0.0000000000000000E+00 
   0.9427780754355272E-01   0.2326262119004860E-08   0.1846510280933540E-10   0.1208992477226821E-26   0.1892769349496960E-28 
   0.9415922843677142E-01   0.2458973399931841E-08   0.1840871020983882E-10   0.4159597914054438E-26   0.5938568807654506E-28 
   0.9401744701715220E-01   0.2596570715437712E-08   0.1837357735497523E-10   0.2031573927571342E-26   0.0000000000000000E+00 
   0.9386966181577509E-01   0.2743775945785018E-08   0.1832650965451536E-10   0.1108974393338312E-26   0.1825335122582091E-28 
   0.9370786194565338E-01   0.2891944596395315E-08   0.1828808191184023E-10   0.0000000000000000E+00   0.0000000000000000E+00 
   0.9354499962206578E-01   0.3053119227856445E-08   0.1824629538067608E-10   0.0000000000000000E+00   0.0000000000000000E+00 
   0.9337709949170230E-01   0.3220065560693509E-08   0.1821022723013243E-10   0.0000000000000000E+00   0.0000000000000000E+00 
   0.9321966561538990E-01   0.3399665495297692E-08   0.1817258105187376E-10   0.0000000000000000E+00   0.1687682177950312E-28 
   0.9299100953268433E-01   0.3551055067628520E-08   0.1817584719080253E-10   0.2615029336336294E-26   0.1236064977481669E-28 
   0.9292478712173299E-01   0.3787164158869253E-08   0.1811937194638849E-10   0.1416833854033195E-26   0.2199141950589603E-28 
   0.9281071842656008E-01   0.3995015406464011E-08   0.1809755495823343E-10   0.0000000000000000E+00   0.0000000000000000E+00 
   0.9271027939169484E-01   0.4215483446162537E-08   0.1808401086573644E-10   0.4699395646971021E-26   0.3532445370840082E-28 
   0.9266411957438377E-01   0.4442905707388651E-08   0.1806677826821923E-10   0.0000000000000000E+00   0.0000000000000000E+00 
   0.9258977580060351E-01   0.4703182979118092E-08   0.1806539382898157E-10   0.0000000000000000E+00   0.0000000000000000E+00 
   0.9255324788658306E-01   0.4978680444115961E-08   0.1806152677793221E-10   0.0000000000000000E+00   0.0000000000000000E+00 
   0.9251111893391874E-01   0.5220063471813686E-08   0.1806210793784107E-10   0.0000000000000000E+00   0.0000000000000000E+00 
   0.9250126381740470E-01   0.5512026398415556E-08   0.1805961910589476E-10   0.2050182840402466E-25   0.1193434665247093E-27 
   0.9247247104028637E-01   0.5844231015780932E-08   0.1806359395434802E-10   0.3120069956694853E-25   0.1294460790942274E-27 
   0.9245534069940782E-01   0.6147751120269258E-08   0.1806517722803491E-10   0.1853117330649012E-26   0.0000000000000000E+00 
   0.9243491233369321E-01   0.6505052925241213E-08   0.1806843915764217E-10   0.1816307067517629E-25   0.1285914019771060E-27 
   0.9251462927537728E-01   0.6747703587744029E-08   0.1805437772177630E-10   0.0000000000000000E+00   0.3784073882081289E-28 
   0.9240214305816313E-01   0.7229375057316826E-08   0.1807351973968965E-10   0.9348892555988282E-26   0.0000000000000000E+00 
   0.9236379645731360E-01   0.7600825686123093E-08   0.1807986766475375E-10   0.0000000000000000E+00   0.0000000000000000E+00 
   0.9241450044043509E-01   0.7990708428642426E-08   0.1807262508760027E-10   0.0000000000000000E+00   0.0000000000000000E+00 
   0.9236367357415802E-01   0.8459857845484543E-08   0.1807989737081340E-10   0.3360749381656351E-25   0.2624856833507571E-27 
   0.9232515175335763E-01   0.8970080326067552E-08   0.1808590874097921E-10   0.5416348072850303E-26   0.0000000000000000E+00 
   0.9231062013470480E-01   0.9407572222023654E-08   0.1808839631478976E-10   0.0000000000000000E+00   0.1205174961424156E-28 
   0.9228630915408587E-01   0.9854755315831053E-08   0.1809115658627578E-10   0.1057187892918358E-25   0.2052989930882113E-28 
   0.9227329454103185E-01   0.1039346820440301E-07   0.1809349496108235E-10   0.0000000000000000E+00   0.0000000000000000E+00 
   0.9222752574703194E-01   0.1166379643279722E-07   0.1809995329914470E-10   0.1967286802649524E-25   0.8126698811240823E-28 
   0.9222752638822210E-01   0.1106929497463624E-07   0.1809992397900641E-10   0.1495603610423932E-25   0.1464915682201795E-27 
