3.024336E-16	4.000037E-21	5.042087E-18	9.642741E-314	1.529422E-314	0.000000E+00	0.000000E+00	
3.024336E-16	4.000029E-21	5.042087E-18	9.602539E-314	1.523028E-314	0.000000E+00	0.000000E+00	
3.024336E-16	4.000028E-21	5.042087E-18	9.597645E-314	1.522250E-314	0.000000E+00	0.000000E+00	
3.024336E-16	4.000027E-21	5.042087E-18	9.592156E-314	1.521377E-314	0.000000E+00	0.000000E+00	
3.024336E-16	4.000026E-21	5.042087E-18	9.586002E-314	1.520399E-314	0.000000E+00	0.000000E+00	
3.024336E-16	4.000025E-21	5.042087E-18	9.579102E-314	1.519301E-314	0.000000E+00	0.000000E+00	
3.024336E-16	4.000024E-21	5.042087E-18	9.571366E-314	1.518071E-314	0.000000E+00	0.000000E+00	
3.024336E-16	4.000022E-21	5.042087E-18	9.562693E-314	1.516692E-314	0.000000E+00	0.000000E+00	
3.024336E-16	4.000020E-21	5.042087E-18	9.552971E-314	1.515146E-314	0.000000E+00	0.000000E+00	
3.024336E-16	4.000018E-21	5.042087E-18	9.542075E-314	1.513413E-314	0.000000E+00	0.000000E+00	
3.024336E-16	4.000016E-21	5.042087E-18	9.529864E-314	1.511471E-314	0.000000E+00	0.000000E+00	
3.024336E-16	4.000013E-21	5.042087E-18	9.516181E-314	1.509295E-314	0.000000E+00	0.000000E+00	
3.024336E-16	4.000011E-21	5.042087E-18	9.500852E-314	1.506857E-314	0.000000E+00	0.000000E+00	
3.024336E-16	4.000007E-21	5.042087E-18	9.483683E-314	1.504127E-314	0.000000E+00	0.000000E+00	
3.024336E-16	4.000004E-21	5.042087E-18	9.464455E-314	1.501069E-314	0.000000E+00	0.000000E+00	
3.024336E-16	4.000000E-21	5.042087E-18	9.442927E-314	1.497646E-314	0.000000E+00	0.000000E+00	
3.024336E-16	3.999995E-21	5.042087E-18	9.418831E-314	1.493814E-314	0.000000E+00	0.000000E+00	
3.024336E-16	3.999990E-21	5.042087E-18	9.391868E-314	1.489527E-314	0.000000E+00	0.000000E+00	
3.024336E-16	3.999984E-21	5.083411E-18	9.361706E-314	1.484730E-314	0.000000E+00	0.000000E+00	
3.024336E-16	3.999978E-21	5.057344E-18	9.327979E-314	1.479367E-314	0.000000E+00	0.000000E+00	
3.024336E-16	3.999971E-21	5.094243E-18	9.290282E-314	1.473373E-314	0.000000E+00	0.000000E+00	
3.024336E-16	3.999963E-21	5.076076E-18	9.248166E-314	1.466676E-314	0.000000E+00	0.000000E+00	
3.024336E-16	3.999954E-21	5.100164E-18	9.201137E-314	1.459198E-314	0.000000E+00	0.000000E+00	
3.024576E-16	3.999944E-21	5.085565E-18	9.148655E-314	1.450852E-314	0.000000E+00	0.000000E+00	
3.024421E-16	3.999932E-21	5.100731E-18	9.090125E-314	1.441546E-314	0.000000E+00	0.000000E+00	
3.024514E-16	3.999919E-21	5.098298E-18	9.024897E-314	1.431174E-314	0.000000E+00	0.000000E+00	
3.024619E-16	3.999905E-21	5.115782E-18	8.952268E-314	1.419626E-314	0.000000E+00	0.000000E+00	
3.024767E-16	3.999889E-21	5.113902E-18	8.871470E-314	1.406779E-314	0.000000E+00	0.000000E+00	
3.024684E-16	3.999871E-21	5.129782E-18	8.781681E-314	1.392504E-314	0.000000E+00	0.000000E+00	
3.024839E-16	3.999851E-21	5.138669E-18	8.682015E-314	1.376658E-314	0.000000E+00	0.000000E+00	
3.024769E-16	3.999828E-21	5.148650E-18	8.571533E-314	1.359093E-314	0.000000E+00	0.000000E+00	
3.024933E-16	3.999803E-21	5.164275E-18	8.449240E-314	1.339651E-314	0.000000E+00	0.000000E+00	
3.024914E-16	3.999774E-21	5.180055E-18	8.314099E-314	1.318168E-314	0.000000E+00	0.000000E+00	
3.025024E-16	3.999742E-21	5.193023E-18	8.165036E-314	1.294472E-314	0.000000E+00	0.000000E+00	
3.025083E-16	3.999706E-21	5.212889E-18	8.000958E-314	1.268391E-314	0.000000E+00	0.000000E+00	
3.025140E-16	3.999666E-21	5.225891E-18	7.820778E-314	1.239752E-314	0.000000E+00	0.000000E+00	
3.025251E-16	3.999621E-21	5.253466E-18	7.623432E-314	1.208386E-314	0.000000E+00	0.000000E+00	
3.025370E-16	3.999570E-21	5.272422E-18	7.407920E-314	1.174136E-314	0.000000E+00	0.000000E+00	
3.025505E-16	3.999513E-21	5.295462E-18	7.173345E-314	1.136859E-314	0.000000E+00	0.000000E+00	
3.025423E-16	3.999449E-21	5.310558E-18	6.918968E-314	1.096439E-314	0.000000E+00	0.000000E+00	
3.025832E-16	3.999377E-21	5.357839E-18	6.644261E-314	1.052793E-314	0.000000E+00	0.000000E+00	
3.025987E-16	3.999297E-21	5.390311E-18	6.348981E-314	1.005884E-314	0.000000E+00	0.000000E+00	
3.025897E-16	3.999207E-21	5.410828E-18	6.033245E-314	9.557316E-315	0.000000E+00	0.000000E+00	
3.026468E-16	3.999105E-21	5.479018E-18	5.697612E-314	9.024264E-315	0.000000E+00	0.000000E+00	
3.026686E-16	3.998992E-21	5.524941E-18	5.343172E-314	8.461432E-315	0.000000E+00	0.000000E+00	
3.026935E-16	3.998865E-21	5.577140E-18	4.971634E-314	7.871556E-315	0.000000E+00	0.000000E+00	
3.027219E-16	3.998722E-21	5.634129E-18	4.585389E-314	7.258455E-315	0.000000E+00	0.000000E+00	
3.027527E-16	3.998561E-21	5.701228E-18	4.187576E-314	6.627136E-315	0.000000E+00	0.000000E+00	
3.027898E-16	3.998382E-21	5.776264E-18	3.782114E-314	5.983842E-315	0.000000E+00	0.000000E+00	
3.028306E-16	3.998180E-21	5.860013E-18	3.373664E-314	5.335993E-315	0.000000E+00	0.000000E+00	
3.028764E-16	3.997954E-21	5.954524E-18	2.967591E-314	4.692122E-315	0.000000E+00	0.000000E+00	
3.029281E-16	3.997700E-21	6.060294E-18	2.569791E-314	4.061597E-315	0.000000E+00	0.000000E+00	
3.029865E-16	3.997416E-21	6.179809E-18	2.186503E-314	3.454320E-315	0.000000E+00	0.000000E+00	
3.030527E-16	3.997097E-21	6.314702E-18	1.824000E-314	2.880235E-315	0.000000E+00	0.000000E+00	
3.031273E-16	3.996740E-21	6.466095E-18	1.488227E-314	2.348752E-315	0.000000E+00	0.000000E+00	
3.032121E-16	3.996339E-21	6.637837E-18	1.184414E-314	1.868132E-315	0.000000E+00	0.000000E+00	
3.033074E-16	3.995889E-21	6.830568E-18	9.166432E-315	1.444802E-315	0.000000E+00	0.000000E+00	
3.034166E-16	3.995385E-21	7.049184E-18	6.874946E-315	1.082792E-315	0.000000E+00	0.000000E+00	
3.035403E-16	3.994821E-21	7.296041E-18	4.977767E-315	7.833166E-316	0.000000E+00	0.000000E+00	
3.036800E-16	3.994188E-21	7.575570E-18	3.464288E-315	5.446255E-316	0.000000E+00	0.000000E+00	
3.038402E-16	3.993479E-21	7.892486E-18	2.306172E-315	3.621642E-316	0.000000E+00	0.000000E+00	
3.040221E-16	3.992684E-21	8.252644E-18	1.460455E-315	2.290732E-316	0.000000E+00	0.000000E+00	
3.042299E-16	3.991794E-21	8.662206E-18	8.744327E-316	1.369683E-316	0.000000E+00	0.000000E+00	
3.044676E-16	3.990797E-21	9.128897E-18	4.915823E-316	7.688198E-317	0.000000E+00	0.000000E+00	
3.047397E-16	3.989681E-21	9.661764E-18	2.574587E-316	4.019654E-317	0.000000E+00	0.000000E+00	
3.050525E-16	3.988431E-21	1.027141E-17	1.245229E-316	1.940399E-317	0.000000E+00	0.000000E+00	
3.054120E-16	3.987033E-21	1.096997E-17	5.507104E-317	8.562933E-318	0.000000E+00	0.000000E+00	
3.058264E-16	3.985468E-21	1.177271E-17	2.202368E-317	3.416098E-318	0.000000E+00	0.000000E+00	
3.063035E-16	3.983718E-21	1.269699E-17	7.864962E-318	1.216597E-318	0.000000E+00	0.000000E+00	
3.068594E-16	3.981762E-21	1.376553E-17	2.472754E-318	3.813248E-319	0.000000E+00	0.000000E+00	
3.075057E-16	3.979576E-21	1.500252E-17	6.736091E-319	0.000000E+00	0.000000E+00	0.000000E+00	
3.082583E-16	3.977135E-21	1.643862E-17	1.561445E-319	0.000000E+00	0.000000E+00	0.000000E+00	
3.091378E-16	3.974410E-21	1.811104E-17	0.000000E+00	0.000000E+00	0.000000E+00	0.000000E+00	
3.101704E-16	3.971371E-21	2.006563E-17	0.000000E+00	0.000000E+00	0.000000E+00	0.000000E+00	
3.113844E-16	3.967983E-21	2.235746E-17	0.000000E+00	0.000000E+00	0.000000E+00	0.000000E+00	
3.128214E-16	3.964210E-21	2.505627E-17	0.000000E+00	0.000000E+00	0.000000E+00	0.000000E+00	
3.145270E-16	3.960011E-21	2.824652E-17	0.000000E+00	0.000000E+00	0.000000E+00	0.000000E+00	
3.165582E-16	3.955345E-21	3.203437E-17	0.000000E+00	0.000000E+00	0.000000E+00	0.000000E+00	
3.189956E-16	3.950164E-21	3.655627E-17	0.000000E+00	0.000000E+00	0.000000E+00	0.000000E+00	
3.219347E-16	3.944419E-21	4.198240E-17	0.000000E+00	0.000000E+00	0.000000E+00	0.000000E+00	
3.255020E-16	3.938060E-21	4.853168E-17	0.000000E+00	0.000000E+00	0.000000E+00	0.000000E+00	
3.298580E-16	3.931033E-21	5.648581E-17	0.000000E+00	0.000000E+00	0.000000E+00	0.000000E+00	
3.352250E-16	3.923283E-21	6.621533E-17	0.000000E+00	0.000000E+00	0.000000E+00	0.000000E+00	
3.418731E-16	3.914754E-21	7.820107E-17	0.000000E+00	0.000000E+00	0.000000E+00	0.000000E+00	
3.502220E-16	3.905393E-21	9.310036E-17	0.000000E+00	0.000000E+00	0.000000E+00	0.000000E+00	
3.607650E-16	3.895147E-21	1.117732E-16	0.000000E+00	0.000000E+00	0.000000E+00	0.000000E+00	
3.742643E-16	3.883972E-21	1.354221E-16	0.000000E+00	0.000000E+00	0.000000E+00	0.000000E+00	
3.913726E-16	4.368854E-22	0.000000E+00	0.000000E+00	0.000000E+00	0.000000E+00	3.825783E-17	
0.000000E+00	5.824793E-22	2.939844E-18	2.816691E-17	0.000000E+00	0.000000E+00	0.000000E+00	
0.000000E+00	3.825783E-17	0.000000E+00	5.824701E-22	2.939844E-18	3.160382E-17	0.000000E+00	
0.000000E+00	0.000000E+00	0.000000E+00	3.825783E-17	0.000000E+00	5.824689E-22	2.939844E-18	
3.546000E-17	0.000000E+00	0.000000E+00	0.000000E+00	0.000000E+00	3.825783E-17	3.048773E-32	
5.824677E-22	2.939844E-18	3.978659E-17	0.000000E+00	0.000000E+00	0.000000E+00	0.000000E+00	
3.825783E-17	0.000000E+00	5.824663E-22	2.939844E-18	4.464112E-17	0.000000E+00	0.000000E+00	
0.000000E+00	0.000000E+00	3.825783E-17	0.000000E+00	5.824647E-22	2.939844E-18	5.008790E-17	
0.000000E+00	0.000000E+00	0.000000E+00	0.000000E+00	3.825783E-17	4.215504E-32	5.824629E-22	
2.939844E-18	5.619937E-17	0.000000E+00	0.000000E+00	0.000000E+00	0.000000E+00	3.825783E-17	
1.446050E-31	5.824609E-22	2.939844E-18	6.305641E-17	0.000000E+00	0.000000E+00	0.000000E+00	
0.000000E+00	3.825783E-17	0.000000E+00	5.824586E-22	2.939844E-18	7.075024E-17	0.000000E+00	
0.000000E+00	0.000000E+00	0.000000E+00	3.825783E-17	0.000000E+00	5.824561E-22	2.939844E-18	
7.938252E-17	0.000000E+00	0.000000E+00	0.000000E+00	0.000000E+00	3.825783E-17	0.000000E+00	
5.824532E-22	2.939844E-18	8.906825E-17	0.000000E+00	0.000000E+00	0.000000E+00	0.000000E+00	
3.825783E-17	0.000000E+00	5.824501E-22	2.939844E-18	9.993567E-17	0.000000E+00	0.000000E+00	
0.000000E+00	0.000000E+00	3.825783E-17	0.000000E+00	5.824465E-22	2.939844E-18	1.121287E-16	
0.000000E+00	0.000000E+00	0.000000E+00	0.000000E+00	3.825783E-17	9.543231E-32	5.824425E-22	
2.939844E-18	1.258097E-16	0.000000E+00	0.000000E+00	0.000000E+00	0.000000E+00	3.825783E-17	
2.131988E-31	5.824380E-22	2.939844E-18	1.410475E-16	0.000000E+00	0.000000E+00	0.000000E+00	
0.000000E+00	3.825783E-17	1.201197E-31	5.824329E-22	2.939844E-18	1.582617E-16	0.000000E+00	
0.000000E+00	0.000000E+00	0.000000E+00	3.825783E-17	1.347471E-31	5.824273E-22	2.939844E-18	
1.775761E-16	0.000000E+00	0.000000E+00	0.000000E+00	0.000000E+00	3.825783E-17	0.000000E+00	
5.824209E-22	2.939844E-18	1.992465E-16	0.000000E+00	0.000000E+00	0.000000E+00	0.000000E+00	
3.825783E-17	0.000000E+00	5.824138E-22	2.939844E-18	2.235604E-16	0.000000E+00	0.000000E+00	
0.000000E+00	0.000000E+00	3.825783E-17	0.000000E+00	5.824058E-22	2.939844E-18	2.508399E-16	
0.000000E+00	0.000000E+00	0.000000E+00	0.000000E+00	3.825783E-17	0.000000E+00	5.823968E-22	
2.939844E-18	2.814469E-16	0.000000E+00	0.000000E+00	0.000000E+00	0.000000E+00	3.825783E-17	
0.000000E+00	5.823868E-22	2.939844E-18	3.157867E-16	0.000000E+00	0.000000E+00	0.000000E+00	
0.000000E+00	3.825783E-17	2.685389E-31	5.823755E-22	2.939844E-18	3.543140E-16	0.000000E+00	
0.000000E+00	0.000000E+00	0.000000E+00	3.825783E-17	0.000000E+00	5.823628E-22	2.939844E-18	
3.975394E-16	0.000000E+00	0.000000E+00	0.000000E+00	0.000000E+00	3.825783E-17	0.000000E+00	
5.823486E-22	2.939844E-18	4.460341E-16	0.000000E+00	0.000000E+00	0.000000E+00	0.000000E+00	
3.825783E-17	3.792711E-31	5.823326E-22	2.939844E-18	5.004393E-16	0.000000E+00	0.000000E+00	
0.000000E+00	0.000000E+00	3.825783E-17	0.000000E+00	5.823148E-22	2.939844E-18	5.614730E-16	
