2.309620E-08	9.125901E-09	2.657399E-10	1.334883E-12	1.013458E-13	2.611680E-14	6.796315E-15	2.034437E-15	5.639632E-16	1.686175E-16	4.809963E-17	1.451262E-17	4.187782E-18	1.302579E-18	3.645650E-19	9.102374E-20	2.563044E-20	6.382778E-21	1.519931E-21	3.617069E-22	8.264698E-23	1.829976E-23	3.306703E-24	5.287009E-25	1.428381E-24	2.595037E-25	7.585182E-25	0.000000E+00	0.000000E+00	0.000000E+00	0.000000E+00	0.000000E+00	6.441144E-25	9.267412E-25	9.434019E-25	6.285644E-25	0.000000E+00	1.188466E-24	1.665266E-24	4.282821E-24	0.000000E+00	
2.310873E-08	9.131418E-09	2.659718E-10	1.346103E-12	1.034971E-13	2.667253E-14	6.940874E-15	2.077674E-15	5.759436E-16	1.721966E-16	4.912008E-17	1.482031E-17	4.276531E-18	1.330170E-18	3.722840E-19	9.294793E-20	2.617060E-20	6.515060E-21	1.549381E-21	3.672900E-22	8.343296E-23	1.771612E-23	4.137519E-24	1.327609E-24	0.000000E+00	0.000000E+00	0.000000E+00	0.000000E+00	0.000000E+00	0.000000E+00	0.000000E+00	0.000000E+00	0.000000E+00	0.000000E+00	0.000000E+00	7.169168E-26	0.000000E+00	0.000000E+00	0.000000E+00	0.000000E+00	5.877809E-24	
2.311031E-08	9.132111E-09	2.660008E-10	1.347505E-12	1.037659E-13	2.674197E-14	6.958937E-15	2.083077E-15	5.774405E-16	1.726438E-16	4.924758E-17	1.485876E-17	4.287619E-18	1.333618E-18	3.732486E-19	9.319092E-20	2.623942E-20	6.534787E-21	1.553730E-21	3.704444E-22	8.490072E-23	1.954860E-23	4.518797E-24	4.345929E-25	7.797227E-25	0.000000E+00	0.000000E+00	2.005348E-25	7.896182E-26	9.538023E-25	0.000000E+00	0.000000E+00	0.000000E+00	0.000000E+00	2.137624E-25	0.000000E+00	0.000000E+00	0.000000E+00	0.000000E+00	0.000000E+00	0.000000E+00	
2.311210E-08	9.132895E-09	2.660337E-10	1.349087E-12	1.040692E-13	2.682031E-14	6.979317E-15	2.089172E-15	5.791294E-16	1.731483E-16	4.939143E-17	1.490213E-17	4.300130E-18	1.337508E-18	3.743380E-19	9.346241E-20	2.631666E-20	6.553519E-21	1.559955E-21	3.725512E-22	8.543831E-23	1.871133E-23	4.833029E-24	2.181447E-24	1.592161E-24	2.613212E-25	8.623196E-25	4.483254E-25	4.291403E-25	9.620821E-25	1.047506E-24	9.716747E-25	0.000000E+00	1.957082E-24	1.313573E-24	1.683644E-24	1.337605E-24	1.365979E-24	2.897051E-24	4.969748E-24	2.459933E-24	
2.311411E-08	9.133782E-09	2.660708E-10	1.350874E-12	1.044116E-13	2.690877E-14	7.002327E-15	2.096054E-15	5.810363E-16	1.737180E-16	4.955385E-17	1.495111E-17	4.314257E-18	1.341899E-18	3.755665E-19	9.376825E-20	2.640178E-20	6.573078E-21	1.563358E-21	3.714025E-22	8.473835E-23	1.823029E-23	2.996914E-24	0.000000E+00	0.000000E+00	0.000000E+00	0.000000E+00	2.227491E-25	0.000000E+00	0.000000E+00	0.000000E+00	0.000000E+00	0.000000E+00	3.664354E-25	0.000000E+00	0.000000E+00	0.000000E+00	9.562256E-26	5.997867E-26	0.000000E+00	0.000000E+00	
2.311640E-08	9.134785E-09	2.661129E-10	1.352893E-12	1.047986E-13	2.700873E-14	7.028327E-15	2.103831E-15	5.831910E-16	1.743617E-16	4.973737E-17	1.500644E-17	4.330218E-18	1.346862E-18	3.769554E-19	9.411470E-20	2.649907E-20	6.597173E-21	1.569428E-21	3.716602E-22	8.428841E-23	1.807761E-23	2.960967E-24	7.815403E-25	0.000000E+00	3.736045E-25	2.893920E-25	2.871706E-25	0.000000E+00	0.000000E+00	2.968641E-26	1.125862E-25	0.000000E+00	0.000000E+00	0.000000E+00	0.000000E+00	2.547579E-25	3.695656E-26	0.000000E+00	0.000000E+00	0.000000E+00	
2.311898E-08	9.135923E-09	2.661605E-10	1.355177E-12	1.052362E-13	2.712177E-14	7.057733E-15	2.112626E-15	5.856279E-16	1.750897E-16	4.994493E-17	1.506903E-17	4.348270E-18	1.352474E-18	3.785253E-19	9.450783E-20	2.661047E-20	6.626353E-21	1.575827E-21	3.735007E-22	8.451661E-23	1.724478E-23	2.498102E-24	0.000000E+00	0.000000E+00	0.000000E+00	0.000000E+00	0.000000E+00	3.629013E-25	0.000000E+00	0.000000E+00	0.000000E+00	1.910432E-25	1.050132E-26	0.000000E+00	1.841264E-24	0.000000E+00	6.349257E-25	4.800313E-25	3.163421E-24	0.000000E+00	
2.312192E-08	9.137213E-09	2.662144E-10	1.357763E-12	1.057316E-13	2.724975E-14	7.091023E-15	2.122582E-15	5.883867E-16	1.759138E-16	5.017990E-17	1.513988E-17	4.368703E-18	1.358826E-18	3.803029E-19	9.495082E-20	2.673516E-20	6.657197E-21	1.583869E-21	3.761713E-22	8.545971E-23	1.792736E-23	3.221077E-24	9.964134E-25	2.059874E-26	0.000000E+00	1.678191E-25	0.000000E+00	0.000000E+00	0.000000E+00	0.000000E+00	0.000000E+00	0.000000E+00	0.000000E+00	0.000000E+00	0.000000E+00	0.000000E+00	0.000000E+00	0.000000E+00	0.000000E+00	0.000000E+00	
2.312526E-08	9.138680E-09	2.662757E-10	1.360693E-12	1.062931E-13	2.739480E-14	7.128753E-15	2.133867E-15	5.915134E-16	1.768479E-16	5.044621E-17	1.522018E-17	4.391865E-18	1.366028E-18	3.823176E-19	9.545427E-20	2.687798E-20	6.692766E-21	1.594425E-21	3.794356E-22	8.766782E-23	2.003005E-23	3.805919E-24	1.193111E-24	3.093849E-25	6.839992E-25	4.232838E-25	3.186746E-25	0.000000E+00	0.000000E+00	0.000000E+00	0.000000E+00	0.000000E+00	0.000000E+00	0.000000E+00	0.000000E+00	0.000000E+00	0.000000E+00	0.000000E+00	0.000000E+00	1.019839E-24	
2.312907E-08	9.140350E-09	2.663454E-10	1.364020E-12	1.069304E-13	2.755941E-14	7.171573E-15	2.146674E-15	5.950619E-16	1.779080E-16	5.074844E-17	1.531130E-17	4.418148E-18	1.374198E-18	3.846042E-19	9.602512E-20	2.703731E-20	6.731048E-21	1.600670E-21	3.796832E-22	8.738428E-23	1.746975E-23	2.651986E-24	1.295297E-24	2.629368E-25	2.871706E-25	8.229397E-25	5.353652E-25	1.012569E-24	2.322608E-24	1.827229E-24	1.504011E-24	2.075928E-24	0.000000E+00	0.000000E+00	0.000000E+00	0.000000E+00	0.000000E+00	1.313876E-24	0.000000E+00	0.000000E+00	
2.313341E-08	9.142254E-09	2.664248E-10	1.367802E-12	1.076546E-13	2.774649E-14	7.220237E-15	2.161229E-15	5.990947E-16	1.791127E-16	5.109191E-17	1.541487E-17	4.448019E-18	1.383486E-18	3.872022E-19	9.667237E-20	2.721940E-20	6.777371E-21	1.612426E-21	3.828901E-22	8.753978E-23	1.943955E-23	4.087032E-24	1.259350E-24	3.673441E-25	0.000000E+00	0.000000E+00	7.035882E-25	1.422121E-24	4.309579E-25	6.320985E-25	0.000000E+00	0.000000E+00	1.019133E-24	1.509867E-24	1.528749E-25	0.000000E+00	0.000000E+00	0.000000E+00	0.000000E+00	0.000000E+00	
2.313837E-08	9.144430E-09	2.665154E-10	1.372108E-12	1.084792E-13	2.795948E-14	7.275640E-15	2.177798E-15	6.036857E-16	1.804842E-16	5.148294E-17	1.553277E-17	4.482024E-18	1.394058E-18	3.901600E-19	9.741142E-20	2.742895E-20	6.829874E-21	1.625476E-21	3.862942E-22	8.857658E-23	1.976065E-23	3.795014E-24	1.578833E-24	4.475176E-25	0.000000E+00	0.000000E+00	4.606443E-25	0.000000E+00	0.000000E+00	0.000000E+00	0.000000E+00	0.000000E+00	0.000000E+00	0.000000E+00	0.000000E+00	0.000000E+00	4.020792E-25	1.142422E-24	0.000000E+00	0.000000E+00	
2.314406E-08	9.146923E-09	2.666191E-10	1.377020E-12	1.094196E-13	2.820241E-14	7.338831E-15	2.196697E-15	6.089222E-16	1.820485E-16	5.192892E-17	1.566724E-17	4.520811E-18	1.406118E-18	3.935352E-19	9.825343E-20	2.766613E-20	6.889499E-21	1.640109E-21	3.895124E-22	8.957300E-23	2.001349E-23	4.454982E-24	1.234712E-24	1.220778E-24	0.000000E+00	0.000000E+00	0.000000E+00	0.000000E+00	0.000000E+00	0.000000E+00	0.000000E+00	0.000000E+00	0.000000E+00	0.000000E+00	0.000000E+00	0.000000E+00	0.000000E+00	0.000000E+00	0.000000E+00	7.366068E-25	
2.315059E-08	9.149787E-09	2.667380E-10	1.382636E-12	1.104946E-13	2.848010E-14	7.411063E-15	2.218300E-15	6.149078E-16	1.838365E-16	5.243870E-17	1.582095E-17	4.565142E-18	1.419899E-18	3.973910E-19	9.921641E-20	2.793645E-20	6.956650E-21	1.656419E-21	3.946164E-22	9.083235E-23	1.958334E-23	3.917395E-24	5.747451E-25	2.599076E-25	0.000000E+00	2.322407E-25	0.000000E+00	9.978270E-25	8.629255E-25	1.393040E-24	6.738008E-25	2.132676E-24	1.882159E-25	9.009927E-25	5.673740E-25	1.112231E-24	2.736199E-24	0.000000E+00	5.705042E-25	9.458253E-25	
2.315813E-08	9.153088E-09	2.668749E-10	1.389074E-12	1.117266E-13	2.879831E-14	7.493836E-15	2.243055E-15	6.217668E-16	1.858854E-16	5.302285E-17	1.599707E-17	4.615940E-18	1.435692E-18	4.018106E-19	1.003189E-19	2.824640E-20	7.032555E-21	1.673251E-21	3.980435E-22	9.164095E-23	1.983174E-23	3.172205E-24	0.000000E+00	0.000000E+00	0.000000E+00	0.000000E+00	0.000000E+00	0.000000E+00	0.000000E+00	0.000000E+00	0.000000E+00	0.000000E+00	0.000000E+00	0.000000E+00	0.000000E+00	7.474110E-25	0.000000E+00	1.593373E-24	0.000000E+00	0.000000E+00	
2.316686E-08	9.156907E-09	2.670328E-10	1.396475E-12	1.131423E-13	2.916399E-14	7.588956E-15	2.271503E-15	6.296488E-16	1.882399E-16	5.369412E-17	1.619947E-17	4.674316E-18	1.453840E-18	4.068890E-19	1.015862E-19	2.860360E-20	7.122170E-21	1.694641E-21	4.020304E-22	9.059930E-23	1.936685E-23	3.624974E-24	5.561659E-25	3.622954E-25	0.000000E+00	1.500477E-25	0.000000E+00	0.000000E+00	1.934666E-25	4.418631E-25	6.629966E-25	0.000000E+00	8.663586E-25	0.000000E+00	0.000000E+00	0.000000E+00	0.000000E+00	0.000000E+00	0.000000E+00	0.000000E+00	
2.317701E-08	9.161342E-09	2.672159E-10	1.405011E-12	1.147745E-13	2.958561E-14	7.698627E-15	2.304301E-15	6.387363E-16	1.909545E-16	5.446804E-17	1.643281E-17	4.741617E-18	1.474765E-18	4.127439E-19	1.030475E-19	2.901494E-20	7.223886E-21	1.718059E-21	4.067010E-22	9.308326E-23	1.961040E-23	2.782041E-24	3.267525E-25	0.000000E+00	0.000000E+00	0.000000E+00	3.602759E-25	4.671066E-25	6.817778E-25	6.361374E-25	5.556610E-25	1.414951E-24	0.000000E+00	2.516277E-24	2.205680E-24	1.355781E-24	3.246118E-24	2.221028E-24	6.389647E-24	5.595182E-24	
2.318886E-08	9.166520E-09	2.674291E-10	1.414894E-12	1.166637E-13	3.007357E-14	7.825552E-15	2.342259E-15	6.492534E-16	1.940961E-16	5.536369E-17	1.670285E-17	4.819501E-18	1.498977E-18	4.195176E-19	1.047390E-19	2.949115E-20	7.342280E-21	1.748109E-21	4.149054E-22	9.527642E-23	2.125224E-23	5.286201E-24	0.000000E+00	0.000000E+00	5.822172E-25	0.000000E+00	1.197554E-24	2.508199E-25	2.112380E-25	0.000000E+00	0.000000E+00	2.178013E-25	1.429896E-24	1.411417E-24	1.595897E-24	2.684500E-24	2.272222E-24	1.115967E-24	7.678179E-24	1.917904E-24	
2.320280E-08	9.172598E-09	2.676785E-10	1.426388E-12	1.188596E-13	3.064077E-14	7.973091E-15	2.386381E-15	6.614782E-16	1.977477E-16	5.640475E-17	1.701673E-17	4.910028E-18	1.527120E-18	4.273919E-19	1.067045E-19	3.004519E-20	7.480378E-21	1.780287E-21	4.224518E-22	9.619690E-23	2.111209E-23	2.815161E-24	0.000000E+00	0.000000E+00	0.000000E+00	0.000000E+00	0.000000E+00	0.000000E+00	0.000000E+00	0.000000E+00	2.561715E-25	8.194056E-25	0.000000E+00	0.000000E+00	0.000000E+00	0.000000E+00	0.000000E+00	0.000000E+00	0.000000E+00	0.000000E+00	
2.321928E-08	9.179780E-09	2.679724E-10	1.439825E-12	1.214254E-13	3.130348E-14	8.145470E-15	2.437931E-15	6.757609E-16	2.020139E-16	5.762101E-17	1.738343E-17	5.015788E-18	1.559998E-18	4.365902E-19	1.089983E-19	3.069080E-20	7.641230E-21	1.817421E-21	4.315960E-22	9.819619E-23	2.170824E-23	3.882256E-24	7.403428E-25	0.000000E+00	0.000000E+00	0.000000E+00	0.000000E+00	1.149086E-25	0.000000E+00	0.000000E+00	0.000000E+00	0.000000E+00	0.000000E+00	0.000000E+00	0.000000E+00	0.000000E+00	0.000000E+00	0.000000E+00	0.000000E+00	0.000000E+00	
2.323894E-08	9.188334E-09	2.683209E-10	1.455629E-12	1.244411E-13	3.208240E-14	8.348076E-15	2.498518E-15	6.925475E-16	2.070280E-16	5.905046E-17	1.781439E-17	5.140083E-18	1.598639E-18	4.474031E-19	1.116963E-19	3.145000E-20	7.829888E-21	1.862824E-21	4.417605E-22	1.004334E-22	2.175873E-23	3.500573E-24	6.320985E-25	0.000000E+00	4.261111E-26	0.000000E+00	0.000000E+00	0.000000E+00	0.000000E+00	0.000000E+00	0.000000E+00	0.000000E+00	0.000000E+00	0.000000E+00	0.000000E+00	0.000000E+00	0.000000E+00	0.000000E+00	2.565552E-24	0.000000E+00	
2.326260E-08	9.198613E-09	2.687379E-10	1.474351E-12	1.280109E-13	3.300440E-14	8.587896E-15	2.570232E-15	7.124167E-16	2.129626E-16	6.074234E-17	1.832446E-17	5.287191E-18	1.644372E-18	4.601990E-19	1.148920E-19	3.235081E-20	8.054691E-21	1.916767E-21	4.553698E-22	1.042349E-22	2.300475E-23	5.543483E-24	1.501284E-24	4.683183E-25	2.419342E-25	0.000000E+00	4.273228E-25	1.670113E-25	0.000000E+00	1.702021E-24	8.838271E-25	6.168514E-25	8.461638E-26	0.000000E+00	0.000000E+00	0.000000E+00	0.000000E+00	0.000000E+00	8.027449E-26	0.000000E+00	
2.329139E-08	9.211102E-09	2.692420E-10	1.496717E-12	1.322718E-13	3.410489E-14	8.874143E-15	2.655826E-15	7.361314E-16	2.200456E-16	6.276157E-17	1.893321E-17	5.462756E-18	1.698948E-18	4.754685E-19	1.187021E-19	3.342452E-20	8.323279E-21	1.981142E-21	4.723722E-22	1.084689E-22	2.376327E-23	5.711504E-24	2.135402E-24	1.010954E-24	1.156962E-24	4.838683E-25	1.216133E-24	1.832682E-24	3.425045E-25	9.572354E-26	2.457712E-25	5.928195E-25	0.000000E+00	0.000000E+00	8.236465E-25	1.282372E-26	0.000000E+00	0.000000E+00	0.000000E+00	0.000000E+00	
2.332691E-08	9.226471E-09	2.698587E-10	1.523713E-12	1.374090E-13	3.543164E-14	9.219239E-15	2.759013E-15	7.647202E-16	2.285840E-16	6.519570E-17	1.966703E-17	5.674389E-18	1.764738E-18	4.938780E-19	1.232984E-19	3.471779E-20	8.644193E-21	2.056650E-21	4.883088E-22	1.116843E-22	2.406861E-23	5.963940E-24	7.464013E-25	2.932291E-25	0.000000E+00	0.000000E+00	6.003926E-25	4.281306E-26	4.329774E-25	8.594924E-25	1.576914E-24	8.061780E-25	1.573178E-25	2.326445E-25	1.962938E-25	1.825210E-24	0.000000E+00	4.020792E-25	1.558032E-25	9.042239E-25	
2.337141E-08	9.245685E-09	2.706244E-10	1.556699E-12	1.436781E-13	3.705068E-14	9.640358E-15	2.884926E-15	7.996051E-16	2.390025E-16	6.816573E-17	2.056237E-17	5.932599E-18	1.845004E-18	5.163352E-19	1.289003E-19	3.629458E-20	9.037255E-21	2.151523E-21	5.107089E-22	1.171470E-22	2.586070E-23	5.417871E-24	1.936281E-24	5.525308E-25	7.464013E-25	1.268236E-25	4.555956E-25	1.090521E-26	1.938705E-25	0.000000E+00	0.000000E+00	0.000000E+00	0.000000E+00	0.000000E+00	0.000000E+00	0.000000E+00	0.000000E+00	0.000000E+00	0.000000E+00	1.447667E-24	
2.342827E-08	9.270169E-09	2.715926E-10	1.597619E-12	1.514431E-13	3.905596E-14	1.016193E-14	3.040867E-15	8.428089E-16	2.519047E-16	7.184375E-17	2.167110E-17	6.252345E-18	1.944396E-18	5.441433E-19	1.358415E-19	3.824903E-20	9.523364E-21	2.266311E-21	5.389235E-22	1.245505E-22	2.770651E-23	6.749115E-24	2.963391E-24	1.627098E-24	1.549348E-24	6.571401E-25	4.174273E-25	1.387385E-25	1.631137E-24	4.087435E-25	0.000000E+00	0.000000E+00	0.000000E+00	0.000000E+00	0.000000E+00	0.000000E+00	0.000000E+00	0.000000E+00	0.000000E+00	0.000000E+00	
2.350269E-08	9.302116E-09	2.728444E-10	1.649349E-12	1.612409E-13	4.158609E-14	1.082002E-14	3.237607E-15	8.973157E-16	2.681814E-16	7.648364E-17	2.306971E-17	6.655683E-18	2.069768E-18	5.792197E-19	1.445939E-19	4.071243E-20	1.013698E-20	2.412186E-21	5.742306E-22	1.310447E-22	2.970095E-23	5.085868E-24	2.253744E-25	0.000000E+00	0.000000E+00	0.000000E+00	0.000000E+00	0.000000E+00	0.000000E+00	0.000000E+00	2.179023E-25	0.000000E+00	0.000000E+00	0.000000E+00	8.942275E-25	1.591555E-24	1.361435E-24	0.000000E+00	2.174883E-24	1.830864E-24	
2.360309E-08	9.345063E-09	2.745098E-10	1.716335E-12	1.738988E-13	4.485460E-14	1.167014E-14	3.491740E-15	9.677223E-16	2.892046E-16	8.247643E-17	2.487605E-17	7.176585E-18	2.231681E-18	6.245209E-19	1.558990E-19	4.389608E-20	1.093043E-20	2.601332E-21	6.175586E-22	1.408788E-22	2.971590E-23	6.322196E-24	2.229510E-25	0.000000E+00	2.825258E-25	7.989078E-25	4.095513E-25	4.717514E-25	0.000000E+00	0.000000E+00	0.000000E+00	0.000000E+00	0.000000E+00	0.000000E+00	3.711811E-25	0.000000E+00	0.000000E+00	2.109452E-24	2.288075E-25	0.000000E+00	
2.374389E-08	9.405054E-09	2.768084E-10	1.805839E-12	1.907635E-13	4.920905E-14	1.280270E-14	3.830270E-15	1.061510E-15	3.172066E-16	9.045835E-17	2.728177E-17	7.870316E-18	2.447298E-18	6.848420E-19	1.709495E-19	4.813345E-20	1.198427E-20	2.851713E-21	6.780522E-22	1.549598E-22	3.434496E-23	8.279480E-24	2.138633E-24	3.859234E-25	0.000000E+00	9.410795E-26	0.000000E+00	0.000000E+00	3.291759E-26	1.418687E-24	1.456957E-24	2.818897E-24	2.728828E-24	3.300745E-24	2.099960E-24	3.460992E-24	3.543588E-24	1.985658E-24	0.000000E+00	0.000000E+00	
2.395175E-08	9.493220E-09	2.801401E-10	1.930617E-12	2.141903E-13	5.525729E-14	1.437578E-14	4.300417E-15	1.191758E-15	3.560904E-16	1.015417E-16	3.062199E-17	8.833489E-18	2.746649E-18	7.685920E-19	1.918485E-19	5.401640E-20	1.344939E-20	3.199786E-21	7.601022E-22	1.734523E-22	3.808383E-23	8.013312E-24	1.805823E-24	5.537425E-25	1.607711E-24	7.407467E-25	1.072548E-24	0.000000E+00	3.031245E-25	1.032966E-24	8.615118E-25	1.452918E-24	6.846050E-25	1.081434E-24	5.165840E-25	1.753922E-24	1.188466E-25	0.000000E+00	1.319127E-24	0.000000E+00	
2.428091E-08	9.632142E-09	2.853084E-10	2.115344E-12	2.487165E-13	6.417002E-14	1.669385E-14	4.993099E-15	1.383656E-15	4.133697E-16	1.178679E-16	3.554165E-17	1.025204E-17	3.187494E-18	8.919249E-19	2.226207E-19	6.268102E-20	1.560655E-20	3.713704E-21	8.838033E-22	2.031924E-22	4.501551E-23	9.515808E-24	6.934908E-25	0.000000E+00	0.000000E+00	0.000000E+00	0.000000E+00	6.157406E-25	0.000000E+00	0.000000E+00	3.352343E-26	0.000000E+00	0.000000E+00	0.000000E+00	0.000000E+00	0.000000E+00	2.454582E-24	1.834802E-24	9.539032E-25	5.112324E-24	
2.485772E-08	9.874286E-09	2.941634E-10	2.414919E-12	3.043940E-13	7.854034E-14	2.043129E-14	6.109645E-15	1.692973E-15	5.056769E-16	1.441764E-16	4.346809E-17	1.253742E-17	3.897648E-18	1.090590E-18	2.721861E-19	7.663517E-20	1.907941E-20	4.539892E-21	1.079946E-21	2.474825E-22	5.509556E-23	1.236692E-23	2.648755E-24	1.283584E-24	2.242637E-24	4.061182E-25	1.737160E-24	8.934197E-25	5.307204E-25	1.396877E-24	1.210681E-24	5.686867E-25	1.019839E-24	9.890422E-25	1.049122E-24	1.124045E-24	3.554090E-24	3.417977E-25	1.732212E-24	5.129590E-24	
2.604253E-08	1.036900E-08	3.119411E-10	2.981259E-12	4.089565E-13	1.055202E-13	2.744799E-14	8.205024E-15	2.273436E-15	6.788370E-16	1.935241E-16	5.833193E-17	1.682252E-17	5.228960E-18	1.462999E-18	3.650903E-19	1.027929E-19	2.559163E-20	6.090066E-21	1.447661E-21	3.325521E-22	7.301121E-23	1.469457E-23	3.907297E-24	2.043718E-24	4.349968E-25	0.000000E+00	4.529702E-25	0.000000E+00	4.848781E-25	0.000000E+00	0.000000E+00	0.000000E+00	0.000000E+00	0.000000E+00	1.071639E-24	0.000000E+00	2.714691E-24	2.162564E-24	0.000000E+00	4.292514E-24	
2.836727E-08	1.133618E-08	3.462829E-10	4.028275E-12	6.012135E-13	1.550947E-13	4.033719E-14	1.205063E-14	3.338396E-15	9.962572E-16	2.839446E-16	8.554926E-17	2.466589E-17	7.664663E-18	2.144191E-18	5.349677E-19	1.506183E-19	3.749427E-20	8.921435E-21	2.120509E-21	4.864755E-22	1.080020E-22	2.228097E-23	3.664152E-24	9.919705E-25	2.786888E-25	0.000000E+00	5.345574E-25	4.303520E-25	0.000000E+00	2.572823E-25	7.211577E-25	0.000000E+00	0.000000E+00	0.000000E+00	1.441710E-24	1.716561E-25	3.051238E-24	0.000000E+00	2.091680E-24	8.703976E-26	
3.354426E-08	1.349115E-08	4.229713E-10	6.387993E-12	1.034680E-12	2.667657E-13	6.936172E-14	2.069940E-14	5.732587E-15	1.709009E-15	4.868713E-16	1.465760E-16	4.224323E-17	1.311978E-17	3.669374E-18	9.151417E-19	2.576397E-19	6.412573E-20	1.525578E-20	3.626218E-21	8.312075E-22	1.837989E-22	3.841220E-23	7.460781E-24	9.887393E-25	0.000000E+00	1.244002E-24	0.000000E+00	0.000000E+00	0.000000E+00	0.000000E+00	0.000000E+00	0.000000E+00	0.000000E+00	0.000000E+00	0.000000E+00	3.260760E-24	3.226529E-24	7.179669E-24	9.975342E-24	1.221434E-23	
4.568471E-08	1.858873E-08	6.098518E-10	1.278167E-11	2.221422E-12	5.720636E-13	1.486751E-13	4.428463E-14	1.225808E-14	3.647874E-15	1.038436E-15	3.122033E-16	8.991006E-17	2.789825E-17	7.799368E-18	1.943857E-18	5.471959E-19	1.361542E-19	3.238563E-20	7.697565E-21	1.764828E-21	3.896667E-22	8.325767E-23	1.930707E-23	2.560302E-24	2.905633E-24	1.605490E-24	2.981162E-24	3.388694E-24	1.029533E-24	6.874323E-25	4.020591E-24	4.357440E-24	2.503352E-24	3.028620E-24	3.687780E-24	5.057394E-24	1.484523E-24	1.524105E-24	8.752039E-24	3.866908E-24	
7.592952E-08	3.161597E-08	1.127994E-09	3.514734E-11	6.453077E-12	1.658190E-12	4.307086E-13	1.278619E-13	3.536997E-14	1.049270E-14	2.983546E-15	8.948626E-16	2.574021E-16	7.974184E-17	2.227778E-17	5.546150E-18	1.560971E-18	3.882232E-19	9.231165E-20	2.193305E-20	5.029315E-21	1.106404E-21	2.381359E-22	5.084737E-23	1.046012E-23	1.878928E-24	0.000000E+00	1.833691E-25	1.497649E-24	0.000000E+00	0.000000E+00	0.000000E+00	0.000000E+00	0.000000E+00	0.000000E+00	0.000000E+00	1.295701E-24	0.000000E+00	0.000000E+00	7.001551E-25	2.322205E-24	
1.450579E-07	6.326180E-08	2.617422E-09	1.242103E-10	2.364320E-11	6.059621E-12	1.575108E-12	4.655136E-13	1.288941E-13	3.808682E-14	1.082890E-14	3.238759E-15	9.310578E-16	2.879204E-16	8.040607E-17	1.999935E-17	5.628312E-18	1.399354E-18	3.327194E-19	7.905304E-20	1.813076E-20	3.987644E-21	8.452558E-22	1.803464E-22	3.684023E-23	9.564276E-24	8.107016E-24	2.796581E-24	0.000000E+00	1.372441E-24	0.000000E+00	0.000000E+00	6.559284E-25	1.381327E-24	5.644054E-24	9.891432E-24	5.280547E-24	5.165032E-24	1.143149E-23	3.547304E-23	2.110684E-23	
2.689538E-07	1.278621E-07	6.623324E-09	4.552320E-10	8.834606E-11	2.256245E-11	5.880756E-12	1.726499E-12	4.796572E-13	1.409430E-13	4.013169E-14	1.195681E-14	3.437989E-15	1.060720E-15	2.962217E-16	7.362908E-17	2.072141E-17	5.151409E-18	1.225248E-18	2.911061E-19	6.676579E-20	1.467917E-20	3.111611E-21	6.226020E-22	1.239866E-22	1.751620E-23	1.233016E-23	0.000000E+00	9.100602E-24	3.925877E-25	5.992213E-24	0.000000E+00	2.562806E-23	2.101879E-24	3.231013E-23	4.100037E-23	4.768890E-23	1.931758E-23	4.534388E-23	4.664604E-23	0.000000E+00	
4.272198E-07	2.328166E-07	1.583035E-08	1.433333E-09	2.809492E-10	7.151699E-11	1.876625E-11	5.467894E-12	1.531600E-12	4.475140E-13	1.280891E-13	3.803397E-14	1.096604E-14	3.377577E-15	9.445274E-16	2.349657E-16	6.615564E-17	1.645919E-17	3.920375E-18	9.317489E-19	2.138910E-19	4.712507E-20	1.001228E-20	2.059363E-21	3.921030E-22	6.463641E-23	0.000000E+00	0.000000E+00	0.000000E+00	0.000000E+00	1.676979E-23	0.000000E+00	0.000000E+00	1.538685E-23	0.000000E+00	1.006349E-23	2.611758E-23	1.671002E-23	0.000000E+00	0.000000E+00	1.168570E-22	
5.495642E-07	3.487271E-07	2.998377E-08	3.218940E-09	6.349261E-10	1.613041E-10	4.271822E-11	1.236953E-11	3.503309E-12	1.019722E-12	2.941440E-13	8.719181E-14	2.525845E-14	7.776163E-15	2.180043E-15	5.436024E-16	1.531784E-16	3.816998E-17	9.112408E-18	2.167248E-18	4.980976E-19	1.098413E-19	2.335411E-20	4.813448E-21	9.439423E-22	1.656365E-22	2.160363E-23	0.000000E+00	0.000000E+00	0.000000E+00	0.000000E+00	0.000000E+00	0.000000E+00	0.000000E+00	1.702829E-24	0.000000E+00	1.123156E-23	0.000000E+00	0.000000E+00	0.000000E+00	0.000000E+00	
6.082736E-07	4.330993E-07	4.323881E-08	5.089063E-09	1.008588E-09	2.560587E-10	6.833897E-11	1.971856E-11	5.635912E-12	1.637866E-12	4.756150E-13	1.409483E-13	4.100669E-14	1.262909E-14	3.548857E-15	8.871312E-16	2.501686E-16	6.243510E-17	1.493600E-17	3.554781E-18	8.178924E-19	1.805633E-19	3.843293E-20	7.854713E-21	1.530220E-21	2.947542E-22	3.858022E-24	0.000000E+00	1.607186E-23	4.084204E-24	2.055673E-23	5.156954E-24	1.909624E-24	2.302858E-23	0.000000E+00	4.137519E-23	0.000000E+00	5.046771E-23	0.000000E+00	0.000000E+00	0.000000E+00	
6.341257E-07	4.904222E-07	5.397250E-08	6.717283E-09	1.336381E-09	3.392082E-10	9.105353E-11	2.621814E-11	7.543901E-12	2.190940E-12	6.393777E-13	1.895137E-13	5.531545E-14	1.704428E-14	4.798167E-15	1.201859E-15	3.391171E-16	8.473814E-17	2.030368E-17	4.835042E-18	1.113472E-18	2.460839E-19	5.242300E-20	1.080290E-20	2.136103E-21	4.278204E-22	9.281225E-23	3.538136E-23	0.000000E+00	3.127130E-23	1.939351E-23	5.045802E-23	8.427549E-23	5.104609E-23	8.375204E-24	3.804061E-23	3.176567E-23	5.396061E-23	0.000000E+00	0.000000E+00	0.000000E+00	
6.453274E-07	5.306154E-07	6.252637E-08	8.083636E-09	1.613849E-09	4.097932E-10	1.105260E-10	3.179894E-11	9.199819E-12	2.672616E-12	7.832152E-13	2.323200E-13	6.800346E-14	2.097040E-14	5.912845E-15	1.483881E-15	4.189040E-16	1.047908E-16	2.514250E-17	5.990364E-18	1.380500E-18	3.052473E-19	6.506287E-20	1.340264E-20	2.673138E-21	5.369695E-22	1.271726E-22	3.471574E-23	2.643101E-24	0.000000E+00	0.000000E+00	0.000000E+00	3.278349E-23	2.002682E-23	0.000000E+00	0.000000E+00	0.000000E+00	0.000000E+00	0.000000E+00	0.000000E+00	1.738275E-22	
6.496340E-07	5.609504E-07	6.967852E-08	9.271527E-09	1.856746E-09	4.716888E-10	1.277197E-10	3.673005E-11	1.067380E-11	3.102253E-12	9.122443E-13	2.707999E-13	7.945454E-14	2.451981E-14	6.922840E-15	1.740169E-15	4.914588E-16	1.230555E-16	2.955819E-17	7.045536E-18	1.624714E-18	3.594510E-19	7.670438E-20	1.583088E-20	3.151080E-21	5.820250E-22	1.164192E-22	3.699695E-23	0.000000E+00	0.000000E+00	0.000000E+00	0.000000E+00	0.000000E+00	3.470927E-23	0.000000E+00	4.754673E-23	0.000000E+00	0.000000E+00	1.224292E-23	2.890285E-23	0.000000E+00	
6.501862E-07	5.856293E-07	7.604119E-08	1.036314E-08	2.081354E-09	5.290085E-10	1.437330E-10	4.132583E-11	1.205573E-11	3.505785E-12	1.033986E-12	3.071704E-13	9.031238E-14	2.789004E-14	7.883594E-15	1.984553E-15	5.606804E-16	1.405045E-16	3.378327E-17	8.055865E-18	1.858793E-18	4.115185E-19	8.788882E-20	1.820256E-20	3.714338E-21	7.761151E-22	2.085271E-22	7.725738E-23	4.575989E-23	4.468068E-23	5.254536E-23	0.000000E+00	0.000000E+00	0.000000E+00	1.245618E-23	0.000000E+00	0.000000E+00	0.000000E+00	0.000000E+00	0.000000E+00	0.000000E+00	
6.482509E-07	6.068582E-07	8.199435E-08	1.141504E-08	2.299228E-09	5.847263E-10	1.593878E-10	4.582581E-11	1.341680E-11	3.904229E-12	1.154742E-12	3.433274E-13	1.011417E-13	3.125712E-14	8.845226E-15	2.229777E-15	6.301759E-16	1.580464E-16	3.803731E-17	9.073662E-18	2.094603E-18	4.638199E-19	9.900640E-20	2.044293E-20	4.070013E-21	7.534969E-22	1.258672E-22	0.000000E+00	0.000000E+00	0.000000E+00	0.000000E+00	2.856358E-23	3.637656E-23	3.225358E-23	1.734494E-23	3.266717E-23	5.292663E-24	4.740133E-23	3.640241E-23	0.000000E+00	0.000000E+00	
6.443246E-07	6.256756E-07	8.773671E-08	1.245850E-08	2.516775E-09	6.404718E-10	1.751331E-10	5.035875E-11	1.479514E-11	4.308687E-12	1.277827E-12	3.802575E-13	1.122350E-13	3.471161E-14	9.833475E-15	2.482374E-15	7.017939E-16	1.761466E-16	4.243287E-17	1.012611E-17	2.338844E-18	5.181947E-19	1.107131E-19	2.289447E-20	4.611997E-21	8.922435E-22	1.811009E-22	8.200720E-24	0.000000E+00	0.000000E+00	0.000000E+00	0.000000E+00	0.000000E+00	1.675041E-23	1.423009E-23	0.000000E+00	0.000000E+00	3.190138E-23	8.020421E-23	0.000000E+00	0.000000E+00	
6.386323E-07	6.425770E-07	9.337208E-08	1.351122E-08	2.737779E-09	6.972280E-10	1.912483E-10	5.500661E-11	1.621581E-11	4.726640E-12	1.405532E-12	4.186568E-13	1.238029E-13	3.831966E-14	1.086736E-14	2.747250E-15	7.769266E-16	1.951588E-16	4.705644E-17	1.123384E-17	2.595973E-18	5.753749E-19	1.229394E-19	2.537963E-20	5.060911E-21	9.485177E-22	1.528862E-22	3.035365E-23	0.000000E+00	0.000000E+00	0.000000E+00	0.000000E+00	0.000000E+00	2.100263E-23	4.759520E-23	0.000000E+00	2.801428E-24	6.279141E-23	5.776693E-23	1.414317E-22	1.179055E-23	
6.312928E-07	6.577581E-07	9.894383E-08	1.458160E-08	2.964156E-09	7.555070E-10	2.078847E-10	5.981489E-11	1.769318E-11	5.162498E-12	1.539246E-12	4.589552E-13	1.359781E-13	4.212344E-14	1.195914E-14	3.027621E-15	8.564886E-16	2.153172E-16	5.196566E-17	1.241076E-17	2.869502E-18	6.363655E-19	1.360422E-19	2.810632E-20	5.606915E-21	1.090017E-21	2.037320E-22	5.715301E-23	6.298851E-23	1.181317E-23	3.044412E-23	1.711876E-23	2.022715E-24	5.147907E-23	9.182997E-24	4.083881E-23	0.000000E+00	0.000000E+00	0.000000E+00	4.528168E-23	0.000000E+00	
6.223938E-07	6.712552E-07	1.044574E-07	1.567168E-08	3.196549E-09	8.154990E-10	2.251046E-10	6.480394E-11	1.923417E-11	5.618525E-12	1.679715E-12	5.013933E-13	1.488372E-13	4.614798E-14	1.311623E-14	3.325481E-15	9.410494E-16	2.367696E-16	5.719724E-17	1.366576E-17	3.161254E-18	7.013853E-19	1.499882E-19	3.098569E-20	6.196966E-21	1.136249E-21	1.768874E-22	6.688531E-24	0.000000E+00	0.000000E+00	0.000000E+00	0.000000E+00	0.000000E+00	0.000000E+00	0.000000E+00	2.530979E-23	0.000000E+00	0.000000E+00	0.000000E+00	0.000000E+00	0.000000E+00	
6.120254E-07	6.830256E-07	1.098944E-07	1.677922E-08	3.434711E-09	8.771692E-10	2.429076E-10	6.997621E-11	2.084031E-11	6.095423E-12	1.827219E-12	5.460727E-13	1.624156E-13	5.040551E-14	1.434238E-14	3.641911E-15	1.030919E-15	2.595988E-16	6.277275E-17	1.500418E-17	3.472793E-18	7.708743E-19	1.649047E-19	3.410610E-20	6.793402E-21	1.244984E-21	1.913889E-22	2.856358E-23	0.000000E+00	0.000000E+00	0.000000E+00	0.000000E+00	0.000000E+00	3.944618E-23	0.000000E+00	0.000000E+00	0.000000E+00	0.000000E+00	1.622082E-22	1.856762E-22	2.037740E-22	
6.002833E-07	6.928504E-07	1.151735E-07	1.788766E-08	3.674703E-09	9.393489E-10	2.609157E-10	7.520803E-11	2.246973E-11	6.579611E-12	1.977282E-12	5.915580E-13	1.762590E-13	5.474826E-14	1.559426E-14	3.965475E-15	1.122840E-15	2.829706E-16	6.848729E-17	1.637682E-17	3.792481E-18	8.422061E-19	1.802479E-19	3.724638E-20	7.413904E-21	1.415913E-21	2.750763E-22	4.943050E-23	0.000000E+00	2.571368E-23	2.384607E-24	3.985977E-23	3.001115E-23	5.496874E-23	5.427080E-23	3.631840E-23	1.104803E-22	1.042280E-22	1.534743E-22	2.312907E-22	7.376448E-23	
5.873263E-07	7.010117E-07	1.203709E-07	1.901691E-08	3.922600E-09	1.004086E-09	2.798532E-10	8.075404E-11	2.421274E-11	7.101676E-12	2.140258E-12	6.412468E-13	1.914609E-13	5.953658E-14	1.697852E-14	4.324706E-15	1.224953E-15	3.089840E-16	7.485993E-17	1.790904E-17	4.149718E-18	9.220783E-19	1.974207E-19	4.088269E-20	8.207389E-21	1.652771E-21	3.230270E-22	3.246684E-23	0.000000E+00	1.476000E-23	0.000000E+00	0.000000E+00	0.000000E+00	0.000000E+00	2.302535E-23	1.808165E-23	4.258365E-23	0.000000E+00	1.893662E-22	6.495630E-23	1.070068E-22	
5.732707E-07	7.072832E-07	1.253923E-07	2.014742E-08	4.173862E-09	1.070074E-09	2.993080E-10	8.648217E-11	2.602536E-11	7.647559E-12	2.311565E-12	6.936827E-13	2.075640E-13	6.462260E-14	1.845194E-14	4.708280E-15	1.334031E-15	3.368153E-16	8.168909E-17	1.955234E-17	4.533146E-18	1.007795E-18	2.158505E-19	4.464948E-20	8.875183E-21	1.631497E-21	2.413687E-22	6.488198E-24	0.000000E+00	0.000000E+00	0.000000E+00	0.000000E+00	0.000000E+00	0.000000E+00	0.000000E+00	0.000000E+00	0.000000E+00	0.000000E+00	0.000000E+00	0.000000E+00	0.000000E+00	
5.608483E-07	7.145855E-07	1.306704E-07	2.133803E-08	4.438836E-09	1.139489E-09	3.197314E-10	9.247939E-11	2.791938E-11	8.216821E-12	2.489924E-12	7.481987E-13	2.242897E-13	6.990006E-14	1.998040E-14	5.106185E-15	1.447184E-15	3.656927E-16	8.877821E-17	2.125874E-17	4.931644E-18	1.096998E-18	2.351547E-19	4.874655E-20	9.837672E-21	1.931725E-21	3.243323E-22	4.869380E-23	0.000000E+00	0.000000E+00	0.000000E+00	0.000000E+00	0.000000E+00	0.000000E+00	0.000000E+00	0.000000E+00	0.000000E+00	1.503465E-23	4.866148E-24	0.000000E+00	0.000000E+00	
5.558946E-07	7.310644E-07	1.378221E-07	2.286985E-08	4.778888E-09	1.228748E-09	3.459488E-10	1.002017E-10	3.035411E-11	8.950116E-12	2.719532E-12	8.184705E-13	2.458471E-13	7.670804E-14	2.195205E-14	5.619536E-15	1.593145E-15	4.029409E-16	9.792033E-17	2.345925E-17	5.445350E-18	1.211897E-18	2.598799E-19	5.385094E-20	1.078623E-20	2.044622E-21	3.622405E-22	4.080327E-23	8.530300E-24	0.000000E+00	0.000000E+00	6.003522E-24	8.839200E-23	5.729518E-23	7.902160E-23	2.068339E-22	1.929625E-22	1.384849E-22	1.092105E-22	2.681035E-22	9.021439E-23	
5.496267E-07	7.454986E-07	1.447890E-07	2.440581E-08	5.123534E-09	1.319617E-09	3.728012E-10	1.081438E-10	3.287123E-11	9.711446E-12	2.958867E-12	8.919418E-13	2.684515E-13	8.386161E-14	2.402726E-14	6.161266E-15	1.747224E-15	4.423135E-16	1.075979E-16	2.579042E-17	5.990000E-18	1.333812E-18	2.861568E-19	5.931081E-20	1.188030E-20	2.306877E-21	4.021778E-22	7.500202E-23	2.700615E-23	2.261822E-25	2.397531E-23	0.000000E+00	0.000000E+00	0.000000E+00	0.000000E+00	0.000000E+00	0.000000E+00	5.546634E-23	1.479361E-22	0.000000E+00	1.484369E-22	
5.421398E-07	7.577523E-07	1.514952E-07	2.592991E-08	5.469418E-09	1.411246E-09	4.000461E-10	1.162371E-10	3.544961E-11	1.049471E-11	3.206066E-12	9.680604E-13	2.919375E-13	9.130992E-14	2.619157E-14	6.727735E-15	1.908389E-15	4.835519E-16	1.177488E-16	2.823760E-17	6.562258E-18	1.462024E-18	3.137957E-19	6.511120E-20	1.305283E-20	2.483183E-21	4.285054E-22	3.478682E-23	0.000000E+00	0.000000E+00	0.000000E+00	9.564276E-25	0.000000E+00	0.000000E+00	0.000000E+00	0.000000E+00	3.494192E-23	6.232935E-23	0.000000E+00	0.000000E+00	0.000000E+00	
5.335836E-07	7.676095E-07	1.578043E-07	2.740832E-08	5.807921E-09	1.501072E-09	4.268395E-10	1.242061E-10	3.799467E-11	1.126918E-11	3.450918E-12	1.043548E-12	3.152604E-13	9.871244E-14	2.834463E-14	7.292223E-15	2.069028E-15	5.246973E-16	1.278889E-16	3.068374E-17	7.134787E-18	1.590427E-18	3.414721E-19	7.087442E-20	1.418756E-20	2.715556E-21	4.727854E-22	1.398452E-23	0.000000E+00	0.000000E+00	2.688337E-23	2.802074E-23	1.375834E-23	4.083558E-23	0.000000E+00	2.022715E-23	0.000000E+00	0.000000E+00	0.000000E+00	0.000000E+00	0.000000E+00	
5.239916E-07	7.753553E-07	1.638200E-07	2.887066E-08	6.148643E-09	1.592426E-09	4.543961E-10	1.324817E-10	4.066219E-11	1.208794E-11	3.711586E-12	1.124386E-12	3.403603E-13	1.067112E-13	3.067724E-14	7.906196E-15	2.243809E-15	5.695462E-16	1.389619E-16	3.335765E-17	7.761252E-18	1.731077E-18	3.719173E-19	7.729843E-20	1.555151E-20	3.076168E-21	5.874016E-22	1.310435E-22	5.855534E-23	2.719356E-23	3.814724E-23	5.609319E-23	6.461056E-23	7.419422E-23	1.425594E-23	6.139877E-23	1.467696E-22	1.873079E-22	2.818166E-22	2.410973E-22	6.244147E-22	
5.135784E-07	7.807120E-07	1.693428E-07	3.026301E-08	6.476814E-09	1.680718E-09	4.811515E-10	1.405392E-10	4.326854E-11	1.289029E-11	3.967675E-12	1.203962E-12	3.651155E-13	1.146106E-13	3.298371E-14	8.514578E-15	2.417040E-15	6.140497E-16	1.499642E-16	3.601650E-17	8.384760E-18	1.871143E-18	4.022783E-19	8.361706E-20	1.682528E-20	3.307495E-21	6.327673E-22	1.186487E-22	4.243824E-23	0.000000E+00	3.657689E-24	2.983666E-23	1.389405E-24	4.253518E-23	3.797922E-23	9.910658E-23	0.000000E+00	0.000000E+00	0.000000E+00	7.251724E-23	7.216181E-23	
5.024542E-07	7.838209E-07	1.743778E-07	3.158552E-08	6.793122E-09	1.766342E-09	5.072807E-10	1.484498E-10	4.584111E-11	1.368613E-11	4.222671E-12	1.283457E-12	3.899150E-13	1.225415E-13	3.530319E-14	9.128035E-15	2.591760E-15	6.589970E-16	1.610926E-16	3.870813E-17	9.016479E-18	2.013160E-18	4.329444E-19	9.003876E-20	1.812760E-20	3.523841E-21	6.706625E-22	1.301646E-22	0.000000E+00	0.000000E+00	2.443414E-23	2.601742E-23	2.710955E-23	3.000468E-23	0.000000E+00	0.000000E+00	0.000000E+00	1.678595E-23	0.000000E+00	0.000000E+00	1.468666E-22	
4.907592E-07	7.847672E-07	1.788917E-07	3.282651E-08	7.094597E-09	1.848474E-09	5.325223E-10	1.561327E-10	4.835292E-11	1.446696E-11	4.473812E-12	1.362002E-12	4.144852E-13	1.304158E-13	3.760986E-14	9.739731E-15	2.766021E-15	7.038877E-16	1.722236E-16	4.140273E-17	9.649597E-18	2.155663E-18	4.638628E-19	9.652784E-20	1.948539E-20	3.807189E-21	7.783770E-22	1.891917E-22	6.817778E-23	8.678288E-23	1.038306E-22	7.260449E-23	3.401780E-23	1.104415E-23	1.264746E-22	5.644861E-23	7.845937E-23	1.437614E-22	1.611290E-22	2.753865E-22	3.811978E-22	
4.786308E-07	7.836731E-07	1.828641E-07	3.397667E-08	7.378730E-09	1.926401E-09	5.566455E-10	1.635154E-10	5.077935E-11	1.522497E-11	4.718520E-12	1.438779E-12	4.385669E-13	1.381500E-13	3.987906E-14	1.034309E-14	2.937949E-15	7.482379E-16	1.832369E-16	4.407110E-17	1.027706E-17	2.296901E-18	4.943513E-19	1.028750E-19	2.069345E-20	4.023019E-21	7.493352E-22	1.334604E-22	1.098599E-25	4.876488E-23	4.077742E-23	2.962341E-23	1.502496E-23	5.661664E-23	4.275490E-23	5.091684E-23	1.351245E-22	1.051295E-22	1.773010E-22	1.382813E-22	0.000000E+00	
4.662027E-07	7.806908E-07	1.862865E-07	3.502892E-08	7.643425E-09	1.999506E-09	5.794440E-10	1.705315E-10	5.309742E-11	1.595271E-11	4.954308E-12	1.512991E-12	4.619053E-13	1.456609E-13	4.208623E-14	1.093151E-14	3.105662E-15	7.915602E-16	1.940110E-16	4.668398E-17	1.089225E-17	2.435615E-18	5.245363E-19	1.092127E-19	2.205728E-20	4.312661E-21	8.269738E-22	1.317027E-22	1.043928E-22	1.888944E-23	6.003522E-23	3.845097E-24	0.000000E+00	5.843256E-23	6.518571E-23	1.766548E-22	0.000000E+00	0.000000E+00	0.000000E+00	7.624279E-23	1.388145E-22	
4.537320E-07	7.762171E-07	1.892155E-07	3.598871E-08	7.889284E-09	2.067867E-09	6.009104E-10	1.771723E-10	5.530183E-11	1.664794E-11	5.180299E-12	1.584326E-12	4.843920E-13	1.529113E-13	4.421995E-14	1.150176E-14	3.268233E-15	8.336092E-16	2.044834E-16	4.922581E-17	1.149112E-17	2.570716E-18	5.538033E-19	1.153600E-19	2.323527E-20	4.493116E-21	8.307478E-22	1.531124E-22	0.000000E+00	7.668223E-23	0.000000E+00	3.163966E-23	0.000000E+00	5.672003E-23	4.188248E-23	4.277428E-23	7.908622E-23	3.793399E-23	0.000000E+00	0.000000E+00	0.000000E+00	
4.412808E-07	7.703567E-07	1.916454E-07	3.685016E-08	8.114420E-09	2.130905E-09	6.208445E-10	1.833713E-10	5.736926E-11	1.730296E-11	5.393894E-12	1.651942E-12	5.057553E-13	1.598120E-13	4.625371E-14	1.204666E-14	3.423615E-15	8.738520E-16	2.145206E-16	5.166426E-17	1.206629E-17	2.700661E-18	5.820607E-19	1.212238E-19	2.446089E-20	4.739512E-21	8.904212E-22	1.827617E-22	6.840396E-23	1.433995E-23	3.719082E-23	2.423381E-23	3.735884E-23	0.000000E+00	0.000000E+00	2.055027E-23	0.000000E+00	0.000000E+00	0.000000E+00	0.000000E+00	8.375204E-24	
4.291737E-07	7.629490E-07	1.933033E-07	3.752095E-08	8.289733E-09	2.178972E-09	6.357802E-10	1.879267E-10	5.886702E-11	1.777158E-11	5.545133E-12	1.699444E-12	5.206714E-13	1.646013E-13	4.766263E-14	1.242369E-14	3.531243E-15	9.017456E-16	2.214874E-16	5.335815E-17	1.246650E-17	2.791140E-18	6.017608E-19	1.254079E-19	2.531224E-20	4.913298E-21	8.813609E-22	1.910593E-22	4.508781E-23	2.871868E-23	2.821461E-23	1.123156E-23	1.162318E-22	8.262113E-23	1.423785E-22	2.122752E-22	1.030131E-22	1.623051E-22	9.377514E-23	2.560835E-22	3.689032E-22	
4.170641E-07	7.548278E-07	1.947561E-07	3.817083E-08	8.466938E-09	2.229076E-09	6.517856E-10	1.929359E-10	6.054770E-11	1.830745E-11	5.720555E-12	1.755194E-12	5.383394E-13	1.703211E-13	4.935219E-14	1.287829E-14	3.660973E-15	9.354295E-16	2.299128E-16	5.540860E-17	1.295114E-17	2.900833E-18	6.256584E-19	1.304656E-19	2.638527E-20	5.173976E-21	9.962615E-22	2.527295E-22	8.918041E-23	5.324329E-23	4.832544E-23	3.412766E-23	6.992907E-23	9.080892E-23	1.594391E-22	2.588817E-23	7.528636E-24	0.000000E+00	0.000000E+00	1.670517E-24	0.000000E+00	
4.054234E-07	7.459960E-07	1.957495E-07	3.870615E-08	8.615277E-09	2.270796E-09	6.650614E-10	1.970682E-10	6.192901E-11	1.874680E-11	5.863988E-12	1.800710E-12	5.527460E-13	1.749782E-13	5.072812E-14	1.324895E-14	3.766825E-15	9.629471E-16	2.368068E-16	5.708798E-17	1.334862E-17	2.990895E-18	6.452527E-19	1.345944E-19	2.719818E-20	5.279235E-21	9.860768E-22	1.836276E-22	4.769859E-23	0.000000E+00	0.000000E+00	0.000000E+00	0.000000E+00	8.756482E-24	0.000000E+00	0.000000E+00	0.000000E+00	0.000000E+00	0.000000E+00	0.000000E+00	3.233759E-23	
3.943693E-07	7.371415E-07	1.965657E-07	3.919865E-08	8.754598E-09	2.310314E-09	6.777250E-10	2.010355E-10	6.326111E-11	1.917264E-11	6.003441E-12	1.845100E-12	5.668269E-13	1.795390E-13	5.207728E-14	1.361315E-14	3.870846E-15	9.900163E-16	2.435956E-16	5.874286E-17	1.374054E-17	3.079753E-18	6.645870E-19	1.386337E-19	2.793730E-20	5.390038E-21	1.002931E-21	1.557620E-22	0.000000E+00	0.000000E+00	0.000000E+00	0.000000E+00	7.218443E-24	6.160557E-23	3.011454E-23	0.000000E+00	5.644861E-24	0.000000E+00	7.422007E-23	3.099181E-22	1.551707E-22	
3.841912E-07	7.287025E-07	1.972670E-07	3.964976E-08	8.882621E-09	2.346436E-09	6.892363E-10	2.046251E-10	6.446084E-11	1.955517E-11	6.128329E-12	1.884792E-12	5.793973E-13	1.836050E-13	5.327978E-14	1.393784E-14	3.963629E-15	1.014175E-15	2.496594E-16	6.022186E-17	1.409119E-17	3.159368E-18	6.819937E-19	1.422959E-19	2.872448E-20	5.600543E-21	1.101908E-21	1.919382E-22	5.605441E-23	1.709937E-23	6.437792E-23	5.053557E-23	7.773559E-23	6.574147E-23	9.829232E-23	2.409487E-23	1.186681E-22	2.555213E-23	0.000000E+00	1.270207E-22	0.000000E+00	
3.750920E-07	7.211657E-07	1.979887E-07	4.008494E-08	9.004547E-09	2.380432E-09	6.999351E-10	2.079285E-10	6.555421E-11	1.990145E-11	6.240636E-12	1.920336E-12	5.906104E-13	1.872204E-13	5.434755E-14	1.422579E-14	4.045951E-15	1.035609E-15	2.550405E-16	6.153454E-17	1.440249E-17	3.230012E-18	6.974462E-19	1.455822E-19	2.942253E-20	5.708826E-21	1.107259E-21	1.764674E-22	2.526778E-23	5.098793E-23	5.461331E-23	8.304118E-23	1.183708E-22	0.000000E+00	1.270304E-22	2.178135E-23	7.956120E-23	4.051246E-23	0.000000E+00	0.000000E+00	1.425239E-22	
3.672599E-07	7.149985E-07	1.988656E-07	4.053011E-08	9.125661E-09	2.413577E-09	7.101583E-10	2.110350E-10	6.656611E-11	2.021803E-11	6.342167E-12	1.952220E-12	6.005969E-13	1.904215E-13	5.529016E-14	1.447909E-14	4.118402E-15	1.054455E-15	2.597688E-16	6.268760E-17	1.467592E-17	3.292067E-18	7.109295E-19	1.483827E-19	2.994244E-20	5.810737E-21	1.078114E-21	1.702764E-22	1.658885E-23	1.311211E-23	0.000000E+00	0.000000E+00	3.490961E-23	6.218718E-23	0.000000E+00	0.000000E+00	1.646283E-23	0.000000E+00	0.000000E+00	0.000000E+00	0.000000E+00	
3.608779E-07	7.106629E-07	2.000354E-07	4.101214E-08	9.251452E-09	2.447186E-09	7.202502E-10	2.140345E-10	6.752127E-11	2.051134E-11	6.434644E-12	1.980895E-12	6.094755E-13	1.932403E-13	5.611584E-14	1.469945E-14	4.181459E-15	1.070820E-15	2.638668E-16	6.368589E-17	1.491263E-17	3.345874E-18	7.227113E-19	1.509109E-19	3.052144E-20	5.963572E-21	1.104021E-21	2.115450E-22	3.473512E-23	0.000000E+00	0.000000E+00	0.000000E+00	0.000000E+00	0.000000E+00	0.000000E+00	0.000000E+00	0.000000E+00	0.000000E+00	0.000000E+00	0.000000E+00	0.000000E+00	
3.561334E-07	7.086310E-07	2.016419E-07	4.155944E-08	9.387715E-09	2.482636E-09	7.305683E-10	2.170192E-10	6.844465E-11	2.078772E-11	6.519731E-12	2.006786E-12	6.173536E-13	1.957047E-13	5.683141E-14	1.488817E-14	4.235487E-15	1.084779E-15	2.673489E-16	6.453224E-17	1.511298E-17	3.391320E-18	7.326602E-19	1.530420E-19	3.098796E-20	6.075525E-21	1.167869E-21	2.264989E-22	8.640160E-23	8.544517E-23	5.101378E-23	4.129441E-23	5.993828E-23	6.530203E-23	0.000000E+00	1.874081E-23	0.000000E+00	1.474708E-23	0.000000E+00	1.782316E-23	2.785886E-22	
3.532313E-07	7.094043E-07	2.038379E-07	4.220217E-08	9.540541E-09	2.521348E-09	7.414711E-10	2.200786E-10	6.935932E-11	2.105267E-11	6.598749E-12	2.030194E-12	6.242949E-13	1.978273E-13	5.743910E-14	1.504529E-14	4.280474E-15	1.096312E-15	2.702049E-16	6.522333E-17	1.527600E-17	3.428143E-18	7.406540E-19	1.546471E-19	3.121880E-20	6.040551E-21	1.095342E-21	1.532352E-22	0.000000E+00	0.000000E+00	0.000000E+00	0.000000E+00	0.000000E+00	1.078566E-23	2.701585E-23	0.000000E+00	0.000000E+00	0.000000E+00	1.121217E-23	2.060843E-23	2.299627E-23	
3.524082E-07	7.135381E-07	2.067911E-07	4.297328E-08	9.716482E-09	2.564818E-09	7.533245E-10	2.233000E-10	7.028641E-11	2.131073E-11	6.672620E-12	2.051270E-12	6.303113E-13	1.996027E-13	5.793559E-14	1.516928E-14	4.315961E-15	1.105277E-15	2.723947E-16	6.574885E-17	1.539923E-17	3.455889E-18	7.466679E-19	1.559816E-19	3.154268E-20	6.158747E-21	1.128184E-21	2.607428E-22	4.829959E-23	0.000000E+00	3.661567E-23	5.322390E-23	6.526972E-24	6.388032E-23	7.179669E-24	5.308819E-24	4.155936E-23	1.851301E-22	1.097759E-22	3.649288E-23	3.319385E-23	
3.539495E-07	7.216721E-07	2.106910E-07	4.390947E-08	9.922684E-09	2.614630E-09	7.664976E-10	2.267656E-10	7.124350E-11	2.156487E-11	6.741618E-12	2.069930E-12	6.353320E-13	2.009970E-13	5.830872E-14	1.525613E-14	4.340778E-15	1.111346E-15	2.738310E-16	6.608669E-17	1.547724E-17	3.473240E-18	7.504184E-19	1.567722E-19	3.169777E-20	6.195777E-21	1.180568E-21	2.239785E-22	9.938446E-23	7.224906E-24	0.000000E+00	0.000000E+00	4.216036E-23	6.594180E-23	0.000000E+00	2.494467E-24	2.037902E-23	0.000000E+00	8.105078E-23	1.307268E-22	8.078259E-23	
3.582120E-07	7.345699E-07	2.157581E-07	4.505286E-08	1.016716E-08	2.672503E-09	7.813701E-10	2.305524E-10	7.224401E-11	2.181605E-11	6.805200E-12	2.085785E-12	6.391807E-13	2.019398E-13	5.853519E-14	1.529878E-14	4.352848E-15	1.113954E-15	2.743663E-16	6.620000E-17	1.550110E-17	3.478063E-18	7.513932E-19	1.569070E-19	3.169124E-20	6.192830E-21	1.144598E-21	1.918090E-22	0.000000E+00	0.000000E+00	0.000000E+00	0.000000E+00	0.000000E+00	0.000000E+00	0.000000E+00	0.000000E+00	0.000000E+00	0.000000E+00	0.000000E+00	0.000000E+00	0.000000E+00	
3.656520E-07	7.531725E-07	2.222582E-07	4.645329E-08	1.045920E-08	2.740367E-09	7.983436E-10	2.347331E-10	7.329652E-11	2.206286E-11	6.861815E-12	2.098073E-12	6.415485E-13	2.023148E-13	5.857755E-14	1.528618E-14	4.348947E-15	1.112231E-15	2.737770E-16	6.603362E-17	1.545764E-17	3.467476E-18	7.488895E-19	1.563856E-19	3.156101E-20	6.163155E-21	1.105928E-21	2.107760E-22	2.139684E-23	5.003796E-23	2.318691E-23	3.936863E-23	3.083833E-23	6.578025E-23	1.089681E-22	5.652616E-23	9.142931E-23	1.412249E-22	2.240496E-22	1.531350E-22	1.618818E-23	
3.768680E-07	7.786662E-07	2.305154E-07	4.817006E-08	1.080942E-08	2.820307E-09	8.178015E-10	2.393573E-10	7.439699E-11	2.229855E-11	6.907818E-12	2.105280E-12	6.418691E-13	2.019182E-13	5.837157E-14	1.519998E-14	4.323701E-15	1.104747E-15	2.716984E-16	6.549801E-17	1.532562E-17	3.436659E-18	7.420996E-19	1.548855E-19	3.129618E-20	6.056616E-21	1.128869E-21	1.736110E-22	1.606540E-23	0.000000E+00	1.481817E-23	6.346026E-23	5.933728E-23	2.818876E-23	8.497988E-23	5.570544E-23	2.982374E-23	2.286379E-23	7.607477E-23	2.364864E-22	0.000000E+00	
3.926519E-07	8.125816E-07	2.409391E-07	5.027672E-08	1.123068E-08	2.914749E-09	8.401494E-10	2.444595E-10	7.552991E-11	2.251107E-11	6.937391E-12	2.105088E-12	6.392984E-13	2.004512E-13	5.782394E-14	1.501382E-14	4.269383E-15	1.089451E-15	2.676109E-16	6.446578E-17	1.507486E-17	3.378687E-18	7.292945E-19	1.521388E-19	3.070890E-20	5.938459E-21	1.133573E-21	1.815661E-22	1.165678E-22	4.108115E-23	0.000000E+00	0.000000E+00	0.000000E+00	0.000000E+00	0.000000E+00	0.000000E+00	0.000000E+00	0.000000E+00	0.000000E+00	0.000000E+00	0.000000E+00	
4.140726E-07	8.569284E-07	2.540526E-07	5.286483E-08	1.173835E-08	3.026397E-09	8.657515E-10	2.500281E-10	7.665479E-11	2.267792E-11	6.940645E-12	2.093723E-12	6.324949E-13	1.974472E-13	5.679019E-14	1.468745E-14	4.174159E-15	1.063220E-15	2.607272E-16	6.274476E-17	1.465985E-17	3.283212E-18	7.082348E-19	1.477140E-19	2.984464E-20	5.785275E-21	1.027087E-21	1.199412E-22	0.000000E+00	0.000000E+00	2.060843E-23	0.000000E+00	3.789521E-23	0.000000E+00	6.450716E-23	1.024088E-22	7.009709E-23	8.267606E-23	0.000000E+00	9.737144E-23	1.405658E-22	
4.425866E-07	9.143870E-07	2.705375E-07	5.605097E-08	1.235129E-08	3.158335E-09	8.949132E-10	2.559873E-10	7.769651E-11	2.276217E-11	6.902065E-12	2.065390E-12	6.194314E-13	1.922099E-13	5.505579E-14	1.416175E-14	4.020571E-15	1.021465E-15	2.498948E-16	6.005440E-17	1.401442E-17	3.135568E-18	6.758518E-19	1.408251E-19	2.831610E-20	5.506645E-21	9.092654E-22	1.440328E-22	5.795434E-23	0.000000E+00	0.000000E+00	0.000000E+00	3.566570E-23	0.000000E+00	0.000000E+00	4.935296E-23	0.000000E+00	1.051424E-22	3.178829E-23	0.000000E+00	2.540317E-22	
4.801722E-07	9.885151E-07	2.912749E-07	5.998113E-08	1.309183E-08	3.313778E-09	9.277332E-10	2.621319E-10	7.851849E-11	2.270262E-11	6.796939E-12	2.011047E-12	5.969919E-13	1.836819E-13	5.229676E-14	1.334840E-14	3.782420E-15	9.573221E-16	2.333982E-16	5.597831E-17	1.304100E-17	2.913660E-18	6.273629E-19	1.306557E-19	2.636771E-20	5.133560E-21	9.816695E-22	1.891400E-22	5.741150E-23	1.485048E-23	2.847311E-23	5.369565E-23	1.191334E-22	1.378160E-22	1.040438E-22	1.663085E-22	7.159636E-23	1.311663E-22	1.130782E-22	2.967510E-23	0.000000E+00	
5.293273E-07	1.084127E-06	3.175850E-07	6.490366E-08	1.400754E-08	3.503023E-09	9.665295E-10	2.689529E-10	7.921539E-11	2.251178E-11	6.624595E-12	1.929267E-12	5.644843E-13	1.716021E-13	4.842417E-14	1.222324E-14	3.451416E-15	8.685822E-16	2.106911E-16	5.038544E-17	1.170903E-17	2.610822E-18	5.613594E-19	1.168247E-19	2.355194E-20	4.617400E-21	9.054397E-22	1.964037E-22	9.030486E-23	1.848232E-23	0.000000E+00	0.000000E+00	0.000000E+00	0.000000E+00	0.000000E+00	0.000000E+00	0.000000E+00	0.000000E+00	0.000000E+00	0.000000E+00	1.467405E-22	
5.968017E-07	1.203144E-06	3.462461E-07	6.946050E-08	1.463192E-08	3.565943E-09	9.525744E-10	2.558290E-10	7.230741E-11	1.964860E-11	5.513360E-12	1.532142E-12	4.288074E-13	1.255261E-13	3.436342E-14	8.360644E-15	2.322263E-15	5.723753E-16	1.363375E-16	3.226800E-17	7.433497E-18	1.645904E-18	3.520369E-19	7.296369E-20	1.460284E-20	2.830095E-21	5.007286E-22	5.428373E-23	0.000000E+00	0.000000E+00	0.000000E+00	8.879267E-24	0.000000E+00	4.050600E-23	0.000000E+00	0.000000E+00	0.000000E+00	1.444981E-23	1.497326E-23	1.547280E-22	0.000000E+00	
6.797576E-07	1.356430E-06	3.858733E-07	7.641266E-08	1.581077E-08	3.776519E-09	9.824985E-10	2.558387E-10	6.957809E-11	1.806789E-11	4.807171E-12	1.260116E-12	3.321105E-13	9.205213E-14	2.398172E-14	5.488989E-15	1.468755E-15	3.473604E-16	7.976183E-17	1.847674E-17	4.179887E-18	9.122227E-19	1.931046E-19	3.982200E-20	8.079151E-21	1.680340E-21	3.434351E-22	1.087484E-22	1.271919E-22	1.196439E-22	1.299449E-22	1.851334E-22	4.200527E-24	1.198119E-22	9.761377E-23	1.853208E-22	3.390471E-22	4.351358E-22	3.880770E-22	1.068808E-22	7.302131E-22	
7.894351E-07	1.555207E-06	4.360676E-07	8.499828E-08	1.721530E-08	4.013856E-09	1.010838E-09	2.530292E-10	6.532477E-11	1.587408E-11	3.872801E-12	9.096447E-13	2.102151E-13	5.061781E-14	1.126271E-14	2.030359E-15	4.381836E-16	7.761081E-17	1.245482E-17	2.145972E-18	3.434947E-19	5.029449E-20	7.036205E-21	1.020224E-21	1.295830E-22	3.140701E-23	5.482656E-23	6.183175E-23	9.029193E-23	9.097694E-23	0.000000E+00	1.342359E-22	6.374461E-23	0.000000E+00	0.000000E+00	0.000000E+00	0.000000E+00	0.000000E+00	0.000000E+00	0.000000E+00	4.478084E-22	
9.405639E-07	1.820149E-06	5.002378E-07	9.547842E-08	1.883341E-08	4.276641E-09	1.043527E-09	2.527351E-10	6.287780E-11	1.468173E-11	3.431189E-12	7.705372E-13	1.700383E-13	3.913219E-14	8.391430E-15	1.425639E-15	2.983375E-16	5.043448E-17	7.645419E-18	1.275577E-18	1.961634E-19	2.746462E-20	3.602527E-21	4.487972E-22	5.381844E-23	0.000000E+00	6.159911E-23	4.252225E-23	8.008142E-23	4.470653E-23	1.054914E-22	0.000000E+00	1.139183E-22	7.842706E-23	6.114674E-23	0.000000E+00	0.000000E+00	0.000000E+00	0.000000E+00	0.000000E+00	0.000000E+00	
1.149983E-06	2.180749E-06	5.858779E-07	1.091708E-07	2.089992E-08	4.605437E-09	1.083815E-09	2.526211E-10	6.017115E-11	1.339220E-11	2.968262E-12	6.292600E-13	1.306294E-13	2.824153E-14	5.739646E-15	8.922267E-16	1.768092E-16	2.756124E-17	3.757093E-18	5.859776E-19	8.257000E-20	1.042480E-20	1.119951E-21	4.306509E-23	0.000000E+00	0.000000E+00	0.000000E+00	0.000000E+00	0.000000E+00	0.000000E+00	0.000000E+00	0.000000E+00	0.000000E+00	8.722878E-23	0.000000E+00	0.000000E+00	6.800976E-23	0.000000E+00	7.863386E-23	1.806873E-22	0.000000E+00	
1.445375E-06	2.681827E-06	7.031240E-07	1.276299E-07	2.365260E-08	5.042677E-09	1.139986E-09	2.545067E-10	5.770639E-11	1.216060E-11	2.536556E-12	5.030541E-13	9.732445E-14	1.956247E-14	3.741857E-15	5.265694E-16	9.846517E-17	1.411729E-17	1.729048E-18	2.543054E-19	3.309736E-20	3.683022E-21	4.786791E-22	8.432072E-23	1.535454E-23	2.837746E-22	0.000000E+00	1.232241E-22	1.064478E-22	3.310790E-22	2.310419E-22	4.077742E-22	3.855696E-22	1.352440E-22	2.662617E-22	2.063686E-22	4.239301E-23	2.452591E-22	0.000000E+00	2.884792E-22	1.488925E-23	
1.871923E-06	3.363955E-06	8.511002E-07	1.486969E-07	2.632702E-08	5.364127E-09	1.149117E-09	2.425388E-10	5.167964E-11	1.018499E-11	1.978209E-12	3.635722E-13	6.500451E-14	1.202625E-14	2.162199E-15	2.724889E-16	4.837681E-17	6.361806E-18	6.910097E-19	9.615489E-20	1.141271E-20	1.163119E-21	1.379324E-22	0.000000E+00	0.000000E+00	0.000000E+00	0.000000E+00	0.000000E+00	0.000000E+00	2.349710E-23	0.000000E+00	0.000000E+00	7.062054E-23	0.000000E+00	2.321276E-23	2.093801E-24	0.000000E+00	0.000000E+00	0.000000E+00	0.000000E+00	0.000000E+00	
2.491995E-06	4.323810E-06	1.052078E-06	1.760572E-07	2.962609E-08	5.734564E-09	1.155329E-09	2.284247E-10	4.521868E-11	8.217570E-12	1.460320E-12	2.430442E-13	3.906597E-14	6.423114E-15	1.049614E-15	1.123566E-16	1.806918E-17	2.054863E-18	1.819932E-19	2.253798E-20	2.053993E-21	2.791735E-24	0.000000E+00	0.000000E+00	0.000000E+00	0.000000E+00	0.000000E+00	0.000000E+00	0.000000E+00	0.000000E+00	1.498231E-22	3.620983E-22	2.704881E-22	5.468439E-22	1.774561E-22	6.544033E-22	2.429068E-22	4.347610E-22	0.000000E+00	0.000000E+00	7.151235E-22	
3.406846E-06	5.695016E-06	1.329504E-06	2.121605E-07	3.375566E-08	6.163608E-09	1.156362E-09	2.114469E-10	3.825986E-11	6.288224E-12	9.992322E-13	1.465235E-13	2.055104E-14	2.896797E-15	4.164725E-16	3.680432E-17	5.215800E-18	5.053575E-19	3.627332E-20	3.774218E-21	0.000000E+00	0.000000E+00	0.000000E+00	0.000000E+00	0.000000E+00	0.000000E+00	0.000000E+00	0.000000E+00	0.000000E+00	0.000000E+00	0.000000E+00	0.000000E+00	0.000000E+00	0.000000E+00	0.000000E+00	0.000000E+00	0.000000E+00	0.000000E+00	0.000000E+00	0.000000E+00	0.000000E+00	
4.730314E-06	7.522110E-06	1.661509E-06	2.484358E-07	3.675976E-08	6.237903E-09	1.075905E-09	1.802604E-10	2.971213E-11	4.432752E-12	6.392977E-13	8.495529E-14	1.080023E-14	1.363767E-15	1.833572E-16	1.423902E-17	1.938696E-18	1.716284E-19	1.087887E-20	1.554893E-21	3.869137E-22	6.092185E-22	3.325266E-22	3.356285E-22	4.784206E-22	6.967963E-22	1.119796E-22	4.505032E-22	5.537974E-22	8.249059E-22	5.743735E-22	6.581773E-22	7.263680E-23	3.588413E-22	4.294618E-22	0.000000E+00	0.000000E+00	0.000000E+00	0.000000E+00	0.000000E+00	0.000000E+00	
6.729099E-06	1.017058E-05	2.123049E-06	2.959457E-07	4.050970E-08	6.338164E-09	9.938945E-10	1.501772E-10	2.203533E-11	2.888736E-12	3.610687E-13	4.073142E-14	4.311860E-15	4.350185E-16	4.733374E-17	2.804811E-18	2.955764E-19	1.921168E-20	5.314635E-22	0.000000E+00	0.000000E+00	0.000000E+00	0.000000E+00	0.000000E+00	0.000000E+00	0.000000E+00	0.000000E+00	1.976962E-22	1.275926E-21	9.567378E-22	6.467518E-22	8.126016E-22	1.297226E-21	1.169323E-21	6.961242E-22	1.974222E-21	1.061945E-21	2.135677E-21	4.823497E-23	4.592920E-22	0.000000E+00	
1.011181E-05	1.457808E-05	2.885828E-06	3.750029E-07	4.740978E-08	6.809930E-09	9.656566E-10	1.309265E-10	1.707844E-11	1.981740E-12	2.194584E-13	2.204191E-14	2.097196E-15	1.899277E-16	1.948766E-17	1.062337E-18	1.114742E-19	7.090592E-21	4.115224E-22	0.000000E+00	4.499863E-22	5.657915E-22	5.624828E-22	1.540417E-21	9.270627E-22	1.074301E-21	1.113385E-21	1.744110E-21	1.654568E-21	2.387036E-21	1.877183E-21	1.326177E-21	1.184006E-21	1.339309E-21	2.565087E-21	0.000000E+00	1.161258E-21	5.044768E-22	0.000000E+00	0.000000E+00	0.000000E+00	
1.635386E-05	2.225824E-05	4.127749E-06	4.905487E-07	5.632553E-08	7.323417E-09	9.289273E-10	1.118703E-10	1.279333E-11	1.280554E-12	1.196749E-13	9.824803E-15	7.364113E-16	4.908597E-17	3.516639E-18	1.360100E-19	7.987256E-21	0.000000E+00	0.000000E+00	0.000000E+00	0.000000E+00	0.000000E+00	0.000000E+00	0.000000E+00	0.000000E+00	0.000000E+00	0.000000E+00	0.000000E+00	0.000000E+00	0.000000E+00	8.383476E-22	5.475936E-22	0.000000E+00	0.000000E+00	0.000000E+00	0.000000E+00	0.000000E+00	0.000000E+00	1.348718E-21	2.977333E-21	8.789828E-21	
2.945269E-05	3.784089E-05	6.562797E-06	7.047535E-07	7.178856E-08	8.161371E-09	8.849590E-10	9.021896E-11	8.683355E-12	7.372117E-13	5.960134E-14	4.356704E-15	2.996134E-16	1.864022E-17	1.305559E-18	4.918085E-20	4.734782E-21	9.843449E-22	4.334426E-22	0.000000E+00	4.367514E-22	9.181705E-23	1.948010E-21	8.941822E-22	2.300389E-21	2.234215E-21	2.129163E-21	6.791153E-22	1.725085E-21	0.000000E+00	1.940152E-21	8.966638E-22	0.000000E+00	0.000000E+00	0.000000E+00	0.000000E+00	0.000000E+00	0.000000E+00	0.000000E+00	0.000000E+00	0.000000E+00	
5.912865E-05	7.039168E-05	1.115626E-05	1.045186E-06	9.232211E-08	9.117156E-09	8.512627E-10	7.380958E-11	5.848229E-12	3.892719E-13	2.307978E-14	1.143087E-15	4.911427E-17	1.730885E-18	5.665856E-20	5.849821E-21	4.827426E-21	7.444626E-22	1.879354E-21	2.703226E-21	0.000000E+00	0.000000E+00	0.000000E+00	0.000000E+00	0.000000E+00	1.356576E-22	0.000000E+00	2.881897E-21	3.270672E-21	1.574952E-21	3.577556E-21	3.358353E-22	1.852057E-21	2.649460E-21	0.000000E+00	0.000000E+00	0.000000E+00	0.000000E+00	0.000000E+00	0.000000E+00	0.000000E+00	
1.271522E-04	1.400527E-04	2.013850E-05	1.584888E-06	1.131384E-07	8.840439E-09	6.496892E-10	4.582385E-11	3.111966E-12	1.880807E-13	1.058474E-14	5.110101E-16	2.167695E-17	7.581739E-19	2.682712E-20	1.266579E-20	2.878589E-21	0.000000E+00	0.000000E+00	0.000000E+00	0.000000E+00	0.000000E+00	6.154224E-22	2.977850E-21	9.707792E-21	0.000000E+00	6.908612E-21	1.760240E-21	0.000000E+00	1.785056E-21	0.000000E+00	0.000000E+00	0.000000E+00	1.621274E-21	0.000000E+00	0.000000E+00	0.000000E+00	3.250820E-21	3.722313E-22	1.777942E-20	5.099403E-20	
2.874557E-04	2.334527E-04	2.202433E-05	8.404952E-07	3.043936E-08	1.484218E-09	7.481044E-11	3.445901E-12	1.318367E-13	3.851224E-15	9.043744E-17	1.595492E-18	2.599332E-20	0.000000E+00	0.000000E+00	8.020343E-21	0.000000E+00	0.000000E+00	0.000000E+00	0.000000E+00	0.000000E+00	4.777795E-21	0.000000E+00	0.000000E+00	1.237462E-21	0.000000E+00	2.369045E-21	0.000000E+00	5.194694E-22	1.913434E-20	7.269263E-21	0.000000E+00	0.000000E+00	0.000000E+00	0.000000E+00	0.000000E+00	4.405564E-21	0.000000E+00	0.000000E+00	0.000000E+00	0.000000E+00	
1.723481E-04	6.886772E-05	2.166983E-06	8.927552E-09	8.410061E-12	5.546650E-15	2.151146E-18	0.000000E+00	2.594038E-21	4.605742E-21	7.940934E-21	0.000000E+00	0.000000E+00	0.000000E+00	0.000000E+00	0.000000E+00	5.426305E-22	2.938146E-21	1.092540E-20	3.957232E-21	0.000000E+00	0.000000E+00	0.000000E+00	0.000000E+00	1.881009E-21	0.000000E+00	4.074692E-21	2.858736E-21	7.080666E-22	0.000000E+00	0.000000E+00	0.000000E+00	3.736375E-21	6.968997E-21	4.787721E-21	0.000000E+00	4.749671E-21	8.187434E-21	4.484891E-20	0.000000E+00	1.202555E-20	
1.995311E-04	7.976350E-05	2.512083E-06	1.034999E-08	9.750993E-12	6.430790E-15	2.518652E-18	2.519923E-20	1.498190E-20	1.005852E-20	7.040961E-21	1.122319E-20	1.985233E-20	7.305659E-21	8.073283E-21	6.127754E-21	8.582826E-21	1.713918E-21	1.259300E-20	1.148788E-20	8.910390E-21	1.349959E-21	3.050642E-21	0.000000E+00	0.000000E+00	0.000000E+00	0.000000E+00	0.000000E+00	0.000000E+00	0.000000E+00	0.000000E+00	0.000000E+00	0.000000E+00	0.000000E+00	0.000000E+00	0.000000E+00	0.000000E+00	0.000000E+00	0.000000E+00	0.000000E+00	0.000000E+00	
2.073513E-04	8.293291E-05	2.614702E-06	1.077264E-08	1.014834E-11	6.691619E-15	2.606109E-18	0.000000E+00	2.117582E-22	0.000000E+00	5.929231E-21	1.852885E-22	3.070494E-21	0.000000E+00	0.000000E+00	0.000000E+00	0.000000E+00	0.000000E+00	0.000000E+00	0.000000E+00	0.000000E+00	0.000000E+00	0.000000E+00	0.000000E+00	0.000000E+00	0.000000E+00	0.000000E+00	0.000000E+00	0.000000E+00	0.000000E+00	1.029013E-21	0.000000E+00	0.000000E+00	0.000000E+00	0.000000E+00	0.000000E+00	0.000000E+00	1.346650E-21	6.316351E-21	2.445477E-20	2.408005E-20	
2.181259E-04	8.729598E-05	2.755669E-06	1.135244E-08	1.069188E-11	7.047803E-15	2.737187E-18	0.000000E+00	0.000000E+00	0.000000E+00	0.000000E+00	0.000000E+00	0.000000E+00	0.000000E+00	0.000000E+00	0.000000E+00	0.000000E+00	0.000000E+00	0.000000E+00	0.000000E+00	0.000000E+00	1.161362E-21	1.423743E-20	8.705249E-21	2.759475E-21	0.000000E+00	6.931774E-21	0.000000E+00	4.342698E-21	0.000000E+00	2.607273E-21	1.056806E-20	2.991912E-20	1.373285E-20	0.000000E+00	1.585705E-20	2.764438E-21	2.564922E-20	1.596789E-20	5.021813E-20	5.602329E-20	
2.971899E-04	1.190383E-04	3.763948E-06	1.550329E-08	1.459414E-11	9.615044E-15	3.757226E-18	0.000000E+00	0.000000E+00	0.000000E+00	8.152692E-21	3.123434E-21	2.011703E-21	9.476181E-21	0.000000E+00	0.000000E+00	9.039430E-21	0.000000E+00	0.000000E+00	2.560951E-21	2.124200E-21	0.000000E+00	0.000000E+00	0.000000E+00	1.132576E-20	0.000000E+00	0.000000E+00	0.000000E+00	0.000000E+00	0.000000E+00	0.000000E+00	2.984468E-21	0.000000E+00	0.000000E+00	0.000000E+00	0.000000E+00	0.000000E+00	2.485181E-20	3.727689E-20	1.745682E-20	5.176000E-20	
7.238453E-04	2.904843E-04	9.219288E-06	3.795451E-08	3.568480E-11	2.348024E-14	9.134403E-18	1.821121E-20	0.000000E+00	1.429368E-20	0.000000E+00	3.546950E-21	0.000000E+00	0.000000E+00	0.000000E+00	0.000000E+00	0.000000E+00	1.058791E-21	1.318195E-20	3.573420E-22	0.000000E+00	1.768181E-20	0.000000E+00	1.993836E-20	0.000000E+00	1.944205E-20	0.000000E+00	0.000000E+00	0.000000E+00	0.000000E+00	1.435986E-21	0.000000E+00	2.811421E-20	2.571539E-20	0.000000E+00	3.755400E-21	2.628780E-20	1.915750E-20	1.188923E-19	1.837334E-20	6.613971E-20	
1.417517E-02	5.829989E-03	1.980303E-04	8.081421E-07	7.439788E-10	4.781185E-13	1.877703E-16	1.650020E-18	8.775261E-19	4.946672E-19	0.000000E+00	3.108611E-19	0.000000E+00	0.000000E+00	1.994763E-19	8.953138E-19	5.340543E-19	2.189580E-19	5.624299E-19	5.803234E-19	3.255783E-19	9.386184E-19	5.709002E-19	1.469602E-19	1.850238E-19	3.758709E-21	2.451102E-20	0.000000E+00	0.000000E+00	0.000000E+00	0.000000E+00	8.114840E-19	1.001299E-18	2.700976E-19	4.979760E-19	7.065578E-19	5.725943E-19	1.183464E-18	9.568296E-19	0.000000E+00	2.988200E-18	
5.549426E-02	2.323439E-02	1.020056E-03	4.103310E-06	3.523192E-09	2.062716E-12	8.208224E-16	0.000000E+00	0.000000E+00	0.000000E+00	9.435947E-19	0.000000E+00	0.000000E+00	1.890578E-18	0.000000E+00	0.000000E+00	6.187576E-19	0.000000E+00	4.841217E-18	4.370690E-18	2.092171E-19	1.723077E-18	2.426538E-18	0.000000E+00	2.899182E-18	2.338552E-18	2.971392E-18	3.533610E-18	3.588243E-19	0.000000E+00	7.189192E-20	0.000000E+00	1.805451E-18	9.582590E-19	1.764423E-18	0.000000E+00	0.000000E+00	0.000000E+00	1.392628E-18	4.537873E-18	8.238560E-18	
6.728276E-02	2.814138E-02	1.448236E-03	6.073574E-06	4.909179E-09	2.671405E-12	1.070731E-15	5.353248E-18	0.000000E+00	2.676624E-18	4.604471E-18	0.000000E+00	2.134523E-19	2.048973E-18	0.000000E+00	7.513182E-19	0.000000E+00	2.340352E-18	0.000000E+00	0.000000E+00	0.000000E+00	0.000000E+00	0.000000E+00	0.000000E+00	0.000000E+00	0.000000E+00	0.000000E+00	0.000000E+00	4.352585E-18	3.424342E-18	6.858849E-19	0.000000E+00	0.000000E+00	6.216692E-18	0.000000E+00	3.577020E-18	7.961792E-18	4.546449E-18	5.853898E-18	2.308800E-18	0.000000E+00	
6.883894E-02	2.874552E-02	1.581159E-03	7.203580E-06	5.516869E-09	2.848438E-12	1.139375E-15	0.000000E+00	0.000000E+00	0.000000E+00	0.000000E+00	8.402567E-19	0.000000E+00	0.000000E+00	0.000000E+00	4.116580E-19	0.000000E+00	0.000000E+00	2.278942E-18	5.700532E-19	2.027797E-18	0.000000E+00	0.000000E+00	0.000000E+00	0.000000E+00	0.000000E+00	0.000000E+00	0.000000E+00	0.000000E+00	0.000000E+00	0.000000E+00	0.000000E+00	0.000000E+00	0.000000E+00	0.000000E+00	0.000000E+00	0.000000E+00	0.000000E+00	0.000000E+00	0.000000E+00	0.000000E+00	
6.917110E-02	2.885397E-02	1.641682E-03	8.286071E-06	6.021673E-09	2.963592E-12	1.184735E-15	2.846031E-18	4.526544E-18	2.192121E-18	0.000000E+00	0.000000E+00	0.000000E+00	0.000000E+00	0.000000E+00	1.414545E-19	2.027797E-18	3.391520E-18	2.832055E-18	4.743385E-18	3.089129E-18	6.971293E-18	6.806969E-18	1.827474E-18	4.029124E-18	2.216050E-18	3.171080E-18	3.417778E-19	0.000000E+00	0.000000E+00	1.288019E-18	6.286043E-19	1.909636E-18	6.753182E-18	6.733488E-18	3.051807E-18	3.317563E-18	8.356298E-18	1.051639E-17	4.057658E-18	2.108636E-17	
6.926729E-02	2.887414E-02	1.676182E-03	9.433817E-06	6.528120E-09	3.068031E-12	1.196363E-15	0.000000E+00	0.000000E+00	1.982057E-18	1.844838E-18	3.708310E-18	4.709503E-19	3.078965E-18	3.704075E-18	2.973933E-18	1.630538E-18	1.348900E-18	3.055248E-18	1.342971E-18	8.940433E-19	0.000000E+00	0.000000E+00	0.000000E+00	0.000000E+00	0.000000E+00	0.000000E+00	0.000000E+00	0.000000E+00	0.000000E+00	0.000000E+00	0.000000E+00	0.000000E+00	0.000000E+00	0.000000E+00	1.124330E-18	1.495384E-18	0.000000E+00	1.355189E-17	4.483081E-18	1.726116E-17	
6.930026E-02	2.887403E-02	1.698401E-03	1.063926E-05	7.048948E-09	3.170734E-12	1.223454E-15	0.000000E+00	0.000000E+00	0.000000E+00	0.000000E+00	0.000000E+00	0.000000E+00	0.000000E+00	0.000000E+00	2.215838E-18	2.282754E-18	1.089708E-18	0.000000E+00	2.066760E-19	0.000000E+00	2.911252E-18	0.000000E+00	0.000000E+00	0.000000E+00	8.847259E-19	9.958990E-19	0.000000E+00	0.000000E+00	0.000000E+00	7.634943E-19	0.000000E+00	0.000000E+00	2.588109E-18	2.161946E-18	5.111367E-18	9.058117E-18	6.169682E-18	1.800199E-17	3.018174E-17	2.325084E-17	
6.930977E-02	2.886795E-02	1.713736E-03	1.188052E-05	7.581488E-09	3.273072E-12	1.237698E-15	0.000000E+00	3.821813E-18	3.726945E-20	3.606666E-18	7.860466E-19	3.201785E-19	0.000000E+00	0.000000E+00	0.000000E+00	1.818580E-18	0.000000E+00	5.532396E-18	5.177489E-18	1.712065E-18	3.118987E-18	6.136754E-19	0.000000E+00	0.000000E+00	0.000000E+00	0.000000E+00	0.000000E+00	0.000000E+00	0.000000E+00	0.000000E+00	1.066626E-18	8.451271E-19	0.000000E+00	0.000000E+00	0.000000E+00	0.000000E+00	4.332944E-18	1.301313E-17	5.284003E-18	4.923008E-18	
6.931060E-02	2.886077E-02	1.724850E-03	1.314304E-05	8.123375E-09	3.375361E-12	1.253853E-15	0.000000E+00	0.000000E+00	0.000000E+00	0.000000E+00	0.000000E+00	0.000000E+00	0.000000E+00	0.000000E+00	0.000000E+00	0.000000E+00	0.000000E+00	0.000000E+00	0.000000E+00	0.000000E+00	0.000000E+00	0.000000E+00	0.000000E+00	0.000000E+00	0.000000E+00	0.000000E+00	0.000000E+00	0.000000E+00	0.000000E+00	0.000000E+00	0.000000E+00	0.000000E+00	0.000000E+00	0.000000E+00	0.000000E+00	0.000000E+00	0.000000E+00	0.000000E+00	0.000000E+00	0.000000E+00	
6.930896E-02	2.885430E-02	1.733204E-03	1.441725E-05	8.673220E-09	3.477695E-12	1.276987E-15	2.134523E-18	1.853308E-18	2.632578E-18	3.603278E-18	1.197705E-18	4.934814E-18	2.633425E-18	3.997148E-18	1.998998E-18	9.203013E-19	0.000000E+00	1.366688E-18	0.000000E+00	0.000000E+00	0.000000E+00	0.000000E+00	0.000000E+00	2.488159E-19	0.000000E+00	0.000000E+00	5.117138E-19	0.000000E+00	3.084153E-18	1.300196E-18	3.904822E-18	0.000000E+00	0.000000E+00	1.848067E-18	3.561297E-18	1.507401E-18	4.956837E-18	1.169731E-17	3.996354E-18	0.000000E+00	
6.930693E-02	2.884893E-02	1.739649E-03	1.569480E-05	9.229685E-09	3.579870E-12	1.292423E-15	5.488773E-18	8.778649E-18	7.677507E-18	6.645821E-18	6.376464E-18	4.287681E-18	4.614635E-18	3.250912E-18	2.131135E-18	3.542292E-18	6.820309E-18	4.390595E-18	4.116580E-18	4.353114E-18	0.000000E+00	2.484771E-18	0.000000E+00	0.000000E+00	0.000000E+00	1.886660E-18	4.298692E-19	2.191168E-18	0.000000E+00	0.000000E+00	0.000000E+00	6.505213E-19	3.031849E-18	1.902171E-18	1.605022E-18	1.435933E-18	0.000000E+00	0.000000E+00	0.000000E+00	0.000000E+00	
