265 	266 	267 	269 	270 	271 	272 	273 	274 	275 	276 	277 	278 	279 	280 	281 	282 	283 	284 	285 	286 	287 	288 	290 	291 	
1.376908E-09 	1.207814E-12 	1.207814E-12 	1.835877E-09 	2.077441E-09 	6.039069E-10 	2.415628E-09 	1.739252E-09 	4.106567E-09 	2.415628E-10 	6.039069E-10 	2.415628E-09 	6.039069E-10 	2.415628E-09 	5.314381E-10 	2.367315E-09 	5.314381E-10 	3.865004E-12 	8.454696E-10 	2.415628E-12 	1.425220E-09 	7.971571E-11 	1.908346E-10 	1.666783E-09 	1.352751E-10 	
1.376905E-09 	1.207811E-12 	1.207812E-12 	1.835872E-09 	2.077439E-09 	6.039055E-10 	2.415622E-09 	1.739249E-09 	4.106560E-09 	2.415623E-10 	6.039058E-10 	2.415624E-09 	6.039058E-10 	2.415624E-09 	5.314370E-10 	2.367310E-09 	5.314370E-10 	3.864993E-12 	8.454683E-10 	2.415624E-12 	1.425218E-09 	7.971542E-11 	1.908343E-10 	1.666780E-09 	1.352747E-10 	
1.376905E-09 	1.207811E-12 	1.207812E-12 	1.835872E-09 	2.077438E-09 	6.039053E-10 	2.415622E-09 	1.739249E-09 	4.106560E-09 	2.415622E-10 	6.039057E-10 	2.415623E-09 	6.039057E-10 	2.415623E-09 	5.314369E-10 	2.367310E-09 	5.314369E-10 	3.864992E-12 	8.454682E-10 	2.415623E-12 	1.425218E-09 	7.971539E-11 	1.908342E-10 	1.666780E-09 	1.352746E-10 	
1.376905E-09 	1.207811E-12 	1.207811E-12 	1.835871E-09 	2.077438E-09 	6.039051E-10 	2.415621E-09 	1.739248E-09 	4.106559E-09 	2.415622E-10 	6.039056E-10 	2.415623E-09 	6.039056E-10 	2.415623E-09 	5.314367E-10 	2.367309E-09 	5.314367E-10 	3.864990E-12 	8.454680E-10 	2.415623E-12 	1.425217E-09 	7.971535E-11 	1.908342E-10 	1.666780E-09 	1.352746E-10 	
1.376904E-09 	1.207810E-12 	1.207811E-12 	1.835870E-09 	2.077438E-09 	6.039049E-10 	2.415620E-09 	1.739248E-09 	4.106558E-09 	2.415621E-10 	6.039054E-10 	2.415622E-09 	6.039054E-10 	2.415622E-09 	5.314365E-10 	2.367308E-09 	5.314365E-10 	3.864989E-12 	8.454678E-10 	2.415622E-12 	1.425217E-09 	7.971531E-11 	1.908342E-10 	1.666779E-09 	1.352745E-10 	
1.376904E-09 	1.207810E-12 	1.207811E-12 	1.835869E-09 	2.077437E-09 	6.039047E-10 	2.415619E-09 	1.739248E-09 	4.106557E-09 	2.415620E-10 	6.039052E-10 	2.415622E-09 	6.039052E-10 	2.415622E-09 	5.314364E-10 	2.367307E-09 	5.314364E-10 	3.864987E-12 	8.454676E-10 	2.415621E-12 	1.425217E-09 	7.971526E-11 	1.908341E-10 	1.666779E-09 	1.352744E-10 	
1.376903E-09 	1.207809E-12 	1.207810E-12 	1.835869E-09 	2.077437E-09 	6.039044E-10 	2.415619E-09 	1.739247E-09 	4.106555E-09 	2.415619E-10 	6.039050E-10 	2.415621E-09 	6.039050E-10 	2.415621E-09 	5.314362E-10 	2.367307E-09 	5.314362E-10 	3.864985E-12 	8.454673E-10 	2.415620E-12 	1.425216E-09 	7.971520E-11 	1.908340E-10 	1.666778E-09 	1.352743E-10 	
1.376903E-09 	1.207809E-12 	1.207810E-12 	1.835868E-09 	2.077436E-09 	6.039041E-10 	2.415617E-09 	1.739246E-09 	4.106554E-09 	2.415618E-10 	6.039048E-10 	2.415620E-09 	6.039048E-10 	2.415620E-09 	5.314359E-10 	2.367306E-09 	5.314359E-10 	3.864982E-12 	8.454670E-10 	2.415620E-12 	1.425216E-09 	7.971514E-11 	1.908340E-10 	1.666778E-09 	1.352742E-10 	
1.376902E-09 	1.207808E-12 	1.207809E-12 	1.835866E-09 	2.077436E-09 	6.039038E-10 	2.415616E-09 	1.739246E-09 	4.106553E-09 	2.415617E-10 	6.039045E-10 	2.415619E-09 	6.039045E-10 	2.415619E-09 	5.314357E-10 	2.367304E-09 	5.314357E-10 	3.864980E-12 	8.454667E-10 	2.415619E-12 	1.425215E-09 	7.971507E-11 	1.908339E-10 	1.666777E-09 	1.352741E-10 	
1.376902E-09 	1.207807E-12 	1.207809E-12 	1.835865E-09 	2.077435E-09 	6.039034E-10 	2.415615E-09 	1.739245E-09 	4.106551E-09 	2.415616E-10 	6.039043E-10 	2.415618E-09 	6.039043E-10 	2.415618E-09 	5.314354E-10 	2.367303E-09 	5.314354E-10 	3.864977E-12 	8.454663E-10 	2.415618E-12 	1.425215E-09 	7.971500E-11 	1.908338E-10 	1.666776E-09 	1.352740E-10 	
1.376901E-09 	1.207807E-12 	1.207808E-12 	1.835864E-09 	2.077434E-09 	6.039030E-10 	2.415613E-09 	1.739244E-09 	4.106549E-09 	2.415615E-10 	6.039039E-10 	2.415617E-09 	6.039039E-10 	2.415617E-09 	5.314351E-10 	2.367302E-09 	5.314351E-10 	3.864973E-12 	8.454659E-10 	2.415616E-12 	1.425214E-09 	7.971491E-11 	1.908337E-10 	1.666775E-09 	1.352739E-10 	
1.376900E-09 	1.207806E-12 	1.207808E-12 	1.835862E-09 	2.077434E-09 	6.039025E-10 	2.415612E-09 	1.739243E-09 	4.106547E-09 	2.415613E-10 	6.039036E-10 	2.415616E-09 	6.039036E-10 	2.415616E-09 	5.314347E-10 	2.367300E-09 	5.314347E-10 	3.864970E-12 	8.454655E-10 	2.415615E-12 	1.425213E-09 	7.971481E-11 	1.908336E-10 	1.666774E-09 	1.352737E-10 	
1.376899E-09 	1.207805E-12 	1.207807E-12 	1.835860E-09 	2.077433E-09 	6.039020E-10 	2.415610E-09 	1.739242E-09 	4.106544E-09 	2.415611E-10 	6.039032E-10 	2.415614E-09 	6.039032E-10 	2.415614E-09 	5.314343E-10 	2.367298E-09 	5.314343E-10 	3.864965E-12 	8.454650E-10 	2.415613E-12 	1.425212E-09 	7.971470E-11 	1.908335E-10 	1.666773E-09 	1.352735E-10 	
1.376898E-09 	1.207804E-12 	1.207806E-12 	1.835858E-09 	2.077432E-09 	6.039014E-10 	2.415607E-09 	1.739241E-09 	4.106541E-09 	2.415609E-10 	6.039027E-10 	2.415613E-09 	6.039027E-10 	2.415613E-09 	5.314338E-10 	2.367296E-09 	5.314338E-10 	3.864961E-12 	8.454644E-10 	2.415612E-12 	1.425211E-09 	7.971458E-11 	1.908334E-10 	1.666772E-09 	1.352733E-10 	
1.376897E-09 	1.207802E-12 	1.207805E-12 	1.835856E-09 	2.077431E-09 	6.039007E-10 	2.415605E-09 	1.739240E-09 	4.106538E-09 	2.415607E-10 	6.039022E-10 	2.415611E-09 	6.039022E-10 	2.415611E-09 	5.314333E-10 	2.367294E-09 	5.314333E-10 	3.864955E-12 	8.454638E-10 	2.415610E-12 	1.425210E-09 	7.971445E-11 	1.908333E-10 	1.666771E-09 	1.352731E-10 	
1.376896E-09 	1.207801E-12 	1.207804E-12 	1.835853E-09 	2.077429E-09 	6.039000E-10 	2.415602E-09 	1.739238E-09 	4.106535E-09 	2.415604E-10 	6.039016E-10 	2.415609E-09 	6.039016E-10 	2.415609E-09 	5.314327E-10 	2.367291E-09 	5.314327E-10 	3.864949E-12 	8.454631E-10 	2.415608E-12 	1.425209E-09 	7.971429E-11 	1.908331E-10 	1.666769E-09 	1.352729E-10 	
1.376894E-09 	1.207800E-12 	1.207803E-12 	1.835851E-09 	2.077428E-09 	6.038992E-10 	2.415599E-09 	1.739237E-09 	4.106531E-09 	2.415602E-10 	6.039010E-10 	2.415607E-09 	6.039010E-10 	2.415607E-09 	5.314321E-10 	2.367288E-09 	5.314321E-10 	3.864943E-12 	8.454623E-10 	2.415605E-12 	1.425208E-09 	7.971412E-11 	1.908329E-10 	1.666768E-09 	1.352726E-10 	
1.376893E-09 	1.207798E-12 	1.207801E-12 	1.835847E-09 	2.077427E-09 	6.038982E-10 	2.415596E-09 	1.739235E-09 	4.106527E-09 	2.415598E-10 	6.039003E-10 	2.415604E-09 	6.039003E-10 	2.415604E-09 	5.314313E-10 	2.367285E-09 	5.314313E-10 	3.864935E-12 	8.454614E-10 	2.415603E-12 	1.425206E-09 	7.971392E-11 	1.908327E-10 	1.666766E-09 	1.352723E-10 	
1.376891E-09 	1.207796E-12 	1.207800E-12 	1.835844E-09 	2.077425E-09 	6.038972E-10 	2.415592E-09 	1.739233E-09 	4.106522E-09 	2.415595E-10 	6.038995E-10 	2.415601E-09 	6.038995E-10 	2.415601E-09 	5.314305E-10 	2.367281E-09 	5.314305E-10 	3.864927E-12 	8.454604E-10 	2.415600E-12 	1.425205E-09 	7.971371E-11 	1.908325E-10 	1.666764E-09 	1.352719E-10 	
1.376889E-09 	1.207794E-12 	1.207798E-12 	1.835840E-09 	2.077423E-09 	6.038960E-10 	2.415587E-09 	1.739230E-09 	4.106516E-09 	2.415591E-10 	6.038986E-10 	2.415598E-09 	6.038986E-10 	2.415598E-09 	5.314296E-10 	2.367277E-09 	5.314296E-10 	3.864917E-12 	8.454592E-10 	2.415596E-12 	1.425203E-09 	7.971346E-11 	1.908322E-10 	1.666761E-09 	1.352715E-10 	
1.376886E-09 	1.207791E-12 	1.207796E-12 	1.835835E-09 	2.077421E-09 	6.038946E-10 	2.415582E-09 	1.739228E-09 	4.106510E-09 	2.415586E-10 	6.038976E-10 	2.415594E-09 	6.038976E-10 	2.415594E-09 	5.314286E-10 	2.367273E-09 	5.314286E-10 	3.864907E-12 	8.454580E-10 	2.415592E-12 	1.425201E-09 	7.971319E-11 	1.908319E-10 	1.666759E-09 	1.352711E-10 	
1.376884E-09 	1.207788E-12 	1.207794E-12 	1.835830E-09 	2.077418E-09 	6.038932E-10 	2.415577E-09 	1.739225E-09 	4.106503E-09 	2.415581E-10 	6.038964E-10 	2.415590E-09 	6.038964E-10 	2.415590E-09 	5.314274E-10 	2.367268E-09 	5.314274E-10 	3.864895E-12 	8.454566E-10 	2.415588E-12 	1.425198E-09 	7.971288E-11 	1.908316E-10 	1.666756E-09 	1.352706E-10 	
1.376881E-09 	1.207785E-12 	1.207792E-12 	1.835824E-09 	2.077415E-09 	6.038915E-10 	2.415571E-09 	1.739222E-09 	4.106496E-09 	2.415576E-10 	6.038952E-10 	2.415586E-09 	6.038952E-10 	2.415586E-09 	5.314261E-10 	2.367262E-09 	5.314261E-10 	3.864882E-12 	8.454550E-10 	2.415583E-12 	1.425196E-09 	7.971254E-11 	1.908313E-10 	1.666752E-09 	1.352700E-10 	
1.376878E-09 	1.207782E-12 	1.207789E-12 	1.835818E-09 	2.077412E-09 	6.038896E-10 	2.415564E-09 	1.739218E-09 	4.106487E-09 	2.415569E-10 	6.038937E-10 	2.415581E-09 	6.038937E-10 	2.415581E-09 	5.314247E-10 	2.367255E-09 	5.314247E-10 	3.864867E-12 	8.454532E-10 	2.415578E-12 	1.425193E-09 	7.971215E-11 	1.908309E-10 	1.666749E-09 	1.352694E-10 	
1.376874E-09 	1.207778E-12 	1.207786E-12 	1.835811E-09 	2.077409E-09 	6.038875E-10 	2.415556E-09 	1.739214E-09 	4.106477E-09 	2.415562E-10 	6.038921E-10 	2.415575E-09 	6.038921E-10 	2.415575E-09 	5.314230E-10 	2.367248E-09 	5.314230E-10 	3.864850E-12 	8.454512E-10 	2.415572E-12 	1.425189E-09 	7.971172E-11 	1.908304E-10 	1.666744E-09 	1.352687E-10 	
1.376870E-09 	1.207774E-12 	1.207782E-12 	1.835803E-09 	2.077405E-09 	6.038851E-10 	2.415547E-09 	1.739209E-09 	4.106466E-09 	2.415554E-10 	6.038903E-10 	2.415568E-09 	6.038903E-10 	2.415568E-09 	5.314212E-10 	2.367240E-09 	5.314212E-10 	3.864831E-12 	8.454489E-10 	2.415565E-12 	1.425185E-09 	7.971123E-11 	1.908299E-10 	1.666740E-09 	1.352679E-10 	
1.376865E-09 	1.207769E-12 	1.207779E-12 	1.835794E-09 	2.077401E-09 	6.038825E-10 	2.415538E-09 	1.739204E-09 	4.106454E-09 	2.415546E-10 	6.038883E-10 	2.415561E-09 	6.038883E-10 	2.415561E-09 	5.314192E-10 	2.367231E-09 	5.314192E-10 	3.864810E-12 	8.454464E-10 	2.415557E-12 	1.425181E-09 	7.971068E-11 	1.908293E-10 	1.666734E-09 	1.352671E-10 	
1.376860E-09 	1.207763E-12 	1.207774E-12 	1.835784E-09 	2.077396E-09 	6.038795E-10 	2.415527E-09 	1.739198E-09 	4.106440E-09 	2.415536E-10 	6.038861E-10 	2.415553E-09 	6.038861E-10 	2.415553E-09 	5.314168E-10 	2.367221E-09 	5.314168E-10 	3.864787E-12 	8.454436E-10 	2.415549E-12 	1.425176E-09 	7.971007E-11 	1.908287E-10 	1.666729E-09 	1.352661E-10 	
1.376854E-09 	1.207757E-12 	1.207770E-12 	1.835772E-09 	2.077390E-09 	6.038762E-10 	2.415514E-09 	1.739192E-09 	4.106425E-09 	2.415524E-10 	6.038835E-10 	2.415544E-09 	6.038835E-10 	2.415544E-09 	5.314143E-10 	2.367209E-09 	5.314143E-10 	3.864760E-12 	8.454404E-10 	2.415539E-12 	1.425171E-09 	7.970938E-11 	1.908280E-10 	1.666722E-09 	1.352650E-10 	
1.376848E-09 	1.207750E-12 	1.207764E-12 	1.835760E-09 	2.077384E-09 	6.038724E-10 	2.415501E-09 	1.739184E-09 	4.106407E-09 	2.415512E-10 	6.038807E-10 	2.415534E-09 	6.038807E-10 	2.415534E-09 	5.314114E-10 	2.367196E-09 	5.314114E-10 	3.864730E-12 	8.454368E-10 	2.415528E-12 	1.425165E-09 	7.970861E-11 	1.908272E-10 	1.666714E-09 	1.352637E-10 	
1.376841E-09 	1.207743E-12 	1.207758E-12 	1.835745E-09 	2.077377E-09 	6.038682E-10 	2.415485E-09 	1.739176E-09 	4.106388E-09 	2.415498E-10 	6.038775E-10 	2.415522E-09 	6.038775E-10 	2.415522E-09 	5.314081E-10 	2.367182E-09 	5.314081E-10 	3.864697E-12 	8.454328E-10 	2.415516E-12 	1.425158E-09 	7.970775E-11 	1.908263E-10 	1.666706E-09 	1.352623E-10 	
1.376832E-09 	1.207734E-12 	1.207751E-12 	1.835729E-09 	2.077369E-09 	6.038635E-10 	2.415468E-09 	1.739167E-09 	4.106366E-09 	2.415482E-10 	6.038739E-10 	2.415509E-09 	6.038739E-10 	2.415509E-09 	5.314044E-10 	2.367165E-09 	5.314044E-10 	3.864660E-12 	8.454283E-10 	2.415503E-12 	1.425151E-09 	7.970678E-11 	1.908252E-10 	1.666697E-09 	1.352608E-10 	
1.376823E-09 	1.207724E-12 	1.207744E-12 	1.835711E-09 	2.077360E-09 	6.038582E-10 	2.415448E-09 	1.739156E-09 	4.106342E-09 	2.415464E-10 	6.038699E-10 	2.415495E-09 	6.038699E-10 	2.415495E-09 	5.314004E-10 	2.367147E-09 	5.314004E-10 	3.864618E-12 	8.454233E-10 	2.415487E-12 	1.425142E-09 	7.970569E-11 	1.908241E-10 	1.666686E-09 	1.352590E-10 	
1.376813E-09 	1.207713E-12 	1.207735E-12 	1.835691E-09 	2.077351E-09 	6.038523E-10 	2.415427E-09 	1.739145E-09 	4.106314E-09 	2.415444E-10 	6.038654E-10 	2.415479E-09 	6.038654E-10 	2.415479E-09 	5.313958E-10 	2.367127E-09 	5.313958E-10 	3.864571E-12 	8.454176E-10 	2.415470E-12 	1.425133E-09 	7.970446E-11 	1.908228E-10 	1.666674E-09 	1.352570E-10 	
1.376801E-09 	1.207701E-12 	1.207726E-12 	1.835668E-09 	2.077340E-09 	6.038456E-10 	2.415402E-09 	1.739132E-09 	4.106283E-09 	2.415422E-10 	6.038603E-10 	2.415461E-09 	6.038603E-10 	2.415461E-09 	5.313906E-10 	2.367104E-09 	5.313906E-10 	3.864518E-12 	8.454113E-10 	2.415451E-12 	1.425122E-09 	7.970309E-11 	1.908214E-10 	1.666661E-09 	1.352548E-10 	
1.376789E-09 	1.207687E-12 	1.207715E-12 	1.835643E-09 	2.077327E-09 	6.038381E-10 	2.415374E-09 	1.739117E-09 	4.106249E-09 	2.415396E-10 	6.038546E-10 	2.415440E-09 	6.038546E-10 	2.415440E-09 	5.313848E-10 	2.367078E-09 	5.313848E-10 	3.864459E-12 	8.454042E-10 	2.415429E-12 	1.425110E-09 	7.970156E-11 	1.908198E-10 	1.666646E-09 	1.352524E-10 	
1.376774E-09 	1.207672E-12 	1.207703E-12 	1.835614E-09 	2.077313E-09 	6.038297E-10 	2.415344E-09 	1.739101E-09 	4.106210E-09 	2.415368E-10 	6.038482E-10 	2.415418E-09 	6.038482E-10 	2.415418E-09 	5.313783E-10 	2.367049E-09 	5.313783E-10 	3.864392E-12 	8.453962E-10 	2.415405E-12 	1.425096E-09 	7.969983E-11 	1.908180E-10 	1.666630E-09 	1.352496E-10 	
1.376758E-09 	1.207655E-12 	1.207689E-12 	1.835582E-09 	2.077298E-09 	6.038203E-10 	2.415309E-09 	1.739082E-09 	4.106167E-09 	2.415337E-10 	6.038411E-10 	2.415392E-09 	6.038411E-10 	2.415392E-09 	5.313710E-10 	2.367016E-09 	5.313710E-10 	3.864317E-12 	8.453872E-10 	2.415378E-12 	1.425081E-09 	7.969790E-11 	1.908160E-10 	1.666611E-09 	1.352465E-10 	
1.376739E-09 	1.207635E-12 	1.207674E-12 	1.835546E-09 	2.077280E-09 	6.038098E-10 	2.415270E-09 	1.739062E-09 	4.106118E-09 	2.415301E-10 	6.038331E-10 	2.415363E-09 	6.038331E-10 	2.415363E-09 	5.313629E-10 	2.366980E-09 	5.313629E-10 	3.864234E-12 	8.453772E-10 	2.415348E-12 	1.425064E-09 	7.969573E-11 	1.908137E-10 	1.666590E-09 	1.352430E-10 	
1.376719E-09 	1.207613E-12 	1.207657E-12 	1.835506E-09 	2.077261E-09 	6.037980E-10 	2.415227E-09 	1.739038E-09 	4.106063E-09 	2.415261E-10 	6.038241E-10 	2.415331E-09 	6.038241E-10 	2.415331E-09 	5.313537E-10 	2.366939E-09 	5.313537E-10 	3.864140E-12 	8.453659E-10 	2.415314E-12 	1.425045E-09 	7.969329E-11 	1.908112E-10 	1.666566E-09 	1.352390E-10 	
1.376696E-09 	1.207589E-12 	1.207638E-12 	1.835461E-09 	2.077239E-09 	6.037847E-10 	2.415178E-09 	1.739012E-09 	4.106002E-09 	2.415217E-10 	6.038140E-10 	2.415295E-09 	6.038140E-10 	2.415295E-09 	5.313434E-10 	2.366893E-09 	5.313434E-10 	3.864035E-12 	8.453533E-10 	2.415275E-12 	1.425024E-09 	7.969056E-11 	1.908083E-10 	1.666540E-09 	1.352347E-10 	
1.376670E-09 	1.207561E-12 	1.207616E-12 	1.835410E-09 	2.077214E-09 	6.037698E-10 	2.415123E-09 	1.738983E-09 	4.105933E-09 	2.415167E-10 	6.038027E-10 	2.415254E-09 	6.038027E-10 	2.415254E-09 	5.313319E-10 	2.366842E-09 	5.313319E-10 	3.863916E-12 	8.453391E-10 	2.415233E-12 	1.425000E-09 	7.968750E-11 	1.908051E-10 	1.666510E-09 	1.352297E-10 	
1.376641E-09 	1.207531E-12 	1.207592E-12 	1.835353E-09 	2.077187E-09 	6.037531E-10 	2.415062E-09 	1.738950E-09 	4.105855E-09 	2.415111E-10 	6.037900E-10 	2.415209E-09 	6.037900E-10 	2.415209E-09 	5.313189E-10 	2.366784E-09 	5.313189E-10 	3.863784E-12 	8.453232E-10 	2.415184E-12 	1.424973E-09 	7.968406E-11 	1.908015E-10 	1.666477E-09 	1.352242E-10 	
1.376609E-09 	1.207496E-12 	1.207565E-12 	1.835290E-09 	2.077156E-09 	6.037344E-10 	2.414993E-09 	1.738914E-09 	4.105769E-09 	2.415048E-10 	6.037757E-10 	2.415158E-09 	6.037757E-10 	2.415158E-09 	5.313044E-10 	2.366720E-09 	5.313044E-10 	3.863635E-12 	8.453053E-10 	2.415130E-12 	1.424943E-09 	7.968021E-11 	1.907975E-10 	1.666440E-09 	1.352180E-10 	
1.376572E-09 	1.207458E-12 	1.207535E-12 	1.835218E-09 	2.077121E-09 	6.037133E-10 	2.414915E-09 	1.738873E-09 	4.105671E-09 	2.414977E-10 	6.037597E-10 	2.415101E-09 	6.037597E-10 	2.415101E-09 	5.312881E-10 	2.366647E-09 	5.312881E-10 	3.863469E-12 	8.452853E-10 	2.415070E-12 	1.424909E-09 	7.967589E-11 	1.907930E-10 	1.666398E-09 	1.352110E-10 	
1.376531E-09 	1.207414E-12 	1.207501E-12 	1.835138E-09 	2.077082E-09 	6.036898E-10 	2.414828E-09 	1.738826E-09 	4.105562E-09 	2.414898E-10 	6.037418E-10 	2.415037E-09 	6.037418E-10 	2.415037E-09 	5.312699E-10 	2.366566E-09 	5.312699E-10 	3.863282E-12 	8.452628E-10 	2.415002E-12 	1.424872E-09 	7.967105E-11 	1.907879E-10 	1.666351E-09 	1.352032E-10 	
1.376485E-09 	1.207366E-12 	1.207463E-12 	1.835048E-09 	2.077038E-09 	6.036633E-10 	2.414731E-09 	1.738775E-09 	4.105440E-09 	2.414809E-10 	6.037217E-10 	2.414965E-09 	6.037217E-10 	2.414965E-09 	5.312494E-10 	2.366475E-09 	5.312494E-10 	3.863072E-12 	8.452376E-10 	2.414926E-12 	1.424829E-09 	7.966562E-11 	1.907822E-10 	1.666299E-09 	1.351945E-10 	
1.376434E-09 	1.207311E-12 	1.207420E-12 	1.834947E-09 	2.076989E-09 	6.036337E-10 	2.414622E-09 	1.738716E-09 	4.105303E-09 	2.414709E-10 	6.036991E-10 	2.414884E-09 	6.036991E-10 	2.414884E-09 	5.312264E-10 	2.366372E-09 	5.312264E-10 	3.862837E-12 	8.452094E-10 	2.414840E-12 	1.424781E-09 	7.965953E-11 	1.907758E-10 	1.666240E-09 	1.351847E-10 	
1.376376E-09 	1.207250E-12 	1.207372E-12 	1.834834E-09 	2.076934E-09 	6.036005E-10 	2.414500E-09 	1.738651E-09 	4.105149E-09 	2.414597E-10 	6.036738E-10 	2.414793E-09 	6.036738E-10 	2.414793E-09 	5.312007E-10 	2.366258E-09 	5.312007E-10 	3.862574E-12 	8.451777E-10 	2.414744E-12 	1.424728E-09 	7.965271E-11 	1.907687E-10 	1.666174E-09 	1.351737E-10 	
1.376312E-09 	1.207181E-12 	1.207318E-12 	1.834707E-09 	2.076872E-09 	6.035632E-10 	2.414362E-09 	1.738578E-09 	4.104976E-09 	2.414472E-10 	6.036455E-10 	2.414692E-09 	6.036455E-10 	2.414692E-09 	5.311718E-10 	2.366129E-09 	5.311718E-10 	3.862279E-12 	8.451421E-10 	2.414637E-12 	1.424668E-09 	7.964506E-11 	1.907606E-10 	1.666099E-09 	1.351614E-10 	
1.376239E-09 	1.207104E-12 	1.207258E-12 	1.834565E-09 	2.076803E-09 	6.035214E-10 	2.414209E-09 	1.738496E-09 	4.104782E-09 	2.414332E-10 	6.036137E-10 	2.414578E-09 	6.036137E-10 	2.414578E-09 	5.311394E-10 	2.365985E-09 	5.311394E-10 	3.861947E-12 	8.451022E-10 	2.414516E-12 	1.424601E-09 	7.963649E-11 	1.907516E-10 	1.666016E-09 	1.351476E-10 	
1.376158E-09 	1.207018E-12 	1.207191E-12 	1.834406E-09 	2.076725E-09 	6.034745E-10 	2.414036E-09 	1.738404E-09 	4.104565E-09 	2.414174E-10 	6.035780E-10 	2.414450E-09 	6.035780E-10 	2.414450E-09 	5.311031E-10 	2.365823E-09 	5.311031E-10 	3.861576E-12 	8.450575E-10 	2.414381E-12 	1.424526E-09 	7.962688E-11 	1.907416E-10 	1.665923E-09 	1.351321E-10 	
1.376067E-09 	1.206921E-12 	1.207115E-12 	1.834227E-09 	2.076638E-09 	6.034220E-10 	2.413843E-09 	1.738301E-09 	4.104322E-09 	2.413997E-10 	6.035380E-10 	2.414307E-09 	6.035380E-10 	2.414307E-09 	5.310624E-10 	2.365642E-09 	5.310624E-10 	3.861160E-12 	8.450074E-10 	2.414229E-12 	1.424441E-09 	7.961612E-11 	1.907302E-10 	1.665818E-09 	1.351147E-10 	
1.375964E-09 	1.206813E-12 	1.207030E-12 	1.834027E-09 	2.076541E-09 	6.033632E-10 	2.413626E-09 	1.738185E-09 	4.104049E-09 	2.413799E-10 	6.034932E-10 	2.414146E-09 	6.034932E-10 	2.414146E-09 	5.310167E-10 	2.365438E-09 	5.310167E-10 	3.860694E-12 	8.449512E-10 	2.414059E-12 	1.424346E-09 	7.960406E-11 	1.907176E-10 	1.665701E-09 	1.350953E-10 	
1.375850E-09 	1.206691E-12 	1.206934E-12 	1.833802E-09 	2.076431E-09 	6.032972E-10 	2.413383E-09 	1.738056E-09 	4.103743E-09 	2.413577E-10 	6.034429E-10 	2.413966E-09 	6.034429E-10 	2.413966E-09 	5.309656E-10 	2.365210E-09 	5.309656E-10 	3.860172E-12 	8.448882E-10 	2.413869E-12 	1.424240E-09 	7.959055E-11 	1.907033E-10 	1.665570E-09 	1.350736E-10 	
1.375721E-09 	1.206555E-12 	1.206828E-12 	1.833551E-09 	2.076308E-09 	6.032233E-10 	2.413111E-09 	1.737910E-09 	4.103399E-09 	2.413328E-10 	6.033865E-10 	2.413764E-09 	6.033865E-10 	2.413764E-09 	5.309083E-10 	2.364955E-09 	5.309083E-10 	3.859587E-12 	8.448175E-10 	2.413655E-12 	1.424121E-09 	7.957543E-11 	1.906874E-10 	1.665422E-09 	1.350492E-10 	
1.375577E-09 	1.206403E-12 	1.206708E-12 	1.833270E-09 	2.076171E-09 	6.031404E-10 	2.412805E-09 	1.737747E-09 	4.103015E-09 	2.413049E-10 	6.033234E-10 	2.413538E-09 	6.033234E-10 	2.413538E-09 	5.308440E-10 	2.364669E-09 	5.308440E-10 	3.858932E-12 	8.447383E-10 	2.413416E-12 	1.423987E-09 	7.955850E-11 	1.906695E-10 	1.665257E-09 	1.350219E-10 	
1.375416E-09 	1.206232E-12 	1.206574E-12 	1.832954E-09 	2.076016E-09 	6.030476E-10 	2.412464E-09 	1.737565E-09 	4.102584E-09 	2.412737E-10 	6.032526E-10 	2.413285E-09 	6.032526E-10 	2.413285E-09 	5.307720E-10 	2.364348E-09 	5.307720E-10 	3.858198E-12 	8.446496E-10 	2.413147E-12 	1.423838E-09 	7.953955E-11 	1.906495E-10 	1.665072E-09 	1.349914E-10 	
1.375235E-09 	1.206040E-12 	1.206423E-12 	1.832601E-09 	2.075843E-09 	6.029437E-10 	2.412081E-09 	1.737360E-09 	4.102101E-09 	2.412387E-10 	6.031733E-10 	2.413000E-09 	6.031733E-10 	2.413000E-09 	5.306914E-10 	2.363989E-09 	5.306914E-10 	3.857377E-12 	8.445501E-10 	2.412847E-12 	1.423670E-09 	7.951835E-11 	1.906270E-10 	1.664864E-09 	1.349572E-10 	
1.375033E-09 	1.205826E-12 	1.206255E-12 	1.832206E-09 	2.075649E-09 	6.028274E-10 	2.411652E-09 	1.737131E-09 	4.101559E-09 	2.411995E-10 	6.030845E-10 	2.412682E-09 	6.030845E-10 	2.412682E-09 	5.306011E-10 	2.363587E-09 	5.306011E-10 	3.856457E-12 	8.444387E-10 	2.412510E-12 	1.423482E-09 	7.949464E-11 	1.906019E-10 	1.664632E-09 	1.349190E-10 	
1.374806E-09 	1.205586E-12 	1.206066E-12 	1.831763E-09 	2.075432E-09 	6.026971E-10 	2.411172E-09 	1.736874E-09 	4.100953E-09 	2.411555E-10 	6.029850E-10 	2.412325E-09 	6.029850E-10 	2.412325E-09 	5.305000E-10 	2.363136E-09 	5.305000E-10 	3.855429E-12 	8.443138E-10 	2.412133E-12 	1.423272E-09 	7.946814E-11 	1.905737E-10 	1.664371E-09 	1.348762E-10 	
1.374552E-09 	1.205317E-12 	1.205855E-12 	1.831268E-09 	2.075188E-09 	6.025513E-10 	2.410634E-09 	1.736587E-09 	4.100274E-09 	2.411064E-10 	6.028736E-10 	2.411926E-09 	6.028736E-10 	2.411926E-09 	5.303868E-10 	2.362632E-09 	5.303868E-10 	3.854279E-12 	8.441740E-10 	2.411710E-12 	1.423036E-09 	7.943851E-11 	1.905421E-10 	1.664080E-09 	1.348284E-10 	
1.374267E-09 	1.205016E-12 	1.205618E-12 	1.830715E-09 	2.074915E-09 	6.023882E-10 	2.410033E-09 	1.736264E-09 	4.099513E-09 	2.410513E-10 	6.027488E-10 	2.411478E-09 	6.027488E-10 	2.411478E-09 	5.302601E-10 	2.362068E-09 	5.302601E-10 	3.852992E-12 	8.440174E-10 	2.411237E-12 	1.422772E-09 	7.940542E-11 	1.905068E-10 	1.663753E-09 	1.347750E-10 	
1.373949E-09 	1.204680E-12 	1.205354E-12 	1.830096E-09 	2.074609E-09 	6.022058E-10 	2.409360E-09 	1.735904E-09 	4.098662E-09 	2.409898E-10 	6.026092E-10 	2.410977E-09 	6.026092E-10 	2.410977E-09 	5.301183E-10 	2.361436E-09 	5.301183E-10 	3.851555E-12 	8.438421E-10 	2.410707E-12 	1.422477E-09 	7.936848E-11 	1.904672E-10 	1.663388E-09 	1.347154E-10 	
1.373593E-09 	1.204304E-12 	1.205057E-12 	1.829405E-09 	2.074266E-09 	6.020019E-10 	2.408607E-09 	1.735500E-09 	4.097709E-09 	2.409209E-10 	6.024530E-10 	2.410417E-09 	6.024530E-10 	2.410417E-09 	5.299597E-10 	2.360730E-09 	5.299597E-10 	3.849950E-12 	8.436459E-10 	2.410114E-12 	1.422146E-09 	7.932727E-11 	1.904229E-10 	1.662979E-09 	1.346489E-10 	
1.373194E-09 	1.203883E-12 	1.204726E-12 	1.828632E-09 	2.073883E-09 	6.017741E-10 	2.407766E-09 	1.735048E-09 	4.096642E-09 	2.408439E-10 	6.022783E-10 	2.409790E-09 	6.022783E-10 	2.409790E-09 	5.297825E-10 	2.359940E-09 	5.297825E-10 	3.848158E-12 	8.434263E-10 	2.409451E-12 	1.421776E-09 	7.928132E-11 	1.903734E-10 	1.662521E-09 	1.345747E-10 	
1.372749E-09 	1.203413E-12 	1.204355E-12 	1.827770E-09 	2.073453E-09 	6.015196E-10 	2.406827E-09 	1.734543E-09 	4.095449E-09 	2.407578E-10 	6.020829E-10 	2.409088E-09 	6.020829E-10 	2.409088E-09 	5.295844E-10 	2.359058E-09 	5.295844E-10 	3.846158E-12 	8.431808E-10 	2.408709E-12 	1.421362E-09 	7.923014E-11 	1.903179E-10 	1.662009E-09 	1.344920E-10 	
1.372251E-09 	1.202889E-12 	1.203940E-12 	1.826808E-09 	2.072973E-09 	6.012355E-10 	2.405777E-09 	1.733978E-09 	4.094116E-09 	2.406616E-10 	6.018645E-10 	2.408303E-09 	6.018645E-10 	2.408303E-09 	5.293632E-10 	2.358072E-09 	5.293632E-10 	3.843929E-12 	8.429062E-10 	2.407880E-12 	1.420899E-09 	7.917316E-11 	1.902560E-10 	1.661437E-09 	1.343999E-10 	
1.371695E-09 	1.202303E-12 	1.203477E-12 	1.825736E-09 	2.072435E-09 	6.009185E-10 	2.404606E-09 	1.733347E-09 	4.092625E-09 	2.405542E-10 	6.016206E-10 	2.407427E-09 	6.016206E-10 	2.407427E-09 	5.291162E-10 	2.356972E-09 	5.291162E-10 	3.841446E-12 	8.425993E-10 	2.406954E-12 	1.420382E-09 	7.910980E-11 	1.901867E-10 	1.660798E-09 	1.342975E-10 	
1.371074E-09 	1.201650E-12 	1.202960E-12 	1.824542E-09 	2.071833E-09 	6.005652E-10 	2.403300E-09 	1.732642E-09 	4.090960E-09 	2.404343E-10 	6.013482E-10 	2.406447E-09 	6.013482E-10 	2.406447E-09 	5.288406E-10 	2.355744E-09 	5.288406E-10 	3.838681E-12 	8.422565E-10 	2.405919E-12 	1.419804E-09 	7.903943E-11 	1.901093E-10 	1.660084E-09 	1.341837E-10 	
1.370381E-09 	1.200922E-12 	1.202382E-12 	1.823212E-09 	2.071160E-09 	6.001716E-10 	2.401843E-09 	1.731855E-09 	4.089101E-09 	2.403007E-10 	6.010442E-10 	2.405354E-09 	6.010442E-10 	2.405354E-09 	5.285334E-10 	2.354376E-09 	5.285334E-10 	3.835607E-12 	8.418738E-10 	2.404764E-12 	1.419159E-09 	7.896135E-11 	1.900229E-10 	1.659287E-09 	1.340573E-10 	
1.369608E-09 	1.200111E-12 	1.201738E-12 	1.821734E-09 	2.070408E-09 	5.997336E-10 	2.400222E-09 	1.730976E-09 	4.087027E-09 	2.401517E-10 	6.007053E-10 	2.404133E-09 	6.007053E-10 	2.404133E-09 	5.281911E-10 	2.352851E-09 	5.281911E-10 	3.832193E-12 	8.414467E-10 	2.403476E-12 	1.418439E-09 	7.887485E-11 	1.899265E-10 	1.658399E-09 	1.339172E-10 	
1.368747E-09 	1.199209E-12 	1.201020E-12 	1.820093E-09 	2.069568E-09 	5.992466E-10 	2.398418E-09 	1.729996E-09 	4.084714E-09 	2.399859E-10 	6.003277E-10 	2.402773E-09 	6.003277E-10 	2.402773E-09 	5.278102E-10 	2.351154E-09 	5.278102E-10 	3.828405E-12 	8.409705E-10 	2.402040E-12 	1.417636E-09 	7.877917E-11 	1.898190E-10 	1.657408E-09 	1.337621E-10 	
1.367789E-09 	1.198206E-12 	1.200221E-12 	1.818272E-09 	2.068630E-09 	5.987058E-10 	2.396412E-09 	1.728905E-09 	4.082136E-09 	2.398014E-10 	5.999072E-10 	2.401257E-09 	5.999072E-10 	2.401257E-09 	5.273866E-10 	2.349267E-09 	5.273866E-10 	3.824209E-12 	8.404398E-10 	2.400441E-12 	1.416741E-09 	7.867352E-11 	1.896993E-10 	1.656304E-09 	1.335907E-10 	
1.366722E-09 	1.197093E-12 	1.199331E-12 	1.816255E-09 	2.067584E-09 	5.981059E-10 	2.394186E-09 	1.727689E-09 	4.079267E-09 	2.395964E-10 	5.994396E-10 	2.399569E-09 	5.994396E-10 	2.399569E-09 	5.269161E-10 	2.347172E-09 	5.269161E-10 	3.819567E-12 	8.398491E-10 	2.398662E-12 	1.415746E-09 	7.855707E-11 	1.895659E-10 	1.655076E-09 	1.334017E-10 	
1.365538E-09 	1.195859E-12 	1.198342E-12 	1.814024E-09 	2.066417E-09 	5.974413E-10 	2.391717E-09 	1.726338E-09 	4.076075E-09 	2.393689E-10 	5.989200E-10 	2.397691E-09 	5.989200E-10 	2.397691E-09 	5.263941E-10 	2.344846E-09 	5.263941E-10 	3.814442E-12 	8.391920E-10 	2.396683E-12 	1.414638E-09 	7.842902E-11 	1.894176E-10 	1.653711E-09 	1.331936E-10 	
1.364223E-09 	1.194492E-12 	1.197243E-12 	1.811562E-09 	2.065117E-09 	5.967065E-10 	2.388984E-09 	1.724836E-09 	4.072530E-09 	2.391166E-10 	5.983434E-10 	2.395606E-09 	5.983434E-10 	2.395606E-09 	5.258159E-10 	2.342271E-09 	5.258159E-10 	3.808793E-12 	8.384620E-10 	2.394486E-12 	1.413407E-09 	7.828855E-11 	1.892528E-10 	1.652196E-09 	1.329650E-10 	
1.362766E-09 	1.192981E-12 	1.196025E-12 	1.808848E-09 	2.063669E-09 	5.958952E-10 	2.385963E-09 	1.723170E-09 	4.068595E-09 	2.388375E-10 	5.977043E-10 	2.393291E-09 	5.977043E-10 	2.393291E-09 	5.251762E-10 	2.339421E-09 	5.251762E-10 	3.802581E-12 	8.376519E-10 	2.392050E-12 	1.412042E-09 	7.813487E-11 	1.890700E-10 	1.650515E-09 	1.327146E-10 	
1.361154E-09 	1.191314E-12 	1.194676E-12 	1.805866E-09 	2.062059E-09 	5.950013E-10 	2.382629E-09 	1.721323E-09 	4.064234E-09 	2.385290E-10 	5.969972E-10 	2.390726E-09 	5.969972E-10 	2.390726E-09 	5.244700E-10 	2.336275E-09 	5.244700E-10 	3.795766E-12 	8.367541E-10 	2.389352E-12 	1.410528E-09 	7.796727E-11 	1.888674E-10 	1.648653E-09 	1.324412E-10 	
1.359372E-09 	1.189479E-12 	1.193185E-12 	1.802594E-09 	2.060270E-09 	5.940186E-10 	2.378958E-09 	1.719279E-09 	4.059409E-09 	2.381887E-10 	5.962159E-10 	2.387888E-09 	5.962159E-10 	2.387888E-09 	5.236917E-10 	2.332808E-09 	5.236917E-10 	3.788311E-12 	8.357607E-10 	2.386370E-12 	1.408854E-09 	7.778511E-11 	1.886431E-10 	1.646595E-09 	1.321434E-10 	
1.357408E-09 	1.187462E-12 	1.191539E-12 	1.799017E-09 	2.058285E-09 	5.929410E-10 	2.374925E-09 	1.717022E-09 	4.054079E-09 	2.378142E-10 	5.953545E-10 	2.384752E-09 	5.953545E-10 	2.384752E-09 	5.228358E-10 	2.328996E-09 	5.228358E-10 	3.780181E-12 	8.346633E-10 	2.383078E-12 	1.407004E-09 	7.758790E-11 	1.883954E-10 	1.644324E-09 	1.318206E-10 	
1.355247E-09 	1.185253E-12 	1.189726E-12 	1.795117E-09 	2.056084E-09 	5.917626E-10 	2.370506E-09 	1.714532E-09 	4.048202E-09 	2.374030E-10 	5.944066E-10 	2.381295E-09 	5.944066E-10 	2.381295E-09 	5.218970E-10 	2.324814E-09 	5.218970E-10 	3.771345E-12 	8.334533E-10 	2.379452E-12 	1.404964E-09 	7.737533E-11 	1.881223E-10 	1.641822E-09 	1.314718E-10 	
1.352875E-09 	1.182838E-12 	1.187733E-12 	1.790880E-09 	2.053650E-09 	5.904780E-10 	2.365677E-09 	1.711794E-09 	4.041736E-09 	2.369527E-10 	5.933661E-10 	2.377491E-09 	5.933661E-10 	2.377491E-09 	5.208700E-10 	2.320239E-09 	5.208700E-10 	3.761779E-12 	8.321220E-10 	2.375467E-12 	1.402720E-09 	7.714730E-11 	1.878218E-10 	1.639072E-09 	1.310968E-10 	
1.350278E-09 	1.180209E-12 	1.185549E-12 	1.786295E-09 	2.050960E-09 	5.890826E-10 	2.360418E-09 	1.708788E-09 	4.034638E-09 	2.364610E-10 	5.922271E-10 	2.373317E-09 	5.922271E-10 	2.373317E-09 	5.197501E-10 	2.315251E-09 	5.197501E-10 	3.751468E-12 	8.306608E-10 	2.371099E-12 	1.400257E-09 	7.690405E-11 	1.874920E-10 	1.636058E-09 	1.306958E-10 	
1.347443E-09 	1.177355E-12 	1.183162E-12 	1.781356E-09 	2.047994E-09 	5.875726E-10 	2.354711E-09 	1.705498E-09 	4.026869E-09 	2.359258E-10 	5.909838E-10 	2.368747E-09 	5.909838E-10 	2.368747E-09 	5.185330E-10 	2.309829E-09 	5.185330E-10 	3.740407E-12 	8.290613E-10 	2.366324E-12 	1.397561E-09 	7.664613E-11 	1.871310E-10 	1.632764E-09 	1.302693E-10 	
1.344360E-09 	1.174272E-12 	1.180561E-12 	1.776062E-09 	2.044731E-09 	5.859461E-10 	2.348543E-09 	1.701907E-09 	4.018391E-09 	2.353455E-10 	5.896314E-10 	2.363759E-09 	5.896314E-10 	2.363759E-09 	5.172156E-10 	2.303960E-09 	5.172156E-10 	3.728609E-12 	8.273157E-10 	2.361122E-12 	1.394618E-09 	7.637456E-11 	1.867370E-10 	1.629174E-09 	1.298188E-10 	
1.341018E-09 	1.170954E-12 	1.177737E-12 	1.770417E-09 	2.041149E-09 	5.842026E-10 	2.341908E-09 	1.698001E-09 	4.009168E-09 	2.347190E-10 	5.881657E-10 	2.358334E-09 	5.881657E-10 	2.358334E-09 	5.157956E-10 	2.297635E-09 	5.157956E-10 	3.716100E-12 	8.254170E-10 	2.355473E-12 	1.391417E-09 	7.609082E-11 	1.863084E-10 	1.625277E-09 	1.293464E-10 	
1.337412E-09 	1.167403E-12 	1.174683E-12 	1.764438E-09 	2.037228E-09 	5.823442E-10 	2.334806E-09 	1.693768E-09 	3.999175E-09 	2.340456E-10 	5.865841E-10 	2.352456E-09 	5.865841E-10 	2.352456E-09 	5.142726E-10 	2.290851E-09 	5.142726E-10 	3.702929E-12 	8.233596E-10 	2.349366E-12 	1.387949E-09 	7.579692E-11 	1.858440E-10 	1.621062E-09 	1.288550E-10 	
1.333539E-09 	1.163624E-12 	1.171395E-12 	1.758147E-09 	2.032948E-09 	5.803756E-10 	2.327248E-09 	1.689202E-09 	3.988393E-09 	2.333257E-10 	5.848854E-10 	2.346114E-09 	5.848854E-10 	2.346114E-09 	5.126482E-10 	2.283615E-09 	5.126482E-10 	3.689168E-12 	8.211398E-10 	2.342791E-12 	1.384207E-09 	7.549545E-11 	1.853430E-10 	1.616526E-09 	1.283487E-10 	
1.329401E-09 	1.159629E-12 	1.167874E-12 	1.751581E-09 	2.028292E-09 	5.783048E-10 	2.319257E-09 	1.684298E-09 	3.976815E-09 	2.325606E-10 	5.830707E-10 	2.339303E-09 	5.830707E-10 	2.339303E-09 	5.109262E-10 	2.275944E-09 	5.109262E-10 	3.674916E-12 	8.187561E-10 	2.335749E-12 	1.380189E-09 	7.518958E-11 	1.848049E-10 	1.611667E-09 	1.278323E-10 	
1.325007E-09 	1.155434E-12 	1.164124E-12 	1.744788E-09 	2.023247E-09 	5.761436E-10 	2.310869E-09 	1.679061E-09 	3.964449E-09 	2.317529E-10 	5.811436E-10 	2.332029E-09 	5.811436E-10 	2.332029E-09 	5.091134E-10 	2.267869E-09 	5.091134E-10 	3.660298E-12 	8.162100E-10 	2.328249E-12 	1.375897E-09 	7.488304E-11 	1.842303E-10 	1.606492E-09 	1.273118E-10 	
1.320373E-09 	1.151067E-12 	1.160156E-12 	1.737828E-09 	2.017803E-09 	5.739079E-10 	2.302135E-09 	1.673500E-09 	3.951319E-09 	2.309063E-10 	5.791108E-10 	2.324305E-09 	5.791108E-10 	2.324305E-09 	5.072197E-10 	2.259433E-09 	5.072197E-10 	3.645467E-12 	8.135069E-10 	2.320312E-12 	1.371340E-09 	7.458001E-11 	1.836201E-10 	1.601015E-09 	1.267939E-10 	
1.315520E-09 	1.146562E-12 	1.155986E-12 	1.730777E-09 	2.011956E-09 	5.716180E-10 	2.293124E-09 	1.667636E-09 	3.937473E-09 	2.300265E-10 	5.769827E-10 	2.316161E-09 	5.769827E-10 	2.316161E-09 	5.052588E-10 	2.250698E-09 	5.052588E-10 	3.630605E-12 	8.106562E-10 	2.311973E-12 	1.366535E-09 	7.428505E-11 	1.829767E-10 	1.595261E-09 	1.262862E-10 	
1.310483E-09 	1.141960E-12 	1.151640E-12 	1.723722E-09 	2.005710E-09 	5.692983E-10 	2.283921E-09 	1.661498E-09 	3.922981E-09 	2.291205E-10 	5.747734E-10 	2.307636E-09 	5.747734E-10 	2.307636E-09 	5.032479E-10 	2.241741E-09 	5.032479E-10 	3.615914E-12 	8.076726E-10 	2.303280E-12 	1.361505E-09 	7.400288E-11 	1.823032E-10 	1.589263E-09 	1.257964E-10 	
1.305304E-09 	1.137314E-12 	1.147150E-12 	1.716760E-09 	1.999078E-09 	5.669777E-10 	2.274629E-09 	1.655128E-09 	3.907942E-09 	2.281974E-10 	5.725016E-10 	2.298789E-09 	5.725016E-10 	2.298789E-09 	5.012083E-10 	2.232655E-09 	5.012083E-10 	3.601616E-12 	8.045762E-10 	2.294300E-12 	1.356286E-09 	7.373812E-11 	1.816043E-10 	1.583067E-09 	1.253326E-10 	
1.300034E-09 	1.132684E-12 	1.142558E-12 	1.709997E-09 	1.992082E-09 	5.646884E-10 	2.265368E-09 	1.648580E-09 	3.892482E-09 	2.272679E-10 	5.701902E-10 	2.289695E-09 	5.701902E-10 	2.289695E-09 	4.991649E-10 	2.223553E-09 	4.991649E-10 	3.587939E-12 	8.013933E-10 	2.285116E-12 	1.350920E-09 	7.349505E-11 	1.808859E-10 	1.576730E-09 	1.249025E-10 	
1.294735E-09 	1.128134E-12 	1.137915E-12 	1.703542E-09 	1.984759E-09 	5.624651E-10 	2.256269E-09 	1.641921E-09 	3.876758E-09 	2.263440E-10 	5.678663E-10 	2.280446E-09 	5.678663E-10 	2.280446E-09 	4.971458E-10 	2.214559E-09 	4.971458E-10 	3.575108E-12 	7.981560E-10 	2.275829E-12 	1.345463E-09 	7.327729E-11 	1.801552E-10 	1.570322E-09 	1.245127E-10 	
1.289479E-09 	1.123737E-12 	1.133278E-12 	1.697500E-09 	1.977157E-09 	5.603435E-10 	2.247473E-09 	1.635229E-09 	3.860956E-09 	2.254393E-10 	5.655610E-10 	2.271151E-09 	5.655610E-10 	2.271151E-09 	4.951813E-10 	2.205808E-09 	4.951813E-10 	3.563330E-12 	7.949028E-10 	2.266557E-12 	1.339979E-09 	7.308747E-11 	1.794209E-10 	1.563924E-09 	1.241684E-10 	
1.284343E-09 	1.119562E-12 	1.128715E-12 	1.691970E-09 	1.969341E-09 	5.583585E-10 	2.239124E-09 	1.628593E-09 	3.845288E-09 	2.245680E-10 	5.633082E-10 	2.261934E-09 	5.633082E-10 	2.261934E-09 	4.933029E-10 	2.197440E-09 	4.933029E-10 	3.552780E-12 	7.916770E-10 	2.257430E-12 	1.334541E-09 	7.292701E-11 	1.786928E-10 	1.557626E-09 	1.238732E-10 	
1.279407E-09 	1.115679E-12 	1.124293E-12 	1.687030E-09 	1.961389E-09 	5.565420E-10 	2.231358E-09 	1.622111E-09 	3.829985E-09 	2.237442E-10 	5.611433E-10 	2.252932E-09 	5.611433E-10 	2.252932E-09 	4.915414E-10 	2.189594E-09 	4.915414E-10 	3.543584E-12 	7.885264E-10 	2.248587E-12 	1.329230E-09 	7.279596E-11 	1.779817E-10 	1.551525E-09 	1.236281E-10 	
1.274752E-09 	1.112149E-12 	1.120086E-12 	1.682740E-09 	1.953395E-09 	5.549204E-10 	2.224297E-09 	1.615887E-09 	3.815289E-09 	2.229814E-10 	5.591019E-10 	2.244287E-09 	5.591019E-10 	2.244287E-09 	4.899253E-10 	2.182394E-09 	4.899253E-10 	3.535813E-12 	7.855006E-10 	2.240172E-12 	1.324130E-09 	7.269298E-11 	1.772987E-10 	1.545719E-09 	1.234320E-10 	
1.270455E-09 	1.109020E-12 	1.116162E-12 	1.679127E-09 	1.945467E-09 	5.535125E-10 	2.218041E-09 	1.610022E-09 	3.801440E-09 	2.222915E-10 	5.572173E-10 	2.236141E-09 	5.572173E-10 	2.236141E-09 	4.884784E-10 	2.175949E-09 	4.884784E-10 	3.529467E-12 	7.826494E-10 	2.232323E-12 	1.319323E-09 	7.261550E-11 	1.766551E-10 	1.540303E-09 	1.232814E-10 	
1.266581E-09 	1.106327E-12 	1.112583E-12 	1.676190E-09 	1.937719E-09 	5.523277E-10 	2.212653E-09 	1.604611E-09 	3.788664E-09 	2.216837E-10 	5.555182E-10 	2.228626E-09 	5.555182E-10 	2.228626E-09 	4.872181E-10 	2.170335E-09 	4.872181E-10 	3.524482E-12 	7.800191E-10 	2.225166E-12 	1.314889E-09 	7.255996E-11 	1.760614E-10 	1.535364E-09 	1.231710E-10 	
1.263181E-09 	1.104081E-12 	1.109400E-12 	1.673894E-09 	1.930276E-09 	5.513650E-10 	2.208161E-09 	1.599737E-09 	3.777156E-09 	2.211636E-10 	5.540266E-10 	2.221856E-09 	5.540266E-10 	2.221856E-09 	4.861537E-10 	2.165594E-09 	4.861537E-10 	3.520733E-12 	7.776498E-10 	2.218801E-12 	1.310895E-09 	7.252226E-11 	1.755267E-10 	1.530973E-09 	1.230940E-10 	
1.260283E-09 	1.102275E-12 	1.106649E-12 	1.672176E-09 	1.923259E-09 	5.506128E-10 	2.204549E-09 	1.595462E-09 	3.767063E-09 	2.207332E-10 	5.527558E-10 	2.215920E-09 	5.527558E-10 	2.215920E-09 	4.852853E-10 	2.161726E-09 	4.852853E-10 	3.518045E-12 	7.755719E-10 	2.213299E-12 	1.307393E-09 	7.249817E-11 	1.750576E-10 	1.527176E-09 	1.230435E-10 	
1.257896E-09 	1.100880E-12 	1.104346E-12 	1.670952E-09 	1.916782E-09 	5.500504E-10 	2.201759E-09 	1.591824E-09 	3.758473E-09 	2.203898E-10 	5.517087E-10 	2.210867E-09 	5.517087E-10 	2.210867E-09 	4.846037E-10 	2.158689E-09 	4.846037E-10 	3.516222E-12 	7.738033E-10 	2.208691E-12 	1.304411E-09 	7.248381E-11 	1.746585E-10 	1.523997E-09 	1.230123E-10 	
1.256001E-09 	1.099850E-12 	1.102484E-12 	1.670127E-09 	1.910945E-09 	5.496501E-10 	2.199700E-09 	1.588830E-09 	3.751404E-09 	2.201270E-10 	5.508777E-10 	2.206708E-09 	5.508777E-10 	2.206708E-09 	4.840915E-10 	2.156407E-09 	4.840915E-10 	3.515058E-12 	7.723479E-10 	2.204968E-12 	1.301958E-09 	7.247587E-11 	1.743300E-10 	1.521428E-09 	1.229945E-10 	
1.254560E-09 	1.099128E-12 	1.101038E-12 	1.669604E-09 	1.905824E-09 	5.493805E-10 	2.198256E-09 	1.586457E-09 	3.745802E-09 	2.199351E-10 	5.502454E-10 	2.203413E-09 	5.502454E-10 	2.203413E-09 	4.837248E-10 	2.154774E-09 	4.837248E-10 	3.514364E-12 	7.711945E-10 	2.202076E-12 	1.300014E-09 	7.247185E-11 	1.740696E-10 	1.519433E-09 	1.229850E-10 	
1.253513E-09 	1.098650E-12 	1.099965E-12 	1.669295E-09 	1.901463E-09 	5.492099E-10 	2.197300E-09 	1.584655E-09 	3.741545E-09 	2.198020E-10 	5.497865E-10 	2.200909E-09 	5.497865E-10 	2.200909E-09 	4.834763E-10 	2.153667E-09 	4.834763E-10 	3.513980E-12 	7.703182E-10 	2.199929E-12 	1.298536E-09 	7.247000E-11 	1.738718E-10 	1.517951E-09 	1.229805E-10 	
1.252793E-09 	1.098353E-12 	1.099206E-12 	1.669126E-09 	1.897874E-09 	5.491091E-10 	2.196705E-09 	1.583348E-09 	3.738462E-09 	2.197149E-10 	5.494706E-10 	2.199095E-09 	5.494706E-10 	2.199095E-09 	4.833178E-10 	2.152961E-09 	4.833178E-10 	3.513786E-12 	7.696833E-10 	2.198413E-12 	1.297466E-09 	7.246923E-11 	1.737285E-10 	1.516905E-09 	1.229785E-10 	
1.252326E-09 	1.098181E-12 	1.098700E-12 	1.669041E-09 	1.895032E-09 	5.490541E-10 	2.196361E-09 	1.582451E-09 	3.736343E-09 	2.196615E-10 	5.492657E-10 	2.197849E-09 	5.492657E-10 	2.197849E-09 	4.832235E-10 	2.152541E-09 	4.832235E-10 	3.513696E-12 	7.692472E-10 	2.197401E-12 	1.296731E-09 	7.246895E-11 	1.736301E-10 	1.516207E-09 	1.229778E-10 	
1.252042E-09 	1.098089E-12 	1.098383E-12 	1.669003E-09 	1.892880E-09 	5.490265E-10 	2.196177E-09 	1.581871E-09 	3.734973E-09 	2.196312E-10 	5.491413E-10 	2.197043E-09 	5.491413E-10 	2.197043E-09 	4.831715E-10 	2.152309E-09 	4.831715E-10 	3.513659E-12 	7.689650E-10 	2.196766E-12 	1.296255E-09 	7.246886E-11 	1.735664E-10 	1.515769E-09 	1.229775E-10 	
1.251883E-09 	1.098044E-12 	1.098198E-12 	1.668987E-09 	1.891336E-09 	5.490140E-10 	2.196088E-09 	1.581520E-09 	3.734145E-09 	2.196153E-10 	5.490713E-10 	2.196556E-09 	5.490713E-10 	2.196556E-09 	4.831452E-10 	2.152192E-09 	4.831452E-10 	3.513646E-12 	7.687946E-10 	2.196397E-12 	1.295968E-09 	7.246883E-11 	1.735279E-10 	1.515514E-09 	1.229774E-10 	
1.251801E-09 	1.098024E-12 	1.098099E-12 	1.668981E-09 	1.890309E-09 	5.490089E-10 	2.196048E-09 	1.581326E-09 	3.733685E-09 	2.196077E-10 	5.490353E-10 	2.196285E-09 	5.490353E-10 	2.196285E-09 	4.831332E-10 	2.152139E-09 	4.831332E-10 	3.513642E-12 	7.686999E-10 	2.196199E-12 	1.295808E-09 	7.246883E-11 	1.735066E-10 	1.515377E-09 	1.229774E-10 	
1.251763E-09 	1.098017E-12 	1.098053E-12 	1.668980E-09 	1.889716E-09 	5.490071E-10 	2.196033E-09 	1.581231E-09 	3.733461E-09 	2.196045E-10 	5.490191E-10 	2.196154E-09 	5.490191E-10 	2.196154E-09 	4.831284E-10 	2.152117E-09 	4.831284E-10 	3.513640E-12 	7.686538E-10 	2.196106E-12 	1.295731E-09 	7.246883E-11 	1.734961E-10 	1.515313E-09 	1.229774E-10 	
1.251753E-09 	1.098015E-12 	1.098040E-12 	1.668979E-09 	1.889518E-09 	5.490067E-10 	2.196029E-09 	1.581202E-09 	3.733394E-09 	2.196037E-10 	5.490145E-10 	2.196114E-09 	5.490145E-10 	2.196114E-09 	4.831271E-10 	2.152112E-09 	4.831271E-10 	3.513640E-12 	7.686400E-10 	2.196079E-12 	1.295707E-09 	7.246883E-11 	1.734930E-10 	1.515295E-09 	1.229774E-10 	
1.251768E-09 	1.098017E-12 	1.098059E-12 	1.668980E-09 	1.889792E-09 	5.490073E-10 	2.196035E-09 	1.581242E-09 	3.733488E-09 	2.196049E-10 	5.490209E-10 	2.196169E-09 	5.490209E-10 	2.196169E-09 	4.831289E-10 	2.152120E-09 	4.831289E-10 	3.513640E-12 	7.686593E-10 	2.196117E-12 	1.295740E-09 	7.246883E-11 	1.734974E-10 	1.515321E-09 	1.229774E-10 	
1.251848E-09 	1.098035E-12 	1.098157E-12 	1.668984E-09 	1.890932E-09 	5.490117E-10 	2.196070E-09 	1.581439E-09 	3.733954E-09 	2.196120E-10 	5.490561E-10 	2.196444E-09 	5.490561E-10 	2.196444E-09 	4.831399E-10 	2.152169E-09 	4.831399E-10 	3.513644E-12 	7.687553E-10 	2.196314E-12 	1.295902E-09 	7.246883E-11 	1.735191E-10 	1.515456E-09 	1.229774E-10 	
1.252221E-09 	1.098145E-12 	1.098585E-12 	1.669026E-09 	1.894296E-09 	5.490433E-10 	2.196291E-09 	1.582242E-09 	3.735850E-09 	2.196501E-10 	5.492199E-10 	2.197559E-09 	5.492199E-10 	2.197559E-09 	4.832038E-10 	2.152453E-09 	4.832038E-10 	3.513681E-12 	7.691455E-10 	2.197170E-12 	1.296560E-09 	7.246891E-11 	1.736071E-10 	1.516047E-09 	1.229776E-10 	
1.254248E-09 	1.098981E-12 	1.100721E-12 	1.669505E-09 	1.904600E-09 	5.493272E-10 	2.197962E-09 	1.585930E-09 	3.744556E-09 	2.198948E-10 	5.501089E-10 	2.202680E-09 	5.501089E-10 	2.202680E-09 	4.836490E-10 	2.154436E-09 	4.836490E-10 	3.514238E-12 	7.709380E-10 	2.201443E-12 	1.299581E-09 	7.247120E-11 	1.740117E-10 	1.518995E-09 	1.229835E-10 	
1.267588E-09 	1.107014E-12 	1.113517E-12 	1.676922E-09 	1.939797E-09 	5.526271E-10 	2.214028E-09 	1.606030E-09 	3.792014E-09 	2.218402E-10 	5.559597E-10 	2.230597E-09 	5.559597E-10 	2.230597E-09 	4.875411E-10 	2.171774E-09 	4.875411E-10 	3.525707E-12 	7.807088E-10 	2.227034E-12 	1.316052E-09 	7.257310E-11 	1.762171E-10 	1.536653E-09 	1.231973E-10 	
1.376908E-09 	1.207814E-12 	1.207814E-12 	1.835877E-09 	2.077441E-09 	6.039069E-10 	2.415628E-09 	1.739252E-09 	4.106567E-09 	2.415628E-10 	6.039069E-10 	2.415628E-09 	6.039069E-10 	2.415628E-09 	5.314381E-10 	2.367315E-09 	5.314381E-10 	3.865004E-12 	8.454696E-10 	2.415628E-12 	1.425220E-09 	7.971571E-11 	1.908346E-10 	1.666783E-09 	1.352751E-10 	
