   0.1051177385764895E-24
   0.1130079731249408E-24
   0.1135116179786827E-24
   0.1140499118486561E-24
   0.1146255444999687E-24
   0.1152415037700702E-24
   0.1159010366558542E-24
   0.1166077236343615E-24
   0.1173654909024153E-24
   0.1181786747415975E-24
   0.1190521006678447E-24
   0.1199910738092869E-24
   0.1210015202960360E-24
   0.1220900327538941E-24
   0.1232639497521407E-24
   0.1245315894746518E-24
   0.1259022013744910E-24
   0.1273862775672506E-24
   0.1289956915207349E-24
   0.1307439079694196E-24
   0.1326464026703700E-24
   0.1347208216450683E-24
   0.1369875224889670E-24
   0.1394700814929815E-24
   0.1421958892059285E-24
   0.1451971928364465E-24
   0.1485118277401590E-24
   0.1521847043365307E-24
   0.1533907553922817E-24
   0.1577769206530993E-24
   0.1626937288133963E-24
   0.1682327026259082E-24
   0.1745071829326479E-24
   0.1816591732765471E-24
   0.1898687402150220E-24
   0.1993678957707014E-24
   0.2104594742341040E-24
   0.2235466787609707E-24
   0.2391767455715376E-24
   0.2581101989427799E-24
   0.2814343406693050E-24
   0.3078935001242563E-24
   0.3451623880794908E-24
   0.3946270041815300E-24
   0.4628284816614277E-24
   0.5431983512638862E-24
   0.6575254322242049E-24
   0.8087003681849214E-24
   0.1016958654732225E-23
   0.1277832064059539E-23
   0.1565093681973316E-23
   0.1959077917103402E-23
   0.2536121432029221E-23
   0.2975511571381841E-23
   0.3551382865134453E-23
   0.3949113586063272E-23
   0.4416822717623449E-23
   0.4693037935929623E-23
   0.4982970881177795E-23
   0.4851740776301611E-23
   0.4856555583460816E-23
   0.4746326397919070E-23
   0.4555350816522590E-23
   0.4509949885246067E-23
   0.4420283464881596E-23
   0.4319445314486935E-23
   0.4209235735555195E-23
   0.4139332209028334E-23
   0.4072648789586351E-23
   0.3999684761208368E-23
   0.3958625392891074E-23
   0.3908563840721186E-23
   0.3905291353321103E-23
   0.3904086979414477E-23
   0.3892207916172701E-23
   0.3852854641343136E-23
   0.3843131824638227E-23
   0.3849497364062548E-23
   0.3856245484370838E-23
   0.3836067626021143E-23
   0.3844994849022142E-23
   0.3866609632551502E-23
   0.3862502517623627E-23
   0.3934452842073396E-23
   0.3956987291132307E-23
   0.3879768901319873E-23
   0.3877489900583631E-23
   0.3902823009495273E-23
   0.3915566745291967E-23
   0.3900250120271277E-23
   0.3927516851665805E-23
   0.3942344665359038E-23
   0.3970954228655395E-23
   0.3986379642498417E-23
   0.4016543617500013E-23
   0.4019891525769457E-23
   0.4051968085128910E-23
   0.4027105189458737E-23
   0.4061596727942327E-23
   0.4097534255895794E-23
   0.4134096098625717E-23
   0.4142675495211307E-23
   0.4181817461647615E-23
   0.4206187534019199E-23
   0.4231131146801447E-23
   0.4274217430742975E-23
   0.4318926996738459E-23
   0.4322389841326969E-23
   0.4352932066904572E-23
   0.4402426139645870E-23
   0.4453755277927988E-23
   0.4475726926233189E-23
   0.4542788797873653E-23
   0.4599016950419393E-23
   0.4657272729675481E-23
   0.4642417435493679E-23
   0.4671912651185549E-23
   0.4736306552578121E-23
   0.4802882446999838E-23
   0.4850628152942458E-23
   0.4921237658758966E-23
   0.4946017752214269E-23
   0.5020978475174046E-23
   0.5076017107850474E-23
   0.5155200318524349E-23
   0.5236786318510759E-23
   0.5296527766836871E-23
   0.5394073770812774E-23
   0.5480568408473919E-23
   0.5608142089529048E-23
   0.5739594666238102E-23
   0.5858440247645151E-23
   0.5996995749999115E-23
   0.6139546852990594E-23
   0.6219242145091449E-23
   0.6368993932310058E-23
   0.6477875844590344E-23
   0.6634872107489020E-23
   0.6796058330286170E-23
   0.6927297705152357E-23
   0.7095939431665561E-23
   0.7268759645214250E-23
   0.7445772106044360E-23
   0.7588274732073632E-23
   0.7772621434206993E-23
   0.7961154567798268E-23
   0.8085007201210132E-23
   0.8280646864088052E-23
   0.8480432667843059E-23
   0.8684357730462586E-23
   0.8846337301533015E-23
   0.9057261164956514E-23
   0.9272252313342611E-23
   0.9491286990274466E-23
   0.9648643128642614E-23
   0.9874276161919365E-23
   0.1010385795215584E-22
   0.1033735947487442E-22
   0.1053893622474860E-22
   0.1041201178256917E-22
   0.1065396751266801E-22
   0.1089964468652577E-22
   0.1114901277631307E-22
   0.1140206049287163E-22
   0.1193579413223050E-22
   0.1219679344059522E-22
   0.1239647706352243E-22
   0.1266368749135028E-22
   0.1293506551173334E-22
   0.1321146660158853E-22
   0.1343706787146125E-22
   0.1372404732913463E-22
   0.1401730068079831E-22
   0.1431753279663451E-22
   0.1453456912024653E-22
   0.1484931613461945E-22
   0.1517348434616877E-22
   0.1550805413552458E-22
   0.1578618370732465E-22
   0.1614326759207745E-22
   0.1651421335910834E-22
   0.1690040065040947E-22
   0.1722811914948742E-22
   0.1764690331346064E-22
   0.1798870571840857E-22
   0.1831054701820649E-22
   0.1878977488858005E-22
   0.1929526072585005E-22
   0.1965424852536351E-22
   0.2021516905101988E-22
   0.2071675804142547E-22
   0.2125050673866792E-22
   0.2191984936073008E-22
   0.2238693777326572E-22
   0.2314447944167375E-22
   0.2382464172148527E-22
   0.2444461753872581E-22
   0.2534599388028761E-22
   0.2619901581380893E-22
   0.2714954917035584E-22
   0.2812505633368319E-22
   0.2938340456911894E-22
   0.3046674790412187E-22
   0.3164699626313810E-22
   0.3326051907786413E-22
   0.3476617291897281E-22
   0.3649317541346637E-22
   0.3825042366698851E-22
   0.4031081767286648E-22
   0.4267759200429630E-22
   0.4524902966661349E-22
   0.4845655773703155E-22
   0.5132042145763564E-22
   0.5491553458301277E-22
   0.5901843705211415E-22
   0.6343137275902949E-22
   0.6840688589631212E-22
   0.7406271430767967E-22
   0.8070778249089576E-22
   0.8846916653331315E-22
   0.9745923087571826E-22
   0.1078000124084964E-21
   0.1204575992218507E-21
   0.1353195032368592E-21
   0.1537021644210125E-21
   0.1761480817855694E-21
   0.2038879157140187E-21
   0.2343151706945014E-21
   0.2724568333453524E-21
   0.3236931498224654E-21
   0.3904248242891407E-21
   0.4777663695361048E-21
   0.6009724629951114E-21
   0.7718856222706249E-21
   0.1002051864553089E-20
   0.1286367082100297E-20
   0.1592327464809448E-20
   0.1862520005417296E-20
   0.2005411651448142E-20
   0.1975363484282153E-20
   0.1755724221139155E-20
   0.1527138056068307E-20
   0.1290019384066938E-20
   0.1081986694079701E-20
   0.8911826954696935E-21
   0.7242909127607762E-21
   0.5854097545370593E-21
   0.4652283248770721E-21
   0.3639140959331978E-21
   0.2865451283780790E-21
   0.2208054550148051E-21
   0.1672918826696129E-21
   0.1278566672528764E-21
   0.9664894158334737E-22
   0.7414981433120415E-22
   0.5675365305216452E-22
   0.4424553056689007E-22
   0.3600232265798736E-22
   0.3010848441826260E-22
   0.2634595663064737E-22
   0.2409411366568789E-22
   0.2246662599361454E-22
   0.2171143179238605E-22
   0.2107479641325703E-22
   0.2080885874434411E-22
   0.2074177730409051E-22
   0.2067309402197704E-22
   0.2103199796978947E-22
   0.2075266010884271E-22
   0.2091157762106585E-22
   0.1956828880691774E-22
   0.2137793683483816E-22
   0.2204121205641307E-22
   0.2187373977300740E-22
   0.2263909291570948E-22
   0.2276222003555690E-22
   0.2285399088319521E-22
   0.2269321188208867E-22
   0.2276124757101652E-22
   0.3232390728230587E-22
   0.3023331965066623E-22
   0.2832813459246716E-22
   0.2657740651056957E-22
   0.2496204774602175E-22
   0.2346652213783151E-22
   0.2288944306064629E-22
   0.2308457189158557E-22
   0.2299292716629526E-22
   0.2304878523202702E-22
   0.2310486930772158E-22
   0.2284971109802366E-22
   0.2336825763326129E-22
   0.2352746321549674E-22
   0.2339347069731159E-22
