   0.3769649252698017E-19
   0.3769457857424088E-19
   0.3769447514705611E-19
   0.3769436518338101E-19
   0.3769424823249080E-19
   0.3769412382176559E-19
   0.3769399125110766E-19
   0.3769385002636561E-19
   0.3769369944937887E-19
   0.3769353864103803E-19
   0.3769336689591716E-19
   0.3769318323718259E-19
   0.3769298671219035E-19
   0.3769277615423090E-19
   0.3769255028698289E-19
   0.3769230779759288E-19
   0.3769204707066171E-19
   0.3769176635656327E-19
   0.3769146372807225E-19
   0.3769113695673089E-19
   0.3769078350052009E-19
   0.3769040053345978E-19
   0.3768998477232657E-19
   0.3768953246358522E-19
   0.3768903923881258E-19
   0.3768850008192938E-19
   0.3768790916122826E-19
   0.3768725946134142E-19
   0.3757991179931299E-19
   0.3757913481566531E-19
   0.3757827172743793E-19
   0.3757730881853316E-19
   0.3757622932103171E-19
   0.3757501291814859E-19
   0.3757363258975687E-19
   0.3757205685505759E-19
   0.3757024300537384E-19
   0.3756813653256187E-19
   0.3756566450162489E-19
   0.3756272799124053E-19
   0.3755918908010278E-19
   0.3746073068878011E-19
   0.3745532794876344E-19
   0.3744838580436864E-19
   0.3743916424104792E-19
   0.3742869513007126E-19
   0.3741439920585188E-19
   0.3730832166713216E-19
   0.3719591896015948E-19
   0.3716664853613486E-19
   0.3694163469022744E-19
   0.3679962285020658E-19
   0.3669538716717724E-19
   0.3637629137476016E-19
   0.3608705362477992E-19
   0.3559701393974433E-19
   0.3529674888149340E-19
   0.3477771472622656E-19
   0.3445178544662748E-19
   0.3388796193224762E-19
   0.3345051817942975E-19
   0.3294906162155679E-19
   0.3223111815843217E-19
   0.3207626873152188E-19
   0.3175985341733537E-19
   0.3140241968824357E-19
   0.3102867068073246E-19
   0.3066689035003006E-19
   0.3040388360283305E-19
   0.3010100522599643E-19
   0.2989994589307528E-19
   0.2965446660469678E-19
   0.2951501080075857E-19
   0.2937909808419920E-19
   0.2914859427827307E-19
   0.2900904476086747E-19
   0.2887756489097805E-19
   0.2875178210721683E-19
   0.2862762611039432E-19
   0.2849775964429079E-19
   0.2837620146529734E-19
   0.2835493603516190E-19
   0.2823211035283138E-19
   0.2814363743679473E-19
   0.2812498919483557E-19
   0.2797084341148166E-19
   0.2785033015406727E-19
   0.2783411551458187E-19
   0.2771841189037651E-19
   0.2759496393116407E-19
   0.2758009014720827E-19
   0.2746503292140841E-19
   0.2745080411766623E-19
   0.2733605316916002E-19
   0.2732230875526902E-19
   0.2720366973006335E-19
   0.2719025657738206E-19
   0.2706001626025265E-19
   0.2704675542986588E-19
   0.2693162589165056E-19
   0.2691856322666140E-19
   0.2679444981401493E-19
   0.2678147522856415E-19
   0.2666149374078651E-19
   0.2654113762283262E-19
   0.2652828637191184E-19
   0.2651544469770858E-19
   0.2638580485801021E-19
   0.2626482653071562E-19
   0.2625199211675600E-19
   0.2623915395939565E-19
   0.2611322450522595E-19
   0.2600511227429939E-19
   0.2599237493392689E-19
   0.2597962999905414E-19
   0.2583431702204732E-19
   0.2570706103852740E-19
   0.2569415856784602E-19
   0.2568124102391478E-19
   0.2555859433149605E-19
   0.2554567850942418E-19
   0.2541239922477394E-19
   0.2539940202622928E-19
   0.2527603533606344E-19
   0.2526301924221210E-19
   0.2524996686192528E-19
   0.2512618341970381E-19
   0.2511307219725069E-19
   0.2498349160428313E-19
   0.2497024516628868E-19
   0.2495692897690139E-19
   0.2483748518524396E-19
   0.2482408431333396E-19
   0.2481058572370350E-19
   0.2466874185468107E-19
   0.2465494252942879E-19
   0.2452334370473988E-19
   0.2450927022062899E-19
   0.2449503400785517E-19
   0.2436849765267872E-19
   0.2435393719040543E-19
   0.2433916368103333E-19
   0.2432415802983239E-19
   0.2419647692676162E-19
   0.2418099818869367E-19
   0.2416522382014813E-19
   0.2402419724882505E-19
   0.2400773209315580E-19
   0.2399089529634213E-19
   0.2397365818884407E-19
   0.2384322537862088E-19
   0.2382515821492222E-19
   0.2380659700451328E-19
   0.2378750674429401E-19
   0.2364838307039261E-19
   0.2362814539005423E-19
   0.2360726132549412E-19
   0.2358568806963242E-19
   0.2350353364182050E-19
   0.2331977868826829E-19
   0.2329513909302297E-19
   0.2326960212893986E-19
   0.2324311071092910E-19
   0.2321560273853968E-19
   0.2319934736198116E-19
   0.2317043983324656E-19
   0.2304789091923164E-19
   0.2301653375641282E-19
   0.2298381894208461E-19
   0.2294966246807437E-19
   0.2282723997134654E-19
   0.2279001822090716E-19
   0.2275107765008034E-19
   0.2271031288022845E-19
   0.2256908005028341E-19
   0.2252433345875437E-19
   0.2247741306581782E-19
   0.2242818903371793E-19
   0.2229018309294079E-19
   0.2223606200195153E-19
   0.2217920397396618E-19
   0.2211944680710078E-19
   0.2196987779392847E-19
   0.2190279418432710E-19
   0.2173685703326699E-19
   0.2155324602857248E-19
   0.2147515673654576E-19
   0.2139292828958094E-19
   0.2113013765473001E-19
   0.2103938664891568E-19
   0.2085596153595421E-19
   0.2066800085641990E-19
   0.2056230542565897E-19
   0.2026040773418820E-19
   0.2014333009165967E-19
   0.1992480959208181E-19
   0.1966970449785701E-19
   0.1946817277610703E-19
   0.1922934787884755E-19
   0.1899177402943056E-19
   0.1872883624868131E-19
   0.1856059600426568E-19
   0.1821380335303973E-19
   0.1785855069675944E-19
   0.1766323052525389E-19
   0.1734454064288267E-19
   0.1703459817325458E-19
   0.1664174328917456E-19
   0.1629958179757222E-19
   0.1596386035902554E-19
   0.1557759665034300E-19
   0.1522021549722639E-19
   0.1476389102562883E-19
   0.1433596422784932E-19
   0.1390596790563573E-19
   0.1344125288085008E-19
   0.1297717649901252E-19
   0.1250306359700923E-19
   0.1204193992992523E-19
   0.1157706964846464E-19
   0.1108912419237355E-19
   0.1056940213210709E-19
   0.1006414629103733E-19
   0.9528082221040637E-20
   0.9018617403252195E-20
   0.8494777570700217E-20
   0.7954416228287580E-20
   0.7265149599687306E-20
   0.6558363793831519E-20
   0.5918075523196019E-20
   0.5266530275897073E-20
   0.4574288189628063E-20
   0.3918193778570000E-20
   0.3257636898577005E-20
   0.2549459103650934E-20
   0.1911527783426559E-20
   0.1308038322749360E-20
   0.7861634180469420E-21
   0.4034879744643400E-21
   0.1876303517272208E-21
   0.1096569396751001E-21
   0.6497249419966546E-22
   0.3815296778543229E-22
   0.2236178289666301E-22
   0.1306618554214552E-22
   0.7472581420748505E-23
   0.4213278951553906E-23
   0.2385973339541171E-23
   0.1338468964408630E-23
   0.7542759462275001E-24
   0.3961812897712985E-24
   0.1777109146179988E-24
   0.4987577114123289E-25
   0.1895977000876505E-25
   0.1630778255839823E-25
   0.1412844004264619E-25
   0.1232953729874900E-25
   0.1082562640717142E-25
   0.9296093583026199E-26
   0.7982671483661044E-26
   0.6722667893915048E-26
   0.5576894693007008E-26
   0.4492486928562112E-26
   0.3493905350980363E-26
   0.2631486358962845E-26
   0.1913414145522701E-26
   0.1357818832891200E-26
   0.9387060745846355E-27
   0.6381496672926423E-27
   0.4341410670447965E-27
   0.2994945727583170E-27
   0.2154301503926098E-27
   0.1651302013508182E-27
   0.1366017771703978E-27
   0.1211996847230378E-27
   0.1131710621458768E-27
   0.1091512527045865E-27
   0.1072190774200623E-27
   0.1063402379712165E-27
   0.1160325993285037E-27
   0.1142285415771948E-27
   0.1131631359482786E-27
   0.1125464126142592E-27
   0.1121983149151648E-27
   0.1120076045736758E-27
   0.1503740241853168E-27
   0.2596047272362855E-27
   0.3054761493215734E-27
   0.4156716705607451E-27
   0.4659223414321333E-27
   0.5423287028772253E-27
   0.6421537889302357E-27
   0.8178394798567235E-27
   0.7300651442839627E-27
