   0.9998571801083506E-02   0.2345954117287867E-01   0.2555238745137462E-01   0.3546106110332378E-18   0.1731497124185731E-21 
   0.1000684627486035E-01   0.2347896979888081E-01   0.2557316880968420E-01   0.1774495051571082E-18   0.0000000000000000E+00 
   0.1000712577939568E-01   0.2347962652447305E-01   0.2557386007049142E-01   0.0000000000000000E+00   0.0000000000000000E+00 
   0.1000741746126146E-01   0.2348031188695103E-01   0.2557458089894664E-01   0.3549186069893661E-18   0.8665005053451321E-22 
   0.1000772206784480E-01   0.2348102764514222E-01   0.2557533308859590E-01   0.0000000000000000E+00   0.0000000000000000E+00 
   0.1000804045938008E-01   0.2348177582323483E-01   0.2557611870876388E-01   0.3549399483876986E-18   0.8665526083684049E-22 
   0.1000837348064212E-01   0.2348255840970498E-01   0.2557693977979291E-01   0.0000000000000000E+00   0.1733160854673900E-21 
   0.1000872218573956E-01   0.2348337788480094E-01   0.2557779884158694E-01   0.1774816324572530E-18   0.8666095334826806E-22 
   0.1000908763517890E-01   0.2348423674452129E-01   0.2557869843761156E-01   0.0000000000000000E+00   0.0000000000000000E+00 
   0.1000947095909114E-01   0.2348513764904773E-01   0.2557964127254319E-01   0.0000000000000000E+00   0.0000000000000000E+00 
   0.1000987354365879E-01   0.2348608386030858E-01   0.2558063068533839E-01   0.0000000000000000E+00   0.0000000000000000E+00 
   0.1001029679486804E-01   0.2348707868768397E-01   0.2558167004693092E-01   0.0000000000000000E+00   0.0000000000000000E+00 
   0.1001074236025933E-01   0.2348812600855221E-01   0.2558276332045575E-01   0.0000000000000000E+00   0.0000000000000000E+00 
   0.1001121199504654E-01   0.2348922995429058E-01   0.2558391471848835E-01   0.0000000000000000E+00   0.0000000000000000E+00 
   0.1001170766249960E-01   0.2349039514594002E-01   0.2558512895598550E-01   0.0000000000000000E+00   0.0000000000000000E+00 
   0.1001223166138276E-01   0.2349162699367856E-01   0.2558641156684788E-01   0.1775413952440622E-18   0.0000000000000000E+00 
   0.1001278644868055E-01   0.2349293128081152E-01   0.2558776845397166E-01   0.1775508105398537E-18   0.8669473170891292E-22 
   0.1001337484115801E-01   0.2349431463729108E-01   0.2558920639185705E-01   0.0000000000000000E+00   0.8669960363197304E-22 
   0.1001400004936073E-01   0.2349578461977548E-01   0.2559073310904585E-01   0.0000000000000000E+00   0.0000000000000000E+00 
   0.1001466566799615E-01   0.2349734968947323E-01   0.2559235725597787E-01   0.0000000000000000E+00   0.0000000000000000E+00 
   0.1001537585303591E-01   0.2349901962850214E-01   0.2559408884187496E-01   0.0000000000000000E+00   0.0000000000000000E+00 
   0.1001613533203982E-01   0.2350080556442732E-01   0.2559593925693520E-01   0.0000000000000000E+00   0.0000000000000000E+00 
   0.1001694954753031E-01   0.2350272030771032E-01   0.2559792161883399E-01   0.0000000000000000E+00   0.0000000000000000E+00 
   0.1001782479736828E-01   0.2350477868205470E-01   0.2560005111423595E-01   0.0000000000000000E+00   0.0000000000000000E+00 
   0.1001876836388483E-01   0.2350699782852507E-01   0.2560234530870794E-01   0.0000000000000000E+00   0.0000000000000000E+00 
   0.1001978886193170E-01   0.2350939802417627E-01   0.2560482499915706E-01   0.5330074922917870E-18   0.1735050430637327E-21 
   0.1002089636443233E-01   0.2351200297798768E-01   0.2560751451251860E-01   0.1776878263451312E-18   0.8676163395758359E-22 
   0.1002210272634610E-01   0.2351484059382240E-01   0.2561044248421908E-01   0.0000000000000000E+00   0.8677155431157931E-22 
   0.1026888190636473E-01   0.2406663022789920E-01   0.2616425464694401E-01   0.3631019741399123E-18   0.8864794290525202E-22 
   0.1027031843050747E-01   0.2407000629110890E-01   0.2616772601432727E-01   0.0000000000000000E+00   0.0000000000000000E+00 
   0.1027190231487618E-01   0.2407372885794903E-01   0.2617155171559207E-01   0.0000000000000000E+00   0.8867266633550518E-22 
   0.1027365796659556E-01   0.2407785532645790E-01   0.2617579058005615E-01   0.0000000000000000E+00   0.0000000000000000E+00 
   0.1027561545235343E-01   0.2408245639805042E-01   0.2618051512149452E-01   0.0000000000000000E+00   0.0000000000000000E+00 
   0.1027781242850357E-01   0.2408762062030723E-01   0.2618581622768135E-01   0.0000000000000000E+00   0.0000000000000000E+00 
   0.1028029540225035E-01   0.2409345736017310E-01   0.2619180608189279E-01   0.0000000000000000E+00   0.0000000000000000E+00 
   0.1028312529788110E-01   0.2410010987695622E-01   0.2619863190593026E-01   0.1817895272227689E-18   0.8876441758924264E-22 
   0.1028637952716155E-01   0.2410776020548915E-01   0.2620648068039532E-01   0.1818439890360576E-18   0.8879101027151252E-22 
   0.1029016061356560E-01   0.2411664942513350E-01   0.2621560020904800E-01   0.0000000000000000E+00   0.0000000000000000E+00 
   0.1029460543197994E-01   0.2412709939804801E-01   0.2622632140307931E-01   0.1819816617057387E-18   0.8885823325475522E-22 
   0.1029990106889326E-01   0.2413955005349377E-01   0.2623909668042871E-01   0.0000000000000000E+00   0.8890151757805622E-22 
   0.1030630974238629E-01   0.2415461800904749E-01   0.2625456023886333E-01   0.1821776079912139E-18   0.0000000000000000E+00 
   0.1037927642921515E-01   0.2429808746668078E-01   0.2636179567358620E-01   0.0000000000000000E+00   0.0000000000000000E+00 
   0.1038919152232818E-01   0.2432137828649720E-01   0.2638566356122208E-01   0.1830873200355110E-18   0.0000000000000000E+00 
   0.1040201530523654E-01   0.2435150264869623E-01   0.2641654147100394E-01   0.0000000000000000E+00   0.0000000000000000E+00 
   0.1041915589960084E-01   0.2439176927969778E-01   0.2645782172862522E-01   0.0000000000000000E+00   0.8964258686690516E-22 
   0.1043890376277629E-01   0.2443816084258795E-01   0.2650541180701400E-01   0.3678364808164802E-18   0.1796076566486720E-21 
   0.1046588243608344E-01   0.2450154414578023E-01   0.2657040871216349E-01   0.0000000000000000E+00   0.0000000000000000E+00 
   0.1047089675574241E-01   0.2448568456037750E-01   0.2650037434223535E-01   0.0000000000000000E+00   0.0000000000000000E+00 
   0.1048759073159888E-01   0.2449712814320719E-01   0.2645822615348947E-01   0.0000000000000000E+00   0.0000000000000000E+00 
   0.1054218802835024E-01   0.2462519753855232E-01   0.2658880399304599E-01   0.0000000000000000E+00   0.0000000000000000E+00 
   0.1073722551018680E-01   0.2502391363273206E-01   0.2691128616132053E-01   0.0000000000000000E+00   0.9117898412650879E-22 
   0.1088726591674803E-01   0.2534533985883520E-01   0.2719414319345666E-01   0.1886972744270567E-18   0.1842746820576725E-21 
   0.1033197285206360E-01   0.2402610999413814E-01   0.2571605930685927E-01   0.1784410071568825E-18   0.8712939802582154E-22 
   0.1132094151070423E-01   0.2626682240773428E-01   0.2798810439619664E-01   0.0000000000000000E+00   0.0000000000000000E+00 
   0.1161252617320562E-01   0.2688344369367820E-01   0.2851014990332244E-01   0.0000000000000000E+00   0.0000000000000000E+00 
   0.1205712623191789E-01   0.2778487416690775E-01   0.2921421768522722E-01   0.0000000000000000E+00   0.0000000000000000E+00 
   0.1214782251432267E-01   0.2793252049463282E-01   0.2922182830418690E-01   0.0000000000000000E+00   0.0000000000000000E+00 
   0.1239815921358430E-01   0.2837223947866619E-01   0.2940735679878815E-01   0.0000000000000000E+00   0.0000000000000000E+00 
   0.1228945716545826E-01   0.2805988520718324E-01   0.2892131591331206E-01   0.2006819426838562E-18   0.9798922982610166E-22 
   0.1319669431495147E-01   0.2998383767176271E-01   0.3061359889705757E-01   0.0000000000000000E+00   0.0000000000000000E+00 
   0.1334661766136080E-01   0.3021442773692014E-01   0.3061335077517829E-01   0.0000000000000000E+00   0.0000000000000000E+00 
   0.1371795218939093E-01   0.3092055059760726E-01   0.3105580751236460E-01   0.1077464767142315E-18   0.5261058433312086E-22 
   0.1414454609998008E-01   0.3165632826386740E-01   0.3137918485618157E-01   0.0000000000000000E+00   0.5362790605718643E-22 
   0.1427989020658168E-01   0.3195157335408799E-01   0.3160851369275957E-01   0.0000000000000000E+00   0.0000000000000000E+00 
   0.1444980082080443E-01   0.3225583363406531E-01   0.3174040601843904E-01   0.0000000000000000E+00   0.0000000000000000E+00 
   0.1464993939827306E-01   0.3260552575646599E-01   0.3188733695750140E-01   0.1131231419526160E-18   0.5523590915655078E-22 
   0.1495793011522918E-01   0.3317993519754737E-01   0.3224096812849072E-01   0.0000000000000000E+00   0.0000000000000000E+00 
   0.1504292058068235E-01   0.3325526558034051E-01   0.3210498969383190E-01   0.2307547596082406E-18   0.5633661123248063E-22 
   0.1526354233358278E-01   0.3366664683123933E-01   0.3235595989679639E-01   0.0000000000000000E+00   0.0000000000000000E+00 
   0.1552399009403786E-01   0.3414109250199208E-01   0.3263557168935699E-01   0.0000000000000000E+00   0.0000000000000000E+00 
   0.1570035369011688E-01   0.3446924909903282E-01   0.3283542989703414E-01   0.1195892312227693E-18   0.0000000000000000E+00 
   0.1592013766743401E-01   0.3486874837727690E-01   0.3307060762184711E-01   0.1209752727759809E-18   0.5906995741014691E-22 
   0.1592644534534182E-01   0.3484249792632079E-01   0.3296462457286408E-01   0.0000000000000000E+00   0.0000000000000000E+00 
   0.1593091089969881E-01   0.3481174174015658E-01   0.3285579934642488E-01   0.0000000000000000E+00   0.0000000000000000E+00 
   0.1590279722137608E-01   0.3466593330804513E-01   0.3257444976288928E-01   0.0000000000000000E+00   0.0000000000000000E+00 
   0.1627215743199681E-01   0.3542809002494775E-01   0.3321510383421292E-01   0.0000000000000000E+00   0.0000000000000000E+00 
   0.1639779997827076E-01   0.3565847011508624E-01   0.3335346357623480E-01   0.0000000000000000E+00   0.0000000000000000E+00 
   0.1639403419458713E-01   0.3560701445538468E-01   0.3322754975016839E-01   0.0000000000000000E+00   0.0000000000000000E+00 
   0.1638995767032443E-01   0.3555462942937324E-01   0.3310164600325430E-01   0.0000000000000000E+00   0.0000000000000000E+00 
   0.1664276282402510E-01   0.3605818623344396E-01   0.3349505221042749E-01   0.0000000000000000E+00   0.0000000000000000E+00 
   0.1663621457194091E-01   0.3599933937959763E-01   0.3336341590186677E-01   0.0000000000000000E+00   0.0000000000000000E+00 
   0.1666413878102898E-01   0.3606117490721694E-01   0.3341271434757560E-01   0.0000000000000000E+00   0.0000000000000000E+00 
   0.1678795323827664E-01   0.3628351305631311E-01   0.3354316162968664E-01   0.0000000000000000E+00   0.6146666200165756E-22 
   0.1592425706405400E-01   0.3437430913045173E-01   0.3170179670265660E-01   0.1192598420381570E-18   0.0000000000000000E+00 
   0.1595120461008875E-01   0.3443362034773614E-01   0.3174982266224285E-01   0.0000000000000000E+00   0.0000000000000000E+00 
   0.1706622716845534E-01   0.3679280858285776E-01   0.3385494222963323E-01   0.1276506975916086E-18   0.6232944218340265E-22 
   0.1719382096008993E-01   0.3702060099726029E-01   0.3398850508183355E-01   0.1284410112894356E-18   0.0000000000000000E+00 
   0.1722100142661219E-01   0.3708013200415777E-01   0.3403695557062474E-01   0.2572951019197256E-18   0.6281618699212052E-22 
   0.1721096829902100E-01   0.3701117154170784E-01   0.3389698466435015E-01   0.0000000000000000E+00   0.0000000000000000E+00 
   0.1748091644655875E-01   0.3754307468547085E-01   0.3430859933288654E-01   0.0000000000000000E+00   0.0000000000000000E+00 
   0.1750871450211367E-01   0.3760366067038055E-01   0.3435823217263063E-01   0.0000000000000000E+00   0.6370307905036611E-22 
   0.1749806128264091E-01   0.3753232578769401E-01   0.3421563652309481E-01   0.2604328266076900E-18   0.1271644661170361E-21 
   0.1752639213797002E-01   0.3759391270704597E-01   0.3426632401024171E-01   0.0000000000000000E+00   0.0000000000000000E+00 
   0.1751710095922254E-01   0.3752530690585524E-01   0.3412659721467994E-01   0.0000000000000000E+00   0.6357034261017743E-22 
   0.1754614432388089E-01   0.3758828643069490E-01   0.3417862735414939E-01   0.2608211315722676E-18   0.1273540681505213E-21 
   0.1767929594965533E-01   0.3782407969173703E-01   0.3431637112755726E-01   0.0000000000000000E+00   0.6407648339694708E-22 
   0.1770932242134769E-01   0.3788903999352135E-01   0.3437017195434507E-01   0.0000000000000000E+00   0.0000000000000000E+00 
   0.1814803621471969E-01   0.3876764330554381E-01   0.3508113176827368E-01   0.0000000000000000E+00   0.6567494233439644E-22 
   0.1817944083557002E-01   0.3883541172243872E-01   0.3513727022735232E-01   0.0000000000000000E+00   0.0000000000000000E+00 
   0.1802855062071875E-01   0.3844831069875978E-01   0.3469134750415200E-01   0.0000000000000000E+00   0.0000000000000000E+00 
   0.1806099893165449E-01   0.3851818076122860E-01   0.3474939215446302E-01   0.0000000000000000E+00   0.0000000000000000E+00 
   0.1821127686576404E-01   0.3877284533378445E-01   0.3488475045305282E-01   0.0000000000000000E+00   0.0000000000000000E+00 
   0.1824513805501798E-01   0.3884560776813148E-01   0.3494527723328265E-01   0.0000000000000000E+00   0.0000000000000000E+00 
   0.1824784789199508E-01   0.3878554798984327E-01   0.3479595268861675E-01   0.1345644012532124E-18   0.1314105480988402E-21 
   0.1825207793108100E-01   0.3872864238215819E-01   0.3464975528259479E-01   0.0000000000000000E+00   0.0000000000000000E+00 
   0.1828813507152489E-01   0.3880581970812588E-01   0.3471403956175512E-01   0.1346347329044188E-18   0.0000000000000000E+00 
   0.1832498671225106E-01   0.3888466816203992E-01   0.3477981217058285E-01   0.0000000000000000E+00   0.0000000000000000E+00 
   0.1863268351352535E-01   0.3946989812852924E-01   0.3520814606009902E-01   0.0000000000000000E+00   0.0000000000000000E+00 
   0.1863894599610495E-01   0.3941577589051338E-01   0.3506311256860406E-01   0.1367509435222284E-18   0.0000000000000000E+00 
   0.1867866162687618E-01   0.3950041753066954E-01   0.3513369516220386E-01   0.0000000000000000E+00   0.0000000000000000E+00 
   0.1871931193963660E-01   0.3958701618958863E-01   0.3520600509678214E-01   0.1373450526559066E-18   0.6706301399214191E-22 
   0.1888254599248372E-01   0.3986370188731508E-01   0.3535516189548868E-01   0.0000000000000000E+00   0.0000000000000000E+00 
   0.1844772574335823E-01   0.3887946499685808E-01   0.3438478688051372E-01   0.0000000000000000E+00   0.6586437564791821E-22 
   0.1849114427886234E-01   0.3897156533287161E-01   0.3446175051813842E-01   0.0000000000000000E+00   0.0000000000000000E+00 
   0.1853563943391262E-01   0.3906590860301255E-01   0.3454068057098206E-01   0.0000000000000000E+00   0.0000000000000000E+00 
   0.1930956054739853E-01   0.4062608943427738E-01   0.3582432508937445E-01   0.1409500621575486E-18   0.0000000000000000E+00 
   0.1948453691813178E-01   0.4092332786720740E-01   0.3598691591337833E-01   0.0000000000000000E+00   0.0000000000000000E+00 
   0.1953350289113052E-01   0.4102672746528916E-01   0.3607318444203515E-01   0.1423400545530791E-18   0.6950197976224566E-22 
   0.1958374029152428E-01   0.4113276124539451E-01   0.3616174600352520E-01   0.1427079331282697E-18   0.6968160797278795E-22 
   0.1960029672373039E-01   0.4109632964709699E-01   0.3602911383215619E-01   0.0000000000000000E+00   0.6961989044462970E-22 
   0.1965323639590080E-01   0.4120778930797112E-01   0.3612221195000628E-01   0.1429682390112871E-18   0.0000000000000000E+00 
   0.2000442485455435E-01   0.4187094842935567E-01   0.3660249447994922E-01   0.0000000000000000E+00   0.0000000000000000E+00 
   0.2006066470100906E-01   0.4198906597773659E-01   0.3670107256670446E-01   0.0000000000000000E+00   0.0000000000000000E+00 
   0.2008175584730670E-01   0.4196006372990128E-01   0.3657304429180815E-01   0.0000000000000000E+00   0.0000000000000000E+00 
   0.2014115248200502E-01   0.4208449004758068E-01   0.3667685454859327E-01   0.0000000000000000E+00   0.0000000000000000E+00 
   0.2020221056255911E-01   0.4221232940634298E-01   0.3678359938774483E-01   0.1464534375936986E-18   0.0000000000000000E+00 
   0.2022923401020541E-01   0.4219495380893302E-01   0.3666530087127115E-01   0.0000000000000000E+00   0.7148103216807920E-22 
   0.2029381752150467E-01   0.4232982006538373E-01   0.3677784070596925E-01   0.0000000000000000E+00   0.0000000000000000E+00 
   0.2049360535831199E-01   0.4267139735551981E-01   0.3697091364765091E-01   0.0000000000000000E+00   0.0000000000000000E+00 
   0.2056221336000159E-01   0.4281429067946921E-01   0.3709001401298605E-01   0.0000000000000000E+00   0.7253022963766626E-22 
   0.2063284090925746E-01   0.4296130904333920E-01   0.3721262583526593E-01   0.0000000000000000E+00   0.0000000000000000E+00 
   0.2050285393304043E-01   0.4261566556681211E-01   0.3680853203966917E-01   0.0000000000000000E+00   0.3609687280426046E-22 
   0.2057754797099004E-01   0.4277072766213173E-01   0.3693773245050713E-01   0.0000000000000000E+00   0.0000000000000000E+00 
   0.2065450827377362E-01   0.4293040535414974E-01   0.3707083891349907E-01   0.0000000000000000E+00   0.0000000000000000E+00 
   0.2121285864186286E-01   0.4401229304871761E-01   0.3789906503733115E-01   0.7634915798318128E-19   0.3727986229647524E-22 
   0.2129550802708138E-01   0.4418330997353747E-01   0.3804130812591877E-01   0.0000000000000000E+00   0.0000000000000000E+00 
   0.2152203993398931E-01   0.4457371650508032E-01   0.3826887786330643E-01   0.0000000000000000E+00   0.0000000000000000E+00 
   0.2161031090693795E-01   0.4475586089271420E-01   0.3842008267363704E-01   0.0000000000000000E+00   0.0000000000000000E+00 
   0.2170139996698445E-01   0.4494371037897562E-01   0.3857605988315649E-01   0.0000000000000000E+00   0.3806880346284741E-22 
   0.2175713637938718E-01   0.4497854737534378E-01   0.3849573252502369E-01   0.1560506840946877E-18   0.0000000000000000E+00 
   0.2185427158421024E-01   0.4517830539879238E-01   0.3866126146695743E-01   0.0000000000000000E+00   0.0000000000000000E+00 
   0.2195460489442472E-01   0.4538451794414728E-01   0.3883215459702439E-01   0.0000000000000000E+00   0.0000000000000000E+00 
   0.2205827488883693E-01   0.4559746149223212E-01   0.3900863445428940E-01   0.0000000000000000E+00   0.3862255219507984E-22 
   0.2212831738417704E-01   0.4565974075174260E-01   0.3894973417386682E-01   0.7920702418906279E-19   0.7735060955963163E-22 
   0.2223916286091187E-01   0.4588677797407972E-01   0.3913743389043441E-01   0.0000000000000000E+00   0.0000000000000000E+00 
   0.2235380786889965E-01   0.4612145529671700E-01   0.3933143259062849E-01   0.0000000000000000E+00   0.3906639221163566E-22 
   0.2280377657858421E-01   0.4696393580434994E-01   0.3993495619901975E-01   0.0000000000000000E+00   0.3978000095902029E-22 
   0.2292744995203683E-01   0.4721635293962554E-01   0.4014296673086943E-01   0.0000000000000000E+00   0.0000000000000000E+00 
   0.2305549640465246E-01   0.4747753222182297E-01   0.4035815067215172E-01   0.0000000000000000E+00   0.0000000000000000E+00 
   0.2318812037665392E-01   0.4774787812937902E-01   0.4058082870669765E-01   0.0000000000000000E+00   0.0000000000000000E+00 
   0.2328679992578982E-01   0.4786291039671462E-01   0.4055991888299315E-01   0.0000000000000000E+00   0.0000000000000000E+00 
   0.2342930460423828E-01   0.4815254754887446E-01   0.4079773978638238E-01   0.8353135466112198E-19   0.4078679426812597E-22 
   0.2357706788191275E-01   0.4845267840163225E-01   0.4104408024099723E-01   0.0000000000000000E+00   0.0000000000000000E+00 
   0.2373034076277203E-01   0.4876379674998038E-01   0.4129932815943117E-01   0.0000000000000000E+00   0.0000000000000000E+00 
   0.2404300108641329E-01   0.4931403989524759E-01   0.4164243798827855E-01   0.8554622270154284E-19   0.8354123310697543E-22 
   0.2420876843033878E-01   0.4964949717865162E-01   0.4191664111730894E-01   0.0000000000000000E+00   0.0000000000000000E+00 
   0.2438092661611802E-01   0.4999765073012185E-01   0.4220106244653454E-01   0.8673209846523132E-19   0.4234965745372623E-22 
   0.2455979559142270E-01   0.5035912663974301E-01   0.4249618961640021E-01   0.8735915921165122E-19   0.8531167891762815E-22 
   0.2482469268988256E-01   0.5085113068018556E-01   0.4284205502208784E-01   0.0000000000000000E+00   0.0000000000000000E+00 
   0.2807149115490056E-01   0.5744054760331667E-01   0.4832047285128932E-01   0.0000000000000000E+00   0.9730807265667651E-22 
   0.2828385044018488E-01   0.5786766056854408E-01   0.4866662988791795E-01   0.0000000000000000E+00   0.0000000000000000E+00 
   0.2850485307337140E-01   0.5831181514053119E-01   0.4902632140534453E-01   0.2023097493021985E-18   0.4939202863823206E-22 
   0.2873494864167677E-01   0.5877388262201571E-01   0.4940021515246137E-01   0.0000000000000000E+00   0.0000000000000000E+00 
   0.2897463090921122E-01   0.5925481993200837E-01   0.4978904447026136E-01   0.0000000000000000E+00   0.0000000000000000E+00 
   0.2632221068837793E-01   0.5375012888389009E-01   0.4504908871721022E-01   0.0000000000000000E+00   0.0000000000000000E+00 
   0.2657073927939050E-01   0.5424789051253044E-01   0.4545097700599345E-01   0.0000000000000000E+00   0.0000000000000000E+00 
   0.2696037698856575E-01   0.5495726466032597E-01   0.4593151694894654E-01   0.0000000000000000E+00   0.0000000000000000E+00 
   0.2723186284335247E-01   0.5549939941225294E-01   0.4636742711076986E-01   0.0000000000000000E+00   0.0000000000000000E+00 
   0.2751539840848988E-01   0.5606512604932287E-01   0.4682181958301717E-01   0.9725749034135919E-19   0.0000000000000000E+00 
   0.2781167547822453E-01   0.5665577406605129E-01   0.4729569987839854E-01   0.9828210132201713E-19   0.9597861457228236E-22 
   0.2809100097446834E-01   0.5713230711881781E-01   0.4757155303542715E-01   0.0000000000000000E+00   0.0000000000000000E+00 
   0.2841520389138982E-01   0.5777667277958889E-01   0.4808628433732518E-01   0.2004531012691660E-18   0.4893874542704249E-22 
   0.2875455399347611E-01   0.5845053506587086E-01   0.4862390358053303E-01   0.0000000000000000E+00   0.0000000000000000E+00 
   0.2910997904556653E-01   0.5915566629011910E-01   0.4918573805536425E-01   0.1026187230505194E-18   0.5010679836451144E-22 
   0.2979284011608989E-01   0.6044122820934307E-01   0.5012137069471063E-01   0.2096976349832381E-18   0.1023914233316592E-21 
   0.3018565580064074E-01   0.6121793579380445E-01   0.5073712083922297E-01   0.1061961903723534E-18   0.5185360858025071E-22 
   0.3059784678676715E-01   0.6203214486564147E-01   0.5138166399234199E-01   0.0000000000000000E+00   0.0000000000000000E+00 
   0.3103065130251532E-01   0.6288620259034935E-01   0.5205673535284376E-01   0.3272705158455376E-18   0.1598000565652039E-21 
   0.3145459908349756E-01   0.6363287510956941E-01   0.5252805112899125E-01   0.0000000000000000E+00   0.0000000000000000E+00 
   0.3193296740032327E-01   0.6457365716954845E-01   0.5326784073581373E-01   0.1120174390216938E-18   0.5469601514731141E-22 
   0.3243632156372972E-01   0.6556249211118156E-01   0.5404411982856613E-01   0.0000000000000000E+00   0.0000000000000000E+00 
   0.3296634707028659E-01   0.6660255010678849E-01   0.5485920146498461E-01   0.0000000000000000E+00   0.0000000000000000E+00 
   0.3350097609224604E-01   0.6754828459762569E-01   0.5546653883885452E-01   0.0000000000000000E+00   0.0000000000000000E+00 
   0.3409620779660014E-01   0.6870247929096859E-01   0.5635651335257697E-01   0.0000000000000000E+00   0.0000000000000000E+00 
   0.3489571288402547E-01   0.7014167030775657E-01   0.5732741534248405E-01   0.0000000000000000E+00   0.5941230572611850E-22 
   0.3612503816509557E-01   0.7243186009183236E-01   0.5897959141920289E-01   0.0000000000000000E+00   0.0000000000000000E+00 
   0.3683583730861902E-01   0.7379848889768072E-01   0.6001971204267087E-01   0.0000000000000000E+00   0.0000000000000000E+00 
   0.3758820632918568E-01   0.7524260081206466E-01   0.6111593639403613E-01   0.0000000000000000E+00   0.0000000000000000E+00 
   0.3835678360062314E-01   0.7644627349153846E-01   0.6168898943970103E-01   0.0000000000000000E+00   0.0000000000000000E+00 
   0.3920350414719456E-01   0.7806051244922602E-01   0.6290160540033389E-01   0.0000000000000000E+00   0.6611982592404892E-22 
   0.4009165001011346E-01   0.7961075963541955E-01   0.6388719648317304E-01   0.1381026536799091E-18   0.0000000000000000E+00 
   0.4103899133867566E-01   0.8126441450472510E-01   0.6494007634619280E-01   0.0000000000000000E+00   0.0000000000000000E+00 
   0.4205645679746283E-01   0.8318687008732012E-01   0.6636413789868503E-01   0.0000000000000000E+00   0.0000000000000000E+00 
   0.4354679100047771E-01   0.8573326994413123E-01   0.6791586628049315E-01   0.1487235160443413E-18   0.0000000000000000E+00 
   0.4470878380854378E-01   0.8791215873027418E-01   0.6951059396153229E-01   0.1525032855732060E-18   0.0000000000000000E+00 
   0.4616298919369682E-01   0.9049437758116696E-01   0.7122142698947494E-01   0.0000000000000000E+00   0.0000000000000000E+00 
   0.4867064065926688E-01   0.9511130726565620E-01   0.7450036560006403E-01   0.0000000000000000E+00   0.8056241091043812E-22 
   0.4936468890691707E-01   0.9615880430402034E-01   0.7495315767611832E-01   0.1668089352480437E-18   0.1628993508281677E-21 
   0.5112949241694948E-01   0.9926916811046732E-01   0.7699003259832182E-01   0.0000000000000000E+00   0.0000000000000000E+00 
   0.5277235827753033E-01   0.1021134803161639E+00   0.7878801568089883E-01   0.3542773030362902E-18   0.8649348218659430E-22 
   0.5503761897278724E-01   0.1061280616940422E+00   0.8145180560480261E-01   0.3682056801611399E-18   0.2696818946492724E-21 
   0.5694528873275292E-01   0.1096088343072395E+00   0.8388988629934381E-01   0.0000000000000000E+00   0.0000000000000000E+00 
   0.5900230075441768E-01   0.1129550609497386E+00   0.8573399928969007E-01   0.0000000000000000E+00   0.1913533163670925E-21 
   0.6123393461487933E-01   0.1165820351420269E+00   0.8773567274631602E-01   0.0000000000000000E+00   0.0000000000000000E+00 
   0.6362650648473953E-01   0.1208824909404581E+00   0.9067506330528191E-01   0.0000000000000000E+00   0.0000000000000000E+00 
   0.6704380262943475E-01   0.1268689969899454E+00   0.9457970616516068E-01   0.0000000000000000E+00   0.0000000000000000E+00 
   0.7015650419083029E-01   0.1322167827848617E+00   0.9793988002406923E-01   0.0000000000000000E+00   0.0000000000000000E+00 
   0.7324218406873409E-01   0.1372099266452683E+00   0.1006940353752634E+00   0.4760425617772053E-18   0.0000000000000000E+00 
   0.7718147834608131E-01   0.1439632661014268E+00   0.1049329404650905E+00   0.0000000000000000E+00   0.0000000000000000E+00 
   0.8083207953047938E-01   0.1500786005030009E+00   0.1086059950362034E+00   0.0000000000000000E+00   0.0000000000000000E+00 
   0.8525415218730478E-01   0.1573236403573306E+00   0.1128365872733311E+00   0.2729130122539937E-18   0.0000000000000000E+00 
   0.8761429927126614E-01   0.1606619994162874E+00   0.1141670289898866E+00   0.2787041420848059E-18   0.1360860068773466E-21 
   0.9532085717580310E-01   0.1736565912894423E+00   0.1222195631877748E+00   0.3012461656679050E-18   0.0000000000000000E+00 
   0.1010545146866434E+00   0.1828662321198689E+00   0.1274207732403710E+00   0.0000000000000000E+00   0.0000000000000000E+00 
   0.1069584024848392E+00   0.1922076430301643E+00   0.1325451481027202E+00   0.0000000000000000E+00   0.0000000000000000E+00 
   0.1141852514892127E+00   0.2037244275737863E+00   0.1389774697113360E+00   0.0000000000000000E+00   0.0000000000000000E+00 
   0.1213135449632602E+00   0.2148404754936987E+00   0.1449228639492404E+00   0.3726888164289391E-18   0.0000000000000000E+00 
   0.1291538298897956E+00   0.2269762930237078E+00   0.1513296029714574E+00   0.0000000000000000E+00   0.0000000000000000E+00 
   0.1380873186468164E+00   0.2410379424940272E+00   0.1590447713901439E+00   0.0000000000000000E+00   0.0000000000000000E+00 
   0.1474790270795840E+00   0.2556252097185807E+00   0.1668471756167986E+00   0.0000000000000000E+00   0.0000000000000000E+00 
   0.1580178202799606E+00   0.2718946852585057E+00   0.1754599509155907E+00   0.4716620935112549E-18   0.0000000000000000E+00 
   0.1704907822512192E+00   0.2911340887596620E+00   0.1856539203253978E+00   0.0000000000000000E+00   0.0000000000000000E+00 
   0.1823145320892373E+00   0.3088750260107231E+00   0.1945294397019237E+00   0.0000000000000000E+00   0.2616273236151115E-21 
   0.1962707291625198E+00   0.3298041444272488E+00   0.2050220093891425E+00   0.1716356975437182E-17   0.8380649294126865E-21 
   0.2111740099760446E+00   0.3522384256508166E+00   0.2163966634799002E+00   0.6110362661175827E-18   0.0000000000000000E+00 
   0.2274656077424072E+00   0.3765005313550639E+00   0.2284441245582487E+00   0.0000000000000000E+00   0.0000000000000000E+00 
   0.2452479029666561E+00   0.4026260074438417E+00   0.2410908141703309E+00   0.0000000000000000E+00   0.0000000000000000E+00 
   0.2678050405090669E+00   0.4306203748444202E+00   0.2502228430902839E+00   0.0000000000000000E+00   0.3647496452522208E-21 
   0.2933122221553492E+00   0.4616503336437923E+00   0.2599611639738791E+00   0.0000000000000000E+00   0.0000000000000000E+00 
   0.3195475244233648E+00   0.4935359400389706E+00   0.2702104942489406E+00   0.1712296762847768E-17   0.8360824037342619E-21 
   0.3476218195077004E+00   0.5257146512492539E+00   0.2788081173234133E+00   0.9119695471870406E-18   0.0000000000000000E+00 
   0.3782496495541964E+00   0.5579975424063999E+00   0.2848057084740023E+00   0.0000000000000000E+00   0.9452846058102986E-21 
   0.4085270697573775E+00   0.5884357123776073E+00   0.2892440277412752E+00   0.1020773244364572E-17   0.4984244357248885E-21 
   0.4373741761543690E+00   0.6127338657148910E+00   0.2879759645135916E+00   0.1062923821381642E-17   0.0000000000000000E+00 
   0.4636121459689468E+00   0.6277000833002759E+00   0.2786858616631411E+00   0.0000000000000000E+00   0.5316826515496026E-21 
   0.4876621673211389E+00   0.6217375313347275E+00   0.2535624501430944E+00   0.0000000000000000E+00   0.5266321735850672E-21 
   0.4999344335088396E+00   0.5858104892015081E+00   0.2120614360035492E+00   0.0000000000000000E+00   0.0000000000000000E+00 
   0.4841559545469780E+00   0.5143330598751138E+00   0.1602867652962850E+00   0.0000000000000000E+00   0.0000000000000000E+00 
   0.4322543009993361E+00   0.4160275411489731E+00   0.1096084744538571E+00   0.7498416835354933E-18   0.3661336345388151E-21 
   0.3525626041935180E+00   0.3108639352520335E+00   0.7011780167724624E-01   0.0000000000000000E+00   0.0000000000000000E+00 
   0.2790584836497355E+00   0.2185601571758132E+00   0.4326615563416666E-01   0.0000000000000000E+00   0.0000000000000000E+00 
   0.2103607988078632E+00   0.1515212625170128E+00   0.2732052343193145E-01   0.1824589080586171E-18   0.0000000000000000E+00 
   0.1587456611401265E+00   0.1061560713588597E+00   0.1759283621354514E-01   0.0000000000000000E+00   0.0000000000000000E+00 
   0.1209121449424419E+00   0.7572783704826432E-01   0.1163073854005617E-01   0.1048745681811821E-18   0.5120828524471784E-22 
   0.9436710788308372E-01   0.5555858708606294E-01   0.7934728753498927E-02   0.8185041870241067E-19   0.0000000000000000E+00 
   0.7567744343530672E-01   0.4141537815940913E-01   0.5420828348163082E-02   0.0000000000000000E+00   0.0000000000000000E+00 
   0.6378150687294831E-01   0.3200557868587863E-01   0.3759191200347320E-02   0.0000000000000000E+00   0.0000000000000000E+00 
   0.5349725317062420E-01   0.2467579699892191E-01   0.2591151472240998E-02   0.0000000000000000E+00   0.0000000000000000E+00 
   0.4644111477605652E-01   0.1954399991120142E-01   0.1798089722826242E-02   0.2014062301313965E-19   0.2950286574190379E-22 
   0.4142625779921158E-01   0.1584794091174383E-01   0.1250690094622954E-02   0.0000000000000000E+00   0.8772351309345658E-23 
   0.3784572765752448E-01   0.1303571766805073E-01   0.8454474898987125E-03   0.0000000000000000E+00   0.8014144559684138E-23 
   0.3516613999670631E-01   0.1087366143067478E-01   0.5498706888087908E-03   0.1525088215294335E-19   0.1489343960248374E-22 
   0.3257259074416943E-01   0.9100781809019610E-02   0.3379403362206866E-03   0.0000000000000000E+00   0.0000000000000000E+00 
   0.2993991261520713E-01   0.8111514529077978E-02   0.2677906625316100E-03   0.0000000000000000E+00   0.0000000000000000E+00 
   0.2658665561663769E-01   0.7203484751343815E-02   0.2378064765590113E-03   0.0000000000000000E+00   0.0000000000000000E+00 
   0.2287468377202663E-01   0.6198119448057391E-02   0.2046121841842758E-03   0.9920312736220076E-20   0.0000000000000000E+00 
   0.1888785133072560E-01   0.5118154372194535E-02   0.1689569941031346E-03   0.0000000000000000E+00   0.0000000000000000E+00 
   0.1481307270718679E-01   0.4014146351177873E-02   0.1325110974894972E-03   0.0000000000000000E+00   0.0000000000000000E+00 
   0.1085243938525885E-01   0.2940992029778398E-02   0.9708355589356697E-04   0.0000000000000000E+00   0.0000000000000000E+00 
   0.7484132188782649E-02   0.2028243336636505E-02   0.6695264679320721E-04   0.0000000000000000E+00   0.0000000000000000E+00 
   0.4822941278184993E-02   0.1307062527273492E-02   0.4314615770326994E-04   0.0000000000000000E+00   0.0000000000000000E+00 
   0.2921304843441327E-02   0.7917163607703292E-03   0.2613437056072518E-04   0.0000000000000000E+00   0.0000000000000000E+00 
   0.1672614205752801E-02   0.4533061148995445E-03   0.1496346041833957E-04   0.7253807822429215E-21   0.3541898350795515E-24 
   0.9207459998083371E-03   0.2495384709015184E-03   0.8237140117152760E-05   0.0000000000000000E+00   0.0000000000000000E+00 
   0.5015546845343327E-03   0.1359304079007057E-03   0.4486986150984823E-05   0.0000000000000000E+00   0.0000000000000000E+00 
   0.2767058901797464E-03   0.7499187271756456E-04   0.2475446867645678E-05   0.0000000000000000E+00   0.5859475142039383E-25 
   0.1615090251028089E-03   0.4377197743890076E-04   0.1444885331424727E-05   0.7004337435699252E-22   0.3420086638525025E-25 
   0.9789232143014444E-04   0.2653066660230631E-04   0.8757602294742322E-06   0.4245402702568476E-22   0.0000000000000000E+00 
   0.6046558529237367E-04   0.1638719557376875E-04   0.5409330249932456E-06   0.0000000000000000E+00   0.0000000000000000E+00 
   0.4052384192060905E-04   0.1098273357556600E-04   0.3625329935095495E-06   0.0000000000000000E+00   0.0000000000000000E+00 
   0.2735568187336811E-04   0.7413924442750946E-05   0.2447290822800687E-06   0.0000000000000000E+00   0.0000000000000000E+00 
   0.2053045869785062E-04   0.5564149347969365E-05   0.1836691568509916E-06   0.0000000000000000E+00   0.0000000000000000E+00 
   0.1633498279103737E-04   0.4427093983596910E-05   0.1461357651396085E-06   0.0000000000000000E+00   0.0000000000000000E+00 
   0.1395088480040716E-04   0.3780958405843361E-05   0.1248073489235811E-06   0.0000000000000000E+00   0.0000000000000000E+00 
   0.1307384563495138E-04   0.3543238576597816E-05   0.1169610380748618E-06   0.0000000000000000E+00   0.0000000000000000E+00 
   0.1232684483666893E-04   0.3340805611470996E-05   0.1102783414627098E-06   0.5345916780723272E-23   0.2610310928087535E-26 
   0.1216519522763968E-04   0.3296991498445978E-05   0.1088321008808098E-06   0.5275812437806892E-23   0.2576080291897896E-26 
   0.1218335910722443E-04   0.3301909143647162E-05   0.1089944632626719E-06   0.0000000000000000E+00   0.0000000000000000E+00 
   0.1231804290674380E-04   0.3338404585893219E-05   0.1101991945518852E-06   0.0000000000000000E+00   0.0000000000000000E+00 
   0.1403731757503987E-04   0.3812850304257758E-05   0.1270047882024412E-06   0.0000000000000000E+00   0.0000000000000000E+00 
   0.1401697279926510E-04   0.3805869369297078E-05   0.1265777853682324E-06   0.0000000000000000E+00   0.0000000000000000E+00 
   0.1400862596129119E-04   0.3802711060506954E-05   0.1263534643355233E-06   0.0000000000000000E+00   0.0000000000000000E+00 
   0.1400534130195350E-04   0.3801289837909047E-05   0.1262353815151525E-06   0.6073848586391578E-23   0.0000000000000000E+00 
   0.1400409399568783E-04   0.3800647518457528E-05   0.1261733634581828E-06   0.0000000000000000E+00   0.0000000000000000E+00 
   0.1400363198464210E-04   0.3800354220354115E-05   0.1261410928860019E-06   0.0000000000000000E+00   0.0000000000000000E+00 
   0.1408005583254911E-04   0.3856147489546882E-05   0.1326964239113900E-06   0.1221250169789356E-22   0.2981567797337294E-26 
   0.1405089140797974E-04   0.3948085156027445E-05   0.1493435712088073E-06   0.0000000000000000E+00   0.0000000000000000E+00 
   0.1413777521860090E-04   0.4012613746739078E-05   0.1571429864865904E-06   0.0000000000000000E+00   0.0000000000000000E+00 
   0.1410880060208277E-04   0.4104273157900209E-05   0.1741472502702065E-06   0.0000000000000000E+00   0.0000000000000000E+00 
   0.1420583828376560E-04   0.4177647501715124E-05   0.1832721740338067E-06   0.0000000000000000E+00   0.0000000000000000E+00 
   0.1423427062021170E-04   0.4256237876499749E-05   0.1960898961783087E-06   0.6173130852072045E-23   0.3014224048863303E-26 
   0.1430529831641226E-04   0.4367972384657710E-05   0.2133255801973077E-06   0.6203934205082961E-23   0.6058529497151329E-26 
   0.1440361523440009E-04   0.4559283834357464E-05   0.2443605848980832E-06   0.0000000000000000E+00   0.0000000000000000E+00 
   0.1435459803298013E-04   0.4463507553992990E-05   0.2287204610370562E-06   0.0000000000000000E+00   0.0000000000000000E+00 
