9.999000E-03 2.346000E-02 2.555000E-02 0.000000E+00 0.000000E+00
1.001000E-02 2.348000E-02 2.557000E-02 3.549000E-19 0.000000E+00
1.001000E-02 2.348000E-02 2.557000E-02 3.549000E-19 0.000000E+00
1.001000E-02 2.348000E-02 2.557000E-02 0.000000E+00 0.000000E+00
1.001000E-02 2.348000E-02 2.558000E-02 0.000000E+00 0.000000E+00
1.001000E-02 2.348000E-02 2.558000E-02 0.000000E+00 8.666000E-23
1.001000E-02 2.348000E-02 2.558000E-02 0.000000E+00 8.666000E-23
1.001000E-02 2.348000E-02 2.558000E-02 0.000000E+00 0.000000E+00
1.001000E-02 2.348000E-02 2.558000E-02 0.000000E+00 0.000000E+00
1.001000E-02 2.349000E-02 2.558000E-02 1.775000E-19 8.667000E-23
1.001000E-02 2.349000E-02 2.558000E-02 0.000000E+00 0.000000E+00
1.001000E-02 2.349000E-02 2.558000E-02 0.000000E+00 0.000000E+00
1.001000E-02 2.349000E-02 2.558000E-02 0.000000E+00 0.000000E+00
1.001000E-02 2.349000E-02 2.558000E-02 1.775000E-19 8.668000E-23
1.001000E-02 2.349000E-02 2.559000E-02 0.000000E+00 0.000000E+00
1.001000E-02 2.349000E-02 2.559000E-02 0.000000E+00 0.000000E+00
1.001000E-02 2.349000E-02 2.559000E-02 0.000000E+00 8.669000E-23
1.001000E-02 2.349000E-02 2.559000E-02 0.000000E+00 1.734000E-22
1.001000E-02 2.350000E-02 2.559000E-02 1.776000E-19 0.000000E+00
1.001000E-02 2.350000E-02 2.559000E-02 0.000000E+00 0.000000E+00
1.002000E-02 2.350000E-02 2.559000E-02 0.000000E+00 0.000000E+00
1.002000E-02 2.350000E-02 2.560000E-02 1.776000E-19 0.000000E+00
1.002000E-02 2.350000E-02 2.560000E-02 0.000000E+00 0.000000E+00
1.002000E-02 2.350000E-02 2.560000E-02 0.000000E+00 0.000000E+00
1.002000E-02 2.351000E-02 2.560000E-02 0.000000E+00 0.000000E+00
1.002000E-02 2.351000E-02 2.560000E-02 0.000000E+00 0.000000E+00
1.002000E-02 2.351000E-02 2.561000E-02 0.000000E+00 0.000000E+00
1.002000E-02 2.351000E-02 2.561000E-02 3.554000E-19 1.735000E-22
1.027000E-02 2.407000E-02 2.616000E-02 0.000000E+00 0.000000E+00
1.027000E-02 2.407000E-02 2.617000E-02 0.000000E+00 0.000000E+00
1.027000E-02 2.407000E-02 2.617000E-02 3.632000E-19 1.773000E-22
1.027000E-02 2.408000E-02 2.618000E-02 0.000000E+00 8.869000E-23
1.028000E-02 2.408000E-02 2.618000E-02 0.000000E+00 0.000000E+00
1.028000E-02 2.409000E-02 2.619000E-02 0.000000E+00 0.000000E+00
1.028000E-02 2.409000E-02 2.619000E-02 1.817000E-19 8.874000E-23
1.028000E-02 2.410000E-02 2.620000E-02 0.000000E+00 0.000000E+00
1.029000E-02 2.411000E-02 2.621000E-02 1.818000E-19 0.000000E+00
1.029000E-02 2.412000E-02 2.622000E-02 0.000000E+00 0.000000E+00
1.029000E-02 2.413000E-02 2.623000E-02 0.000000E+00 0.000000E+00
1.030000E-02 2.414000E-02 2.624000E-02 1.821000E-19 8.890000E-23
1.031000E-02 2.415000E-02 2.625000E-02 3.644000E-19 1.779000E-22
1.038000E-02 2.430000E-02 2.636000E-02 0.000000E+00 0.000000E+00
1.039000E-02 2.432000E-02 2.639000E-02 0.000000E+00 0.000000E+00
1.040000E-02 2.435000E-02 2.642000E-02 0.000000E+00 8.950000E-23
1.042000E-02 2.439000E-02 2.646000E-02 0.000000E+00 0.000000E+00
1.044000E-02 2.444000E-02 2.651000E-02 0.000000E+00 8.980000E-23
1.047000E-02 2.450000E-02 2.657000E-02 0.000000E+00 0.000000E+00
1.047000E-02 2.449000E-02 2.650000E-02 0.000000E+00 0.000000E+00
1.049000E-02 2.450000E-02 2.646000E-02 0.000000E+00 0.000000E+00
1.054000E-02 2.463000E-02 2.659000E-02 0.000000E+00 9.009000E-23
1.074000E-02 2.502000E-02 2.691000E-02 1.867000E-19 9.118000E-23
1.089000E-02 2.535000E-02 2.719000E-02 1.887000E-19 9.214000E-23
1.033000E-02 2.403000E-02 2.572000E-02 0.000000E+00 0.000000E+00
1.132000E-02 2.627000E-02 2.799000E-02 0.000000E+00 0.000000E+00
1.161000E-02 2.688000E-02 2.851000E-02 3.957000E-19 9.660000E-23
1.206000E-02 2.778000E-02 2.921000E-02 2.027000E-19 9.898000E-23
1.215000E-02 2.793000E-02 2.922000E-02 2.028000E-19 9.901000E-23
1.240000E-02 2.837000E-02 2.941000E-02 0.000000E+00 0.000000E+00
1.229000E-02 2.806000E-02 2.892000E-02 2.007000E-19 0.000000E+00
1.320000E-02 2.998000E-02 3.061000E-02 1.062000E-19 0.000000E+00
1.335000E-02 3.021000E-02 3.061000E-02 1.062000E-19 5.186000E-23
1.372000E-02 3.092000E-02 3.106000E-02 1.077000E-19 0.000000E+00
1.385000E-02 3.111000E-02 3.221000E-02 6.160000E-80 0.000000E+00
1.428000E-02 3.195000E-02 3.161000E-02 0.000000E+00 5.413000E-23
1.445000E-02 3.226000E-02 3.174000E-02 0.000000E+00 0.000000E+00
1.465000E-02 3.261000E-02 3.189000E-02 0.000000E+00 0.000000E+00
1.496000E-02 3.318000E-02 3.224000E-02 0.000000E+00 0.000000E+00
1.504000E-02 3.326000E-02 3.210000E-02 0.000000E+00 0.000000E+00
1.526000E-02 3.367000E-02 3.236000E-02 0.000000E+00 0.000000E+00
1.552000E-02 3.414000E-02 3.264000E-02 0.000000E+00 0.000000E+00
1.570000E-02 3.447000E-02 3.284000E-02 0.000000E+00 5.839000E-23
1.592000E-02 3.487000E-02 3.307000E-02 0.000000E+00 0.000000E+00
1.593000E-02 3.484000E-02 3.296000E-02 1.209000E-19 1.181000E-22
1.593000E-02 3.481000E-02 3.286000E-02 0.000000E+00 0.000000E+00
1.590000E-02 3.467000E-02 3.257000E-02 0.000000E+00 0.000000E+00
1.627000E-02 3.543000E-02 3.322000E-02 0.000000E+00 0.000000E+00
1.640000E-02 3.566000E-02 3.335000E-02 0.000000E+00 0.000000E+00
1.639000E-02 3.561000E-02 3.323000E-02 0.000000E+00 6.032000E-23
1.639000E-02 3.555000E-02 3.310000E-02 0.000000E+00 0.000000E+00
1.664000E-02 3.606000E-02 3.350000E-02 1.251000E-19 0.000000E+00
1.664000E-02 3.600000E-02 3.336000E-02 1.249000E-19 0.000000E+00
1.666000E-02 3.606000E-02 3.341000E-02 0.000000E+00 0.000000E+00
1.679000E-02 3.628000E-02 3.354000E-02 0.000000E+00 0.000000E+00
1.592000E-02 3.437000E-02 3.170000E-02 0.000000E+00 0.000000E+00
1.595000E-02 3.443000E-02 3.175000E-02 1.195000E-19 1.167000E-22
1.707000E-02 3.679000E-02 3.385000E-02 0.000000E+00 0.000000E+00
1.719000E-02 3.702000E-02 3.399000E-02 0.000000E+00 0.000000E+00
1.722000E-02 3.708000E-02 3.404000E-02 1.286000E-19 0.000000E+00
1.721000E-02 3.701000E-02 3.390000E-02 3.852000E-19 1.254000E-22
1.748000E-02 3.754000E-02 3.431000E-02 0.000000E+00 0.000000E+00
1.751000E-02 3.760000E-02 3.436000E-02 0.000000E+00 0.000000E+00
1.750000E-02 3.753000E-02 3.422000E-02 0.000000E+00 0.000000E+00
1.753000E-02 3.759000E-02 3.427000E-02 0.000000E+00 0.000000E+00
1.752000E-02 3.753000E-02 3.413000E-02 0.000000E+00 0.000000E+00
1.755000E-02 3.759000E-02 3.418000E-02 0.000000E+00 0.000000E+00
1.768000E-02 3.782000E-02 3.432000E-02 0.000000E+00 0.000000E+00
1.771000E-02 3.789000E-02 3.437000E-02 0.000000E+00 6.419000E-23
1.815000E-02 3.877000E-02 3.508000E-02 0.000000E+00 0.000000E+00
1.818000E-02 3.884000E-02 3.514000E-02 0.000000E+00 0.000000E+00
1.803000E-02 3.845000E-02 3.469000E-02 2.668000E-19 6.513000E-23
1.806000E-02 3.852000E-02 3.475000E-02 0.000000E+00 0.000000E+00
1.821000E-02 3.877000E-02 3.488000E-02 0.000000E+00 0.000000E+00
1.825000E-02 3.885000E-02 3.495000E-02 1.348000E-19 0.000000E+00
1.825000E-02 3.879000E-02 3.480000E-02 0.000000E+00 0.000000E+00
1.825000E-02 3.873000E-02 3.465000E-02 0.000000E+00 0.000000E+00
1.829000E-02 3.881000E-02 3.471000E-02 0.000000E+00 0.000000E+00
1.832000E-02 3.888000E-02 3.478000E-02 0.000000E+00 0.000000E+00
1.863000E-02 3.947000E-02 3.521000E-02 1.369000E-19 6.686000E-23
1.864000E-02 3.942000E-02 3.506000E-02 1.368000E-19 0.000000E+00
1.868000E-02 3.950000E-02 3.513000E-02 0.000000E+00 0.000000E+00
1.872000E-02 3.959000E-02 3.521000E-02 0.000000E+00 0.000000E+00
1.888000E-02 3.986000E-02 3.536000E-02 0.000000E+00 0.000000E+00
1.845000E-02 3.888000E-02 3.438000E-02 1.349000E-19 0.000000E+00
1.849000E-02 3.897000E-02 3.446000E-02 0.000000E+00 0.000000E+00
1.854000E-02 3.907000E-02 3.454000E-02 0.000000E+00 0.000000E+00
1.931000E-02 4.063000E-02 3.582000E-02 0.000000E+00 0.000000E+00
1.948000E-02 4.092000E-02 3.599000E-02 0.000000E+00 0.000000E+00
1.953000E-02 4.103000E-02 3.607000E-02 1.423000E-19 0.000000E+00
1.958000E-02 4.113000E-02 3.616000E-02 0.000000E+00 0.000000E+00
1.960000E-02 4.110000E-02 3.603000E-02 0.000000E+00 0.000000E+00
1.965000E-02 4.121000E-02 3.612000E-02 0.000000E+00 6.981000E-23
2.000000E-02 4.187000E-02 3.660000E-02 0.000000E+00 0.000000E+00
2.006000E-02 4.199000E-02 3.670000E-02 0.000000E+00 0.000000E+00
2.008000E-02 4.196000E-02 3.657000E-02 0.000000E+00 7.108000E-23
2.014000E-02 4.208000E-02 3.668000E-02 0.000000E+00 0.000000E+00
2.020000E-02 4.221000E-02 3.678000E-02 0.000000E+00 7.151000E-23
2.023000E-02 4.219000E-02 3.667000E-02 0.000000E+00 0.000000E+00
2.029000E-02 4.233000E-02 3.678000E-02 0.000000E+00 0.000000E+00
2.049000E-02 4.267000E-02 3.697000E-02 0.000000E+00 0.000000E+00
2.056000E-02 4.281000E-02 3.709000E-02 0.000000E+00 7.253000E-23
2.063000E-02 4.296000E-02 3.721000E-02 0.000000E+00 0.000000E+00
2.050000E-02 4.262000E-02 3.681000E-02 0.000000E+00 0.000000E+00
2.058000E-02 4.277000E-02 3.694000E-02 0.000000E+00 3.623000E-23
2.065000E-02 4.293000E-02 3.707000E-02 0.000000E+00 3.636000E-23
2.121000E-02 4.401000E-02 3.790000E-02 0.000000E+00 0.000000E+00
2.130000E-02 4.418000E-02 3.804000E-02 0.000000E+00 0.000000E+00
2.152000E-02 4.457000E-02 3.827000E-02 7.732000E-20 0.000000E+00
2.161000E-02 4.476000E-02 3.842000E-02 7.764000E-20 0.000000E+00
2.170000E-02 4.494000E-02 3.858000E-02 1.559000E-19 3.807000E-23
2.176000E-02 4.498000E-02 3.850000E-02 0.000000E+00 0.000000E+00
2.185000E-02 4.518000E-02 3.866000E-02 0.000000E+00 0.000000E+00
2.195000E-02 4.538000E-02 3.883000E-02 0.000000E+00 0.000000E+00
2.206000E-02 4.560000E-02 3.901000E-02 0.000000E+00 7.725000E-23
2.213000E-02 4.566000E-02 3.895000E-02 1.584000E-19 1.160000E-22
2.224000E-02 4.589000E-02 3.914000E-02 1.592000E-19 3.887000E-23
2.235000E-02 4.612000E-02 3.933000E-02 8.001000E-20 0.000000E+00
2.280000E-02 4.696000E-02 3.993000E-02 1.629000E-19 3.978000E-23
2.293000E-02 4.722000E-02 4.014000E-02 0.000000E+00 0.000000E+00
2.306000E-02 4.748000E-02 4.036000E-02 2.471000E-19 1.206000E-22
2.319000E-02 4.775000E-02 4.058000E-02 0.000000E+00 0.000000E+00
2.329000E-02 4.786000E-02 4.056000E-02 0.000000E+00 0.000000E+00
2.343000E-02 4.815000E-02 4.080000E-02 0.000000E+00 0.000000E+00
2.358000E-02 4.845000E-02 4.104000E-02 0.000000E+00 0.000000E+00
2.373000E-02 4.876000E-02 4.130000E-02 0.000000E+00 0.000000E+00
2.404000E-02 4.931000E-02 4.164000E-02 8.555000E-20 4.177000E-23
2.421000E-02 4.965000E-02 4.192000E-02 8.613000E-20 4.205000E-23
2.438000E-02 5.000000E-02 4.220000E-02 1.735000E-19 0.000000E+00
2.456000E-02 5.036000E-02 4.250000E-02 0.000000E+00 0.000000E+00
2.482000E-02 5.085000E-02 4.284000E-02 8.821000E-20 0.000000E+00
2.807000E-02 5.744000E-02 4.832000E-02 9.964000E-20 0.000000E+00
2.828000E-02 5.787000E-02 4.867000E-02 0.000000E+00 0.000000E+00
2.850000E-02 5.831000E-02 4.903000E-02 0.000000E+00 0.000000E+00
2.873000E-02 5.877000E-02 4.940000E-02 0.000000E+00 0.000000E+00
2.897000E-02 5.925000E-02 4.979000E-02 0.000000E+00 0.000000E+00
2.632000E-02 5.375000E-02 4.505000E-02 0.000000E+00 0.000000E+00
2.657000E-02 5.425000E-02 4.545000E-02 0.000000E+00 9.190000E-23
2.696000E-02 5.496000E-02 4.593000E-02 0.000000E+00 0.000000E+00
2.723000E-02 5.550000E-02 4.637000E-02 0.000000E+00 0.000000E+00
2.752000E-02 5.607000E-02 4.682000E-02 0.000000E+00 0.000000E+00
2.781000E-02 5.666000E-02 4.730000E-02 0.000000E+00 0.000000E+00
2.809000E-02 5.713000E-02 4.757000E-02 0.000000E+00 0.000000E+00
2.842000E-02 5.778000E-02 4.809000E-02 0.000000E+00 0.000000E+00
2.875000E-02 5.845000E-02 4.862000E-02 1.014000E-19 4.951000E-23
2.911000E-02 5.916000E-02 4.919000E-02 1.026000E-19 0.000000E+00
2.979000E-02 6.044000E-02 5.012000E-02 0.000000E+00 0.000000E+00
3.019000E-02 6.122000E-02 5.074000E-02 0.000000E+00 0.000000E+00
3.060000E-02 6.203000E-02 5.138000E-02 3.228000E-19 1.051000E-22
3.103000E-02 6.289000E-02 5.206000E-02 0.000000E+00 0.000000E+00
3.145000E-02 6.363000E-02 5.253000E-02 0.000000E+00 5.390000E-23
3.193000E-02 6.457000E-02 5.327000E-02 1.120000E-19 5.470000E-23
3.244000E-02 6.556000E-02 5.404000E-02 0.000000E+00 0.000000E+00
3.297000E-02 6.660000E-02 5.486000E-02 2.311000E-19 5.641000E-23
3.350000E-02 6.755000E-02 5.547000E-02 1.172000E-19 0.000000E+00
3.410000E-02 6.870000E-02 5.636000E-02 2.384000E-19 1.746000E-22
3.490000E-02 7.014000E-02 5.733000E-02 0.000000E+00 0.000000E+00
3.613000E-02 7.243000E-02 5.898000E-02 0.000000E+00 6.135000E-23
3.684000E-02 7.380000E-02 6.002000E-02 0.000000E+00 6.251000E-23
3.759000E-02 7.524000E-02 6.112000E-02 0.000000E+00 0.000000E+00
3.836000E-02 7.645000E-02 6.169000E-02 1.326000E-19 6.475000E-23
3.920000E-02 7.806000E-02 6.290000E-02 1.354000E-19 6.612000E-23
4.009000E-02 7.961000E-02 6.389000E-02 0.000000E+00 0.000000E+00
4.104000E-02 8.126000E-02 6.494000E-02 0.000000E+00 0.000000E+00
4.206000E-02 8.319000E-02 6.636000E-02 0.000000E+00 7.046000E-23
4.355000E-02 8.573000E-02 6.792000E-02 0.000000E+00 0.000000E+00
4.471000E-02 8.791000E-02 6.951000E-02 0.000000E+00 7.446000E-23
4.616000E-02 9.049000E-02 7.122000E-02 0.000000E+00 0.000000E+00
4.867000E-02 9.511000E-02 7.450000E-02 1.650000E-19 0.000000E+00
4.936000E-02 9.616000E-02 7.495000E-02 0.000000E+00 0.000000E+00
5.113000E-02 9.927000E-02 7.699000E-02 3.444000E-19 1.682000E-22
5.277000E-02 1.021000E-01 7.879000E-02 0.000000E+00 0.000000E+00
5.504000E-02 1.061000E-01 8.145000E-02 0.000000E+00 0.000000E+00
5.695000E-02 1.096000E-01 8.389000E-02 0.000000E+00 0.000000E+00
5.900000E-02 1.130000E-01 8.573000E-02 1.959000E-19 9.568000E-23
6.123000E-02 1.166000E-01 8.774000E-02 4.045000E-19 1.975000E-22
6.363000E-02 1.209000E-01 9.067000E-02 2.097000E-19 1.024000E-22
6.704000E-02 1.269000E-01 9.458000E-02 2.201000E-19 2.149000E-22
7.016000E-02 1.322000E-01 9.794000E-02 0.000000E+00 0.000000E+00
7.324000E-02 1.372000E-01 1.007000E-01 0.000000E+00 0.000000E+00
7.718000E-02 1.440000E-01 1.049000E-01 0.000000E+00 0.000000E+00
8.083000E-02 1.501000E-01 1.086000E-01 5.207000E-19 1.271000E-22
8.525000E-02 1.573000E-01 1.128000E-01 2.729000E-19 1.333000E-22
8.761000E-02 1.607000E-01 1.142000E-01 0.000000E+00 0.000000E+00
9.532000E-02 1.737000E-01 1.222000E-01 3.012000E-19 2.942000E-22
1.011000E-01 1.829000E-01 1.274000E-01 0.000000E+00 0.000000E+00
1.070000E-01 1.922000E-01 1.325000E-01 3.334000E-19 4.884000E-22
1.142000E-01 2.037000E-01 1.390000E-01 3.534000E-19 0.000000E+00
1.213000E-01 2.148000E-01 1.449000E-01 0.000000E+00 0.000000E+00
1.292000E-01 2.270000E-01 1.513000E-01 0.000000E+00 0.000000E+00
1.381000E-01 2.410000E-01 1.590000E-01 8.362000E-19 2.042000E-22
1.475000E-01 2.556000E-01 1.668000E-01 0.000000E+00 6.496000E-22
1.580000E-01 2.719000E-01 1.755000E-01 1.415000E-18 4.606000E-22
1.705000E-01 2.911000E-01 1.856000E-01 0.000000E+00 0.000000E+00
1.823000E-01 3.089000E-01 1.945000E-01 5.358000E-19 7.848000E-22
1.963000E-01 3.298000E-01 2.050000E-01 1.144000E-18 5.587000E-22
2.112000E-01 3.522000E-01 2.164000E-01 6.110000E-19 2.983000E-22
2.274000E-01 3.765000E-01 2.284000E-01 6.531000E-19 0.000000E+00
2.452000E-01 4.026000E-01 2.411000E-01 0.000000E+00 0.000000E+00
2.678000E-01 4.306000E-01 2.502000E-01 0.000000E+00 0.000000E+00
2.933000E-01 4.616000E-01 2.599000E-01 8.007000E-19 3.910000E-22
3.195000E-01 4.934000E-01 2.701000E-01 0.000000E+00 0.000000E+00
3.475000E-01 5.255000E-01 2.787000E-01 0.000000E+00 0.000000E+00
3.781000E-01 5.577000E-01 2.847000E-01 0.000000E+00 0.000000E+00
4.083000E-01 5.880000E-01 2.890000E-01 3.060000E-18 9.962000E-22
4.369000E-01 6.121000E-01 2.877000E-01 2.124000E-18 1.555000E-21
4.629000E-01 6.267000E-01 2.783000E-01 0.000000E+00 0.000000E+00
4.883000E-01 6.207000E-01 2.521000E-01 1.077000E-18 0.000000E+00
4.994000E-01 5.832000E-01 2.101000E-01 0.000000E+00 4.940000E-22
4.822000E-01 5.104000E-01 1.581000E-01 0.000000E+00 0.000000E+00
4.288000E-01 4.127000E-01 1.087000E-01 0.000000E+00 0.000000E+00
3.490000E-01 3.078000E-01 6.942000E-02 3.027000E-19 0.000000E+00
2.759000E-01 2.160000E-01 4.277000E-02 2.393000E-19 0.000000E+00
2.077000E-01 1.496000E-01 2.698000E-02 1.802000E-19 0.000000E+00
1.567000E-01 1.048000E-01 1.737000E-02 0.000000E+00 0.000000E+00
1.194000E-01 7.475000E-02 1.148000E-02 0.000000E+00 0.000000E+00
9.316000E-02 5.485000E-02 7.833000E-03 8.080000E-20 0.000000E+00
7.514000E-02 4.114000E-02 5.388000E-03 0.000000E+00 0.000000E+00
6.301000E-02 3.162000E-02 3.714000E-03 0.000000E+00 0.000000E+00
5.253000E-02 2.445000E-02 2.601000E-03 0.000000E+00 0.000000E+00
4.594000E-02 1.934000E-02 1.781000E-03 0.000000E+00 0.000000E+00
4.102000E-02 1.569000E-02 1.238000E-03 0.000000E+00 0.000000E+00
3.752000E-02 1.292000E-02 8.382000E-04 0.000000E+00 7.945000E-24
3.491000E-02 1.083000E-02 5.523000E-04 0.000000E+00 0.000000E+00
3.238000E-02 9.047000E-03 3.359000E-04 0.000000E+00 0.000000E+00
2.988000E-02 8.096000E-03 2.673000E-04 0.000000E+00 0.000000E+00
2.656000E-02 7.195000E-03 2.375000E-04 0.000000E+00 0.000000E+00
2.282000E-02 6.183000E-03 2.041000E-04 0.000000E+00 0.000000E+00
1.885000E-02 5.109000E-03 1.687000E-04 0.000000E+00 0.000000E+00
1.480000E-02 4.009000E-03 1.324000E-04 6.417000E-21 3.133000E-24
1.084000E-02 2.939000E-03 9.701000E-05 0.000000E+00 0.000000E+00
7.480000E-03 2.027000E-03 6.692000E-05 0.000000E+00 0.000000E+00
4.821000E-03 1.307000E-03 4.313000E-05 2.091000E-21 0.000000E+00
2.921000E-03 7.915000E-04 2.613000E-05 0.000000E+00 0.000000E+00
1.672000E-03 4.532000E-04 1.496000E-05 0.000000E+00 0.000000E+00
9.207000E-04 2.495000E-04 8.236000E-06 0.000000E+00 0.000000E+00
5.015000E-04 1.359000E-04 4.487000E-06 0.000000E+00 0.000000E+00
2.767000E-04 7.499000E-05 2.475000E-06 0.000000E+00 5.859000E-26
1.615000E-04 4.377000E-05 1.445000E-06 0.000000E+00 0.000000E+00
9.789000E-05 2.653000E-05 8.757000E-07 0.000000E+00 0.000000E+00
6.047000E-05 1.639000E-05 5.409000E-07 0.000000E+00 0.000000E+00
4.052000E-05 1.098000E-05 3.625000E-07 1.757000E-23 0.000000E+00
2.736000E-05 7.414000E-06 2.447000E-07 1.186000E-23 5.793000E-27
2.053000E-05 5.564000E-06 1.837000E-07 8.904000E-24 0.000000E+00
1.638000E-05 4.439000E-06 1.465000E-07 7.103000E-24 3.468000E-27
1.395000E-05 3.781000E-06 1.248000E-07 0.000000E+00 0.000000E+00
1.307000E-05 3.543000E-06 1.170000E-07 5.670000E-24 5.537000E-27
1.233000E-05 3.341000E-06 1.103000E-07 0.000000E+00 0.000000E+00
1.217000E-05 3.297000E-06 1.088000E-07 5.276000E-24 5.152000E-27
1.218000E-05 3.302000E-06 1.090000E-07 5.284000E-24 2.580000E-27
1.232000E-05 3.338000E-06 1.102000E-07 5.342000E-24 2.608000E-27
1.404000E-05 3.813000E-06 1.270000E-07 6.088000E-24 0.000000E+00
1.402000E-05 3.806000E-06 1.266000E-07 0.000000E+00 0.000000E+00
1.401000E-05 3.803000E-06 1.264000E-07 0.000000E+00 0.000000E+00
1.401000E-05 3.801000E-06 1.262000E-07 0.000000E+00 0.000000E+00
1.400000E-05 3.801000E-06 1.262000E-07 0.000000E+00 0.000000E+00
1.400000E-05 3.800000E-06 1.261000E-07 0.000000E+00 0.000000E+00
1.408000E-05 3.856000E-06 1.327000E-07 0.000000E+00 0.000000E+00
1.405000E-05 3.948000E-06 1.493000E-07 6.094000E-24 0.000000E+00
1.414000E-05 4.013000E-06 1.571000E-07 0.000000E+00 0.000000E+00
1.411000E-05 4.104000E-06 1.741000E-07 6.119000E-24 2.988000E-27
1.421000E-05 4.178000E-06 1.833000E-07 6.161000E-24 0.000000E+00
1.423000E-05 4.256000E-06 1.961000E-07 0.000000E+00 0.000000E+00
1.431000E-05 4.368000E-06 2.133000E-07 0.000000E+00 0.000000E+00
1.440000E-05 4.559000E-06 2.444000E-07 0.000000E+00 0.000000E+00
1.435000E-05 4.463000E-06 2.287000E-07 1.245000E-23 6.079000E-27
