9.691000E+01
9.691000E+01
9.691000E+01
9.691000E+01
9.691000E+01
9.691000E+01
9.691000E+01
9.691000E+01
9.691000E+01
9.691000E+01
9.691000E+01
9.691000E+01
9.691000E+01
9.691000E+01
9.691000E+01
9.691000E+01
9.691000E+01
9.691000E+01
9.691000E+01
9.691000E+01
9.691000E+01
9.691000E+01
9.691000E+01
9.691000E+01
9.691000E+01
9.691000E+01
9.691000E+01
9.691000E+01
9.652000E+01
9.652000E+01
9.652000E+01
9.652000E+01
9.652000E+01
9.652000E+01
9.652000E+01
9.652000E+01
9.652000E+01
9.652000E+01
9.652000E+01
9.652000E+01
9.652000E+01
9.614000E+01
9.614000E+01
9.614000E+01
9.614000E+01
9.614000E+01
9.614000E+01
9.576000E+01
9.538000E+01
9.538000E+01
9.461000E+01
9.423000E+01
9.385000E+01
9.308000E+01
9.232000E+01
9.078000E+01
9.002000E+01
8.849000E+01
8.772000E+01
8.619000E+01
8.505000E+01
8.371000E+01
8.160000E+01
8.146000E+01
8.072000E+01
7.984000E+01
7.896000E+01
7.807000E+01
7.748000E+01
7.675000E+01
7.631000E+01
7.572000E+01
7.542000E+01
7.513000E+01
7.454000E+01
7.425000E+01
7.395000E+01
7.366000E+01
7.336000E+01
7.307000E+01
7.277000E+01
7.277000E+01
7.248000E+01
7.218000E+01
7.218000E+01
7.189000E+01
7.159000E+01
7.159000E+01
7.130000E+01
7.100000E+01
7.100000E+01
7.071000E+01
7.071000E+01
7.041000E+01
7.041000E+01
7.012000E+01
7.012000E+01
6.982000E+01
6.982000E+01
6.953000E+01
6.953000E+01
6.923000E+01
6.923000E+01
6.893000E+01
6.864000E+01
6.864000E+01
6.864000E+01
6.834000E+01
6.805000E+01
6.805000E+01
6.804000E+01
6.775000E+01
6.745000E+01
6.745000E+01
6.745000E+01
6.715000E+01
6.686000E+01
6.685000E+01
6.685000E+01
6.656000E+01
6.655000E+01
6.626000E+01
6.625000E+01
6.596000E+01
6.595000E+01
6.595000E+01
6.565000E+01
6.565000E+01
6.535000E+01
6.535000E+01
6.534000E+01
6.504000E+01
6.504000E+01
6.503000E+01
6.473000E+01
6.473000E+01
6.443000E+01
6.442000E+01
6.441000E+01
6.411000E+01
6.410000E+01
6.410000E+01
6.409000E+01
6.378000E+01
6.377000E+01
6.376000E+01
6.346000E+01
6.345000E+01
6.344000E+01
6.342000E+01
6.312000E+01
6.310000E+01
6.309000E+01
6.307000E+01
6.276000E+01
6.274000E+01
6.272000E+01
6.270000E+01
6.253000E+01
6.236000E+01
6.234000E+01
6.231000E+01
6.229000E+01
6.226000E+01
6.200000E+01
6.197000E+01
6.171000E+01
6.168000E+01
6.164000E+01
6.160000E+01
6.133000E+01
6.129000E+01
6.124000E+01
6.119000E+01
6.092000E+01
6.086000E+01
6.080000E+01
6.074000E+01
6.045000E+01
6.038000E+01
6.031000E+01
6.023000E+01
5.993000E+01
5.984000E+01
5.953000E+01
5.921000E+01
5.911000E+01
5.900000E+01
5.845000E+01
5.833000E+01
5.799000E+01
5.764000E+01
5.750000E+01
5.692000E+01
5.677000E+01
5.639000E+01
5.601000E+01
5.562000E+01
5.522000E+01
5.481000E+01
5.439000E+01
5.417000E+01
5.352000E+01
5.287000E+01
5.262000E+01
5.215000E+01
5.167000E+01
5.097000E+01
5.047000E+01
4.995000E+01
4.942000E+01
4.888000E+01
4.832000E+01
4.775000E+01
4.717000E+01
4.657000E+01
4.596000E+01
4.533000E+01
4.478000E+01
4.421000E+01
4.362000E+01
4.302000E+01
4.239000E+01
4.175000E+01
4.118000E+01
4.059000E+01
3.997000E+01
3.884000E+01
3.770000E+01
3.672000E+01
3.565000E+01
3.443000E+01
3.328000E+01
3.199000E+01
3.047000E+01
2.841000E+01
2.605000E+01
2.359000E+01
2.147000E+01
1.975000E+01
1.797000E+01
1.688000E+01
1.602000E+01
1.533000E+01
1.472000E+01
1.406000E+01
1.335000E+01
1.280000E+01
1.214000E+01
1.157000E+01
1.103000E+01
1.054000E+01
1.012000E+01
9.466000E+00
8.786000E+00
8.236000E+00
7.757000E+00
7.398000E+00
7.176000E+00
7.029000E+00
6.973000E+00
6.930000E+00
6.971000E+00
7.035000E+00
7.119000E+00
7.208000E+00
7.300000E+00
7.410000E+00
7.514000E+00
7.626000E+00
7.592000E+00
7.881000E+00
8.042000E+00
8.159000E+00
8.308000E+00
8.466000E+00
8.611000E+00
8.753000E+00
8.902000E+00
1.001000E+01
1.001000E+01
1.001000E+01
1.001000E+01
1.001000E+01
1.001000E+01
1.004000E+01
1.014000E+01
1.018000E+01
1.027000E+01
1.032000E+01
1.039000E+01
1.047000E+01
1.055000E+01
1.063000E+01
