   0.9537672619901470E+02
   0.9537665603324976E+02
   0.9537665187568609E+02
   0.9537664747170612E+02
   0.9537664280688574E+02
   0.9537663786559524E+02
   0.9537663263151597E+02
   0.9537662708725288E+02
   0.9537662121450670E+02
   0.9537661499385879E+02
   0.9537660840451252E+02
   0.9537660142476724E+02
   0.9537659403141521E+02
   0.9537658619995699E+02
   0.9537657790464451E+02
   0.9537656911757693E+02
   0.9537655980990621E+02
   0.9537654995071733E+02
   0.9537653950733026E+02
   0.9537652844534253E+02
   0.9537651672768224E+02
   0.9537650431568443E+02
   0.9537649116822992E+02
   0.9537647724174528E+02
   0.9537646249037513E+02
   0.9537644686464742E+02
   0.9537643031298030E+02
   0.9537641278060585E+02
   0.9671523396764107E+02
   0.9671521402023888E+02
   0.9671519289053359E+02
   0.9671517050871157E+02
   0.9671514680076800E+02
   0.9671512168815723E+02
   0.9671509508788046E+02
   0.9671506691100114E+02
   0.9671503706452243E+02
   0.9633248070794035E+02
   0.9633244735214825E+02
   0.9633241202068425E+02
   0.9633237459482731E+02
   0.9652359703237920E+02
   0.9652355495689349E+02
   0.9652351038764368E+02
   0.9652346317909465E+02
   0.9575836630382793E+02
   0.9575831375372934E+02
   0.9556699658858298E+02
   0.9614072189335879E+02
   0.9461056912253457E+02
   0.9499302601056004E+02
   0.9441917353544272E+02
   0.8772497101510768E+02
   0.9269767668814650E+02
   0.9155003297753996E+02
   0.9231498998664615E+02
   0.8963725777411804E+02
   0.8887212529954451E+02
   0.8466431360735660E+02
   0.8542925350354632E+02
   0.8485537068488409E+02
   0.8361207650522627E+02
   0.8160144532516213E+02
   0.8153006399552638E+02
   0.8057364689726502E+02
   0.7954366473317336E+02
   0.7880792071373781E+02
   0.7866065492270049E+02
   0.7777777792532390E+02
   0.7682133532876833E+02
   0.7660048747529788E+02
   0.7630607086161139E+02
   0.7557028724750100E+02
   0.7483449637198592E+02
   0.7571700171250095E+02
   0.7439271824099734E+02
   0.7424537102382490E+02
   0.7380377683859214E+02
   0.7395063794711425E+02
   0.7321478615661744E+02
   0.7306738617596827E+02
   0.7247862573984096E+02
   0.7233119551172896E+02
   0.7689138365641446E+02
   0.6747578217119454E+02
   0.7174168452312841E+02
   0.7188840216161617E+02
   0.7129954239896679E+02
   0.7144621296577895E+02
   0.7159285560145889E+02
   0.7041550028407056E+02
   0.7085630454361572E+02
   0.7056154456073199E+02
   0.7070806937892806E+02
   0.7011904287873743E+02
   0.7026549845243633E+02
   0.6997061259037085E+02
   0.7099957937931740E+02
   0.6864525057587427E+02
   0.6967412127717094E+02
   0.6937907845900058E+02
   0.6952526720043895E+02
   0.6893595085495164E+02
   0.6908203175687369E+02
   0.6922804847880762E+02
   0.6922691443737975E+02
   0.6804907219845380E+02
   0.6819489888152202E+02
   0.6834064577474635E+02
   0.6775095032113244E+02
   0.6774947037297535E+02
   0.6760083785434114E+02
   0.6980510063457365E+02
   0.6980328842584345E+02
   0.6509565864042339E+02
   0.6700540166817545E+02
   0.6715037892844941E+02
   0.6714818433944066E+02
   0.6655772094872032E+02
   0.6670230972785563E+02
   0.6640567175672689E+02
   0.6684399246251429E+02
   0.6566499016592979E+02
   0.6610297226370903E+02
   0.6580574583691975E+02
   0.6580233780859044E+02
   0.6594570956680052E+02
   0.6535398576981723E+02
   0.6549692731982871E+02
   0.6519874863669934E+02
   0.6519424641340692E+02
   0.6621801202936339E+02
   0.6386212849540360E+02
   0.6385688777448105E+02
   0.6487961781765281E+02
   0.6457987688262230E+02
   0.6472044823092696E+02
   0.6471376277116570E+02
   0.6411932962083741E+02
   0.6425871986262285E+02
   0.6425083198700955E+02
   0.6394891005798762E+02
   0.6394010321545997E+02
   0.6437100366344383E+02
   0.6318730026501334E+02
   0.6317695994272179E+02
   0.6360602027333108E+02
   0.6359434282994663E+02
   0.6328874707129569E+02
   0.6327571219223157E+02
   0.6340846177120007E+02
   0.6339381128303283E+02
   0.6279236581682072E+02
   0.6277609065983484E+02
   0.6290526218184115E+02
   0.6288697256612035E+02
   0.6257497253385075E+02
   0.6255456355944985E+02
   0.6245984621460707E+02
   0.8107308665729293E+02
   0.8104167403247345E+02
   0.5512407119244838E+02
   0.5510011447365704E+02
   0.5507475343395583E+02
   0.6189149984415969E+02
   0.6185954958929780E+02
   0.6193780196890040E+02
   0.6190194217668468E+02
   0.6141623986495502E+02
   0.6137636378329877E+02
   0.6144595097365993E+02
   0.6140121150115833E+02
   0.6113063026281617E+02
   0.6108072073675660E+02
   0.6136221398246906E+02
   0.6130604188914518E+02
   0.6035683702356340E+02
   0.6029489240909922E+02
   0.6056233616493378E+02
   0.6049265948728501E+02
   0.6019752327593530E+02
   0.6011989142622107E+02
   0.6014824151284331E+02
   0.5962021909742141E+02
   0.5963910111815560E+02
   0.6009212808821601E+02
   0.5998910202592300E+02
   0.5812764514965780E+02
   0.5867195497831721E+02
   0.5811626420837747E+02
   0.5788235686467667E+02
   0.5807643082643081E+02
   0.5706961929692652E+02
   0.5714028570927550E+02
   0.5655497618578347E+02
   0.5628607701284169E+02
   0.5772352283332803E+02
   0.5572324250588201E+02
   0.5542851557406044E+02
   0.5491221578646894E+02
   0.5481036336135396E+02
   0.5374928921449324E+02
   0.5373178098593581E+02
   0.5370041128329737E+02
   0.5178525019841966E+02
   0.5204339694171523E+02
   0.5146049789284397E+02
   0.5137806107660802E+02
   0.5056743584282744E+02
   0.5015188506355308E+02
   0.4952143495851772E+02
   0.4569125480914018E+02
   0.4842212822910522E+02
   0.4794967356457198E+02
   0.4726656050149117E+02
   0.4695627944598247E+02
   0.4605203900643995E+02
   0.4551664204514734E+02
   0.4482317767939016E+02
   0.4411494387911169E+02
   0.4357525755998095E+02
   0.4229136883813858E+02
   0.4234854333612546E+02
   0.4184014904383477E+02
   0.4109192715188946E+02
   0.4049953993094444E+02
   0.3988636952024243E+02
   0.3850356401390030E+02
   0.3778000254927445E+02
   0.3679846737003931E+02
   0.3561226848729628E+02
   0.3450485488944879E+02
   0.3343518794911112E+02
   0.3184526510898459E+02
   0.3051230355167570E+02
   0.2845399131159925E+02
   0.2604857044957711E+02
   0.2363192028326835E+02
   0.2138281970594455E+02
   0.1909176226277689E+02
   0.1795207829212023E+02
   0.1684570486113531E+02
   0.1617103747735388E+02
   0.1536273681200255E+02
   0.1475575807278903E+02
   0.1419723161856481E+02
   0.1308469813682911E+02
   0.1270193728874466E+02
   0.1213544607861689E+02
   0.1157009816491192E+02
   0.1102364939359645E+02
   0.1054361619859820E+02
   0.1033643386760736E+02
   0.9504668191064967E+01
   0.8785724905065470E+01
   0.8194136234054277E+01
   0.7759380573675555E+01
   0.7318064046326811E+01
   0.7195221555839312E+01
   0.7038838614378971E+01
   0.6935914856353520E+01
   0.6938739907018378E+01
   0.6952632824498114E+01
   0.7037356004915885E+01
   0.7136001678881994E+01
   0.7276476476301889E+01
   0.7302270080355052E+01
   0.7407459581405444E+01
   0.7593889995975140E+01
   0.7628597817100260E+01
   0.7594735711193746E+01
   0.7883809601070618E+01
   0.8027470964517814E+01
   0.8161001471726905E+01
   0.8229772108676553E+01
   0.8460790346831832E+01
   0.8608478158621139E+01
   0.8755552332655371E+01
   0.8906431754204956E+01
   0.1000588669570391E+02
   0.1000446600537629E+02
   0.1000359424786715E+02
   0.1000307631695689E+02
   0.1000277892778469E+02
   0.1000261424351564E+02
   0.1005867929166797E+02
   0.1012699376789936E+02
   0.1016603404096856E+02
   0.1025391424840315E+02
   0.1031494470214323E+02
   0.1038818488338710E+02
   0.1047119188379513E+02
   0.1062744146079956E+02
   0.1054931657280739E+02
