   0.2097449415408957E+02
   0.2097448156731755E+02
   0.2097448082150773E+02
   0.2097448003149418E+02
   0.2097447919468944E+02
   0.2097447830828972E+02
   0.2097447736936768E+02
   0.2097447637480289E+02
   0.2097447532131271E+02
   0.2097447420541369E+02
   0.2097447302337519E+02
   0.2097447177130440E+02
   0.2097447044503817E+02
   0.2097446904018162E+02
   0.2097446755211591E+02
   0.2097446597583597E+02
   0.2097446430616683E+02
   0.2097446253756279E+02
   0.2097446066416144E+02
   0.2097445867979146E+02
   0.2097445657780261E+02
   0.2097445435125890E+02
   0.2097445199278409E+02
   0.2097444949456167E+02
   0.2097444684836577E+02
   0.2097444404532174E+02
   0.2097444107617644E+02
   0.2097443793110522E+02
   0.2097443459967321E+02
   0.2097443107091262E+02
   0.2097442733299834E+02
   0.2097442337358004E+02
   0.2097441917956592E+02
   0.2097441473706090E+02
   0.2097441003138213E+02
   0.2097440504679629E+02
   0.2097439976685181E+02
   0.2097439417401580E+02
   0.2097438824982851E+02
   0.2097438197474895E+02
   0.2097437532769134E+02
   0.2097436828672039E+02
   0.2097436082866499E+02
   0.2097435292857765E+02
   0.2097434456066130E+02
   0.2097433569664734E+02
   0.2097432630749486E+02
   0.2097431636192314E+02
   0.2097430582710680E+02
   0.2097429466828964E+02
   0.2097428284793502E+02
   0.2097427032734785E+02
   0.2097425706474373E+02
   0.2097424301640748E+02
   0.2097422813584357E+02
   0.2097421237331272E+02
   0.2097419567683603E+02
   0.2097417799103642E+02
   0.2097415925729318E+02
   0.2097413941389649E+02
   0.2097411839427095E+02
   0.2097409612929284E+02
   0.2097407254497300E+02
   0.2097404756330653E+02
   0.2097402110180946E+02
   0.2097399307197407E+02
   0.2097396338119992E+02
   0.2097393193124925E+02
   0.2097389861786087E+02
   0.2097386333113655E+02
   0.2097382595306952E+02
   0.2097378636017077E+02
   0.2097374442130658E+02
   0.2097369999777600E+02
   0.2097365294269317E+02
   0.2097360309874782E+02
   0.2097355030144944E+02
   0.2097349437549758E+02
   0.2097343513632693E+02
   0.2097337238856308E+02
   0.2097330592138890E+02
   0.2097323551549626E+02
   0.2097316093922487E+02
   0.2097308194392899E+02
   0.2097299826783985E+02
   0.2097290963529425E+02
   0.2097281575055686E+02
   0.2097271630245532E+02
   0.2097261096360914E+02
   0.2097249938270787E+02
   0.2097238119223587E+02
   0.2097225599766167E+02
   0.2097212338516308E+02
   0.2097198291776774E+02
   0.2097183412763272E+02
   0.2097167652299793E+02
   0.2097150957892183E+02
   0.2097133274500769E+02
   0.2097114543614016E+02
   0.2097094702862847E+02
   0.2097073686947840E+02
   0.2097051425709157E+02
   0.2097027845671662E+02
   0.2097002869041689E+02
   0.2096976412395060E+02
   0.2096948388840173E+02
   0.2096918704930140E+02
   0.2096887262594420E+02
   0.2096853958058956E+02
   0.2096818680380465E+02
   0.2096781313301197E+02
   0.2096741732470936E+02
   0.2096699807224905E+02
   0.2096655398810052E+02
   0.2096608360001506E+02
   0.2096558535954622E+02
   0.2096505760116179E+02
   0.2096449858242618E+02
   0.2096390646859695E+02
   0.2096327927862935E+02
   0.2096261495470538E+02
   0.2096191127737227E+02
   0.2096116594279919E+02
   0.2096037647021580E+02
   0.2095954024830661E+02
   0.2095865452757735E+02
   0.2095771635099138E+02
   0.2095672263897806E+02
   0.2095567010465951E+02
   0.2095455525399458E+02
   0.2095337442451673E+02
   0.2095212368519698E+02
   0.2095079891380334E+02
   0.2094939576624969E+02
   0.2094790956112594E+02
   0.2094633542655288E+02
   0.2094466813078299E+02
   0.2094290219825378E+02
   0.2094103180970417E+02
   0.2093905076406630E+02
   0.2093695256377954E+02
   0.2093473026112893E+02
   0.2093237653597481E+02
   0.2092988366559596E+02
   0.2092724339444455E+02
   0.2092444708145722E+02
   0.2092148547755390E+02
   0.2091834884233929E+02
   0.2091502691448735E+02
   0.2091150872057349E+02
   0.2090778276147406E+02
   0.2090383673689787E+02
   0.2089965771674681E+02
   0.2089523205088008E+02
   0.2089054518690183E+02
   0.2088558187295605E+02
   0.2088032570701443E+02
   0.2087475954800831E+02
   0.2086886536573578E+02
   0.2086262370731582E+02
   0.2085601439370222E+02
   0.2084901568010798E+02
   0.2084160503010826E+02
   0.2083375812449152E+02
   0.2082544986656216E+02
   0.2081665278004220E+02
   0.2080733870597320E+02
   0.2079747735678645E+02
   0.2078703701831628E+02
   0.2077598410368338E+02
   0.2076428278640330E+02
   0.2075189540032893E+02
   0.2073878253455410E+02
   0.2072490190913473E+02
   0.2071020962091050E+02
   0.2069465818704782E+02
   0.2067819840602203E+02
   0.2066077817092022E+02
   0.2064234227974939E+02
   0.2062283293391865E+02
   0.2060218803928631E+02
   0.2058034315826119E+02
   0.2055723005052518E+02
   0.2053277674076288E+02
   0.2050690789481819E+02
   0.2047954248770846E+02
   0.2045059691761490E+02
   0.2041998239303829E+02
   0.2038760587945045E+02
   0.2035336955181301E+02
   0.2031716892095785E+02
   0.2027889629284656E+02
   0.2023843750583900E+02
   0.2019567295980176E+02
   0.2015047754286815E+02
   0.2010271806988736E+02
   0.2005225705355112E+02
   0.1999894946390603E+02
   0.1994264455860254E+02
   0.1988318479706074E+02
   0.1982040190288295E+02
   0.1975412394325485E+02
   0.1968417219378902E+02
   0.1961035668541531E+02
   0.1953248555619737E+02
   0.1945035068110898E+02
   0.1936374433035122E+02
   0.1927244646927772E+02
   0.1917623222889667E+02
   0.1907486947637462E+02
   0.1896811311613572E+02
   0.1885571772724118E+02
   0.1873742930823584E+02
   0.1861298706748136E+02
   0.1848212807192477E+02
   0.1834457850028206E+02
   0.1820006489275083E+02
   0.1804831328912421E+02
   0.1788904350512867E+02
   0.1772198289285827E+02
   0.1754685156010474E+02
   0.1736337939910208E+02
   0.1717130257187256E+02
   0.1697036826422161E+02
   0.1676033676758326E+02
   0.1654097401928776E+02
   0.1631207949387779E+02
   0.1607347260087432E+02
   0.1582500387336621E+02
   0.1556656658404138E+02
   0.1529808355666427E+02
   0.1501954339953000E+02
   0.1473099491434684E+02
   0.1443255997556203E+02
   0.1412445079884711E+02
   0.1380696914243040E+02
   0.1348055173913873E+02
   0.1314577137807588E+02
   0.1280337572040173E+02
   0.1245431155789573E+02
   0.1209973970856554E+02
   0.1174111940893686E+02
   0.1138023639356310E+02
   0.1101923270367728E+02
   0.1066070523245580E+02
   0.1030768064963963E+02
   0.1000000000000000E+02
   0.1000000000000000E+02
   0.1000000000000000E+02
   0.1000000000000000E+02
   0.1000000000000000E+02
   0.1000000000000000E+02
   0.1000000000000000E+02
   0.1000000000000000E+02
   0.1000000000000000E+02
   0.1000000000000000E+02
   0.1000000000000000E+02
   0.1000000000000000E+02
   0.1000000000000000E+02
   0.1000000000000000E+02
   0.1000000000000000E+02
   0.1000000000000000E+02
   0.1000000000000000E+02
   0.1000000000000000E+02
   0.1000000000000000E+02
   0.1000000000000000E+02
   0.1000000000000000E+02
   0.1000000000000000E+02
   0.1000000000000000E+02
   0.1000000000000000E+02
   0.1000000000000000E+02
   0.1000000000000000E+02
   0.1000000000000000E+02
   0.1000000000000000E+02
   0.1000000000000000E+02
   0.1000000000000000E+02
   0.1000000000000000E+02
   0.1000000000000000E+02
   0.1000000000000000E+02
   0.1000000000000000E+02
   0.1000000000000000E+02
   0.1000000000000000E+02
   0.1000000000000000E+02
   0.1000000000000000E+02
   0.1000000000000000E+02
   0.1000000000000000E+02
   0.1000000000000000E+02
   0.1000000000000000E+02
   0.1000000000000000E+02
   0.1000000000000000E+02
   0.1000000000000000E+02
   0.1000000000000000E+02
   0.1000000000000000E+02
   0.1000000000000000E+02
