0	0.000000E+00	0.000000E+00	0.000000E+00	0.000000E+00	0.000000E+00	0.000000E+00	3.981071E+02
0	1.294431E-06	0.000000E+00	0.000000E+00	0.000000E+00	0.000000E+00	0.000000E+00	3.981071E+02
0	1.371131E-06	0.000000E+00	0.000000E+00	0.000000E+00	0.000000E+00	0.000000E+00	3.981071E+02
0	1.452376E-06	0.000000E+00	0.000000E+00	0.000000E+00	0.000000E+00	0.000000E+00	3.981071E+02
0	1.538433E-06	0.000000E+00	0.000000E+00	0.000000E+00	0.000000E+00	0.000000E+00	3.981071E+02
0	1.629592E-06	0.000000E+00	0.000000E+00	0.000000E+00	0.000000E+00	0.000000E+00	3.981071E+02
0	1.726151E-06	0.000000E+00	0.000000E+00	0.000000E+00	0.000000E+00	0.000000E+00	3.981071E+02
0	1.828433E-06	0.000000E+00	0.000000E+00	0.000000E+00	0.000000E+00	0.000000E+00	3.981071E+02
0	1.936775E-06	0.000000E+00	0.000000E+00	0.000000E+00	0.000000E+00	0.000000E+00	3.981071E+02
0	2.051534E-06	0.000000E+00	0.000000E+00	0.000000E+00	0.000000E+00	0.000000E+00	3.981071E+02
0	2.173095E-06	0.000000E+00	0.000000E+00	0.000000E+00	0.000000E+00	0.000000E+00	3.981071E+02
0	2.301860E-06	0.000000E+00	0.000000E+00	0.000000E+00	0.000000E+00	0.000000E+00	3.981071E+02
0	2.438254E-06	0.000000E+00	0.000000E+00	0.000000E+00	0.000000E+00	0.000000E+00	3.981071E+02
0	2.582731E-06	0.000000E+00	0.000000E+00	0.000000E+00	0.000000E+00	0.000000E+00	3.981071E+02
0	2.735764E-06	0.000000E+00	0.000000E+00	0.000000E+00	0.000000E+00	0.000000E+00	3.981071E+02
0	2.897869E-06	0.000000E+00	0.000000E+00	0.000000E+00	0.000000E+00	0.000000E+00	3.981071E+02
0	3.069580E-06	0.000000E+00	0.000000E+00	0.000000E+00	0.000000E+00	0.000000E+00	3.981071E+02
0	3.251464E-06	0.000000E+00	0.000000E+00	0.000000E+00	0.000000E+00	0.000000E+00	3.981071E+02
0	3.444126E-06	0.000000E+00	0.000000E+00	0.000000E+00	0.000000E+00	0.000000E+00	3.981071E+02
0	3.648200E-06	0.000000E+00	0.000000E+00	0.000000E+00	0.000000E+00	0.000000E+00	3.981071E+02
0	3.864371E-06	0.000000E+00	0.000000E+00	0.000000E+00	0.000000E+00	0.000000E+00	3.981071E+02
0	4.093350E-06	0.000000E+00	0.000000E+00	0.000000E+00	0.000000E+00	0.000000E+00	3.981071E+02
0	4.335897E-06	0.000000E+00	0.000000E+00	0.000000E+00	0.000000E+00	0.000000E+00	3.981071E+02
0	4.592816E-06	0.000000E+00	0.000000E+00	0.000000E+00	0.000000E+00	0.000000E+00	3.981071E+02
0	4.864954E-06	0.000000E+00	0.000000E+00	0.000000E+00	0.000000E+00	0.000000E+00	3.981071E+02
0	5.153221E-06	0.000000E+00	0.000000E+00	0.000000E+00	0.000000E+00	0.000000E+00	3.981071E+02
0	5.458570E-06	0.000000E+00	0.000000E+00	0.000000E+00	0.000000E+00	0.000000E+00	3.981071E+02
0	5.782011E-06	0.000000E+00	0.000000E+00	0.000000E+00	0.000000E+00	0.000000E+00	3.981071E+02
0	6.124619E-06	0.000000E+00	0.000000E+00	0.000000E+00	0.000000E+00	0.000000E+00	3.981071E+02
0	6.487520E-06	0.000000E+00	0.000000E+00	0.000000E+00	0.000000E+00	0.000000E+00	3.981071E+02
0	6.871931E-06	0.000000E+00	0.000000E+00	0.000000E+00	0.000000E+00	0.000000E+00	3.981071E+02
0	7.279120E-06	0.000000E+00	0.000000E+00	0.000000E+00	0.000000E+00	0.000000E+00	3.981071E+02
0	7.710437E-06	0.000000E+00	0.000000E+00	0.000000E+00	0.000000E+00	0.000000E+00	3.981071E+02
0	8.167311E-06	0.000000E+00	0.000000E+00	0.000000E+00	0.000000E+00	0.000000E+00	3.981071E+02
0	8.651246E-06	0.000000E+00	0.000000E+00	0.000000E+00	0.000000E+00	0.000000E+00	3.981071E+02
0	9.163867E-06	0.000000E+00	0.000000E+00	0.000000E+00	0.000000E+00	0.000000E+00	3.981071E+02
0	9.706862E-06	0.000000E+00	0.000000E+00	0.000000E+00	0.000000E+00	0.000000E+00	3.981071E+02
0	1.028203E-05	0.000000E+00	0.000000E+00	0.000000E+00	0.000000E+00	0.000000E+00	3.981071E+02
0	1.089128E-05	0.000000E+00	0.000000E+00	0.000000E+00	0.000000E+00	0.000000E+00	3.981071E+02
0	1.153662E-05	0.000000E+00	0.000000E+00	0.000000E+00	0.000000E+00	0.000000E+00	3.981071E+02
0	1.222021E-05	0.000000E+00	0.000000E+00	0.000000E+00	0.000000E+00	0.000000E+00	3.981071E+02
0	1.294431E-05	0.000000E+00	0.000000E+00	0.000000E+00	0.000000E+00	0.000000E+00	3.981071E+02
0	1.371131E-05	0.000000E+00	0.000000E+00	0.000000E+00	0.000000E+00	0.000000E+00	3.981071E+02
0	1.452376E-05	0.000000E+00	0.000000E+00	0.000000E+00	0.000000E+00	0.000000E+00	3.981071E+02
0	1.538433E-05	0.000000E+00	0.000000E+00	0.000000E+00	0.000000E+00	0.000000E+00	3.981071E+02
0	1.629592E-05	0.000000E+00	0.000000E+00	0.000000E+00	0.000000E+00	0.000000E+00	3.981071E+02
0	1.726151E-05	0.000000E+00	0.000000E+00	0.000000E+00	0.000000E+00	0.000000E+00	3.981071E+02
0	1.828433E-05	0.000000E+00	0.000000E+00	0.000000E+00	0.000000E+00	0.000000E+00	3.981071E+02
0	1.936775E-05	0.000000E+00	0.000000E+00	0.000000E+00	0.000000E+00	0.000000E+00	3.981071E+02
0	2.051534E-05	0.000000E+00	0.000000E+00	0.000000E+00	0.000000E+00	0.000000E+00	3.981071E+02
0	2.173096E-05	0.000000E+00	0.000000E+00	0.000000E+00	0.000000E+00	0.000000E+00	3.981071E+02
0	2.301860E-05	0.000000E+00	0.000000E+00	0.000000E+00	0.000000E+00	0.000000E+00	3.981071E+02
0	2.438254E-05	0.000000E+00	0.000000E+00	0.000000E+00	0.000000E+00	0.000000E+00	3.981071E+02
0	2.582730E-05	0.000000E+00	0.000000E+00	0.000000E+00	0.000000E+00	0.000000E+00	3.981071E+02
0	2.735765E-05	0.000000E+00	0.000000E+00	0.000000E+00	0.000000E+00	0.000000E+00	3.981071E+02
0	2.897869E-05	0.000000E+00	0.000000E+00	0.000000E+00	0.000000E+00	0.000000E+00	3.981071E+02
0	3.069580E-05	0.000000E+00	0.000000E+00	0.000000E+00	0.000000E+00	0.000000E+00	3.981071E+02
0	3.251464E-05	0.000000E+00	0.000000E+00	0.000000E+00	0.000000E+00	0.000000E+00	3.981071E+02
0	3.444126E-05	0.000000E+00	0.000000E+00	0.000000E+00	0.000000E+00	0.000000E+00	3.981071E+02
0	3.648200E-05	0.000000E+00	0.000000E+00	0.000000E+00	0.000000E+00	0.000000E+00	3.981071E+02
0	3.864371E-05	0.000000E+00	0.000000E+00	0.000000E+00	0.000000E+00	0.000000E+00	3.981071E+02
0	4.093350E-05	0.000000E+00	0.000000E+00	0.000000E+00	0.000000E+00	0.000000E+00	3.981071E+02
0	4.335897E-05	0.000000E+00	0.000000E+00	0.000000E+00	0.000000E+00	0.000000E+00	3.981071E+02
0	4.592816E-05	0.000000E+00	0.000000E+00	0.000000E+00	0.000000E+00	0.000000E+00	3.981071E+02
0	4.864953E-05	0.000000E+00	0.000000E+00	0.000000E+00	0.000000E+00	0.000000E+00	3.981071E+02
0	5.153221E-05	0.000000E+00	0.000000E+00	0.000000E+00	0.000000E+00	0.000000E+00	3.981071E+02
0	5.458570E-05	0.000000E+00	0.000000E+00	0.000000E+00	0.000000E+00	0.000000E+00	3.981071E+02
0	5.782012E-05	0.000000E+00	0.000000E+00	0.000000E+00	0.000000E+00	0.000000E+00	3.981071E+02
0	6.124619E-05	0.000000E+00	0.000000E+00	0.000000E+00	0.000000E+00	0.000000E+00	3.981071E+02
0	6.487520E-05	0.000000E+00	0.000000E+00	0.000000E+00	0.000000E+00	0.000000E+00	3.981071E+02
0	6.871931E-05	0.000000E+00	0.000000E+00	0.000000E+00	0.000000E+00	0.000000E+00	3.981071E+02
0	7.279120E-05	0.000000E+00	0.000000E+00	0.000000E+00	0.000000E+00	0.000000E+00	3.981071E+02
0	7.710437E-05	0.000000E+00	0.000000E+00	0.000000E+00	0.000000E+00	0.000000E+00	3.981071E+02
0	8.167310E-05	0.000000E+00	0.000000E+00	0.000000E+00	0.000000E+00	0.000000E+00	3.981071E+02
0	8.651247E-05	0.000000E+00	0.000000E+00	0.000000E+00	0.000000E+00	0.000000E+00	3.981071E+02
0	9.163868E-05	0.000000E+00	0.000000E+00	0.000000E+00	0.000000E+00	0.000000E+00	3.981071E+02
0	9.706863E-05	0.000000E+00	0.000000E+00	0.000000E+00	0.000000E+00	0.000000E+00	3.981071E+02
0	1.028203E-04	0.000000E+00	0.000000E+00	0.000000E+00	0.000000E+00	0.000000E+00	3.981071E+02
0	1.089128E-04	0.000000E+00	0.000000E+00	0.000000E+00	0.000000E+00	0.000000E+00	3.981071E+02
0	1.153662E-04	0.000000E+00	0.000000E+00	0.000000E+00	0.000000E+00	0.000000E+00	3.981071E+02
0	1.222021E-04	0.000000E+00	0.000000E+00	0.000000E+00	0.000000E+00	0.000000E+00	3.981071E+02
0	1.294431E-04	0.000000E+00	0.000000E+00	0.000000E+00	0.000000E+00	0.000000E+00	3.981071E+02
0	1.371131E-04	0.000000E+00	0.000000E+00	0.000000E+00	0.000000E+00	0.000000E+00	3.981071E+02
0	1.452375E-04	0.000000E+00	0.000000E+00	0.000000E+00	0.000000E+00	0.000000E+00	3.981071E+02
0	1.538434E-04	0.000000E+00	0.000000E+00	0.000000E+00	0.000000E+00	0.000000E+00	3.981071E+02
0	1.629592E-04	0.000000E+00	0.000000E+00	0.000000E+00	0.000000E+00	0.000000E+00	3.981071E+02
0	1.726151E-04	0.000000E+00	0.000000E+00	0.000000E+00	0.000000E+00	0.000000E+00	3.981071E+02
0	1.828433E-04	0.000000E+00	0.000000E+00	0.000000E+00	0.000000E+00	0.000000E+00	3.981071E+02
0	1.936773E-04	0.000000E+00	0.000000E+00	0.000000E+00	0.000000E+00	0.000000E+00	3.981071E+02
0	2.051535E-04	0.000000E+00	0.000000E+00	0.000000E+00	0.000000E+00	0.000000E+00	3.981071E+02
0	2.173095E-04	0.000000E+00	0.000000E+00	0.000000E+00	0.000000E+00	0.000000E+00	3.981071E+02
0	2.301860E-04	0.000000E+00	0.000000E+00	0.000000E+00	0.000000E+00	0.000000E+00	3.981071E+02
0	2.438254E-04	0.000000E+00	0.000000E+00	0.000000E+00	0.000000E+00	0.000000E+00	3.981071E+02
0	2.582729E-04	0.000000E+00	0.000000E+00	0.000000E+00	0.000000E+00	0.000000E+00	3.981071E+02
0	2.735766E-04	0.000000E+00	0.000000E+00	0.000000E+00	0.000000E+00	0.000000E+00	3.981071E+02
0	2.897869E-04	0.000000E+00	0.000000E+00	0.000000E+00	0.000000E+00	0.000000E+00	3.981071E+02
0	3.069580E-04	0.000000E+00	0.000000E+00	0.000000E+00	0.000000E+00	0.000000E+00	3.981071E+02
0	3.251464E-04	0.000000E+00	0.000000E+00	0.000000E+00	0.000000E+00	0.000000E+00	3.981071E+02
0	3.444124E-04	0.000000E+00	0.000000E+00	0.000000E+00	0.000000E+00	0.000000E+00	3.981071E+02
0	3.648202E-04	0.000000E+00	0.000000E+00	0.000000E+00	0.000000E+00	0.000000E+00	3.981071E+02
0	3.864371E-04	0.000000E+00	0.000000E+00	0.000000E+00	0.000000E+00	0.000000E+00	3.981071E+02
0	4.093350E-04	0.000000E+00	0.000000E+00	0.000000E+00	0.000000E+00	0.000000E+00	3.981071E+02
0	4.335897E-04	0.000000E+00	0.000000E+00	0.000000E+00	0.000000E+00	0.000000E+00	3.981071E+02
0	4.592813E-04	0.000000E+00	0.000000E+00	0.000000E+00	0.000000E+00	0.000000E+00	3.981071E+02
0	4.864956E-04	0.000000E+00	0.000000E+00	0.000000E+00	0.000000E+00	0.000000E+00	3.981071E+02
0	5.153221E-04	0.000000E+00	0.000000E+00	0.000000E+00	0.000000E+00	0.000000E+00	3.981071E+02
0	5.458570E-04	0.000000E+00	0.000000E+00	0.000000E+00	0.000000E+00	0.000000E+00	3.981071E+02
0	5.782012E-04	0.000000E+00	0.000000E+00	0.000000E+00	0.000000E+00	0.000000E+00	3.981071E+02
0	6.124615E-04	0.000000E+00	0.000000E+00	0.000000E+00	0.000000E+00	0.000000E+00	3.981071E+02
0	6.487523E-04	0.000000E+00	0.000000E+00	0.000000E+00	0.000000E+00	0.000000E+00	3.981071E+02
0	6.871931E-04	0.000000E+00	0.000000E+00	0.000000E+00	0.000000E+00	0.000000E+00	3.981071E+02
0	7.279119E-04	0.000000E+00	0.000000E+00	0.000000E+00	0.000000E+00	0.000000E+00	3.981071E+02
0	7.710437E-04	0.000000E+00	0.000000E+00	0.000000E+00	0.000000E+00	0.000000E+00	3.981071E+02
0	8.167305E-04	0.000000E+00	0.000000E+00	0.000000E+00	0.000000E+00	0.000000E+00	3.981071E+02
0	8.651252E-04	0.000000E+00	0.000000E+00	0.000000E+00	0.000000E+00	0.000000E+00	3.981071E+02
0	9.163868E-04	0.000000E+00	0.000000E+00	0.000000E+00	0.000000E+00	0.000000E+00	3.981071E+02
0	9.706862E-04	0.000000E+00	0.000000E+00	0.000000E+00	0.000000E+00	0.000000E+00	3.981071E+02
0	1.028203E-03	0.000000E+00	0.000000E+00	0.000000E+00	0.000000E+00	0.000000E+00	3.981071E+02
0	1.089128E-03	0.000000E+00	0.000000E+00	0.000000E+00	0.000000E+00	0.000000E+00	3.981071E+02
0	1.153663E-03	0.000000E+00	0.000000E+00	0.000000E+00	0.000000E+00	0.000000E+00	3.981071E+02
0	1.222021E-03	0.000000E+00	0.000000E+00	0.000000E+00	0.000000E+00	0.000000E+00	3.981071E+02
0	1.294431E-03	0.000000E+00	0.000000E+00	0.000000E+00	0.000000E+00	0.000000E+00	3.981071E+02
0	1.371131E-03	0.000000E+00	0.000000E+00	0.000000E+00	0.000000E+00	0.000000E+00	3.981071E+02
0	1.452375E-03	0.000000E+00	0.000000E+00	0.000000E+00	0.000000E+00	0.000000E+00	3.981071E+02
0	1.538434E-03	0.000000E+00	0.000000E+00	0.000000E+00	0.000000E+00	0.000000E+00	3.981071E+02
0	1.629592E-03	0.000000E+00	0.000000E+00	0.000000E+00	0.000000E+00	0.000000E+00	3.981071E+02
0	1.726152E-03	0.000000E+00	0.000000E+00	0.000000E+00	0.000000E+00	0.000000E+00	3.981071E+02
0	1.828433E-03	0.000000E+00	0.000000E+00	0.000000E+00	0.000000E+00	0.000000E+00	3.981071E+02
0	1.936773E-03	0.000000E+00	0.000000E+00	0.000000E+00	0.000000E+00	0.000000E+00	3.981071E+02
0	2.051535E-03	0.000000E+00	0.000000E+00	0.000000E+00	0.000000E+00	0.000000E+00	3.981071E+02
0	2.173095E-03	0.000000E+00	0.000000E+00	0.000000E+00	0.000000E+00	0.000000E+00	3.981071E+02
0	2.301860E-03	0.000000E+00	0.000000E+00	0.000000E+00	0.000000E+00	0.000000E+00	3.981071E+02
0	2.438254E-03	0.000000E+00	0.000000E+00	0.000000E+00	0.000000E+00	0.000000E+00	3.981071E+02
0	2.582729E-03	0.000000E+00	0.000000E+00	0.000000E+00	0.000000E+00	0.000000E+00	3.981071E+02
0	2.735766E-03	0.000000E+00	0.000000E+00	0.000000E+00	0.000000E+00	0.000000E+00	3.981071E+02
0	2.897869E-03	0.000000E+00	0.000000E+00	0.000000E+00	0.000000E+00	0.000000E+00	3.981071E+02
0	3.069579E-03	0.000000E+00	0.000000E+00	0.000000E+00	0.000000E+00	0.000000E+00	3.981071E+02
0	3.251464E-03	0.000000E+00	0.000000E+00	0.000000E+00	0.000000E+00	0.000000E+00	3.981071E+02
0	3.444124E-03	0.000000E+00	0.000000E+00	0.000000E+00	0.000000E+00	0.000000E+00	3.981071E+02
0	3.648203E-03	0.000000E+00	0.000000E+00	0.000000E+00	0.000000E+00	0.000000E+00	3.981071E+02
0	3.864371E-03	0.000000E+00	0.000000E+00	0.000000E+00	0.000000E+00	0.000000E+00	3.981071E+02
0	4.093350E-03	0.000000E+00	0.000000E+00	0.000000E+00	0.000000E+00	0.000000E+00	3.981071E+02
0	4.335897E-03	0.000000E+00	0.000000E+00	0.000000E+00	0.000000E+00	0.000000E+00	3.981071E+02
0	4.592814E-03	0.000000E+00	0.000000E+00	0.000000E+00	0.000000E+00	0.000000E+00	3.981071E+02
0	4.864956E-03	0.000000E+00	0.000000E+00	0.000000E+00	0.000000E+00	0.000000E+00	3.981071E+02
0	5.153222E-03	0.000000E+00	0.000000E+00	0.000000E+00	0.000000E+00	0.000000E+00	3.981071E+02
0	5.458570E-03	0.000000E+00	0.000000E+00	0.000000E+00	0.000000E+00	0.000000E+00	3.981071E+02
0	5.782012E-03	0.000000E+00	0.000000E+00	0.000000E+00	0.000000E+00	0.000000E+00	3.981071E+02
0	6.124616E-03	0.000000E+00	0.000000E+00	0.000000E+00	0.000000E+00	0.000000E+00	3.981071E+02
0	6.487524E-03	0.000000E+00	0.000000E+00	0.000000E+00	0.000000E+00	0.000000E+00	3.981071E+02
0	6.871931E-03	0.000000E+00	0.000000E+00	0.000000E+00	0.000000E+00	0.000000E+00	3.981071E+02
0	7.279119E-03	0.000000E+00	0.000000E+00	0.000000E+00	0.000000E+00	0.000000E+00	3.981071E+02
0	7.710437E-03	0.000000E+00	0.000000E+00	0.000000E+00	0.000000E+00	0.000000E+00	3.981071E+02
0	8.167306E-03	0.000000E+00	0.000000E+00	0.000000E+00	0.000000E+00	0.000000E+00	3.981071E+02
0	8.651252E-03	0.000000E+00	0.000000E+00	0.000000E+00	0.000000E+00	0.000000E+00	3.981071E+02
0	9.163868E-03	0.000000E+00	0.000000E+00	0.000000E+00	0.000000E+00	0.000000E+00	3.981071E+02
0	9.706862E-03	0.000000E+00	0.000000E+00	0.000000E+00	0.000000E+00	0.000000E+00	3.981071E+02
0	1.028203E-02	0.000000E+00	0.000000E+00	0.000000E+00	0.000000E+00	0.000000E+00	3.981071E+02
0	1.089128E-02	0.000000E+00	0.000000E+00	0.000000E+00	0.000000E+00	0.000000E+00	3.981071E+02
0	1.153663E-02	0.000000E+00	0.000000E+00	0.000000E+00	0.000000E+00	0.000000E+00	3.981071E+02
0	1.222021E-02	0.000000E+00	0.000000E+00	0.000000E+00	0.000000E+00	0.000000E+00	3.981071E+02
0	1.294431E-02	0.000000E+00	0.000000E+00	0.000000E+00	0.000000E+00	0.000000E+00	3.981071E+02
0	1.371131E-02	0.000000E+00	0.000000E+00	0.000000E+00	0.000000E+00	0.000000E+00	3.981071E+02
0	1.452376E-02	0.000000E+00	0.000000E+00	0.000000E+00	0.000000E+00	0.000000E+00	3.981071E+02
0	1.538433E-02	0.000000E+00	0.000000E+00	0.000000E+00	0.000000E+00	0.000000E+00	3.981071E+02
0	1.629592E-02	0.000000E+00	0.000000E+00	0.000000E+00	0.000000E+00	0.000000E+00	3.981071E+02
0	1.726151E-02	0.000000E+00	0.000000E+00	0.000000E+00	0.000000E+00	0.000000E+00	3.981071E+02
0	1.828433E-02	0.000000E+00	0.000000E+00	0.000000E+00	0.000000E+00	0.000000E+00	3.981071E+02
0	1.936775E-02	0.000000E+00	0.000000E+00	0.000000E+00	0.000000E+00	0.000000E+00	3.981071E+02
0	2.051534E-02	0.000000E+00	0.000000E+00	0.000000E+00	0.000000E+00	0.000000E+00	3.981071E+02
0	2.173095E-02	0.000000E+00	0.000000E+00	0.000000E+00	0.000000E+00	0.000000E+00	3.981071E+02
0	2.301860E-02	0.000000E+00	0.000000E+00	0.000000E+00	0.000000E+00	0.000000E+00	3.981071E+02
0	2.438254E-02	0.000000E+00	0.000000E+00	0.000000E+00	0.000000E+00	0.000000E+00	3.981071E+02
0	2.582731E-02	0.000000E+00	0.000000E+00	0.000000E+00	0.000000E+00	0.000000E+00	3.981071E+02
0	2.735764E-02	0.000000E+00	0.000000E+00	0.000000E+00	0.000000E+00	0.000000E+00	3.981071E+02
0	2.897869E-02	0.000000E+00	0.000000E+00	0.000000E+00	0.000000E+00	0.000000E+00	3.981071E+02
0	3.069579E-02	0.000000E+00	0.000000E+00	0.000000E+00	0.000000E+00	0.000000E+00	3.981071E+02
0	3.251464E-02	0.000000E+00	0.000000E+00	0.000000E+00	0.000000E+00	0.000000E+00	3.981071E+02
0	3.444126E-02	0.000000E+00	0.000000E+00	0.000000E+00	0.000000E+00	0.000000E+00	3.981071E+02
0	3.648201E-02	0.000000E+00	0.000000E+00	0.000000E+00	0.000000E+00	0.000000E+00	3.981071E+02
0	3.864371E-02	0.000000E+00	0.000000E+00	0.000000E+00	0.000000E+00	0.000000E+00	3.981071E+02
0	4.093350E-02	0.000000E+00	0.000000E+00	0.000000E+00	0.000000E+00	0.000000E+00	3.981071E+02
0	4.335897E-02	0.000000E+00	0.000000E+00	0.000000E+00	0.000000E+00	0.000000E+00	3.981071E+02
0	4.592817E-02	0.000000E+00	0.000000E+00	0.000000E+00	0.000000E+00	0.000000E+00	3.981071E+02
0	4.864954E-02	0.000000E+00	0.000000E+00	0.000000E+00	0.000000E+00	0.000000E+00	3.981071E+02
0	5.153222E-02	0.000000E+00	0.000000E+00	0.000000E+00	0.000000E+00	0.000000E+00	3.981071E+02
0	5.458570E-02	0.000000E+00	0.000000E+00	0.000000E+00	0.000000E+00	0.000000E+00	3.981071E+02
0	5.782012E-02	0.000000E+00	0.000000E+00	0.000000E+00	0.000000E+00	0.000000E+00	3.981071E+02
0	6.124619E-02	0.000000E+00	0.000000E+00	0.000000E+00	0.000000E+00	0.000000E+00	3.981071E+02
0	6.487520E-02	0.000000E+00	0.000000E+00	0.000000E+00	0.000000E+00	0.000000E+00	3.981071E+02
0	6.871931E-02	0.000000E+00	0.000000E+00	0.000000E+00	0.000000E+00	0.000000E+00	3.981071E+02
0	7.279120E-02	0.000000E+00	0.000000E+00	0.000000E+00	0.000000E+00	0.000000E+00	3.981071E+02
0	7.710436E-02	0.000000E+00	0.000000E+00	0.000000E+00	0.000000E+00	0.000000E+00	3.981071E+02
0	8.167310E-02	0.000000E+00	0.000000E+00	0.000000E+00	0.000000E+00	0.000000E+00	3.981071E+02
0	8.651246E-02	0.000000E+00	0.000000E+00	0.000000E+00	0.000000E+00	0.000000E+00	3.981071E+02
0	9.163868E-02	0.000000E+00	0.000000E+00	0.000000E+00	0.000000E+00	0.000000E+00	3.981071E+02
0	9.706862E-02	0.000000E+00	0.000000E+00	0.000000E+00	0.000000E+00	0.000000E+00	3.981071E+02
0	1.028203E-01	0.000000E+00	0.000000E+00	0.000000E+00	0.000000E+00	0.000000E+00	3.981071E+02
0	1.089128E-01	0.000000E+00	0.000000E+00	0.000000E+00	0.000000E+00	0.000000E+00	3.981071E+02
0	1.153662E-01	0.000000E+00	0.000000E+00	0.000000E+00	0.000000E+00	0.000000E+00	3.981071E+02
0	1.222021E-01	0.000000E+00	0.000000E+00	0.000000E+00	0.000000E+00	0.000000E+00	3.981071E+02
0	1.294431E-01	0.000000E+00	0.000000E+00	0.000000E+00	0.000000E+00	0.000000E+00	3.981071E+02
0	1.371131E-01	0.000000E+00	0.000000E+00	0.000000E+00	0.000000E+00	0.000000E+00	3.981071E+02
0	1.452376E-01	0.000000E+00	0.000000E+00	0.000000E+00	0.000000E+00	0.000000E+00	3.981071E+02
0	1.538433E-01	0.000000E+00	0.000000E+00	0.000000E+00	0.000000E+00	0.000000E+00	3.981071E+02
0	1.629592E-01	0.000000E+00	0.000000E+00	0.000000E+00	0.000000E+00	0.000000E+00	3.981071E+02
0	1.726152E-01	0.000000E+00	0.000000E+00	0.000000E+00	0.000000E+00	0.000000E+00	3.981071E+02
0	1.828433E-01	0.000000E+00	0.000000E+00	0.000000E+00	0.000000E+00	0.000000E+00	3.981071E+02
0	1.936775E-01	0.000000E+00	0.000000E+00	0.000000E+00	0.000000E+00	0.000000E+00	3.981071E+02
0	2.051534E-01	0.000000E+00	0.000000E+00	0.000000E+00	0.000000E+00	0.000000E+00	3.981071E+02
0	2.173095E-01	0.000000E+00	0.000000E+00	0.000000E+00	0.000000E+00	0.000000E+00	3.981071E+02
0	2.301860E-01	0.000000E+00	0.000000E+00	0.000000E+00	0.000000E+00	0.000000E+00	3.981071E+02
0	2.438254E-01	0.000000E+00	0.000000E+00	0.000000E+00	0.000000E+00	0.000000E+00	3.981071E+02
0	2.582730E-01	0.000000E+00	0.000000E+00	0.000000E+00	0.000000E+00	0.000000E+00	3.981071E+02
0	2.735765E-01	0.000000E+00	0.000000E+00	0.000000E+00	0.000000E+00	0.000000E+00	3.981071E+02
0	2.897869E-01	0.000000E+00	0.000000E+00	0.000000E+00	0.000000E+00	0.000000E+00	3.981071E+02
0	3.069580E-01	0.000000E+00	0.000000E+00	0.000000E+00	0.000000E+00	0.000000E+00	3.981071E+02
0	3.251464E-01	0.000000E+00	0.000000E+00	0.000000E+00	0.000000E+00	0.000000E+00	3.981071E+02
0	3.444127E-01	0.000000E+00	0.000000E+00	0.000000E+00	0.000000E+00	0.000000E+00	3.981071E+02
0	3.648201E-01	0.000000E+00	0.000000E+00	0.000000E+00	0.000000E+00	0.000000E+00	3.981071E+02
0	3.864371E-01	0.000000E+00	0.000000E+00	0.000000E+00	0.000000E+00	0.000000E+00	3.981071E+02
0	4.093350E-01	0.000000E+00	0.000000E+00	0.000000E+00	0.000000E+00	0.000000E+00	3.981071E+02
0	4.335898E-01	0.000000E+00	0.000000E+00	0.000000E+00	0.000000E+00	0.000000E+00	3.981071E+02
0	4.592817E-01	0.000000E+00	0.000000E+00	0.000000E+00	0.000000E+00	0.000000E+00	3.981071E+02
0	4.864953E-01	0.000000E+00	0.000000E+00	0.000000E+00	0.000000E+00	0.000000E+00	3.981071E+02
0	5.153221E-01	0.000000E+00	0.000000E+00	0.000000E+00	0.000000E+00	0.000000E+00	3.981071E+02
0	5.458570E-01	0.000000E+00	0.000000E+00	0.000000E+00	0.000000E+00	0.000000E+00	3.981071E+02
0	5.782012E-01	0.000000E+00	0.000000E+00	0.000000E+00	0.000000E+00	0.000000E+00	3.981071E+02
0	6.124619E-01	0.000000E+00	0.000000E+00	0.000000E+00	0.000000E+00	0.000000E+00	3.981071E+02
0	6.487520E-01	0.000000E+00	0.000000E+00	0.000000E+00	0.000000E+00	0.000000E+00	3.981071E+02
0	6.871931E-01	0.000000E+00	0.000000E+00	0.000000E+00	0.000000E+00	0.000000E+00	3.981071E+02
0	7.279120E-01	0.000000E+00	0.000000E+00	0.000000E+00	0.000000E+00	0.000000E+00	3.981071E+02
0	7.710437E-01	0.000000E+00	0.000000E+00	0.000000E+00	0.000000E+00	0.000000E+00	3.981071E+02
0	8.167310E-01	0.000000E+00	0.000000E+00	0.000000E+00	0.000000E+00	0.000000E+00	3.981071E+02
0	8.651246E-01	0.000000E+00	0.000000E+00	0.000000E+00	0.000000E+00	0.000000E+00	3.981071E+02
0	9.163868E-01	0.000000E+00	0.000000E+00	0.000000E+00	0.000000E+00	0.000000E+00	3.981071E+02
0	9.706863E-01	0.000000E+00	0.000000E+00	0.000000E+00	0.000000E+00	0.000000E+00	3.981071E+02
0	1.028203E+00	0.000000E+00	0.000000E+00	0.000000E+00	0.000000E+00	0.000000E+00	3.981071E+02
0	1.089128E+00	0.000000E+00	0.000000E+00	0.000000E+00	0.000000E+00	0.000000E+00	3.981071E+02
0	1.153662E+00	0.000000E+00	0.000000E+00	0.000000E+00	0.000000E+00	0.000000E+00	3.981071E+02
0	1.222021E+00	0.000000E+00	0.000000E+00	0.000000E+00	0.000000E+00	0.000000E+00	3.981071E+02
0	1.294431E+00	0.000000E+00	0.000000E+00	0.000000E+00	0.000000E+00	0.000000E+00	3.981071E+02
0	1.371131E+00	0.000000E+00	0.000000E+00	0.000000E+00	0.000000E+00	0.000000E+00	3.981071E+02
0	1.452376E+00	0.000000E+00	0.000000E+00	0.000000E+00	0.000000E+00	0.000000E+00	3.981071E+02
0	1.538433E+00	0.000000E+00	0.000000E+00	0.000000E+00	0.000000E+00	0.000000E+00	3.981071E+02
0	1.629592E+00	0.000000E+00	0.000000E+00	0.000000E+00	0.000000E+00	0.000000E+00	3.981071E+02
0	1.726151E+00	0.000000E+00	0.000000E+00	0.000000E+00	0.000000E+00	0.000000E+00	3.981071E+02
0	1.828433E+00	0.000000E+00	0.000000E+00	0.000000E+00	0.000000E+00	0.000000E+00	3.981071E+02
0	1.936774E+00	0.000000E+00	0.000000E+00	0.000000E+00	0.000000E+00	0.000000E+00	3.981071E+02
0	2.051534E+00	0.000000E+00	0.000000E+00	0.000000E+00	0.000000E+00	0.000000E+00	3.981071E+02
0	2.173095E+00	0.000000E+00	0.000000E+00	0.000000E+00	0.000000E+00	0.000000E+00	3.981071E+02
0	2.301860E+00	0.000000E+00	0.000000E+00	0.000000E+00	0.000000E+00	0.000000E+00	3.981071E+02
0	2.438254E+00	0.000000E+00	0.000000E+00	0.000000E+00	0.000000E+00	0.000000E+00	3.981071E+02
0	2.582731E+00	0.000000E+00	0.000000E+00	0.000000E+00	0.000000E+00	0.000000E+00	3.981071E+02
0	2.735765E+00	0.000000E+00	0.000000E+00	0.000000E+00	0.000000E+00	0.000000E+00	3.981071E+02
0	2.897869E+00	0.000000E+00	0.000000E+00	0.000000E+00	0.000000E+00	0.000000E+00	3.981071E+02
0	3.069580E+00	0.000000E+00	0.000000E+00	0.000000E+00	0.000000E+00	0.000000E+00	3.981071E+02
0	3.251464E+00	0.000000E+00	0.000000E+00	0.000000E+00	0.000000E+00	0.000000E+00	3.981071E+02
0	3.444127E+00	0.000000E+00	0.000000E+00	0.000000E+00	0.000000E+00	0.000000E+00	3.981071E+02
0	3.648201E+00	0.000000E+00	0.000000E+00	0.000000E+00	0.000000E+00	0.000000E+00	3.981071E+02
0	3.864371E+00	0.000000E+00	0.000000E+00	0.000000E+00	0.000000E+00	0.000000E+00	3.981071E+02
0	4.093350E+00	0.000000E+00	0.000000E+00	0.000000E+00	0.000000E+00	0.000000E+00	3.981071E+02
0	4.335897E+00	0.000000E+00	0.000000E+00	0.000000E+00	0.000000E+00	0.000000E+00	3.981071E+02
0	4.592817E+00	0.000000E+00	0.000000E+00	0.000000E+00	0.000000E+00	0.000000E+00	3.981071E+02
0	4.864953E+00	0.000000E+00	0.000000E+00	0.000000E+00	0.000000E+00	0.000000E+00	3.981071E+02
0	5.153221E+00	0.000000E+00	0.000000E+00	0.000000E+00	0.000000E+00	0.000000E+00	3.981071E+02
0	5.458570E+00	0.000000E+00	0.000000E+00	0.000000E+00	0.000000E+00	0.000000E+00	3.981071E+02
0	5.782012E+00	0.000000E+00	0.000000E+00	0.000000E+00	0.000000E+00	0.000000E+00	3.981071E+02
0	6.124619E+00	0.000000E+00	0.000000E+00	0.000000E+00	0.000000E+00	0.000000E+00	3.981071E+02
0	6.487519E+00	0.000000E+00	0.000000E+00	0.000000E+00	0.000000E+00	0.000000E+00	3.981071E+02
0	6.871931E+00	0.000000E+00	0.000000E+00	0.000000E+00	0.000000E+00	0.000000E+00	3.981071E+02
0	7.279119E+00	0.000000E+00	0.000000E+00	0.000000E+00	0.000000E+00	0.000000E+00	3.981071E+02
0	7.710437E+00	0.000000E+00	0.000000E+00	0.000000E+00	0.000000E+00	0.000000E+00	3.981071E+02
0	8.167311E+00	0.000000E+00	0.000000E+00	0.000000E+00	0.000000E+00	0.000000E+00	3.981071E+02
0	8.651247E+00	0.000000E+00	0.000000E+00	0.000000E+00	0.000000E+00	0.000000E+00	3.981071E+02
0	9.163867E+00	0.000000E+00	0.000000E+00	0.000000E+00	0.000000E+00	0.000000E+00	3.981071E+02
0	9.706862E+00	0.000000E+00	0.000000E+00	0.000000E+00	0.000000E+00	0.000000E+00	3.981071E+02
0	1.028203E+01	0.000000E+00	0.000000E+00	0.000000E+00	0.000000E+00	0.000000E+00	3.981071E+02
0	1.089128E+01	0.000000E+00	0.000000E+00	0.000000E+00	0.000000E+00	0.000000E+00	3.981071E+02
0	1.153662E+01	0.000000E+00	0.000000E+00	0.000000E+00	0.000000E+00	0.000000E+00	3.981071E+02
0	1.222021E+01	0.000000E+00	0.000000E+00	0.000000E+00	0.000000E+00	0.000000E+00	3.981071E+02
0	1.294431E+01	0.000000E+00	0.000000E+00	0.000000E+00	0.000000E+00	0.000000E+00	3.981071E+02
0	1.371131E+01	0.000000E+00	0.000000E+00	0.000000E+00	0.000000E+00	0.000000E+00	3.981071E+02
0	1.452376E+01	0.000000E+00	0.000000E+00	0.000000E+00	0.000000E+00	0.000000E+00	3.981071E+02
0	1.538433E+01	0.000000E+00	0.000000E+00	0.000000E+00	0.000000E+00	0.000000E+00	3.981071E+02
0	1.629592E+01	0.000000E+00	0.000000E+00	0.000000E+00	0.000000E+00	0.000000E+00	3.981071E+02
0	1.726151E+01	0.000000E+00	0.000000E+00	0.000000E+00	0.000000E+00	0.000000E+00	3.981071E+02
0	1.828433E+01	0.000000E+00	0.000000E+00	0.000000E+00	0.000000E+00	0.000000E+00	3.981071E+02
0	1.936774E+01	0.000000E+00	0.000000E+00	0.000000E+00	0.000000E+00	0.000000E+00	3.981071E+02
0	2.051534E+01	0.000000E+00	0.000000E+00	0.000000E+00	0.000000E+00	0.000000E+00	3.981071E+02
0	2.173095E+01	0.000000E+00	0.000000E+00	0.000000E+00	0.000000E+00	0.000000E+00	3.981071E+02
0	2.301860E+01	0.000000E+00	0.000000E+00	0.000000E+00	0.000000E+00	0.000000E+00	3.981071E+02
0	2.438254E+01	0.000000E+00	0.000000E+00	0.000000E+00	0.000000E+00	0.000000E+00	3.981071E+02
0	2.582730E+01	0.000000E+00	0.000000E+00	0.000000E+00	0.000000E+00	0.000000E+00	3.981071E+02
