0	0.000000E+00	0.000000E+00	0.000000E+00	0.000000E+00	0.000000E+00	0.000000E+00	3.162278E+03
0	1.629592E-07	0.000000E+00	0.000000E+00	0.000000E+00	0.000000E+00	0.000000E+00	3.162278E+03
0	1.726151E-07	0.000000E+00	0.000000E+00	0.000000E+00	0.000000E+00	0.000000E+00	3.162278E+03
0	1.828433E-07	0.000000E+00	0.000000E+00	0.000000E+00	0.000000E+00	0.000000E+00	3.162278E+03
0	1.936773E-07	0.000000E+00	0.000000E+00	0.000000E+00	0.000000E+00	0.000000E+00	3.162278E+03
0	2.051534E-07	0.000000E+00	0.000000E+00	0.000000E+00	0.000000E+00	0.000000E+00	3.162278E+03
0	2.173095E-07	0.000000E+00	0.000000E+00	0.000000E+00	0.000000E+00	0.000000E+00	3.162278E+03
0	2.301860E-07	0.000000E+00	0.000000E+00	0.000000E+00	0.000000E+00	0.000000E+00	3.162278E+03
0	2.438254E-07	0.000000E+00	0.000000E+00	0.000000E+00	0.000000E+00	0.000000E+00	3.162278E+03
0	2.582728E-07	0.000000E+00	0.000000E+00	0.000000E+00	0.000000E+00	0.000000E+00	3.162278E+03
0	2.735765E-07	0.000000E+00	0.000000E+00	0.000000E+00	0.000000E+00	0.000000E+00	3.162278E+03
0	2.897869E-07	0.000000E+00	0.000000E+00	0.000000E+00	0.000000E+00	0.000000E+00	3.162278E+03
0	3.069580E-07	0.000000E+00	0.000000E+00	0.000000E+00	0.000000E+00	0.000000E+00	3.162278E+03
0	3.251464E-07	0.000000E+00	0.000000E+00	0.000000E+00	0.000000E+00	0.000000E+00	3.162278E+03
0	3.444123E-07	0.000000E+00	0.000000E+00	0.000000E+00	0.000000E+00	0.000000E+00	3.162278E+03
0	3.648201E-07	0.000000E+00	0.000000E+00	0.000000E+00	0.000000E+00	0.000000E+00	3.162278E+03
0	3.864371E-07	0.000000E+00	0.000000E+00	0.000000E+00	0.000000E+00	0.000000E+00	3.162278E+03
0	4.093350E-07	0.000000E+00	0.000000E+00	0.000000E+00	0.000000E+00	0.000000E+00	3.162278E+03
0	4.335897E-07	0.000000E+00	0.000000E+00	0.000000E+00	0.000000E+00	0.000000E+00	3.162278E+03
0	4.592811E-07	0.000000E+00	0.000000E+00	0.000000E+00	0.000000E+00	0.000000E+00	3.162278E+03
0	4.864954E-07	0.000000E+00	0.000000E+00	0.000000E+00	0.000000E+00	0.000000E+00	3.162278E+03
0	5.153221E-07	0.000000E+00	0.000000E+00	0.000000E+00	0.000000E+00	0.000000E+00	3.162278E+03
0	5.458570E-07	0.000000E+00	0.000000E+00	0.000000E+00	0.000000E+00	0.000000E+00	3.162278E+03
0	5.782012E-07	0.000000E+00	0.000000E+00	0.000000E+00	0.000000E+00	0.000000E+00	3.162278E+03
0	6.124612E-07	0.000000E+00	0.000000E+00	0.000000E+00	0.000000E+00	0.000000E+00	3.162278E+03
0	6.487520E-07	0.000000E+00	0.000000E+00	0.000000E+00	0.000000E+00	0.000000E+00	3.162278E+03
0	6.871932E-07	0.000000E+00	0.000000E+00	0.000000E+00	0.000000E+00	0.000000E+00	3.162278E+03
0	7.279120E-07	0.000000E+00	0.000000E+00	0.000000E+00	0.000000E+00	0.000000E+00	3.162278E+03
0	7.710437E-07	0.000000E+00	0.000000E+00	0.000000E+00	0.000000E+00	0.000000E+00	3.162278E+03
0	8.167302E-07	0.000000E+00	0.000000E+00	0.000000E+00	0.000000E+00	0.000000E+00	3.162278E+03
0	8.651247E-07	0.000000E+00	0.000000E+00	0.000000E+00	0.000000E+00	0.000000E+00	3.162278E+03
0	9.163867E-07	0.000000E+00	0.000000E+00	0.000000E+00	0.000000E+00	0.000000E+00	3.162278E+03
0	9.706863E-07	0.000000E+00	0.000000E+00	0.000000E+00	0.000000E+00	0.000000E+00	3.162278E+03
0	1.028203E-06	0.000000E+00	0.000000E+00	0.000000E+00	0.000000E+00	0.000000E+00	3.162278E+03
0	1.089127E-06	0.000000E+00	0.000000E+00	0.000000E+00	0.000000E+00	0.000000E+00	3.162278E+03
0	1.153662E-06	0.000000E+00	0.000000E+00	0.000000E+00	0.000000E+00	0.000000E+00	3.162278E+03
0	1.222021E-06	0.000000E+00	0.000000E+00	0.000000E+00	0.000000E+00	0.000000E+00	3.162278E+03
0	1.294431E-06	0.000000E+00	0.000000E+00	0.000000E+00	0.000000E+00	0.000000E+00	3.162278E+03
0	1.371131E-06	0.000000E+00	0.000000E+00	0.000000E+00	0.000000E+00	0.000000E+00	3.162278E+03
0	1.452374E-06	0.000000E+00	0.000000E+00	0.000000E+00	0.000000E+00	0.000000E+00	3.162278E+03
0	1.538433E-06	0.000000E+00	0.000000E+00	0.000000E+00	0.000000E+00	0.000000E+00	3.162278E+03
0	1.629592E-06	0.000000E+00	0.000000E+00	0.000000E+00	0.000000E+00	0.000000E+00	3.162278E+03
0	1.726151E-06	0.000000E+00	0.000000E+00	0.000000E+00	0.000000E+00	0.000000E+00	3.162278E+03
0	1.828433E-06	0.000000E+00	0.000000E+00	0.000000E+00	0.000000E+00	0.000000E+00	3.162278E+03
0	1.936772E-06	0.000000E+00	0.000000E+00	0.000000E+00	0.000000E+00	0.000000E+00	3.162278E+03
0	2.051534E-06	0.000000E+00	0.000000E+00	0.000000E+00	0.000000E+00	0.000000E+00	3.162278E+03
0	2.173095E-06	0.000000E+00	0.000000E+00	0.000000E+00	0.000000E+00	0.000000E+00	3.162278E+03
0	2.301860E-06	0.000000E+00	0.000000E+00	0.000000E+00	0.000000E+00	0.000000E+00	3.162278E+03
0	2.438254E-06	0.000000E+00	0.000000E+00	0.000000E+00	0.000000E+00	0.000000E+00	3.162278E+03
0	2.582728E-06	0.000000E+00	0.000000E+00	0.000000E+00	0.000000E+00	0.000000E+00	3.162278E+03
0	2.735765E-06	0.000000E+00	0.000000E+00	0.000000E+00	0.000000E+00	0.000000E+00	3.162278E+03
0	2.897869E-06	0.000000E+00	0.000000E+00	0.000000E+00	0.000000E+00	0.000000E+00	3.162278E+03
0	3.069580E-06	0.000000E+00	0.000000E+00	0.000000E+00	0.000000E+00	0.000000E+00	3.162278E+03
0	3.251464E-06	0.000000E+00	0.000000E+00	0.000000E+00	0.000000E+00	0.000000E+00	3.162278E+03
0	3.444123E-06	0.000000E+00	0.000000E+00	0.000000E+00	0.000000E+00	0.000000E+00	3.162278E+03
0	3.648201E-06	0.000000E+00	0.000000E+00	0.000000E+00	0.000000E+00	0.000000E+00	3.162278E+03
0	3.864371E-06	0.000000E+00	0.000000E+00	0.000000E+00	0.000000E+00	0.000000E+00	3.162278E+03
0	4.093350E-06	0.000000E+00	0.000000E+00	0.000000E+00	0.000000E+00	0.000000E+00	3.162278E+03
0	4.335897E-06	0.000000E+00	0.000000E+00	0.000000E+00	0.000000E+00	0.000000E+00	3.162278E+03
0	4.592811E-06	0.000000E+00	0.000000E+00	0.000000E+00	0.000000E+00	0.000000E+00	3.162278E+03
0	4.864954E-06	0.000000E+00	0.000000E+00	0.000000E+00	0.000000E+00	0.000000E+00	3.162278E+03
0	5.153222E-06	0.000000E+00	0.000000E+00	0.000000E+00	0.000000E+00	0.000000E+00	3.162278E+03
0	5.458570E-06	0.000000E+00	0.000000E+00	0.000000E+00	0.000000E+00	0.000000E+00	3.162278E+03
0	5.782012E-06	0.000000E+00	0.000000E+00	0.000000E+00	0.000000E+00	0.000000E+00	3.162278E+03
0	6.124612E-06	0.000000E+00	0.000000E+00	0.000000E+00	0.000000E+00	0.000000E+00	3.162278E+03
0	6.487519E-06	0.000000E+00	0.000000E+00	0.000000E+00	0.000000E+00	0.000000E+00	3.162278E+03
0	6.871931E-06	0.000000E+00	0.000000E+00	0.000000E+00	0.000000E+00	0.000000E+00	3.162278E+03
0	7.279121E-06	0.000000E+00	0.000000E+00	0.000000E+00	0.000000E+00	0.000000E+00	3.162278E+03
0	7.710437E-06	0.000000E+00	0.000000E+00	0.000000E+00	0.000000E+00	0.000000E+00	3.162278E+03
0	8.167302E-06	0.000000E+00	0.000000E+00	0.000000E+00	0.000000E+00	0.000000E+00	3.162278E+03
0	8.651246E-06	0.000000E+00	0.000000E+00	0.000000E+00	0.000000E+00	0.000000E+00	3.162278E+03
0	9.163868E-06	0.000000E+00	0.000000E+00	0.000000E+00	0.000000E+00	0.000000E+00	3.162278E+03
0	9.706863E-06	0.000000E+00	0.000000E+00	0.000000E+00	0.000000E+00	0.000000E+00	3.162278E+03
0	1.028203E-05	0.000000E+00	0.000000E+00	0.000000E+00	0.000000E+00	0.000000E+00	3.162278E+03
0	1.089127E-05	0.000000E+00	0.000000E+00	0.000000E+00	0.000000E+00	0.000000E+00	3.162278E+03
0	1.153662E-05	0.000000E+00	0.000000E+00	0.000000E+00	0.000000E+00	0.000000E+00	3.162278E+03
0	1.222021E-05	0.000000E+00	0.000000E+00	0.000000E+00	0.000000E+00	0.000000E+00	3.162278E+03
0	1.294431E-05	0.000000E+00	0.000000E+00	0.000000E+00	0.000000E+00	0.000000E+00	3.162278E+03
0	1.371131E-05	0.000000E+00	0.000000E+00	0.000000E+00	0.000000E+00	0.000000E+00	3.162278E+03
0	1.452374E-05	0.000000E+00	0.000000E+00	0.000000E+00	0.000000E+00	0.000000E+00	3.162278E+03
0	1.538433E-05	0.000000E+00	0.000000E+00	0.000000E+00	0.000000E+00	0.000000E+00	3.162278E+03
0	1.629592E-05	0.000000E+00	0.000000E+00	0.000000E+00	0.000000E+00	0.000000E+00	3.162278E+03
0	1.726151E-05	0.000000E+00	0.000000E+00	0.000000E+00	0.000000E+00	0.000000E+00	3.162278E+03
0	1.828432E-05	0.000000E+00	0.000000E+00	0.000000E+00	0.000000E+00	0.000000E+00	3.162278E+03
0	1.936774E-05	0.000000E+00	0.000000E+00	0.000000E+00	0.000000E+00	0.000000E+00	3.162278E+03
0	2.051534E-05	0.000000E+00	0.000000E+00	0.000000E+00	0.000000E+00	0.000000E+00	3.162278E+03
0	2.173096E-05	0.000000E+00	0.000000E+00	0.000000E+00	0.000000E+00	0.000000E+00	3.162278E+03
0	2.301860E-05	0.000000E+00	0.000000E+00	0.000000E+00	0.000000E+00	0.000000E+00	3.162278E+03
0	2.438253E-05	0.000000E+00	0.000000E+00	0.000000E+00	0.000000E+00	0.000000E+00	3.162278E+03
0	2.582729E-05	0.000000E+00	0.000000E+00	0.000000E+00	0.000000E+00	0.000000E+00	3.162278E+03
0	2.735765E-05	0.000000E+00	0.000000E+00	0.000000E+00	0.000000E+00	0.000000E+00	3.162278E+03
0	2.897869E-05	0.000000E+00	0.000000E+00	0.000000E+00	0.000000E+00	0.000000E+00	3.162278E+03
0	3.069580E-05	0.000000E+00	0.000000E+00	0.000000E+00	0.000000E+00	0.000000E+00	3.162278E+03
0	3.251463E-05	0.000000E+00	0.000000E+00	0.000000E+00	0.000000E+00	0.000000E+00	3.162278E+03
0	3.444124E-05	0.000000E+00	0.000000E+00	0.000000E+00	0.000000E+00	0.000000E+00	3.162278E+03
0	3.648200E-05	0.000000E+00	0.000000E+00	0.000000E+00	0.000000E+00	0.000000E+00	3.162278E+03
0	3.864371E-05	0.000000E+00	0.000000E+00	0.000000E+00	0.000000E+00	0.000000E+00	3.162278E+03
0	4.093350E-05	0.000000E+00	0.000000E+00	0.000000E+00	0.000000E+00	0.000000E+00	3.162278E+03
0	4.335895E-05	0.000000E+00	0.000000E+00	0.000000E+00	0.000000E+00	0.000000E+00	3.162278E+03
0	4.592814E-05	0.000000E+00	0.000000E+00	0.000000E+00	0.000000E+00	0.000000E+00	3.162278E+03
0	4.864953E-05	0.000000E+00	0.000000E+00	0.000000E+00	0.000000E+00	0.000000E+00	3.162278E+03
0	5.153221E-05	0.000000E+00	0.000000E+00	0.000000E+00	0.000000E+00	0.000000E+00	3.162278E+03
0	5.458570E-05	0.000000E+00	0.000000E+00	0.000000E+00	0.000000E+00	0.000000E+00	3.162278E+03
0	5.782009E-05	0.000000E+00	0.000000E+00	0.000000E+00	0.000000E+00	0.000000E+00	3.162278E+03
0	6.124616E-05	0.000000E+00	0.000000E+00	0.000000E+00	0.000000E+00	0.000000E+00	3.162278E+03
0	6.487520E-05	0.000000E+00	0.000000E+00	0.000000E+00	0.000000E+00	0.000000E+00	3.162278E+03
0	6.871932E-05	0.000000E+00	0.000000E+00	0.000000E+00	0.000000E+00	0.000000E+00	3.162278E+03
0	7.279120E-05	0.000000E+00	0.000000E+00	0.000000E+00	0.000000E+00	0.000000E+00	3.162278E+03
0	7.710433E-05	0.000000E+00	0.000000E+00	0.000000E+00	0.000000E+00	0.000000E+00	3.162278E+03
0	8.167306E-05	0.000000E+00	0.000000E+00	0.000000E+00	0.000000E+00	0.000000E+00	3.162278E+03
0	8.651247E-05	0.000000E+00	0.000000E+00	0.000000E+00	0.000000E+00	0.000000E+00	3.162278E+03
0	9.163867E-05	0.000000E+00	0.000000E+00	0.000000E+00	0.000000E+00	0.000000E+00	3.162278E+03
0	9.706863E-05	0.000000E+00	0.000000E+00	0.000000E+00	0.000000E+00	0.000000E+00	3.162278E+03
0	1.028203E-04	0.000000E+00	0.000000E+00	0.000000E+00	0.000000E+00	0.000000E+00	3.162278E+03
0	1.089128E-04	0.000000E+00	0.000000E+00	0.000000E+00	0.000000E+00	0.000000E+00	3.162278E+03
0	1.153662E-04	0.000000E+00	0.000000E+00	0.000000E+00	0.000000E+00	0.000000E+00	3.162278E+03
0	1.222021E-04	0.000000E+00	0.000000E+00	0.000000E+00	0.000000E+00	0.000000E+00	3.162278E+03
0	1.294431E-04	0.000000E+00	0.000000E+00	0.000000E+00	0.000000E+00	0.000000E+00	3.162278E+03
0	1.371130E-04	0.000000E+00	0.000000E+00	0.000000E+00	0.000000E+00	0.000000E+00	3.162278E+03
0	1.452375E-04	0.000000E+00	0.000000E+00	0.000000E+00	0.000000E+00	0.000000E+00	3.162278E+03
0	1.538433E-04	0.000000E+00	0.000000E+00	0.000000E+00	0.000000E+00	0.000000E+00	3.162278E+03
0	1.629592E-04	0.000000E+00	0.000000E+00	0.000000E+00	0.000000E+00	0.000000E+00	3.162278E+03
0	1.726152E-04	0.000000E+00	0.000000E+00	0.000000E+00	0.000000E+00	0.000000E+00	3.162278E+03
0	1.828432E-04	0.000000E+00	0.000000E+00	0.000000E+00	0.000000E+00	0.000000E+00	3.162278E+03
0	1.936774E-04	0.000000E+00	0.000000E+00	0.000000E+00	0.000000E+00	0.000000E+00	3.162278E+03
0	2.051534E-04	0.000000E+00	0.000000E+00	0.000000E+00	0.000000E+00	0.000000E+00	3.162278E+03
0	2.173096E-04	0.000000E+00	0.000000E+00	0.000000E+00	0.000000E+00	0.000000E+00	3.162278E+03
0	2.301860E-04	0.000000E+00	0.000000E+00	0.000000E+00	0.000000E+00	0.000000E+00	3.162278E+03
0	2.438253E-04	0.000000E+00	0.000000E+00	0.000000E+00	0.000000E+00	0.000000E+00	3.162278E+03
0	2.582729E-04	0.000000E+00	0.000000E+00	0.000000E+00	0.000000E+00	0.000000E+00	3.162278E+03
0	2.735765E-04	0.000000E+00	0.000000E+00	0.000000E+00	0.000000E+00	0.000000E+00	3.162278E+03
0	2.897869E-04	0.000000E+00	0.000000E+00	0.000000E+00	0.000000E+00	0.000000E+00	3.162278E+03
0	3.069580E-04	0.000000E+00	0.000000E+00	0.000000E+00	0.000000E+00	0.000000E+00	3.162278E+03
0	3.251462E-04	0.000000E+00	0.000000E+00	0.000000E+00	0.000000E+00	0.000000E+00	3.162278E+03
0	3.444125E-04	0.000000E+00	0.000000E+00	0.000000E+00	0.000000E+00	0.000000E+00	3.162278E+03
0	3.648201E-04	0.000000E+00	0.000000E+00	0.000000E+00	0.000000E+00	0.000000E+00	3.162278E+03
0	3.864371E-04	0.000000E+00	0.000000E+00	0.000000E+00	0.000000E+00	0.000000E+00	3.162278E+03
0	4.093350E-04	0.000000E+00	0.000000E+00	0.000000E+00	0.000000E+00	0.000000E+00	3.162278E+03
0	4.335895E-04	0.000000E+00	0.000000E+00	0.000000E+00	0.000000E+00	0.000000E+00	3.162278E+03
0	4.592814E-04	0.000000E+00	0.000000E+00	0.000000E+00	0.000000E+00	0.000000E+00	3.162278E+03
0	4.864954E-04	0.000000E+00	0.000000E+00	0.000000E+00	0.000000E+00	0.000000E+00	3.162278E+03
0	5.153221E-04	0.000000E+00	0.000000E+00	0.000000E+00	0.000000E+00	0.000000E+00	3.162278E+03
0	5.458570E-04	0.000000E+00	0.000000E+00	0.000000E+00	0.000000E+00	0.000000E+00	3.162278E+03
0	5.782009E-04	0.000000E+00	0.000000E+00	0.000000E+00	0.000000E+00	0.000000E+00	3.162278E+03
0	6.124616E-04	0.000000E+00	0.000000E+00	0.000000E+00	0.000000E+00	0.000000E+00	3.162278E+03
0	6.487520E-04	0.000000E+00	0.000000E+00	0.000000E+00	0.000000E+00	0.000000E+00	3.162278E+03
0	6.871931E-04	0.000000E+00	0.000000E+00	0.000000E+00	0.000000E+00	0.000000E+00	3.162278E+03
0	7.279120E-04	0.000000E+00	0.000000E+00	0.000000E+00	0.000000E+00	0.000000E+00	3.162278E+03
0	7.710433E-04	0.000000E+00	0.000000E+00	0.000000E+00	0.000000E+00	0.000000E+00	3.162278E+03
0	8.167307E-04	0.000000E+00	0.000000E+00	0.000000E+00	0.000000E+00	0.000000E+00	3.162278E+03
0	8.651246E-04	0.000000E+00	0.000000E+00	0.000000E+00	0.000000E+00	0.000000E+00	3.162278E+03
0	9.163867E-04	0.000000E+00	0.000000E+00	0.000000E+00	0.000000E+00	0.000000E+00	3.162278E+03
0	9.706863E-04	0.000000E+00	0.000000E+00	0.000000E+00	0.000000E+00	0.000000E+00	3.162278E+03
0	1.028203E-03	0.000000E+00	0.000000E+00	0.000000E+00	0.000000E+00	0.000000E+00	3.162278E+03
0	1.089128E-03	0.000000E+00	0.000000E+00	0.000000E+00	0.000000E+00	0.000000E+00	3.162278E+03
0	1.153662E-03	0.000000E+00	0.000000E+00	0.000000E+00	0.000000E+00	0.000000E+00	3.162278E+03
0	1.222021E-03	0.000000E+00	0.000000E+00	0.000000E+00	0.000000E+00	0.000000E+00	3.162278E+03
0	1.294431E-03	0.000000E+00	0.000000E+00	0.000000E+00	0.000000E+00	0.000000E+00	3.162278E+03
0	1.371130E-03	0.000000E+00	0.000000E+00	0.000000E+00	0.000000E+00	0.000000E+00	3.162278E+03
0	1.452375E-03	0.000000E+00	0.000000E+00	0.000000E+00	0.000000E+00	0.000000E+00	3.162278E+03
0	1.538433E-03	0.000000E+00	0.000000E+00	0.000000E+00	0.000000E+00	0.000000E+00	3.162278E+03
0	1.629592E-03	0.000000E+00	0.000000E+00	0.000000E+00	0.000000E+00	0.000000E+00	3.162278E+03
0	1.726151E-03	0.000000E+00	0.000000E+00	0.000000E+00	0.000000E+00	0.000000E+00	3.162278E+03
0	1.828433E-03	0.000000E+00	0.000000E+00	0.000000E+00	0.000000E+00	0.000000E+00	3.162278E+03
0	1.936772E-03	0.000000E+00	0.000000E+00	0.000000E+00	0.000000E+00	0.000000E+00	3.162278E+03
0	2.051534E-03	0.000000E+00	0.000000E+00	0.000000E+00	0.000000E+00	0.000000E+00	3.162278E+03
0	2.173095E-03	0.000000E+00	0.000000E+00	0.000000E+00	0.000000E+00	0.000000E+00	3.162278E+03
0	2.301860E-03	0.000000E+00	0.000000E+00	0.000000E+00	0.000000E+00	0.000000E+00	3.162278E+03
0	2.438254E-03	0.000000E+00	0.000000E+00	0.000000E+00	0.000000E+00	0.000000E+00	3.162278E+03
0	2.582728E-03	0.000000E+00	0.000000E+00	0.000000E+00	0.000000E+00	0.000000E+00	3.162278E+03
0	2.735764E-03	0.000000E+00	0.000000E+00	0.000000E+00	0.000000E+00	0.000000E+00	3.162278E+03
0	2.897870E-03	0.000000E+00	0.000000E+00	0.000000E+00	0.000000E+00	0.000000E+00	3.162278E+03
0	3.069580E-03	0.000000E+00	0.000000E+00	0.000000E+00	0.000000E+00	0.000000E+00	3.162278E+03
0	3.251464E-03	0.000000E+00	0.000000E+00	0.000000E+00	0.000000E+00	0.000000E+00	3.162278E+03
0	3.444123E-03	0.000000E+00	0.000000E+00	0.000000E+00	0.000000E+00	0.000000E+00	3.162278E+03
0	3.648201E-03	0.000000E+00	0.000000E+00	0.000000E+00	0.000000E+00	0.000000E+00	3.162278E+03
0	3.864371E-03	0.000000E+00	0.000000E+00	0.000000E+00	0.000000E+00	0.000000E+00	3.162278E+03
0	4.093350E-03	0.000000E+00	0.000000E+00	0.000000E+00	0.000000E+00	0.000000E+00	3.162278E+03
0	4.335898E-03	0.000000E+00	0.000000E+00	0.000000E+00	0.000000E+00	0.000000E+00	3.162278E+03
0	4.592812E-03	0.000000E+00	0.000000E+00	0.000000E+00	0.000000E+00	0.000000E+00	3.162278E+03
0	4.864953E-03	0.000000E+00	0.000000E+00	0.000000E+00	0.000000E+00	0.000000E+00	3.162278E+03
0	5.153221E-03	0.000000E+00	0.000000E+00	0.000000E+00	0.000000E+00	0.000000E+00	3.162278E+03
0	5.458571E-03	0.000000E+00	0.000000E+00	0.000000E+00	0.000000E+00	0.000000E+00	3.162278E+03
0	5.782012E-03	0.000000E+00	0.000000E+00	0.000000E+00	0.000000E+00	0.000000E+00	3.162278E+03
0	6.124613E-03	0.000000E+00	0.000000E+00	0.000000E+00	0.000000E+00	0.000000E+00	3.162278E+03
0	6.487520E-03	0.000000E+00	0.000000E+00	0.000000E+00	0.000000E+00	0.000000E+00	3.162278E+03
0	6.871932E-03	0.000000E+00	0.000000E+00	0.000000E+00	0.000000E+00	0.000000E+00	3.162278E+03
0	7.279121E-03	0.000000E+00	0.000000E+00	0.000000E+00	0.000000E+00	0.000000E+00	3.162278E+03
0	7.710437E-03	0.000000E+00	0.000000E+00	0.000000E+00	0.000000E+00	0.000000E+00	3.162278E+03
0	8.167302E-03	0.000000E+00	0.000000E+00	0.000000E+00	0.000000E+00	0.000000E+00	3.162278E+03
0	8.651247E-03	0.000000E+00	0.000000E+00	0.000000E+00	0.000000E+00	0.000000E+00	3.162278E+03
0	9.163868E-03	0.000000E+00	0.000000E+00	0.000000E+00	0.000000E+00	0.000000E+00	3.162278E+03
0	9.706862E-03	0.000000E+00	0.000000E+00	0.000000E+00	0.000000E+00	0.000000E+00	3.162278E+03
0	1.028203E-02	0.000000E+00	0.000000E+00	0.000000E+00	0.000000E+00	0.000000E+00	3.162278E+03
0	1.089127E-02	0.000000E+00	0.000000E+00	0.000000E+00	0.000000E+00	0.000000E+00	3.162278E+03
0	1.153662E-02	0.000000E+00	0.000000E+00	0.000000E+00	0.000000E+00	0.000000E+00	3.162278E+03
0	1.222021E-02	0.000000E+00	0.000000E+00	0.000000E+00	0.000000E+00	0.000000E+00	3.162278E+03
0	1.294431E-02	0.000000E+00	0.000000E+00	0.000000E+00	0.000000E+00	0.000000E+00	3.162278E+03
0	1.371131E-02	0.000000E+00	0.000000E+00	0.000000E+00	0.000000E+00	0.000000E+00	3.162278E+03
0	1.452374E-02	0.000000E+00	0.000000E+00	0.000000E+00	0.000000E+00	0.000000E+00	3.162278E+03
0	1.538433E-02	0.000000E+00	0.000000E+00	0.000000E+00	0.000000E+00	0.000000E+00	3.162278E+03
0	1.629592E-02	0.000000E+00	0.000000E+00	0.000000E+00	0.000000E+00	0.000000E+00	3.162278E+03
0	1.726151E-02	0.000000E+00	0.000000E+00	0.000000E+00	0.000000E+00	0.000000E+00	3.162278E+03
0	1.828433E-02	0.000000E+00	0.000000E+00	0.000000E+00	0.000000E+00	0.000000E+00	3.162278E+03
0	1.936772E-02	0.000000E+00	0.000000E+00	0.000000E+00	0.000000E+00	0.000000E+00	3.162278E+03
0	2.051534E-02	0.000000E+00	0.000000E+00	0.000000E+00	0.000000E+00	0.000000E+00	3.162278E+03
0	2.173096E-02	0.000000E+00	0.000000E+00	0.000000E+00	0.000000E+00	0.000000E+00	3.162278E+03
0	2.301860E-02	0.000000E+00	0.000000E+00	0.000000E+00	0.000000E+00	0.000000E+00	3.162278E+03
0	2.438254E-02	0.000000E+00	0.000000E+00	0.000000E+00	0.000000E+00	0.000000E+00	3.162278E+03
0	2.582727E-02	0.000000E+00	0.000000E+00	0.000000E+00	0.000000E+00	0.000000E+00	3.162278E+03
0	2.735765E-02	0.000000E+00	0.000000E+00	0.000000E+00	0.000000E+00	0.000000E+00	3.162278E+03
0	2.897869E-02	0.000000E+00	0.000000E+00	0.000000E+00	0.000000E+00	0.000000E+00	3.162278E+03
0	3.069580E-02	0.000000E+00	0.000000E+00	0.000000E+00	0.000000E+00	0.000000E+00	3.162278E+03
0	3.251464E-02	0.000000E+00	0.000000E+00	0.000000E+00	0.000000E+00	0.000000E+00	3.162278E+03
0	3.444123E-02	0.000000E+00	0.000000E+00	0.000000E+00	0.000000E+00	0.000000E+00	3.162278E+03
0	3.648201E-02	0.000000E+00	0.000000E+00	0.000000E+00	0.000000E+00	0.000000E+00	3.162278E+03
0	3.864371E-02	0.000000E+00	0.000000E+00	0.000000E+00	0.000000E+00	0.000000E+00	3.162278E+03
0	4.093350E-02	0.000000E+00	0.000000E+00	0.000000E+00	0.000000E+00	0.000000E+00	3.162278E+03
0	4.335897E-02	0.000000E+00	0.000000E+00	0.000000E+00	0.000000E+00	0.000000E+00	3.162278E+03
0	4.592812E-02	0.000000E+00	0.000000E+00	0.000000E+00	0.000000E+00	0.000000E+00	3.162278E+03
0	4.864953E-02	0.000000E+00	0.000000E+00	0.000000E+00	0.000000E+00	0.000000E+00	3.162278E+03
0	5.153222E-02	0.000000E+00	0.000000E+00	0.000000E+00	0.000000E+00	0.000000E+00	3.162278E+03
0	5.458571E-02	0.000000E+00	0.000000E+00	0.000000E+00	0.000000E+00	0.000000E+00	3.162278E+03
0	5.782012E-02	0.000000E+00	0.000000E+00	0.000000E+00	0.000000E+00	0.000000E+00	3.162278E+03
0	6.124612E-02	0.000000E+00	0.000000E+00	0.000000E+00	0.000000E+00	0.000000E+00	3.162278E+03
0	6.487520E-02	0.000000E+00	0.000000E+00	0.000000E+00	0.000000E+00	0.000000E+00	3.162278E+03
0	6.871932E-02	0.000000E+00	0.000000E+00	0.000000E+00	0.000000E+00	0.000000E+00	3.162278E+03
0	7.279120E-02	0.000000E+00	0.000000E+00	0.000000E+00	0.000000E+00	0.000000E+00	3.162278E+03
0	7.710437E-02	0.000000E+00	0.000000E+00	0.000000E+00	0.000000E+00	0.000000E+00	3.162278E+03
0	8.167302E-02	0.000000E+00	0.000000E+00	0.000000E+00	0.000000E+00	0.000000E+00	3.162278E+03
0	8.651247E-02	0.000000E+00	0.000000E+00	0.000000E+00	0.000000E+00	0.000000E+00	3.162278E+03
0	9.163868E-02	0.000000E+00	0.000000E+00	0.000000E+00	0.000000E+00	0.000000E+00	3.162278E+03
0	9.706863E-02	0.000000E+00	0.000000E+00	0.000000E+00	0.000000E+00	0.000000E+00	3.162278E+03
0	1.028203E-01	0.000000E+00	0.000000E+00	0.000000E+00	0.000000E+00	0.000000E+00	3.162278E+03
0	1.089127E-01	0.000000E+00	0.000000E+00	0.000000E+00	0.000000E+00	0.000000E+00	3.162278E+03
0	1.153662E-01	0.000000E+00	0.000000E+00	0.000000E+00	0.000000E+00	0.000000E+00	3.162278E+03
0	1.222021E-01	0.000000E+00	0.000000E+00	0.000000E+00	0.000000E+00	0.000000E+00	3.162278E+03
0	1.294431E-01	0.000000E+00	0.000000E+00	0.000000E+00	0.000000E+00	0.000000E+00	3.162278E+03
0	1.371131E-01	0.000000E+00	0.000000E+00	0.000000E+00	0.000000E+00	0.000000E+00	3.162278E+03
0	1.452374E-01	0.000000E+00	0.000000E+00	0.000000E+00	0.000000E+00	0.000000E+00	3.162278E+03
0	1.538433E-01	0.000000E+00	0.000000E+00	0.000000E+00	0.000000E+00	0.000000E+00	3.162278E+03
0	1.629592E-01	0.000000E+00	0.000000E+00	0.000000E+00	0.000000E+00	0.000000E+00	3.162278E+03
0	1.726151E-01	0.000000E+00	0.000000E+00	0.000000E+00	0.000000E+00	0.000000E+00	3.162278E+03
0	1.828433E-01	0.000000E+00	0.000000E+00	0.000000E+00	0.000000E+00	0.000000E+00	3.162278E+03
0	1.936773E-01	0.000000E+00	0.000000E+00	0.000000E+00	0.000000E+00	0.000000E+00	3.162278E+03
0	2.051534E-01	0.000000E+00	0.000000E+00	0.000000E+00	0.000000E+00	0.000000E+00	3.162278E+03
0	2.173095E-01	0.000000E+00	0.000000E+00	0.000000E+00	0.000000E+00	0.000000E+00	3.162278E+03
0	2.301860E-01	0.000000E+00	0.000000E+00	0.000000E+00	0.000000E+00	0.000000E+00	3.162278E+03
0	2.438254E-01	0.000000E+00	0.000000E+00	0.000000E+00	0.000000E+00	0.000000E+00	3.162278E+03
0	2.582728E-01	0.000000E+00	0.000000E+00	0.000000E+00	0.000000E+00	0.000000E+00	3.162278E+03
0	2.735765E-01	0.000000E+00	0.000000E+00	0.000000E+00	0.000000E+00	0.000000E+00	3.162278E+03
0	2.897869E-01	0.000000E+00	0.000000E+00	0.000000E+00	0.000000E+00	0.000000E+00	3.162278E+03
0	3.069579E-01	0.000000E+00	0.000000E+00	0.000000E+00	0.000000E+00	0.000000E+00	3.162278E+03
0	3.251465E-01	0.000000E+00	0.000000E+00	0.000000E+00	0.000000E+00	0.000000E+00	3.162278E+03
0	3.444123E-01	0.000000E+00	0.000000E+00	0.000000E+00	0.000000E+00	0.000000E+00	3.162278E+03
0	3.648200E-01	0.000000E+00	0.000000E+00	0.000000E+00	0.000000E+00	0.000000E+00	3.162278E+03
0	3.864371E-01	0.000000E+00	0.000000E+00	0.000000E+00	0.000000E+00	0.000000E+00	3.162278E+03
0	4.093350E-01	0.000000E+00	0.000000E+00	0.000000E+00	0.000000E+00	0.000000E+00	3.162278E+03
0	4.335898E-01	0.000000E+00	0.000000E+00	0.000000E+00	0.000000E+00	0.000000E+00	3.162278E+03
0	4.592811E-01	0.000000E+00	0.000000E+00	0.000000E+00	0.000000E+00	0.000000E+00	3.162278E+03
0	4.864954E-01	0.000000E+00	0.000000E+00	0.000000E+00	0.000000E+00	0.000000E+00	3.162278E+03
0	5.153221E-01	0.000000E+00	0.000000E+00	0.000000E+00	0.000000E+00	0.000000E+00	3.162278E+03
0	5.458570E-01	0.000000E+00	0.000000E+00	0.000000E+00	0.000000E+00	0.000000E+00	3.162278E+03
0	5.782012E-01	0.000000E+00	0.000000E+00	0.000000E+00	0.000000E+00	0.000000E+00	3.162278E+03
0	6.124612E-01	0.000000E+00	0.000000E+00	0.000000E+00	0.000000E+00	0.000000E+00	3.162278E+03
0	6.487520E-01	0.000000E+00	0.000000E+00	0.000000E+00	0.000000E+00	0.000000E+00	3.162278E+03
0	6.871932E-01	0.000000E+00	0.000000E+00	0.000000E+00	0.000000E+00	0.000000E+00	3.162278E+03
0	7.279120E-01	0.000000E+00	0.000000E+00	0.000000E+00	0.000000E+00	0.000000E+00	3.162278E+03
0	7.710437E-01	0.000000E+00	0.000000E+00	0.000000E+00	0.000000E+00	0.000000E+00	3.162278E+03
0	8.167301E-01	0.000000E+00	0.000000E+00	0.000000E+00	0.000000E+00	0.000000E+00	3.162278E+03
0	8.651247E-01	0.000000E+00	0.000000E+00	0.000000E+00	0.000000E+00	0.000000E+00	3.162278E+03
0	9.163867E-01	0.000000E+00	0.000000E+00	0.000000E+00	0.000000E+00	0.000000E+00	3.162278E+03
0	9.706863E-01	0.000000E+00	0.000000E+00	0.000000E+00	0.000000E+00	0.000000E+00	3.162278E+03
0	1.028203E+00	0.000000E+00	0.000000E+00	0.000000E+00	0.000000E+00	0.000000E+00	3.162278E+03
0	1.089127E+00	0.000000E+00	0.000000E+00	0.000000E+00	0.000000E+00	0.000000E+00	3.162278E+03
0	1.153662E+00	0.000000E+00	0.000000E+00	0.000000E+00	0.000000E+00	0.000000E+00	3.162278E+03
0	1.222021E+00	0.000000E+00	0.000000E+00	0.000000E+00	0.000000E+00	0.000000E+00	3.162278E+03
0	1.294431E+00	0.000000E+00	0.000000E+00	0.000000E+00	0.000000E+00	0.000000E+00	3.162278E+03
0	1.371131E+00	0.000000E+00	0.000000E+00	0.000000E+00	0.000000E+00	0.000000E+00	3.162278E+03
0	1.452374E+00	0.000000E+00	0.000000E+00	0.000000E+00	0.000000E+00	0.000000E+00	3.162278E+03
0	1.538433E+00	0.000000E+00	0.000000E+00	0.000000E+00	0.000000E+00	0.000000E+00	3.162278E+03
0	1.629592E+00	0.000000E+00	0.000000E+00	0.000000E+00	0.000000E+00	0.000000E+00	3.162278E+03
0	1.726152E+00	0.000000E+00	0.000000E+00	0.000000E+00	0.000000E+00	0.000000E+00	3.162278E+03
0	1.828433E+00	0.000000E+00	0.000000E+00	0.000000E+00	0.000000E+00	0.000000E+00	3.162278E+03
0	1.936773E+00	0.000000E+00	0.000000E+00	0.000000E+00	0.000000E+00	0.000000E+00	3.162278E+03
0	2.051534E+00	0.000000E+00	0.000000E+00	0.000000E+00	0.000000E+00	0.000000E+00	3.162278E+03
0	2.173096E+00	0.000000E+00	0.000000E+00	0.000000E+00	0.000000E+00	0.000000E+00	3.162278E+03
0	2.301860E+00	0.000000E+00	0.000000E+00	0.000000E+00	0.000000E+00	0.000000E+00	3.162278E+03
0	2.438254E+00	0.000000E+00	0.000000E+00	0.000000E+00	0.000000E+00	0.000000E+00	3.162278E+03
0	2.582728E+00	0.000000E+00	0.000000E+00	0.000000E+00	0.000000E+00	0.000000E+00	3.162278E+03
0	2.735764E+00	0.000000E+00	0.000000E+00	0.000000E+00	0.000000E+00	0.000000E+00	3.162278E+03
0	2.897869E+00	0.000000E+00	0.000000E+00	0.000000E+00	0.000000E+00	0.000000E+00	3.162278E+03
0	3.069579E+00	0.000000E+00	0.000000E+00	0.000000E+00	0.000000E+00	0.000000E+00	3.162278E+03
0	3.251464E+00	0.000000E+00	0.000000E+00	0.000000E+00	0.000000E+00	0.000000E+00	3.162278E+03
