0	0.000000E+00	0.000000E+00	0.000000E+00	0.000000E+00	0.000000E+00	0.000000E+00	1.000000E+06
0	5.153221E-09	0.000000E+00	0.000000E+00	0.000000E+00	0.000000E+00	0.000000E+00	1.000000E+06
0	5.782012E-09	0.000000E+00	0.000000E+00	0.000000E+00	0.000000E+00	0.000000E+00	1.000000E+06
0	6.487520E-09	0.000000E+00	0.000000E+00	0.000000E+00	0.000000E+00	0.000000E+00	1.000000E+06
0	7.279120E-09	0.000000E+00	0.000000E+00	0.000000E+00	0.000000E+00	0.000000E+00	1.000000E+06
0	8.167302E-09	0.000000E+00	0.000000E+00	0.000000E+00	0.000000E+00	0.000000E+00	1.000000E+06
0	9.163867E-09	0.000000E+00	0.000000E+00	0.000000E+00	0.000000E+00	0.000000E+00	1.000000E+06
0	1.028203E-08	0.000000E+00	0.000000E+00	0.000000E+00	0.000000E+00	0.000000E+00	1.000000E+06
0	1.153662E-08	0.000000E+00	0.000000E+00	0.000000E+00	0.000000E+00	0.000000E+00	1.000000E+06
0	1.294431E-08	0.000000E+00	0.000000E+00	0.000000E+00	0.000000E+00	0.000000E+00	1.000000E+06
0	1.452374E-08	0.000000E+00	0.000000E+00	0.000000E+00	0.000000E+00	0.000000E+00	1.000000E+06
0	1.629592E-08	0.000000E+00	0.000000E+00	0.000000E+00	0.000000E+00	0.000000E+00	1.000000E+06
0	1.828433E-08	0.000000E+00	0.000000E+00	0.000000E+00	0.000000E+00	0.000000E+00	1.000000E+06
0	2.051534E-08	0.000000E+00	0.000000E+00	0.000000E+00	0.000000E+00	0.000000E+00	1.000000E+06
0	2.301860E-08	0.000000E+00	0.000000E+00	0.000000E+00	0.000000E+00	0.000000E+00	1.000000E+06
0	2.582728E-08	0.000000E+00	0.000000E+00	0.000000E+00	0.000000E+00	0.000000E+00	1.000000E+06
0	2.897869E-08	0.000000E+00	0.000000E+00	0.000000E+00	0.000000E+00	0.000000E+00	1.000000E+06
0	3.251464E-08	0.000000E+00	0.000000E+00	0.000000E+00	0.000000E+00	0.000000E+00	1.000000E+06
0	3.648201E-08	0.000000E+00	0.000000E+00	0.000000E+00	0.000000E+00	0.000000E+00	1.000000E+06
0	4.093350E-08	0.000000E+00	0.000000E+00	0.000000E+00	0.000000E+00	0.000000E+00	1.000000E+06
0	4.592811E-08	0.000000E+00	0.000000E+00	0.000000E+00	0.000000E+00	0.000000E+00	1.000000E+06
0	5.153221E-08	0.000000E+00	0.000000E+00	0.000000E+00	0.000000E+00	0.000000E+00	1.000000E+06
0	5.782009E-08	0.000000E+00	0.000000E+00	0.000000E+00	0.000000E+00	0.000000E+00	1.000000E+06
0	6.487520E-08	0.000000E+00	0.000000E+00	0.000000E+00	0.000000E+00	0.000000E+00	1.000000E+06
0	7.279120E-08	0.000000E+00	0.000000E+00	0.000000E+00	0.000000E+00	0.000000E+00	1.000000E+06
0	8.167306E-08	0.000000E+00	0.000000E+00	0.000000E+00	0.000000E+00	0.000000E+00	1.000000E+06
0	9.163867E-08	0.000000E+00	0.000000E+00	0.000000E+00	0.000000E+00	0.000000E+00	1.000000E+06
0	1.028203E-07	0.000000E+00	0.000000E+00	0.000000E+00	0.000000E+00	0.000000E+00	1.000000E+06
0	1.153662E-07	0.000000E+00	0.000000E+00	0.000000E+00	0.000000E+00	0.000000E+00	1.000000E+06
0	1.294431E-07	0.000000E+00	0.000000E+00	0.000000E+00	0.000000E+00	0.000000E+00	1.000000E+06
0	1.452375E-07	0.000000E+00	0.000000E+00	0.000000E+00	0.000000E+00	0.000000E+00	1.000000E+06
0	1.629592E-07	0.000000E+00	0.000000E+00	0.000000E+00	0.000000E+00	0.000000E+00	1.000000E+06
0	1.828432E-07	0.000000E+00	0.000000E+00	0.000000E+00	0.000000E+00	0.000000E+00	1.000000E+06
0	2.051534E-07	0.000000E+00	0.000000E+00	0.000000E+00	0.000000E+00	0.000000E+00	1.000000E+06
0	2.301860E-07	0.000000E+00	0.000000E+00	0.000000E+00	0.000000E+00	0.000000E+00	1.000000E+06
0	2.582729E-07	0.000000E+00	0.000000E+00	0.000000E+00	0.000000E+00	0.000000E+00	1.000000E+06
0	2.897869E-07	0.000000E+00	0.000000E+00	0.000000E+00	0.000000E+00	0.000000E+00	1.000000E+06
0	3.251462E-07	0.000000E+00	0.000000E+00	0.000000E+00	0.000000E+00	0.000000E+00	1.000000E+06
0	3.648201E-07	0.000000E+00	0.000000E+00	0.000000E+00	0.000000E+00	0.000000E+00	1.000000E+06
0	4.093350E-07	0.000000E+00	0.000000E+00	0.000000E+00	0.000000E+00	0.000000E+00	1.000000E+06
0	4.592814E-07	0.000000E+00	0.000000E+00	0.000000E+00	0.000000E+00	0.000000E+00	1.000000E+06
0	5.153221E-07	0.000000E+00	0.000000E+00	0.000000E+00	0.000000E+00	0.000000E+00	1.000000E+06
0	5.782009E-07	0.000000E+00	0.000000E+00	0.000000E+00	0.000000E+00	0.000000E+00	1.000000E+06
0	6.487520E-07	0.000000E+00	0.000000E+00	0.000000E+00	0.000000E+00	0.000000E+00	1.000000E+06
0	7.279120E-07	0.000000E+00	0.000000E+00	0.000000E+00	0.000000E+00	0.000000E+00	1.000000E+06
0	8.167306E-07	0.000000E+00	0.000000E+00	0.000000E+00	0.000000E+00	0.000000E+00	1.000000E+06
0	9.163867E-07	0.000000E+00	0.000000E+00	0.000000E+00	0.000000E+00	0.000000E+00	1.000000E+06
0	1.028203E-06	0.000000E+00	0.000000E+00	0.000000E+00	0.000000E+00	0.000000E+00	1.000000E+06
0	1.153662E-06	0.000000E+00	0.000000E+00	0.000000E+00	0.000000E+00	0.000000E+00	1.000000E+06
0	1.294431E-06	0.000000E+00	0.000000E+00	0.000000E+00	0.000000E+00	0.000000E+00	1.000000E+06
0	1.452375E-06	0.000000E+00	0.000000E+00	0.000000E+00	0.000000E+00	0.000000E+00	1.000000E+06
0	1.629592E-06	0.000000E+00	0.000000E+00	0.000000E+00	0.000000E+00	0.000000E+00	1.000000E+06
0	1.828432E-06	0.000000E+00	0.000000E+00	0.000000E+00	0.000000E+00	0.000000E+00	1.000000E+06
0	2.051534E-06	0.000000E+00	0.000000E+00	0.000000E+00	0.000000E+00	0.000000E+00	1.000000E+06
0	2.301860E-06	0.000000E+00	0.000000E+00	0.000000E+00	0.000000E+00	0.000000E+00	1.000000E+06
0	2.582729E-06	0.000000E+00	0.000000E+00	0.000000E+00	0.000000E+00	0.000000E+00	1.000000E+06
0	2.897869E-06	0.000000E+00	0.000000E+00	0.000000E+00	0.000000E+00	0.000000E+00	1.000000E+06
0	3.251462E-06	0.000000E+00	0.000000E+00	0.000000E+00	0.000000E+00	0.000000E+00	1.000000E+06
0	3.648201E-06	0.000000E+00	0.000000E+00	0.000000E+00	0.000000E+00	0.000000E+00	1.000000E+06
0	4.093350E-06	0.000000E+00	0.000000E+00	0.000000E+00	0.000000E+00	0.000000E+00	1.000000E+06
0	4.592814E-06	0.000000E+00	0.000000E+00	0.000000E+00	0.000000E+00	0.000000E+00	1.000000E+06
0	5.153221E-06	0.000000E+00	0.000000E+00	0.000000E+00	0.000000E+00	0.000000E+00	1.000000E+06
0	5.782008E-06	0.000000E+00	0.000000E+00	0.000000E+00	0.000000E+00	0.000000E+00	1.000000E+06
0	6.487520E-06	0.000000E+00	0.000000E+00	0.000000E+00	0.000000E+00	0.000000E+00	1.000000E+06
0	7.279120E-06	0.000000E+00	0.000000E+00	0.000000E+00	0.000000E+00	0.000000E+00	1.000000E+06
0	8.167306E-06	0.000000E+00	0.000000E+00	0.000000E+00	0.000000E+00	0.000000E+00	1.000000E+06
0	9.163868E-06	0.000000E+00	0.000000E+00	0.000000E+00	0.000000E+00	0.000000E+00	1.000000E+06
0	1.028203E-05	0.000000E+00	0.000000E+00	0.000000E+00	0.000000E+00	0.000000E+00	1.000000E+06
0	1.153662E-05	0.000000E+00	0.000000E+00	0.000000E+00	0.000000E+00	0.000000E+00	1.000000E+06
0	1.294431E-05	0.000000E+00	0.000000E+00	0.000000E+00	0.000000E+00	0.000000E+00	1.000000E+06
0	1.452375E-05	0.000000E+00	0.000000E+00	0.000000E+00	0.000000E+00	0.000000E+00	1.000000E+06
0	1.629591E-05	0.000000E+00	0.000000E+00	0.000000E+00	0.000000E+00	0.000000E+00	1.000000E+06
0	1.828432E-05	0.000000E+00	0.000000E+00	0.000000E+00	0.000000E+00	0.000000E+00	1.000000E+06
0	2.051534E-05	0.000000E+00	0.000000E+00	0.000000E+00	0.000000E+00	0.000000E+00	1.000000E+06
0	2.301860E-05	0.000000E+00	0.000000E+00	0.000000E+00	0.000000E+00	0.000000E+00	1.000000E+06
0	2.582729E-05	0.000000E+00	0.000000E+00	0.000000E+00	0.000000E+00	0.000000E+00	1.000000E+06
0	2.897869E-05	0.000000E+00	0.000000E+00	0.000000E+00	0.000000E+00	0.000000E+00	1.000000E+06
0	3.251462E-05	0.000000E+00	0.000000E+00	0.000000E+00	0.000000E+00	0.000000E+00	1.000000E+06
0	3.648200E-05	0.000000E+00	0.000000E+00	0.000000E+00	0.000000E+00	0.000000E+00	1.000000E+06
0	4.093350E-05	0.000000E+00	0.000000E+00	0.000000E+00	0.000000E+00	0.000000E+00	1.000000E+06
0	4.592814E-05	0.000000E+00	0.000000E+00	0.000000E+00	0.000000E+00	0.000000E+00	1.000000E+06
0	5.153221E-05	0.000000E+00	0.000000E+00	0.000000E+00	0.000000E+00	0.000000E+00	1.000000E+06
0	5.782012E-05	0.000000E+00	0.000000E+00	0.000000E+00	0.000000E+00	0.000000E+00	1.000000E+06
0	6.487520E-05	0.000000E+00	0.000000E+00	0.000000E+00	0.000000E+00	0.000000E+00	1.000000E+06
0	7.279120E-05	0.000000E+00	0.000000E+00	0.000000E+00	0.000000E+00	0.000000E+00	1.000000E+06
0	8.167301E-05	0.000000E+00	0.000000E+00	0.000000E+00	0.000000E+00	0.000000E+00	1.000000E+06
0	9.163867E-05	0.000000E+00	0.000000E+00	0.000000E+00	0.000000E+00	0.000000E+00	1.000000E+06
0	1.028203E-04	0.000000E+00	0.000000E+00	0.000000E+00	0.000000E+00	0.000000E+00	1.000000E+06
0	1.153662E-04	0.000000E+00	0.000000E+00	0.000000E+00	0.000000E+00	0.000000E+00	1.000000E+06
0	1.294431E-04	0.000000E+00	0.000000E+00	0.000000E+00	0.000000E+00	0.000000E+00	1.000000E+06
0	1.452375E-04	0.000000E+00	0.000000E+00	0.000000E+00	0.000000E+00	0.000000E+00	1.000000E+06
0	1.629592E-04	0.000000E+00	0.000000E+00	0.000000E+00	0.000000E+00	0.000000E+00	1.000000E+06
0	1.828433E-04	0.000000E+00	0.000000E+00	0.000000E+00	0.000000E+00	0.000000E+00	1.000000E+06
0	2.051534E-04	0.000000E+00	0.000000E+00	0.000000E+00	0.000000E+00	0.000000E+00	1.000000E+06
0	2.301860E-04	0.000000E+00	0.000000E+00	0.000000E+00	0.000000E+00	0.000000E+00	1.000000E+06
0	2.582728E-04	0.000000E+00	0.000000E+00	0.000000E+00	0.000000E+00	0.000000E+00	1.000000E+06
0	2.897869E-04	0.000000E+00	0.000000E+00	0.000000E+00	0.000000E+00	0.000000E+00	1.000000E+06
0	3.251464E-04	0.000000E+00	0.000000E+00	0.000000E+00	0.000000E+00	0.000000E+00	1.000000E+06
0	3.648201E-04	0.000000E+00	0.000000E+00	0.000000E+00	0.000000E+00	0.000000E+00	1.000000E+06
0	4.093350E-04	0.000000E+00	0.000000E+00	0.000000E+00	0.000000E+00	0.000000E+00	1.000000E+06
0	4.592811E-04	0.000000E+00	0.000000E+00	0.000000E+00	0.000000E+00	0.000000E+00	1.000000E+06
0	5.153221E-04	0.000000E+00	0.000000E+00	0.000000E+00	0.000000E+00	0.000000E+00	1.000000E+06
0	5.782011E-04	0.000000E+00	0.000000E+00	0.000000E+00	0.000000E+00	0.000000E+00	1.000000E+06
0	6.487520E-04	0.000000E+00	0.000000E+00	0.000000E+00	0.000000E+00	0.000000E+00	1.000000E+06
0	7.279121E-04	0.000000E+00	0.000000E+00	0.000000E+00	0.000000E+00	0.000000E+00	1.000000E+06
0	8.167302E-04	0.000000E+00	0.000000E+00	0.000000E+00	0.000000E+00	0.000000E+00	1.000000E+06
0	9.163867E-04	0.000000E+00	0.000000E+00	0.000000E+00	0.000000E+00	0.000000E+00	1.000000E+06
0	1.028203E-03	0.000000E+00	0.000000E+00	0.000000E+00	0.000000E+00	0.000000E+00	1.000000E+06
0	1.153662E-03	0.000000E+00	0.000000E+00	0.000000E+00	0.000000E+00	0.000000E+00	1.000000E+06
0	1.294431E-03	0.000000E+00	0.000000E+00	0.000000E+00	0.000000E+00	0.000000E+00	1.000000E+06
0	1.452375E-03	0.000000E+00	0.000000E+00	0.000000E+00	0.000000E+00	0.000000E+00	1.000000E+06
0	1.629592E-03	0.000000E+00	0.000000E+00	0.000000E+00	0.000000E+00	0.000000E+00	1.000000E+06
0	1.828433E-03	0.000000E+00	0.000000E+00	0.000000E+00	0.000000E+00	0.000000E+00	1.000000E+06
0	2.051534E-03	0.000000E+00	0.000000E+00	0.000000E+00	0.000000E+00	0.000000E+00	1.000000E+06
0	2.301860E-03	0.000000E+00	0.000000E+00	0.000000E+00	0.000000E+00	0.000000E+00	1.000000E+06
0	2.582727E-03	0.000000E+00	0.000000E+00	0.000000E+00	0.000000E+00	0.000000E+00	1.000000E+06
0	2.897869E-03	0.000000E+00	0.000000E+00	0.000000E+00	0.000000E+00	0.000000E+00	1.000000E+06
0	3.251464E-03	0.000000E+00	0.000000E+00	0.000000E+00	0.000000E+00	0.000000E+00	1.000000E+06
0	3.648201E-03	0.000000E+00	0.000000E+00	0.000000E+00	0.000000E+00	0.000000E+00	1.000000E+06
0	4.093350E-03	0.000000E+00	0.000000E+00	0.000000E+00	0.000000E+00	0.000000E+00	1.000000E+06
0	4.592811E-03	0.000000E+00	0.000000E+00	0.000000E+00	0.000000E+00	0.000000E+00	1.000000E+06
0	5.153221E-03	0.000000E+00	0.000000E+00	0.000000E+00	0.000000E+00	0.000000E+00	1.000000E+06
