2.496931E-26	9.477009E-28	4.392676E-25	0.000000E+00	0.000000E+00	0.000000E+00	0.000000E+00	
2.465543E-26	9.306626E-28	4.369647E-25	0.000000E+00	0.000000E+00	0.000000E+00	0.000000E+00	
2.434516E-26	9.139119E-28	4.346720E-25	0.000000E+00	0.000000E+00	0.000000E+00	0.000000E+00	
2.403844E-26	8.974444E-28	4.323896E-25	0.000000E+00	0.000000E+00	0.000000E+00	0.000000E+00	
2.373525E-26	8.812556E-28	4.301173E-25	0.000000E+00	0.000000E+00	0.000000E+00	0.000000E+00	
2.343555E-26	8.653410E-28	4.278553E-25	0.000000E+00	0.000000E+00	0.000000E+00	0.000000E+00	
2.313931E-26	8.496965E-28	4.256033E-25	0.000000E+00	0.000000E+00	0.000000E+00	0.000000E+00	
2.284648E-26	8.343176E-28	4.233615E-25	0.000000E+00	0.000000E+00	0.000000E+00	0.000000E+00	
2.255703E-26	8.192002E-28	4.211298E-25	0.000000E+00	0.000000E+00	0.000000E+00	0.000000E+00	
2.227093E-26	8.043402E-28	4.189081E-25	0.000000E+00	0.000000E+00	0.000000E+00	0.000000E+00	
2.198815E-26	7.897335E-28	4.166964E-25	0.000000E+00	0.000000E+00	0.000000E+00	0.000000E+00	
2.170864E-26	7.753761E-28	4.144947E-25	0.000000E+00	0.000000E+00	0.000000E+00	0.000000E+00	
2.143238E-26	7.612640E-28	4.123029E-25	0.000000E+00	0.000000E+00	0.000000E+00	0.000000E+00	
2.115933E-26	7.473933E-28	4.101211E-25	0.000000E+00	0.000000E+00	0.000000E+00	0.000000E+00	
2.088946E-26	7.337602E-28	4.079491E-25	0.000000E+00	0.000000E+00	0.000000E+00	0.000000E+00	
2.062273E-26	7.203609E-28	4.057870E-25	0.000000E+00	0.000000E+00	0.000000E+00	0.000000E+00	
2.035911E-26	7.071916E-28	4.036347E-25	0.000000E+00	0.000000E+00	0.000000E+00	0.000000E+00	
2.009857E-26	6.942487E-28	4.014922E-25	0.000000E+00	0.000000E+00	0.000000E+00	0.000000E+00	
1.984109E-26	6.815285E-28	3.993595E-25	0.000000E+00	0.000000E+00	0.000000E+00	0.000000E+00	
1.958661E-26	6.690276E-28	3.972365E-25	0.000000E+00	0.000000E+00	0.000000E+00	0.000000E+00	
1.933512E-26	6.567422E-28	3.951232E-25	0.000000E+00	0.000000E+00	0.000000E+00	0.000000E+00	
1.908658E-26	6.446690E-28	3.930195E-25	0.000000E+00	0.000000E+00	0.000000E+00	0.000000E+00	
1.884097E-26	6.328048E-28	3.909256E-25	0.000000E+00	0.000000E+00	0.000000E+00	0.000000E+00	
1.859824E-26	6.211458E-28	3.888411E-25	0.000000E+00	0.000000E+00	0.000000E+00	0.000000E+00	
1.835838E-26	6.096890E-28	3.867663E-25	0.000000E+00	0.000000E+00	0.000000E+00	0.000000E+00	
1.812134E-26	5.984310E-28	3.847010E-25	0.000000E+00	0.000000E+00	0.000000E+00	0.000000E+00	
1.788711E-26	5.873686E-28	3.826452E-25	0.000000E+00	0.000000E+00	0.000000E+00	0.000000E+00	
1.765564E-26	5.764987E-28	3.805989E-25	0.000000E+00	0.000000E+00	0.000000E+00	0.000000E+00	
1.742692E-26	5.658181E-28	3.785620E-25	0.000000E+00	0.000000E+00	0.000000E+00	0.000000E+00	
1.720091E-26	5.553238E-28	3.765346E-25	0.000000E+00	0.000000E+00	0.000000E+00	0.000000E+00	
1.697758E-26	5.450127E-28	3.745165E-25	0.000000E+00	0.000000E+00	0.000000E+00	0.000000E+00	
1.675691E-26	5.348817E-28	3.725078E-25	0.000000E+00	0.000000E+00	0.000000E+00	0.000000E+00	
1.653886E-26	5.249283E-28	3.705085E-25	0.000000E+00	0.000000E+00	0.000000E+00	0.000000E+00	
1.632341E-26	5.151491E-28	3.685184E-25	0.000000E+00	0.000000E+00	0.000000E+00	0.000000E+00	
1.611054E-26	5.055415E-28	3.665376E-25	0.000000E+00	0.000000E+00	0.000000E+00	0.000000E+00	
1.590020E-26	4.961026E-28	3.645659E-25	0.000000E+00	0.000000E+00	0.000000E+00	0.000000E+00	
1.569238E-26	4.868297E-28	3.626036E-25	0.000000E+00	0.000000E+00	0.000000E+00	0.000000E+00	
1.548705E-26	4.777201E-28	3.606503E-25	0.000000E+00	0.000000E+00	0.000000E+00	0.000000E+00	
1.528418E-26	4.687711E-28	3.587062E-25	0.000000E+00	0.000000E+00	0.000000E+00	0.000000E+00	
1.508375E-26	4.599801E-28	3.567713E-25	0.000000E+00	0.000000E+00	0.000000E+00	0.000000E+00	
1.488573E-26	4.513442E-28	3.548454E-25	0.000000E+00	0.000000E+00	0.000000E+00	0.000000E+00	
1.469009E-26	4.428612E-28	3.529285E-25	0.000000E+00	0.000000E+00	0.000000E+00	0.000000E+00	
1.449681E-26	4.345285E-28	3.510207E-25	0.000000E+00	0.000000E+00	0.000000E+00	0.000000E+00	
1.430585E-26	4.263435E-28	3.491218E-25	0.000000E+00	0.000000E+00	0.000000E+00	0.000000E+00	
1.411721E-26	4.183038E-28	3.472320E-25	0.000000E+00	0.000000E+00	0.000000E+00	0.000000E+00	
1.393085E-26	4.104070E-28	3.453510E-25	0.000000E+00	0.000000E+00	0.000000E+00	0.000000E+00	
1.374674E-26	4.026508E-28	3.434789E-25	0.000000E+00	0.000000E+00	0.000000E+00	0.000000E+00	
1.356487E-26	3.950328E-28	3.416157E-25	0.000000E+00	0.000000E+00	0.000000E+00	0.000000E+00	
1.338520E-26	3.875506E-28	3.397614E-25	0.000000E+00	0.000000E+00	0.000000E+00	0.000000E+00	
1.320772E-26	3.802021E-28	3.379158E-25	0.000000E+00	0.000000E+00	0.000000E+00	0.000000E+00	
1.303240E-26	3.729849E-28	3.360790E-25	0.000000E+00	0.000000E+00	0.000000E+00	0.000000E+00	
1.285921E-26	3.658970E-28	3.342510E-25	0.000000E+00	0.000000E+00	0.000000E+00	0.000000E+00	
1.268814E-26	3.589362E-28	3.324317E-25	0.000000E+00	0.000000E+00	0.000000E+00	0.000000E+00	
1.251916E-26	3.521001E-28	3.306211E-25	0.000000E+00	0.000000E+00	0.000000E+00	0.000000E+00	
1.235224E-26	3.453870E-28	3.288191E-25	0.000000E+00	0.000000E+00	0.000000E+00	0.000000E+00	
1.218737E-26	3.387946E-28	3.270257E-25	0.000000E+00	0.000000E+00	0.000000E+00	0.000000E+00	
1.202452E-26	3.323209E-28	3.252410E-25	0.000000E+00	0.000000E+00	0.000000E+00	0.000000E+00	
1.186367E-26	3.259639E-28	3.234648E-25	0.000000E+00	0.000000E+00	0.000000E+00	0.000000E+00	
1.170479E-26	3.197217E-28	3.216972E-25	0.000000E+00	0.000000E+00	0.000000E+00	0.000000E+00	
1.154787E-26	3.135924E-28	3.199380E-25	0.000000E+00	0.000000E+00	0.000000E+00	0.000000E+00	
1.139288E-26	3.075738E-28	3.181874E-25	0.000000E+00	0.000000E+00	0.000000E+00	0.000000E+00	
1.123981E-26	3.016643E-28	3.164452E-25	0.000000E+00	0.000000E+00	0.000000E+00	0.000000E+00	
1.108862E-26	2.958621E-28	3.147114E-25	0.000000E+00	0.000000E+00	0.000000E+00	0.000000E+00	
1.093931E-26	2.901652E-28	3.129860E-25	0.000000E+00	0.000000E+00	0.000000E+00	0.000000E+00	
1.079184E-26	2.845719E-28	3.112689E-25	0.000000E+00	0.000000E+00	0.000000E+00	0.000000E+00	
1.064620E-26	2.790803E-28	3.095602E-25	0.000000E+00	0.000000E+00	0.000000E+00	0.000000E+00	
1.050237E-26	2.736888E-28	3.078598E-25	0.000000E+00	0.000000E+00	0.000000E+00	0.000000E+00	
1.036033E-26	2.683957E-28	3.061677E-25	0.000000E+00	0.000000E+00	0.000000E+00	0.000000E+00	
1.022005E-26	2.631993E-28	3.044838E-25	0.000000E+00	0.000000E+00	0.000000E+00	0.000000E+00	
1.008152E-26	2.580980E-28	3.028081E-25	0.000000E+00	0.000000E+00	0.000000E+00	0.000000E+00	
9.944722E-27	2.530900E-28	3.011406E-25	0.000000E+00	0.000000E+00	0.000000E+00	0.000000E+00	
9.809628E-27	2.481738E-28	2.994813E-25	0.000000E+00	0.000000E+00	0.000000E+00	0.000000E+00	
9.676226E-27	3.414018E-15	3.170307E-15	1.384155E-15	4.301399E-16	1.103596E-16	2.506532E-17	
5.233971E-18	1.027888E-18	1.926618E-19	3.481368E-20	6.108706E-21	1.046672E-21	1.760886E-22	
2.944144E-23	5.164994E-24	1.200028E-24	5.514691E-25	4.341012E-25	3.983044E-25	3.730573E-25	
3.479196E-25	3.219613E-25	2.956405E-25	2.695235E-25	2.440898E-25	2.197101E-25	1.966537E-25	
1.751015E-25	1.551598E-25	1.368739E-25	1.202404E-25	1.052187E-25	9.174070E-26	7.971896E-26	
6.905376E-26	5.963858E-26	5.136448E-26	4.412343E-26	3.781085E-26	3.232728E-26	3.414018E-15	
3.170307E-15	1.384155E-15	4.301399E-16	1.103596E-16	2.506532E-17	5.233971E-18	1.027888E-18	
1.926618E-19	3.481368E-20	6.108704E-21	1.046670E-21	1.760868E-22	2.943949E-23	5.162908E-24	
1.197834E-24	5.492029E-25	4.317961E-25	3.959925E-25	3.707681E-25	3.456792E-25	3.197919E-25	
2.935603E-25	2.675465E-25	2.422264E-25	2.179671E-25	1.950348E-25	1.736077E-25	1.537898E-25	
1.356244E-25	1.191069E-25	1.041955E-25	9.082122E-26	7.889626E-26	6.832062E-26	5.898772E-26	
5.078872E-26	4.361580E-26	3.736468E-26	3.193629E-26	3.414018E-15	3.170307E-15	1.384155E-15	
4.301399E-16	1.103596E-16	2.506532E-17	5.233971E-18	1.027888E-18	1.926618E-19	3.481368E-20	
6.108703E-21	1.046669E-21	1.760850E-22	2.943755E-23	5.160829E-24	1.195649E-24	5.469462E-25	
4.295013E-25	3.936917E-25	3.684906E-25	3.434509E-25	3.176348E-25	2.914924E-25	2.655819E-25	
2.403752E-25	2.162361E-25	1.934275E-25	1.721250E-25	1.524303E-25	1.343850E-25	1.179829E-25	
1.031811E-25	8.990994E-26	7.808115E-26	6.759446E-26	5.834325E-26	5.021877E-26	4.311344E-26	
3.692329E-26	3.154961E-26	3.414018E-15	3.170307E-15	1.384155E-15	4.301399E-16	1.103596E-16	
2.506532E-17	5.233971E-18	1.027888E-18	1.926618E-19	3.481368E-20	6.108701E-21	1.046667E-21	
1.760833E-22	2.943562E-23	5.158758E-24	1.193473E-24	5.446989E-25	4.272168E-25	3.914018E-25	
3.662246E-25	3.412345E-25	3.154899E-25	2.894368E-25	2.636295E-25	2.385362E-25	2.145169E-25	
1.918316E-25	1.706533E-25	1.510814E-25	1.331555E-25	1.168682E-25	1.021754E-25	8.900679E-26	
7.727355E-26	6.687521E-26	5.770510E-26	4.965459E-26	4.261631E-26	3.648662E-26	3.116718E-26	
3.414018E-15	3.170307E-15	1.384155E-15	4.301399E-16	1.103596E-16	2.506532E-17	5.233971E-18	
1.027888E-18	1.926618E-19	3.481367E-20	6.108700E-21	1.046666E-21	1.760815E-22	2.943369E-23	
5.156694E-24	1.191305E-24	5.424612E-25	4.249426E-25	3.891229E-25	3.639701E-25	3.390300E-25	
3.133571E-25	2.873934E-25	2.616894E-25	2.367091E-25	2.128094E-25	1.902472E-25	1.691926E-25	
1.497429E-25	1.319360E-25	1.157628E-25	1.011784E-25	8.811171E-26	7.647341E-26	6.616282E-26	
5.707323E-26	4.909612E-26	4.212436E-26	3.605463E-26	3.078896E-26	3.414018E-15	3.170307E-15	
