3.414018E-15	3.170307E-15	1.384155E-15	4.301399E-16	1.103596E-16	2.506532E-17	5.233971E-18	1.027888E-18	1.926618E-19	3.481368E-20	6.108706E-21	1.046672E-21	1.760886E-22	2.944144E-23	5.164994E-24	1.200028E-24	5.514691E-25	4.341012E-25	3.983044E-25	3.730573E-25	3.479196E-25	3.219613E-25	2.956405E-25	2.695235E-25	2.440898E-25	2.197101E-25	1.966537E-25	1.751015E-25	1.551598E-25	1.368739E-25	1.202404E-25	1.052187E-25	9.174070E-26	7.971896E-26	6.905376E-26	5.963858E-26	5.136448E-26	4.412343E-26	3.781085E-26	3.232728E-26	
3.414018E-15	3.170307E-15	1.384155E-15	4.301399E-16	1.103596E-16	2.506532E-17	5.233971E-18	1.027888E-18	1.926618E-19	3.481368E-20	6.108704E-21	1.046670E-21	1.760868E-22	2.943949E-23	5.162908E-24	1.197834E-24	5.492029E-25	4.317961E-25	3.959925E-25	3.707681E-25	3.456792E-25	3.197919E-25	2.935603E-25	2.675465E-25	2.422264E-25	2.179671E-25	1.950348E-25	1.736077E-25	1.537898E-25	1.356244E-25	1.191069E-25	1.041955E-25	9.082122E-26	7.889626E-26	6.832062E-26	5.898772E-26	5.078872E-26	4.361580E-26	3.736468E-26	3.193629E-26	
3.414018E-15	3.170307E-15	1.384155E-15	4.301399E-16	1.103596E-16	2.506532E-17	5.233971E-18	1.027888E-18	1.926618E-19	3.481368E-20	6.108703E-21	1.046669E-21	1.760850E-22	2.943755E-23	5.160829E-24	1.195649E-24	5.469462E-25	4.295013E-25	3.936917E-25	3.684906E-25	3.434509E-25	3.176348E-25	2.914924E-25	2.655819E-25	2.403752E-25	2.162361E-25	1.934275E-25	1.721250E-25	1.524303E-25	1.343850E-25	1.179829E-25	1.031811E-25	8.990994E-26	7.808115E-26	6.759446E-26	5.834325E-26	5.021877E-26	4.311344E-26	3.692329E-26	3.154961E-26	
3.414018E-15	3.170307E-15	1.384155E-15	4.301399E-16	1.103596E-16	2.506532E-17	5.233971E-18	1.027888E-18	1.926618E-19	3.481368E-20	6.108701E-21	1.046667E-21	1.760833E-22	2.943562E-23	5.158758E-24	1.193473E-24	5.446989E-25	4.272168E-25	3.914018E-25	3.662246E-25	3.412345E-25	3.154899E-25	2.894368E-25	2.636295E-25	2.385362E-25	2.145169E-25	1.918316E-25	1.706533E-25	1.510814E-25	1.331555E-25	1.168682E-25	1.021754E-25	8.900679E-26	7.727355E-26	6.687521E-26	5.770510E-26	4.965459E-26	4.261631E-26	3.648662E-26	3.116718E-26	
3.414018E-15	3.170307E-15	1.384155E-15	4.301399E-16	1.103596E-16	2.506532E-17	5.233971E-18	1.027888E-18	1.926618E-19	3.481367E-20	6.108700E-21	1.046666E-21	1.760815E-22	2.943369E-23	5.156694E-24	1.191305E-24	5.424612E-25	4.249426E-25	3.891229E-25	3.639701E-25	3.390300E-25	3.133571E-25	2.873934E-25	2.616894E-25	2.367091E-25	2.128094E-25	1.902472E-25	1.691926E-25	1.497429E-25	1.319360E-25	1.157628E-25	1.011784E-25	8.811171E-26	7.647341E-26	6.616282E-26	5.707323E-26	4.909612E-26	4.212436E-26	3.605463E-26	3.078896E-26	
3.414018E-15	3.170307E-15	1.384155E-15	4.301399E-16	1.103596E-16	2.506532E-17	5.233971E-18	1.027888E-18	1.926618E-19	3.481367E-20	6.108699E-21	1.046664E-21	1.760797E-22	2.943177E-23	5.154638E-24	1.189146E-24	5.402328E-25	4.226786E-25	3.868550E-25	3.617271E-25	3.368373E-25	3.112364E-25	2.853623E-25	2.597613E-25	2.348940E-25	2.111137E-25	1.886741E-25	1.677428E-25	1.484148E-25	1.307262E-25	1.146666E-25	1.001900E-25	8.722464E-26	7.568067E-26	6.545723E-26	5.644758E-26	4.854331E-26	4.163755E-26	3.562728E-26	3.041491E-26	
3.414018E-15	3.170307E-15	1.384155E-15	4.301399E-16	1.103596E-16	2.506532E-17	5.233971E-18	1.027888E-18	1.926618E-19	3.481367E-20	6.108697E-21	1.046662E-21	1.760780E-22	2.942986E-23	5.152589E-24	1.186995E-24	5.380139E-25	4.204248E-25	3.845979E-25	3.594954E-25	3.346564E-25	3.091277E-25	2.833432E-25	2.578454E-25	2.330909E-25	2.094296E-25	1.871122E-25	1.663037E-25	1.470970E-25	1.295262E-25	1.135796E-25	9.921025E-26	8.634553E-26	7.489527E-26	6.475838E-26	5.582809E-26	4.799612E-26	4.115583E-26	3.520452E-26	3.004499E-26	
3.414018E-15	3.170307E-15	1.384155E-15	4.301399E-16	1.103596E-16	2.506532E-17	5.233971E-18	1.027888E-18	1.926618E-19	3.481367E-20	6.108696E-21	1.046661E-21	1.760762E-22	2.942795E-23	5.150548E-24	1.184853E-24	5.358044E-25	4.181812E-25	3.823516E-25	3.572751E-25	3.324873E-25	3.070311E-25	2.813363E-25	2.559415E-25	2.312996E-25	2.077570E-25	1.855616E-25	1.648755E-25	1.457894E-25	1.283359E-25	1.125017E-25	9.823895E-26	8.547429E-26	7.411715E-26	6.406622E-26	5.521472E-26	4.745449E-26	4.067915E-26	3.478631E-26	2.967917E-26	
3.414018E-15	3.170307E-15	1.384155E-15	4.301399E-16	1.103596E-16	2.506532E-17	5.233971E-18	1.027888E-18	1.926618E-19	3.481367E-20	6.108695E-21	1.046659E-21	1.760745E-22	2.942605E-23	5.148514E-24	1.182720E-24	5.336043E-25	4.159477E-25	3.801161E-25	3.550662E-25	3.303299E-25	3.049463E-25	2.793413E-25	2.540495E-25	2.295201E-25	2.060960E-25	1.840221E-25	1.634579E-25	1.444920E-25	1.271552E-25	1.114328E-25	9.727608E-26	8.461089E-26	7.334626E-26	6.338070E-26	5.460740E-26	4.691837E-26	4.020746E-26	3.437260E-26	2.931739E-26	
3.414018E-15	3.170307E-15	1.384155E-15	4.301399E-16	1.103596E-16	2.506532E-17	5.233971E-18	1.027888E-18	1.926618E-19	3.481367E-20	6.108693E-21	1.046658E-21	1.760728E-22	2.942416E-23	5.146488E-24	1.180594E-24	5.314134E-25	4.137244E-25	3.778914E-25	3.528685E-25	3.281841E-25	3.028734E-25	2.773583E-25	2.521695E-25	2.277523E-25	2.044465E-25	1.824937E-25	1.620510E-25	1.432047E-25	1.259840E-25	1.103730E-25	9.632159E-26	8.375525E-26	7.258253E-26	6.270175E-26	5.400610E-26	4.638772E-26	3.974072E-26	3.396336E-26	2.895962E-26	
3.414018E-15	3.170307E-15	1.384155E-15	4.301399E-16	1.103596E-16	2.506532E-17	5.233971E-18	1.027888E-18	1.926618E-19	3.481367E-20	6.108692E-21	1.046656E-21	1.760710E-22	2.942227E-23	5.144470E-24	1.178478E-24	5.292319E-25	4.115111E-25	3.756775E-25	3.506821E-25	3.260499E-25	3.008123E-25	2.753872E-25	2.503013E-25	2.259962E-25	2.028083E-25	1.809762E-25	1.606546E-25	1.419275E-25	1.248224E-25	1.093220E-25	9.537540E-26	8.290732E-26	7.182591E-26	6.202932E-26	5.341075E-26	4.586249E-26	3.927888E-26	3.355854E-26	2.860583E-26	
3.414018E-15	3.170307E-15	1.384155E-15	4.301399E-16	1.103596E-16	2.506532E-17	5.233971E-18	1.027888E-18	1.926618E-19	3.481367E-20	6.108691E-21	1.046655E-21	1.760693E-22	2.942039E-23	5.142458E-24	1.176369E-24	5.270597E-25	4.093079E-25	3.734742E-25	3.485068E-25	3.239273E-25	2.987631E-25	2.734280E-25	2.484448E-25	2.242517E-25	2.011814E-25	1.794698E-25	1.592687E-25	1.406602E-25	1.236701E-25	1.082798E-25	9.443747E-26	8.206703E-26	7.107634E-26	6.136336E-26	5.282131E-26	4.534262E-26	3.882190E-26	3.315810E-26	2.825597E-26	
3.414018E-15	3.170307E-15	1.384155E-15	4.301399E-16	1.103596E-16	2.506532E-17	5.233971E-18	1.027888E-18	1.926618E-19	3.481367E-20	6.108689E-21	1.046653E-21	1.760676E-22	2.941851E-23	5.140455E-24	1.174269E-24	5.248967E-25	4.071147E-25	3.712816E-25	3.463428E-25	3.218162E-25	2.967255E-25	2.714805E-25	2.466001E-25	2.225187E-25	1.995658E-25	1.779742E-25	1.578932E-25	1.394029E-25	1.225273E-25	1.072465E-25	9.350772E-26	8.123433E-26	7.033376E-26	6.070381E-26	5.223772E-26	4.482807E-26	3.836973E-26	3.276200E-26	2.791000E-26	
3.414018E-15	3.170307E-15	1.384155E-15	4.301399E-16	1.103596E-16	2.506532E-17	5.233971E-18	1.027888E-18	1.926618E-19	3.481366E-20	6.108688E-21	1.046652E-21	1.760659E-22	2.941664E-23	5.138458E-24	1.172177E-24	5.227429E-25	4.049314E-25	3.690996E-25	3.441898E-25	3.197165E-25	2.946996E-25	2.695448E-25	2.447671E-25	2.207973E-25	1.979614E-25	1.764894E-25	1.565280E-25	1.381554E-25	1.213937E-25	1.062219E-25	9.258609E-26	8.040916E-26	6.959812E-26	6.005063E-26	5.165993E-26	4.431879E-26	3.792233E-26	3.237019E-26	2.756788E-26	
3.414018E-15	3.170307E-15	1.384155E-15	4.301399E-16	1.103596E-16	2.506532E-17	5.233971E-18	1.027888E-18	1.926618E-19	3.481366E-20	6.108687E-21	1.046650E-21	1.760642E-22	2.941478E-23	5.136470E-24	1.170094E-24	5.205983E-25	4.027581E-25	3.669281E-25	3.420479E-25	3.176283E-25	2.926853E-25	2.676208E-25	2.429457E-25	2.190872E-25	1.963681E-25	1.750153E-25	1.551732E-25	1.369177E-25	1.202694E-25	1.052059E-25	9.167253E-26	7.959146E-26	6.886937E-26	5.940375E-26	5.108790E-26	4.381473E-26	3.747965E-26	3.198263E-26	2.722958E-26	
3.414018E-15	3.170307E-15	1.384155E-15	4.301399E-16	1.103596E-16	2.506532E-17	5.233971E-18	1.027888E-18	1.926618E-19	3.481366E-20	6.108685E-21	1.046649E-21	1.760625E-22	2.941293E-23	5.134488E-24	1.168019E-24	5.184630E-25	4.005948E-25	3.647672E-25	3.399170E-25	3.155515E-25	2.906826E-25	2.657083E-25	2.411359E-25	2.173885E-25	1.947859E-25	1.735520E-25	1.538286E-25	1.356897E-25	1.191542E-25	1.041985E-25	9.076698E-26	7.878118E-26	6.814744E-26	5.876313E-26	5.052157E-26	4.331585E-26	3.704165E-26	3.159929E-26	2.689506E-26	
3.414018E-15	3.170307E-15	1.384155E-15	4.301399E-16	1.103596E-16	2.506532E-17	5.233971E-18	1.027888E-18	1.926618E-19	3.481366E-20	6.108684E-21	1.046647E-21	1.760608E-22	2.941108E-23	5.132514E-24	1.165952E-24	5.163367E-25	3.984413E-25	3.626168E-25	3.377971E-25	3.134859E-25	2.886914E-25	2.638075E-25	2.393375E-25	2.157011E-25	1.932147E-25	1.720992E-25	1.524942E-25	1.344714E-25	1.180481E-25	1.031997E-25	8.986937E-26	7.797824E-26	6.743227E-26	5.812870E-26	4.996089E-26	4.282210E-26	3.660829E-26	3.122011E-26	2.656428E-26	
3.414018E-15	3.170307E-15	1.384155E-15	4.301399E-16	1.103596E-16	2.506532E-17	5.233971E-18	1.027888E-18	1.926618E-19	3.481366E-20	6.108683E-21	1.046646E-21	1.760591E-22	2.940923E-23	5.130547E-24	1.163894E-24	5.142195E-25	3.962976E-25	3.604769E-25	3.356881E-25	3.114316E-25	2.867117E-25	2.619182E-25	2.375506E-25	2.140250E-25	1.916544E-25	1.706570E-25	1.511699E-25	1.332626E-25	1.169511E-25	1.022093E-25	8.897965E-26	7.718261E-26	6.672383E-26	5.750043E-26	4.940582E-26	4.233344E-26	3.617951E-26	3.084507E-26	2.623721E-26	
3.414018E-15	3.170307E-15	1.384155E-15	4.301399E-16	1.103596E-16	2.506532E-17	5.233971E-18	1.027888E-18	1.926618E-19	3.481366E-20	6.108681E-21	1.046644E-21	1.760574E-22	2.940740E-23	5.128588E-24	1.161844E-24	5.121115E-25	3.941638E-25	3.583474E-25	3.335901E-25	3.093886E-25	2.847433E-25	2.600403E-25	2.357750E-25	2.123600E-25	1.901050E-25	1.692254E-25	1.498556E-25	1.320634E-25	1.158631E-25	1.012273E-25	8.809775E-26	7.639421E-26	6.602204E-26	5.687825E-26	4.885630E-26	4.184981E-26	3.575529E-26	3.047412E-26	2.591380E-26	
3.414018E-15	3.170307E-15	1.384155E-15	4.301399E-16	1.103596E-16	2.506532E-17	5.233971E-18	1.027888E-18	1.926618E-19	3.481366E-20	6.108680E-21	1.046643E-21	1.760557E-22	2.940557E-23	5.126636E-24	1.159802E-24	5.100125E-25	3.920398E-25	3.562283E-25	3.315029E-25	3.073568E-25	2.827864E-25	2.581738E-25	2.340108E-25	2.107062E-25	1.885665E-25	1.678041E-25	1.485513E-25	1.308737E-25	1.147840E-25	1.002537E-25	8.722363E-26	7.561300E-26	6.532687E-26	5.626212E-26	4.831229E-26	4.137117E-26	3.533558E-26	3.010723E-26	2.559402E-26	
3.414018E-15	3.170307E-15	1.384155E-15	4.301399E-16	1.103596E-16	2.506532E-17	5.233971E-18	1.027888E-18	1.926618E-19	3.481366E-20	6.108679E-21	1.046641E-21	1.760541E-22	2.940374E-23	5.124691E-24	1.157768E-24	5.079226E-25	3.899256E-25	3.541196E-25	3.294265E-25	3.053360E-25	2.808407E-25	2.563187E-25	2.322578E-25	2.090634E-25	1.870387E-25	1.663932E-25	1.472569E-25	1.296934E-25	1.137138E-25	9.928838E-26	8.635720E-26	7.483891E-26	6.463824E-26	5.565198E-26	4.777373E-26	4.089748E-26	3.492033E-26	2.974435E-26	2.527783E-26	
3.414018E-15	3.170307E-15	1.384155E-15	4.301399E-16	1.103596E-16	2.506532E-17	5.233971E-18	1.027888E-18	1.926618E-19	3.481366E-20	6.108678E-21	1.046640E-21	1.760524E-22	2.940193E-23	5.122753E-24	1.155742E-24	5.058416E-25	3.878210E-25	3.520211E-25	3.273609E-25	3.033264E-25	2.789064E-25	2.544749E-25	2.305161E-25	2.074316E-25	1.855215E-25	1.649927E-25	1.459723E-25	1.285224E-25	1.126523E-25	9.833128E-26	8.549842E-26	7.407189E-26	6.395611E-26	5.504779E-26	4.724058E-26	4.042869E-26	3.450950E-26	2.938543E-26	2.496521E-26	
3.414018E-15	3.170307E-15	1.384155E-15	4.301399E-16	1.103596E-16	2.506532E-17	5.233971E-18	1.027888E-18	1.926618E-19	3.481365E-20	6.108676E-21	1.046638E-21	1.760507E-22	2.940012E-23	5.120823E-24	1.153725E-24	5.037697E-25	3.857262E-25	3.499330E-25	3.253061E-25	3.013279E-25	2.769832E-25	2.526423E-25	2.287855E-25	2.058108E-25	1.840151E-25	1.636023E-25	1.446976E-25	1.273607E-25	1.115996E-25	9.738236E-26	8.464726E-26	7.331190E-26	6.328044E-26	5.444950E-26	4.671280E-26	3.996476E-26	3.410305E-26	2.903047E-26	2.465611E-26	
3.414018E-15	3.170307E-15	1.384155E-15	4.301399E-16	1.103596E-16	2.506532E-17	5.233971E-18	1.027888E-18	1.926618E-19	3.481365E-20	6.108675E-21	1.046637E-21	1.760491E-22	2.939831E-23	5.118900E-24	1.151716E-24	5.017066E-25	3.836410E-25	3.478551E-25	3.232619E-25	2.993403E-25	2.750712E-25	2.508210E-25	2.270660E-25	2.042008E-25	1.825192E-25	1.622222E-25	1.434326E-25	1.262082E-25	1.105556E-25	9.644155E-26	8.380361E-26	7.255886E-26	6.261115E-26	5.385704E-26	4.619033E-26	3.950564E-26	3.370094E-26	2.867939E-26	2.435049E-26	
3.414018E-15	3.170307E-15	1.384155E-15	4.301399E-16	1.103596E-16	2.506532E-17	5.233971E-18	1.027888E-18	1.926618E-19	3.481365E-20	6.108674E-21	1.046635E-21	1.760474E-22	2.939651E-23	5.116984E-24	1.149715E-24	4.996526E-25	3.815655E-25	3.457874E-25	3.212284E-25	2.973636E-25	2.731703E-25	2.490107E-25	2.253575E-25	2.026017E-25	1.810338E-25	1.608522E-25	1.421772E-25	1.250649E-25	1.095202E-25	9.550879E-26	8.296745E-26	7.181273E-26	6.194821E-26	5.327038E-26	4.567314E-26	3.905130E-26	3.330314E-26	2.833217E-26	2.404832E-26	
3.414018E-15	3.170307E-15	1.384155E-15	4.301399E-16	1.103596E-16	2.506532E-17	5.233971E-18	1.027888E-18	1.926618E-19	3.481365E-20	6.108672E-21	1.046634E-21	1.760458E-22	2.939472E-23	5.115076E-24	1.147722E-24	4.976074E-25	3.794995E-25	3.437299E-25	3.192055E-25	2.953979E-25	2.712805E-25	2.472116E-25	2.236600E-25	2.010134E-25	1.795589E-25	1.594922E-25	1.409314E-25	1.239307E-25	1.084933E-25	9.458402E-26	8.213870E-26	7.107344E-26	6.129156E-26	5.268946E-26	4.516116E-26	3.860167E-26	3.290958E-26	2.798878E-26	2.374957E-26	
3.414018E-15	3.170307E-15	1.384155E-15	4.301399E-16	1.103596E-16	2.506532E-17	5.233971E-18	1.027888E-18	1.926618E-19	3.481365E-20	6.108671E-21	1.046632E-21	1.760441E-22	2.939293E-23	5.113174E-24	1.145737E-24	4.955711E-25	3.774431E-25	3.416825E-25	3.171931E-25	2.934431E-25	2.694017E-25	2.454235E-25	2.219734E-25	1.994357E-25	1.780943E-25	1.581423E-25	1.396952E-25	1.228055E-25	1.074750E-25	9.366719E-26	8.131733E-26	7.034095E-26	6.064114E-26	5.211424E-26	4.465435E-26	3.815673E-26	3.252025E-26	2.764917E-26	2.345421E-26	
3.414018E-15	3.170307E-15	1.384155E-15	4.301399E-16	1.103596E-16	2.506532E-17	5.233971E-18	1.027888E-18	1.926618E-19	3.481365E-20	6.108670E-21	1.046631E-21	1.760425E-22	2.939115E-23	5.111280E-24	1.143760E-24	4.935436E-25	3.753963E-25	3.396453E-25	3.151913E-25	2.914990E-25	2.675338E-25	2.436463E-25	2.202978E-25	1.978687E-25	1.766401E-25	1.568023E-25	1.384685E-25	1.216893E-25	1.064650E-25	9.275824E-26	8.050327E-26	6.961521E-26	5.999691E-26	5.154467E-26	4.415268E-26	3.771643E-26	3.213510E-26	2.731331E-26	2.316220E-26	
3.414018E-15	3.170307E-15	1.384155E-15	4.301399E-16	1.103596E-16	2.506532E-17	5.233971E-18	1.027888E-18	1.926618E-19	3.481365E-20	6.108669E-21	1.046629E-21	1.760409E-22	2.938938E-23	5.109393E-24	1.141791E-24	4.915250E-25	3.733589E-25	3.376180E-25	3.132000E-25	2.895657E-25	2.656769E-25	2.418801E-25	2.186329E-25	1.963123E-25	1.751962E-25	1.554721E-25	1.372512E-25	1.205820E-25	1.054635E-25	9.185710E-26	7.969645E-26	6.889615E-26	5.935881E-26	5.098069E-26	4.365609E-26	3.728072E-26	3.175408E-26	2.698116E-26	2.287349E-26	
3.414018E-15	3.170307E-15	1.384155E-15	4.301399E-16	1.103596E-16	2.506532E-17	5.233971E-18	1.027888E-18	1.926618E-19	3.481365E-20	6.108667E-21	1.046628E-21	1.760393E-22	2.938761E-23	5.107513E-24	1.139830E-24	4.895152E-25	3.713311E-25	3.356009E-25	3.112191E-25	2.876432E-25	2.638308E-25	2.401248E-25	2.169788E-25	1.947665E-25	1.737625E-25	1.541518E-25	1.360433E-25	1.194835E-25	1.044703E-25	9.096374E-26	7.889684E-26	6.818374E-26	5.872681E-26	5.042227E-26	4.316455E-26	3.684958E-26	3.137716E-26	2.665268E-26	2.258808E-26	
3.414018E-15	3.170307E-15	1.384155E-15	4.301399E-16	1.103596E-16	2.506532E-17	5.233971E-18	1.027888E-18	1.926618E-19	3.481365E-20	6.108666E-21	1.046626E-21	1.760376E-22	2.938585E-23	5.105641E-24	1.137877E-24	4.875141E-25	3.693127E-25	3.335937E-25	3.092487E-25	2.857313E-25	2.619956E-25	2.383802E-25	2.153353E-25	1.932311E-25	1.723390E-25	1.528413E-25	1.348446E-25	1.183939E-25	1.034853E-25	9.007807E-26	7.810436E-26	6.747790E-26	5.810083E-26	4.986934E-26	4.267799E-26	3.642293E-26	3.100430E-26	2.632784E-26	2.230591E-26	
3.414018E-15	3.170307E-15	1.384155E-15	4.301399E-16	1.103596E-16	2.506532E-17	5.233971E-18	1.027888E-18	1.926618E-19	3.481364E-20	6.108665E-21	1.046625E-21	1.760360E-22	2.938410E-23	5.103775E-24	1.135932E-24	4.855218E-25	3.673036E-25	3.315964E-25	3.072885E-25	2.838301E-25	2.601711E-25	2.366465E-25	2.137026E-25	1.917061E-25	1.709255E-25	1.515404E-25	1.336552E-25	1.173130E-25	1.025085E-25	8.920005E-26	7.731897E-26	6.677859E-26	5.748083E-26	4.932187E-26	4.219638E-26	3.600076E-26	3.063546E-26	2.600661E-26	2.202695E-26	
3.414018E-15	3.170307E-15	1.384155E-15	4.301399E-16	1.103596E-16	2.506532E-17	5.233971E-18	1.027888E-18	1.926618E-19	3.481364E-20	6.108663E-21	1.046624E-21	1.760344E-22	2.938235E-23	5.101916E-24	1.133995E-24	4.835382E-25	3.653040E-25	3.296091E-25	3.053388E-25	2.819395E-25	2.583573E-25	2.349235E-25	2.120804E-25	1.901915E-25	1.695221E-25	1.502493E-25	1.324750E-25	1.162408E-25	1.015399E-25	8.832963E-26	7.654063E-26	6.608577E-26	5.686678E-26	4.877982E-26	4.171969E-26	3.558303E-26	3.027062E-26	2.568894E-26	2.175118E-26	
3.414018E-15	3.170307E-15	1.384155E-15	4.301399E-16	1.103596E-16	2.506532E-17	5.233971E-18	1.027888E-18	1.926618E-19	3.481364E-20	6.108662E-21	1.046622E-21	1.760328E-22	2.938061E-23	5.100065E-24	1.132066E-24	4.815633E-25	3.633137E-25	3.276317E-25	3.033993E-25	2.800594E-25	2.565542E-25	2.332111E-25	2.104688E-25	1.886872E-25	1.681287E-25	1.489676E-25	1.313039E-25	1.151772E-25	1.005794E-25	8.746674E-26	7.576926E-26	6.539936E-26	5.625860E-26	4.824312E-26	4.124785E-26	3.516968E-26	2.990970E-26	2.537480E-26	2.147856E-26	
3.414018E-15	3.170307E-15	1.384155E-15	4.301399E-16	1.103596E-16	2.506532E-17	5.233971E-18	1.027888E-18	1.926618E-19	3.481364E-20	6.108661E-21	1.046621E-21	1.760312E-22	2.937887E-23	5.098220E-24	1.130145E-24	4.795970E-25	3.613328E-25	3.256641E-25	3.014700E-25	2.781898E-25	2.547618E-25	2.315093E-25	2.088676E-25	1.871931E-25	1.667452E-25	1.476955E-25	1.301419E-25	1.141221E-25	9.962692E-26	8.661134E-26	7.500482E-26	6.471934E-26	5.565627E-26	4.771174E-26	4.078083E-26	3.476068E-26	2.955270E-26	2.506416E-26	2.120905E-26	
3.414018E-15	3.170307E-15	1.384155E-15	4.301399E-16	1.103596E-16	2.506532E-17	5.233971E-18	1.027888E-18	1.926618E-19	3.481364E-20	6.108660E-21	1.046619E-21	1.760296E-22	2.937714E-23	5.096383E-24	1.128232E-24	4.776394E-25	3.593611E-25	3.237063E-25	2.995510E-25	2.763306E-25	2.529798E-25	2.298181E-25	2.072769E-25	1.857093E-25	1.653716E-25	1.464329E-25	1.289889E-25	1.130756E-25	9.868239E-26	8.576335E-26	7.424724E-26	6.404563E-26	5.505972E-26	4.718563E-26	4.031859E-26	3.435598E-26	2.919957E-26	2.475698E-26	2.094263E-26	
3.414018E-15	3.170307E-15	1.384155E-15	4.301399E-16	1.103596E-16	2.506532E-17	5.233971E-18	1.027888E-18	1.926618E-19	3.481364E-20	6.108658E-21	1.046618E-21	1.760280E-22	2.937542E-23	5.094553E-24	1.126326E-24	4.756904E-25	3.573987E-25	3.217583E-25	2.976421E-25	2.744819E-25	2.512085E-25	2.281374E-25	2.056965E-25	1.842355E-25	1.640077E-25	1.451797E-25	1.278448E-25	1.120375E-25	9.774578E-26	8.492275E-26	7.349649E-26	6.337821E-26	5.446891E-26	4.666474E-26	3.986108E-26	3.395556E-26	2.885027E-26	2.445323E-26	2.067927E-26	
3.414018E-15	3.170307E-15	1.384155E-15	4.301399E-16	1.103596E-16	2.506532E-17	5.233971E-18	1.027888E-18	1.926618E-19	3.481364E-20	6.108657E-21	1.046616E-21	1.760264E-22	2.937370E-23	5.092729E-24	1.124429E-24	4.737499E-25	3.554455E-25	3.198201E-25	2.957433E-25	2.726436E-25	2.494476E-25	2.264672E-25	2.041265E-25	1.827719E-25	1.626537E-25	1.439358E-25	1.267097E-25	1.110078E-25	9.681704E-26	8.408946E-26	7.275251E-26	6.271700E-26	5.388379E-26	4.614903E-26	3.940826E-26	3.355936E-26	2.850477E-26	2.415288E-26	2.041893E-26	
3.414018E-15	3.170307E-15	1.384155E-15	4.301399E-16	1.103596E-16	2.506532E-17	5.233971E-18	1.027888E-18	1.926618E-19	3.481364E-20	6.108656E-21	1.046615E-21	1.760249E-22	2.937199E-23	5.090913E-24	1.122539E-24	4.718181E-25	3.535015E-25	3.178915E-25	2.938546E-25	2.708155E-25	2.476971E-25	2.248074E-25	2.025668E-25	1.813183E-25	1.613093E-25	1.427012E-25	1.255833E-25	1.099865E-25	9.589610E-26	8.326342E-26	7.201523E-26	6.206196E-26	5.330431E-26	4.563845E-26	3.896008E-26	3.316735E-26	2.816302E-26	2.385588E-26	2.016158E-26	
3.414018E-15	3.170307E-15	1.384155E-15	4.301399E-16	1.103596E-16	2.506532E-17	5.233971E-18	1.027888E-18	1.926618E-19	3.481364E-20	6.108655E-21	1.046614E-21	1.760233E-22	2.937028E-23	5.089103E-24	1.120657E-24	4.698947E-25	3.515666E-25	3.159727E-25	2.919760E-25	2.689978E-25	2.459570E-25	2.231579E-25	2.010172E-25	1.798746E-25	1.599746E-25	1.414759E-25	1.244658E-25	1.089734E-25	9.498291E-26	8.244461E-26	7.128463E-26	6.141306E-26	5.273044E-26	4.513297E-26	3.851651E-26	3.277949E-26	2.782500E-26	2.356222E-26	1.990720E-26	
3.414018E-15	3.170307E-15	1.384155E-15	4.301399E-16	1.103596E-16	2.506532E-17	5.233971E-18	1.027888E-18	1.926618E-19	3.481364E-20	6.108654E-21	1.046612E-21	1.760217E-22	2.936858E-23	5.087301E-24	1.118783E-24	4.679799E-25	3.496409E-25	3.140634E-25	2.901074E-25	2.671902E-25	2.442272E-25	2.215187E-25	1.994778E-25	1.784409E-25	1.586494E-25	1.402598E-25	1.233569E-25	1.079685E-25	9.407741E-26	8.163293E-26	7.056063E-26	6.077022E-26	5.216210E-26	4.463253E-26	3.807751E-26	3.239574E-26	2.749066E-26	2.327184E-26	1.965574E-26	
3.414018E-15	3.170307E-15	1.384155E-15	4.301399E-16	1.103596E-16	2.506532E-17	5.233971E-18	1.027888E-18	1.926618E-19	3.481363E-20	6.108652E-21	1.046611E-21	1.760202E-22	2.936689E-23	5.085505E-24	1.116916E-24	4.660735E-25	3.477243E-25	3.121637E-25	2.882487E-25	2.653929E-25	2.425078E-25	2.198898E-25	1.979486E-25	1.770170E-25	1.573338E-25	1.390527E-25	1.222568E-25	1.069718E-25	9.317955E-26	8.082836E-26	6.984319E-26	6.013340E-26	5.159927E-26	4.413708E-26	3.764302E-26	3.201606E-26	2.715998E-26	2.298472E-26	1.940719E-26	
3.414018E-15	3.170307E-15	1.384155E-15	4.301399E-16	1.103596E-16	2.506532E-17	5.233971E-18	1.027888E-18	1.926618E-19	3.481363E-20	6.108651E-21	1.046609E-21	1.760186E-22	2.936520E-23	5.083717E-24	1.115058E-24	4.641756E-25	3.458168E-25	3.102737E-25	2.863999E-25	2.636057E-25	2.407985E-25	2.182711E-25	1.964294E-25	1.756030E-25	1.560277E-25	1.378548E-25	1.211652E-25	1.059833E-25	9.228929E-26	8.003085E-26	6.913226E-26	5.950257E-26	5.104191E-26	4.364660E-26	3.721303E-26	3.164042E-26	2.683291E-26	2.270084E-26	1.916151E-26	
3.414018E-15	3.170307E-15	1.384155E-15	4.301399E-16	1.103596E-16	2.506532E-17	5.233971E-18	1.027888E-18	1.926618E-19	3.481363E-20	6.108650E-21	1.046608E-21	1.760170E-22	2.936352E-23	5.081935E-24	1.113207E-24	4.622861E-25	3.439183E-25	3.083931E-25	2.845611E-25	2.618286E-25	2.390995E-25	2.166625E-25	1.949201E-25	1.741986E-25	1.547309E-25	1.366658E-25	1.200822E-25	1.050027E-25	9.140654E-26	7.924032E-26	6.842779E-26	5.887765E-26	5.048994E-26	4.316103E-26	3.678747E-26	3.126877E-26	2.650942E-26	2.242015E-26	1.891867E-26	
3.414018E-15	3.170307E-15	1.384155E-15	4.301399E-16	1.103596E-16	2.506532E-17	5.233971E-18	1.027888E-18	1.926618E-19	3.481363E-20	6.108649E-21	1.046607E-21	1.760155E-22	2.936184E-23	5.080160E-24	1.111363E-24	4.604051E-25	3.420288E-25	3.065220E-25	2.827321E-25	2.600616E-25	2.374106E-25	2.150641E-25	1.934209E-25	1.728040E-25	1.534435E-25	1.354858E-25	1.190076E-25	1.040302E-25	9.053128E-26	7.845674E-26	6.772972E-26	5.825862E-26	4.994335E-26	4.268033E-26	3.636631E-26	3.090109E-26	2.618948E-26	2.214262E-26	1.867864E-26	
3.414018E-15	3.170307E-15	1.384155E-15	4.301399E-16	1.103596E-16	2.506532E-17	5.233971E-18	1.027888E-18	1.926618E-19	3.481363E-20	6.108647E-21	1.046605E-21	1.760140E-22	2.936017E-23	5.078392E-24	1.109528E-24	4.585324E-25	3.401482E-25	3.046604E-25	2.809128E-25	2.583046E-25	2.357318E-25	2.134757E-25	1.919315E-25	1.714190E-25	1.521654E-25	1.343147E-25	1.179415E-25	1.030656E-25	8.966343E-26	7.768004E-26	6.703801E-26	5.764541E-26	4.940206E-26	4.220445E-26	3.594951E-26	3.053732E-26	2.587305E-26	2.186823E-26	1.844139E-26	
3.414018E-15	3.170307E-15	1.384155E-15	4.301399E-16	1.103596E-16	2.506532E-17	5.233971E-18	1.027888E-18	1.926618E-19	3.481363E-20	6.108646E-21	1.046604E-21	1.760124E-22	2.935851E-23	5.076631E-24	1.107700E-24	4.566680E-25	3.382767E-25	3.028082E-25	2.791034E-25	2.565575E-25	2.340630E-25	2.118973E-25	1.904519E-25	1.700437E-25	1.508966E-25	1.331524E-25	1.168838E-25	1.021089E-25	8.880295E-26	7.691018E-26	6.635261E-26	5.703799E-26	4.886606E-26	4.173337E-26	3.553703E-26	3.017744E-26	2.556010E-26	2.159693E-26	1.820690E-26	
3.414018E-15	3.170307E-15	1.384155E-15	4.301399E-16	1.103596E-16	2.506532E-17	5.233971E-18	1.027888E-18	1.926618E-19	3.481363E-20	6.108645E-21	1.046602E-21	1.760109E-22	2.935685E-23	5.074877E-24	1.105879E-24	4.548120E-25	3.364140E-25	3.009654E-25	2.773036E-25	2.548204E-25	2.324043E-25	2.103288E-25	1.889822E-25	1.686778E-25	1.496370E-25	1.319989E-25	1.158345E-25	1.011600E-25	8.794980E-26	7.614712E-26	6.567347E-26	5.643631E-26	4.833529E-26	4.126702E-26	3.512884E-26	2.982140E-26	2.525059E-26	2.132871E-26	1.797514E-26	
3.414018E-15	3.170307E-15	1.384155E-15	4.301399E-16	1.103596E-16	2.506532E-17	5.233971E-18	1.027888E-18	1.926618E-19	3.481363E-20	6.108644E-21	1.046601E-21	1.760094E-22	2.935520E-23	5.073129E-24	1.104066E-24	4.529642E-25	3.345602E-25	2.991319E-25	2.755136E-25	2.530932E-25	2.307555E-25	2.087703E-25	1.875222E-25	1.673214E-25	1.483865E-25	1.308541E-25	1.147934E-25	1.002189E-25	8.710390E-26	7.539078E-26	6.500053E-26	5.584031E-26	4.780969E-26	4.080538E-26	3.472488E-26	2.946918E-26	2.494449E-26	2.106352E-26	1.774607E-26	
3.414018E-15	3.170307E-15	1.384155E-15	4.301399E-16	1.103596E-16	2.506532E-17	5.233971E-18	1.027888E-18	1.926618E-19	3.481363E-20	6.108643E-21	1.046600E-21	1.760078E-22	2.935355E-23	5.071388E-24	1.102261E-24	4.511248E-25	3.327153E-25	2.973078E-25	2.737332E-25	2.513759E-25	2.291166E-25	2.072216E-25	1.860719E-25	1.659745E-25	1.471451E-25	1.297181E-25	1.137605E-25	9.928554E-26	8.626522E-26	7.464114E-26	6.433376E-26	5.524997E-26	4.728925E-26	4.034840E-26	3.432514E-26	2.912073E-26	2.464177E-26	2.080135E-26	1.751967E-26	
3.414018E-15	3.170307E-15	1.384155E-15	4.301399E-16	1.103596E-16	2.506532E-17	5.233971E-18	1.027888E-18	1.926618E-19	3.481363E-20	6.108641E-21	1.046598E-21	1.760063E-22	2.935191E-23	5.069655E-24	1.100463E-24	4.492935E-25	3.308792E-25	2.954930E-25	2.719624E-25	2.496683E-25	2.274875E-25	2.056827E-25	1.846312E-25	1.646369E-25	1.459127E-25	1.285906E-25	1.127358E-25	9.835983E-26	8.543369E-26	7.389812E-26	6.367308E-26	5.466520E-26	4.677389E-26	3.989603E-26	3.392955E-26	2.877602E-26	2.434239E-26	2.054214E-26	1.729591E-26	
3.414018E-15	3.170307E-15	1.384155E-15	4.301399E-16	1.103596E-16	2.506532E-17	5.233971E-18	1.027888E-18	1.926618E-19	3.481362E-20	6.108640E-21	1.046597E-21	1.760048E-22	2.935028E-23	5.067927E-24	1.098673E-24	4.474705E-25	3.290519E-25	2.936873E-25	2.702012E-25	2.479704E-25	2.258683E-25	2.041536E-25	1.832001E-25	1.633086E-25	1.446893E-25	1.274717E-25	1.117191E-25	9.744175E-26	8.460926E-26	7.316169E-26	6.301848E-26	5.408599E-26	4.626359E-26	3.944824E-26	3.353810E-26	2.843502E-26	2.404632E-26	2.028589E-26	1.707477E-26	
3.414018E-15	3.170307E-15	1.384155E-15	4.301399E-16	1.103596E-16	2.506532E-17	5.233971E-18	1.027888E-18	1.926618E-19	3.481362E-20	6.108639E-21	1.046596E-21	1.760033E-22	2.934865E-23	5.066207E-24	1.096891E-24	4.456557E-25	3.272334E-25	2.918910E-25	2.684495E-25	2.462823E-25	2.242589E-25	2.026342E-25	1.817786E-25	1.619897E-25	1.434748E-25	1.263614E-25	1.107106E-25	9.653124E-26	8.379190E-26	7.243180E-26	6.236989E-26	5.351230E-26	4.575830E-26	3.900499E-26	3.315073E-26	2.809769E-26	2.375353E-26	2.003255E-26	1.685621E-26	
3.414018E-15	3.170307E-15	1.384155E-15	4.301399E-16	1.103596E-16	2.506532E-17	5.233971E-18	1.027888E-18	1.926618E-19	3.481362E-20	6.108638E-21	1.046594E-21	1.760018E-22	2.934703E-23	5.064493E-24	1.095115E-24	4.438490E-25	3.254236E-25	2.901037E-25	2.667073E-25	2.446039E-25	2.226592E-25	2.011244E-25	1.803665E-25	1.606799E-25	1.422692E-25	1.252594E-25	1.097100E-25	9.562824E-26	8.298153E-26	7.170839E-26	6.172726E-26	5.294405E-26	4.525797E-26	3.856623E-26	3.276741E-26	2.776398E-26	2.346398E-26	1.978210E-26	1.664022E-26	
3.414018E-15	3.170307E-15	1.384155E-15	4.301399E-16	1.103596E-16	2.506532E-17	5.233971E-18	1.027888E-18	1.926618E-19	3.481362E-20	6.108637E-21	1.046593E-21	1.760003E-22	2.934541E-23	5.062786E-24	1.093348E-24	4.420505E-25	3.236225E-25	2.883257E-25	2.649745E-25	2.429351E-25	2.210691E-25	1.996242E-25	1.789639E-25	1.593793E-25	1.410724E-25	1.241659E-25	1.087174E-25	9.473270E-26	8.217812E-26	7.099141E-26	6.109056E-26	5.238122E-26	4.476258E-26	3.813194E-26	3.238811E-26	2.743388E-26	2.317765E-26	1.953451E-26	1.642675E-26	
3.414018E-15	3.170307E-15	1.384155E-15	4.301399E-16	1.103596E-16	2.506532E-17	5.233971E-18	1.027888E-18	1.926618E-19	3.481362E-20	6.108635E-21	1.046591E-21	1.759988E-22	2.934380E-23	5.061086E-24	1.091587E-24	4.402601E-25	3.218301E-25	2.865567E-25	2.632512E-25	2.412759E-25	2.194887E-25	1.981336E-25	1.775706E-25	1.580878E-25	1.398843E-25	1.230808E-25	1.077327E-25	9.384456E-26	8.138161E-26	7.028082E-26	6.045973E-26	5.182375E-26	4.427206E-26	3.770205E-26	3.201279E-26	2.710735E-26	2.289450E-26	1.928975E-26	1.621579E-26	
3.414018E-15	3.170307E-15	1.384155E-15	4.301399E-16	1.103596E-16	2.506532E-17	5.233971E-18	1.027888E-18	1.926618E-19	3.481362E-20	6.108634E-21	1.046590E-21	1.759973E-22	2.934220E-23	5.059392E-24	1.089835E-24	4.384778E-25	3.200463E-25	2.847968E-25	2.615372E-25	2.396262E-25	2.179179E-25	1.966526E-25	1.761867E-25	1.568053E-25	1.387050E-25	1.220039E-25	1.067559E-25	9.296379E-26	8.059195E-26	6.957657E-26	5.983472E-26	5.127162E-26	4.378638E-26	3.727655E-26	3.164140E-26	2.678434E-26	2.261451E-26	1.904779E-26	1.600731E-26	
3.414018E-15	3.170307E-15	1.384155E-15	4.301399E-16	1.103596E-16	2.506532E-17	5.233971E-18	1.027888E-18	1.926618E-19	3.481362E-20	6.108633E-21	1.046589E-21	1.759958E-22	2.934060E-23	5.057705E-24	1.088089E-24	4.367036E-25	3.182712E-25	2.830460E-25	2.598326E-25	2.379860E-25	2.163566E-25	1.951809E-25	1.748121E-25	1.555319E-25	1.375343E-25	1.209353E-25	1.057868E-25	9.209032E-26	7.980909E-26	6.887860E-26	5.921550E-26	5.072476E-26	4.330550E-26	3.685539E-26	3.127392E-26	2.646483E-26	2.233763E-26	1.880860E-26	1.580129E-26	
3.414018E-15	3.170307E-15	1.384155E-15	4.301399E-16	1.103596E-16	2.506532E-17	5.233971E-18	1.027888E-18	1.926618E-19	3.481362E-20	6.108632E-21	1.046587E-21	1.759944E-22	2.933901E-23	5.056025E-24	1.086351E-24	4.349374E-25	3.165046E-25	2.813041E-25	2.581372E-25	2.363553E-25	2.148048E-25	1.937187E-25	1.734466E-25	1.542674E-25	1.363723E-25	1.198749E-25	1.048255E-25	9.122410E-26	7.903297E-26	6.818688E-26	5.860200E-26	5.018314E-26	4.282938E-26	3.643852E-26	3.091031E-26	2.614878E-26	2.206383E-26	1.857215E-26	1.559769E-26	
3.414018E-15	3.170307E-15	1.384155E-15	4.301399E-16	1.103596E-16	2.506532E-17	5.233971E-18	1.027888E-18	1.926618E-19	3.481362E-20	6.108631E-21	1.046586E-21	1.759929E-22	2.933742E-23	5.054351E-24	1.084621E-24	4.331792E-25	3.147465E-25	2.795712E-25	2.564512E-25	2.347340E-25	2.132625E-25	1.922659E-25	1.720904E-25	1.530119E-25	1.352188E-25	1.188226E-25	1.038718E-25	9.036510E-26	7.826357E-26	6.750135E-26	5.799420E-26	4.964671E-26	4.235798E-26	3.602592E-26	3.055053E-26	2.583617E-26	2.179311E-26	1.833842E-26	1.539649E-26	
3.414018E-15	3.170307E-15	1.384155E-15	4.301399E-16	1.103596E-16	2.506532E-17	5.233971E-18	1.027888E-18	1.926618E-19	3.481362E-20	6.108630E-21	1.046585E-21	1.759914E-22	2.933584E-23	5.052684E-24	1.082897E-24	4.314290E-25	3.129970E-25	2.778473E-25	2.547743E-25	2.331221E-25	2.117296E-25	1.908224E-25	1.707433E-25	1.517651E-25	1.340737E-25	1.177784E-25	1.029258E-25	8.951324E-26	7.750081E-26	6.682196E-26	5.739203E-26	4.911543E-26	4.189124E-26	3.561753E-26	3.019454E-26	2.552695E-26	2.152540E-26	1.810737E-26	1.519767E-26	
3.414018E-15	3.170307E-15	1.384155E-15	4.301399E-16	1.103596E-16	2.506532E-17	5.233971E-18	1.027888E-18	1.926618E-19	3.481361E-20	6.108628E-21	1.046583E-21	1.759900E-22	2.933426E-23	5.051023E-24	1.081181E-24	4.296867E-25	3.112560E-25	2.761322E-25	2.531066E-25	2.315195E-25	2.102060E-25	1.893881E-25	1.694053E-25	1.505272E-25	1.329372E-25	1.167423E-25	1.019874E-25	8.866847E-26	7.674465E-26	6.614867E-26	5.679546E-26	4.858926E-26	4.142914E-26	3.521333E-26	2.984231E-26	2.522110E-26	2.126069E-26	1.787899E-26	1.500120E-26	
3.414018E-15	3.170307E-15	1.384155E-15	4.301399E-16	1.103596E-16	2.506532E-17	5.233971E-18	1.027888E-18	1.926618E-19	3.481361E-20	6.108627E-21	1.046582E-21	1.759885E-22	2.933269E-23	5.049369E-24	1.079472E-24	4.279524E-25	3.095235E-25	2.744261E-25	2.514481E-25	2.299262E-25	2.086918E-25	1.879631E-25	1.680763E-25	1.492980E-25	1.318090E-25	1.157142E-25	1.010565E-25	8.783078E-26	7.599506E-26	6.548143E-26	5.620444E-26	4.806815E-26	4.097165E-26	3.481329E-26	2.949382E-26	2.491858E-26	2.099895E-26	1.765324E-26	1.480706E-26	
3.414018E-15	3.170307E-15	1.384155E-15	4.301399E-16	1.103596E-16	2.506532E-17	5.233971E-18	1.027888E-18	1.926618E-19	3.481361E-20	6.108626E-21	1.046581E-21	1.759871E-22	2.933113E-23	5.047722E-24	1.077771E-24	4.262260E-25	3.077993E-25	2.727287E-25	2.497987E-25	2.283421E-25	2.071868E-25	1.865473E-25	1.667563E-25	1.480776E-25	1.306892E-25	1.146939E-25	1.001331E-25	8.700007E-26	7.525196E-26	6.482019E-26	5.561893E-26	4.755206E-26	4.051870E-26	3.441734E-26	2.914901E-26	2.461936E-26	2.074015E-26	1.743009E-26	1.461522E-26	
3.414018E-15	3.170307E-15	1.384155E-15	4.301399E-16	1.103596E-16	2.506532E-17	5.233971E-18	1.027888E-18	1.926618E-19	3.481361E-20	6.108625E-21	1.046580E-21	1.759856E-22	2.932957E-23	5.046081E-24	1.076077E-24	4.245075E-25	3.060836E-25	2.710402E-25	2.481584E-25	2.267673E-25	2.056910E-25	1.851406E-25	1.654452E-25	1.468658E-25	1.295777E-25	1.136816E-25	9.921716E-26	8.617632E-26	7.451533E-26	6.416492E-26	5.503888E-26	4.704096E-26	4.007026E-26	3.402548E-26	2.880786E-26	2.432340E-26	2.048425E-26	1.720952E-26	1.442566E-26	
3.414018E-15	3.170307E-15	1.384155E-15	4.301399E-16	1.103596E-16	2.506532E-17	5.233971E-18	1.027888E-18	1.926618E-19	3.481361E-20	6.108624E-21	1.046578E-21	1.759842E-22	2.932802E-23	5.044446E-24	1.074390E-24	4.227968E-25	3.043763E-25	2.693605E-25	2.465271E-25	2.252016E-25	2.042045E-25	1.837429E-25	1.641431E-25	1.456626E-25	1.284744E-25	1.126771E-25	9.830857E-26	8.535947E-26	7.378510E-26	6.351555E-26	5.446425E-26	4.653479E-26	3.962631E-26	3.363764E-26	2.847033E-26	2.403068E-26	2.023124E-26	1.699151E-26	1.423835E-26	
3.414018E-15	3.170307E-15	1.384155E-15	4.301399E-16	1.103596E-16	2.506532E-17	5.233971E-18	1.027888E-18	1.926618E-19	3.481361E-20	6.108623E-21	1.046577E-21	1.759827E-22	2.932647E-23	5.042818E-24	1.072710E-24	4.210939E-25	3.026773E-25	2.676894E-25	2.449047E-25	2.236451E-25	2.027270E-25	1.823543E-25	1.628497E-25	1.444679E-25	1.273793E-25	1.116804E-25	9.740731E-26	8.454947E-26	7.306123E-26	6.287205E-26	5.389499E-26	4.603351E-26	3.918678E-26	3.325381E-26	2.813638E-26	2.374117E-26	1.998107E-26	1.677601E-26	1.405327E-26	
3.414018E-15	3.170307E-15	1.384155E-15	4.301399E-16	1.103596E-16	2.506532E-17	5.233971E-18	1.027888E-18	1.926618E-19	3.481361E-20	6.108622E-21	1.046576E-21	1.759813E-22	2.932493E-23	5.041197E-24	1.071037E-24	4.193989E-25	3.009866E-25	2.660271E-25	2.432914E-25	2.220977E-25	2.012587E-25	1.809747E-25	1.615651E-25	1.432817E-25	1.262924E-25	1.106914E-25	9.651334E-26	8.374629E-26	7.234368E-26	6.223437E-26	5.333107E-26	4.553709E-26	3.875166E-26	3.287394E-26	2.780599E-26	2.345483E-26	1.973373E-26	1.656302E-26	1.387039E-26	
3.414018E-15	3.170307E-15	1.384155E-15	4.301399E-16	1.103596E-16	2.506532E-17	5.233971E-18	1.027888E-18	1.926618E-19	3.481361E-20	6.108620E-21	1.046574E-21	1.759799E-22	2.932340E-23	5.039582E-24	1.069372E-24	4.177117E-25	2.993042E-25	2.643734E-25	2.416869E-25	2.205592E-25	1.997994E-25	1.796041E-25	1.602893E-25	1.421040E-25	1.252135E-25	1.097101E-25	9.562659E-26	8.294985E-26	7.163238E-26	6.160246E-26	5.277243E-26	4.504549E-26	3.832089E-26	3.249799E-26	2.747912E-26	2.317163E-26	1.948918E-26	1.635250E-26	1.368970E-26	
3.414018E-15	3.170307E-15	1.384155E-15	4.301399E-16	1.103596E-16	2.506532E-17	5.233971E-18	1.027888E-18	1.926618E-19	3.481361E-20	6.108619E-21	1.046573E-21	1.759785E-22	2.932187E-23	5.037973E-24	1.067714E-24	4.160322E-25	2.976301E-25	2.627284E-25	2.400914E-25	2.190298E-25	1.983492E-25	1.782423E-25	1.590222E-25	1.409347E-25	1.241427E-25	1.087364E-25	9.474704E-26	8.216014E-26	7.092733E-26	6.097629E-26	5.221904E-26	4.455866E-26	3.789445E-26	3.212594E-26	2.715575E-26	2.289155E-26	1.924740E-26	1.614443E-26	1.351116E-26	
3.414018E-15	3.170307E-15	1.384155E-15	4.301399E-16	1.103596E-16	2.506532E-17	5.233971E-18	1.027888E-18	1.926618E-19	3.481361E-20	6.108618E-21	1.046572E-21	1.759770E-22	2.932034E-23	5.036371E-24	1.066063E-24	4.143604E-25	2.959641E-25	2.610919E-25	2.385046E-25	2.175094E-25	1.969078E-25	1.768894E-25	1.577637E-25	1.397738E-25	1.230799E-25	1.077703E-25	9.387462E-26	8.137707E-26	7.022843E-26	6.035579E-26	5.167085E-26	4.407656E-26	3.747229E-26	3.175774E-26	2.683582E-26	2.261455E-26	1.900836E-26	1.593878E-26	1.333476E-26	
3.414018E-15	3.170307E-15	1.384155E-15	4.301399E-16	1.103596E-16	2.506532E-17	5.233971E-18	1.027888E-18	1.926618E-19	3.481360E-20	6.108617E-21	1.046570E-21	1.759756E-22	2.931882E-23	5.034776E-24	1.064419E-24	4.126964E-25	2.943064E-25	2.594640E-25	2.369267E-25	2.159979E-25	1.954754E-25	1.755453E-25	1.565138E-25	1.386211E-25	1.220251E-25	1.068118E-25	9.300927E-26	8.060062E-26	6.953566E-26	5.974093E-26	5.112781E-26	4.359915E-26	3.705437E-26	3.139337E-26	2.651932E-26	2.234060E-26	1.877202E-26	1.573553E-26	1.316047E-26	
3.414018E-15	3.170307E-15	1.384155E-15	4.301399E-16	1.103596E-16	2.506532E-17	5.233971E-18	1.027888E-18	1.926618E-19	3.481360E-20	6.108616E-21	1.046569E-21	1.759742E-22	2.931731E-23	5.033186E-24	1.062782E-24	4.110400E-25	2.926569E-25	2.578447E-25	2.353576E-25	2.144952E-25	1.940519E-25	1.742100E-25	1.552725E-25	1.374767E-25	1.209781E-25	1.058607E-25	9.215099E-26	7.983074E-26	6.884899E-26	5.913168E-26	5.058990E-26	4.312640E-26	3.664066E-26	3.103278E-26	2.620621E-26	2.206967E-26	1.853837E-26	1.553465E-26	1.298827E-26	
3.414018E-15	3.170307E-15	1.384155E-15	4.301399E-16	1.103596E-16	2.506532E-17	5.233971E-18	1.027888E-18	1.926618E-19	3.481360E-20	6.108615E-21	1.046568E-21	1.759728E-22	2.931580E-23	5.031603E-24	1.061152E-24	4.093913E-25	2.910154E-25	2.562339E-25	2.337972E-25	2.130014E-25	1.926372E-25	1.728834E-25	1.540397E-25	1.363405E-25	1.199390E-25	1.049171E-25	9.129967E-26	7.906737E-26	6.816834E-26	5.852797E-26	5.005706E-26	4.265826E-26	3.623112E-26	3.067594E-26	2.589645E-26	2.180173E-26	1.830737E-26	1.533612E-26	1.281814E-26	
3.414018E-15	3.170307E-15	1.384155E-15	4.301399E-16	1.103596E-16	2.506532E-17	5.233971E-18	1.027888E-18	1.926618E-19	3.481360E-20	6.108614E-21	1.046567E-21	1.759714E-22	2.931430E-23	5.030027E-24	1.059529E-24	4.077502E-25	2.893821E-25	2.546315E-25	2.322455E-25	2.115165E-25	1.912314E-25	1.715654E-25	1.528153E-25	1.352125E-25	1.189077E-25	1.039809E-25	9.045531E-26	7.831048E-26	6.749368E-26	5.792978E-26	4.952926E-26	4.219469E-26	3.582572E-26	3.032282E-26	2.559002E-26	2.153676E-26	1.807900E-26	1.513991E-26	1.265005E-26	
3.414018E-15	3.170307E-15	1.384155E-15	4.301399E-16	1.103596E-16	2.506532E-17	5.233971E-18	1.027888E-18	1.926618E-19	3.481360E-20	6.108612E-21	1.046565E-21	1.759700E-22	2.931281E-23	5.028457E-24	1.057913E-24	4.061167E-25	2.877569E-25	2.530375E-25	2.307024E-25	2.100402E-25	1.898342E-25	1.702561E-25	1.515993E-25	1.340926E-25	1.178841E-25	1.030520E-25	8.961782E-26	7.756000E-26	6.682497E-26	5.733705E-26	4.900645E-26	4.173566E-26	3.542440E-26	2.997337E-26	2.528689E-26	2.127472E-26	1.785323E-26	1.494600E-26	1.248399E-26	
3.414018E-15	3.170307E-15	1.384155E-15	4.301399E-16	1.103596E-16	2.506532E-17	5.233971E-18	1.027888E-18	1.926618E-19	3.481360E-20	6.108611E-21	1.046564E-21	1.759686E-22	2.931132E-23	5.026893E-24	1.056304E-24	4.044908E-25	2.861397E-25	2.514520E-25	2.291679E-25	2.085727E-25	1.884457E-25	1.689554E-25	1.503917E-25	1.329807E-25	1.168683E-25	1.021304E-25	8.878720E-26	7.681591E-26	6.616216E-26	5.674974E-26	4.848859E-26	4.128113E-26	3.502716E-26	2.962758E-26	2.498701E-26	2.101558E-26	1.763004E-26	1.475436E-26	1.231992E-26	
3.414018E-15	3.170307E-15	1.384155E-15	4.301399E-16	1.103596E-16	2.506532E-17	5.233971E-18	1.027888E-18	1.926618E-19	3.481360E-20	6.108610E-21	1.046563E-21	1.759673E-22	2.930983E-23	5.025335E-24	1.054702E-24	4.028725E-25	2.845306E-25	2.498748E-25	2.276421E-25	2.071139E-25	1.870660E-25	1.676632E-25	1.491924E-25	1.318769E-25	1.158601E-25	1.012160E-25	8.796337E-26	7.607816E-26	6.550521E-26	5.616781E-26	4.797564E-26	4.083105E-26	3.463394E-26	2.928541E-26	2.469037E-26	2.075932E-26	1.740939E-26	1.456497E-26	1.215784E-26	
3.414018E-15	3.170307E-15	1.384155E-15	4.301399E-16	1.103596E-16	2.506532E-17	5.233971E-18	1.027888E-18	1.926618E-19	3.481360E-20	6.108609E-21	1.046562E-21	1.759659E-22	2.930835E-23	5.023784E-24	1.053108E-24	4.012617E-25	2.829294E-25	2.483059E-25	2.261248E-25	2.056637E-25	1.856948E-25	1.663794E-25	1.480014E-25	1.307810E-25	1.148595E-25	1.003088E-25	8.714629E-26	7.534668E-26	6.485406E-26	5.559122E-26	4.746757E-26	4.038539E-26	3.424470E-26	2.894681E-26	2.439693E-26	2.050591E-26	1.719127E-26	1.437781E-26	1.199771E-26	
3.414018E-15	3.170307E-15	1.384155E-15	4.301399E-16	1.103596E-16	2.506532E-17	5.233971E-18	1.027888E-18	1.926618E-19	3.481360E-20	6.108608E-21	1.046560E-21	1.759645E-22	2.930688E-23	5.022239E-24	1.051520E-24	3.996584E-25	2.813362E-25	2.467454E-25	2.246160E-25	2.042221E-25	1.843322E-25	1.651042E-25	1.468186E-25	1.296931E-25	1.138664E-25	9.940883E-26	8.633592E-26	7.462146E-26	6.420869E-26	5.501993E-26	4.696433E-26	3.994412E-26	3.385942E-26	2.861177E-26	2.410667E-26	2.025532E-26	1.697565E-26	1.419285E-26	1.183952E-26	
3.414018E-15	3.170307E-15	1.384155E-15	4.301399E-16	1.103596E-16	2.506532E-17	5.233971E-18	1.027888E-18	1.926618E-19	3.481360E-20	6.108607E-21	1.046559E-21	1.759631E-22	2.930541E-23	5.020700E-24	1.049939E-24	3.980625E-25	2.797509E-25	2.451931E-25	2.231157E-25	2.027891E-25	1.829781E-25	1.638373E-25	1.456440E-25	1.286130E-25	1.128809E-25	9.851591E-26	8.553220E-26	7.390242E-26	6.356904E-26	5.445388E-26	4.646587E-26	3.950719E-26	3.347806E-26	2.828023E-26	2.381954E-26	2.000752E-26	1.676250E-26	1.401007E-26	1.168324E-26	
3.414018E-15	3.170307E-15	1.384155E-15	4.301399E-16	1.103596E-16	2.506532E-17	5.233971E-18	1.027888E-18	1.926618E-19	3.481359E-20	6.108606E-21	1.046558E-21	1.759618E-22	2.930395E-23	5.019167E-24	1.048364E-24	3.964741E-25	2.781736E-25	2.436491E-25	2.216238E-25	2.013646E-25	1.816326E-25	1.625788E-25	1.444775E-25	1.275408E-25	1.119028E-25	9.763004E-26	8.473509E-26	7.318953E-26	6.293506E-26	5.389304E-26	4.597216E-26	3.907456E-26	3.310057E-26	2.795218E-26	2.353551E-26	1.976248E-26	1.655179E-26	1.382945E-26	1.152886E-26	
3.414018E-15	3.170307E-15	1.384155E-15	4.301399E-16	1.103596E-16	2.506532E-17	5.233971E-18	1.027888E-18	1.926618E-19	3.481359E-20	6.108605E-21	1.046557E-21	1.759604E-22	2.930249E-23	5.017641E-24	1.046797E-24	3.948932E-25	2.766041E-25	2.421132E-25	2.201403E-25	1.999486E-25	1.802955E-25	1.613286E-25	1.433191E-25	1.264764E-25	1.109322E-25	9.675120E-26	8.394457E-26	7.248276E-26	6.230674E-26	5.333739E-26	4.548317E-26	3.864621E-26	3.272695E-26	2.762759E-26	2.325458E-26	1.952018E-26	1.634351E-26	1.365096E-26	1.137635E-26	
3.414018E-15	3.170307E-15	1.384155E-15	4.301399E-16	1.103596E-16	2.506532E-17	5.233971E-18	1.027888E-18	1.926618E-19	3.481359E-20	6.108604E-21	1.046555E-21	1.759590E-22	2.930104E-23	5.016121E-24	1.045237E-24	3.933197E-25	2.750424E-25	2.405855E-25	2.186652E-25	1.985410E-25	1.789668E-25	1.600866E-25	1.421687E-25	1.254196E-25	1.099689E-25	9.587930E-26	8.316055E-26	7.178203E-26	6.168399E-26	5.278685E-26	4.499885E-26	3.822209E-26	3.235713E-26	2.730641E-26	2.297669E-26	1.928059E-26	1.613762E-26	1.347458E-26	1.122569E-26	
3.414018E-15	3.170307E-15	1.384155E-15	4.301399E-16	1.103596E-16	2.506532E-17	5.233971E-18	1.027888E-18	1.926618E-19	3.481359E-20	6.108603E-21	1.046554E-21	1.759577E-22	2.929959E-23	5.014607E-24	1.043683E-24	3.917535E-25	2.734886E-25	2.390660E-25	2.171985E-25	1.971418E-25	1.776464E-25	1.588529E-25	1.410263E-25	1.243706E-25	1.090129E-25	9.501433E-26	8.238301E-26	7.108733E-26	6.106680E-26	5.224140E-26	4.451917E-26	3.780217E-26	3.199109E-26	2.698862E-26	2.270182E-26	1.904368E-26	1.593410E-26	1.330029E-26	1.107687E-26	
3.414018E-15	3.170307E-15	1.384155E-15	4.301399E-16	1.103596E-16	2.506532E-17	5.233971E-18	1.027888E-18	1.926618E-19	3.481359E-20	6.108601E-21	1.046553E-21	1.759564E-22	2.929815E-23	5.013099E-24	1.042136E-24	3.901947E-25	2.719426E-25	2.375545E-25	2.157400E-25	1.957510E-25	1.763344E-25	1.576274E-25	1.398919E-25	1.233292E-25	1.080643E-25	9.415621E-26	8.161189E-26	7.039860E-26	6.045512E-26	5.170100E-26	4.404408E-26	3.738640E-26	3.162880E-26	2.667419E-26	2.242994E-26	1.880943E-26	1.573293E-26	1.312807E-26	1.092986E-26	
3.414018E-15	3.170307E-15	1.384155E-15	4.301399E-16	1.103596E-16	2.506532E-17	5.233971E-18	1.027888E-18	1.926618E-19	3.481359E-20	6.108600E-21	1.046552E-21	1.759550E-22	2.929672E-23	5.011598E-24	1.040596E-24	3.886432E-25	2.704043E-25	2.360512E-25	2.142897E-25	1.943685E-25	1.750306E-25	1.564100E-25	1.387653E-25	1.222954E-25	1.071228E-25	9.330493E-26	8.084717E-26	6.971580E-26	5.984891E-26	5.116561E-26	4.357354E-26	3.697476E-26	3.127022E-26	2.636307E-26	2.216103E-26	1.857781E-26	1.553409E-26	1.295789E-26	1.078464E-26	
3.414018E-15	3.170307E-15	1.384155E-15	4.301399E-16	1.103596E-16	2.506532E-17	5.233971E-18	1.027888E-18	1.926618E-19	3.481359E-20	6.108599E-21	1.046550E-21	1.759537E-22	2.929529E-23	5.010102E-24	1.039063E-24	3.870991E-25	2.688738E-25	2.345559E-25	2.128477E-25	1.929943E-25	1.737352E-25	1.552007E-25	1.376467E-25	1.212692E-25	1.061886E-25	9.246043E-26	8.008879E-26	6.903889E-26	5.924812E-26	5.063518E-26	4.310753E-26	3.656721E-26	3.091532E-26	2.605526E-26	2.189505E-26	1.834879E-26	1.533754E-26	1.278974E-26	1.064120E-26	
3.414018E-15	3.170307E-15	1.384155E-15	4.301399E-16	1.103596E-16	2.506532E-17	5.233971E-18	1.027888E-18	1.926618E-19	3.481359E-20	6.108598E-21	1.046549E-21	1.759523E-22	2.929386E-23	5.008613E-24	1.037537E-24	3.855622E-25	2.673509E-25	2.330685E-25	2.114139E-25	1.916284E-25	1.724478E-25	1.539994E-25	1.365358E-25	1.202504E-25	1.052615E-25	9.162265E-26	7.933669E-26	6.836781E-26	5.865271E-26	5.010968E-26	4.264600E-26	3.616371E-26	3.056406E-26	2.575070E-26	2.163197E-26	1.812234E-26	1.514327E-26	1.262358E-26	1.049951E-26	
3.414018E-15	3.170307E-15	1.384155E-15	4.301399E-16	1.103596E-16	2.506532E-17	5.233971E-18	1.027888E-18	1.926618E-19	3.481359E-20	6.108597E-21	1.046548E-21	1.759510E-22	2.929244E-23	5.007130E-24	1.036017E-24	3.840326E-25	2.658358E-25	2.315892E-25	2.099883E-25	1.902707E-25	1.711687E-25	1.528062E-25	1.354327E-25	1.192392E-25	1.043414E-25	9.079157E-26	7.859086E-26	6.770255E-26	5.806265E-26	4.958907E-26	4.218891E-26	3.576424E-26	3.021642E-26	2.544938E-26	2.137178E-26	1.789845E-26	1.495125E-26	1.245941E-26	1.035955E-26	
3.414018E-15	3.170307E-15	1.384155E-15	4.301399E-16	1.103596E-16	2.506532E-17	5.233971E-18	1.027888E-18	1.926617E-19	3.481359E-20	6.108596E-21	1.046547E-21	1.759497E-22	2.929103E-23	5.005653E-24	1.034504E-24	3.825102E-25	2.643283E-25	2.301178E-25	2.085707E-25	1.889211E-25	1.698977E-25	1.516209E-25	1.343374E-25	1.182353E-25	1.034285E-25	8.996713E-26	7.785123E-26	6.704302E-26	5.747788E-26	4.907330E-26	4.173623E-26	3.536873E-26	2.987235E-26	2.515126E-26	2.111443E-26	1.767708E-26	1.476146E-26	1.229720E-26	1.022131E-26	
3.414018E-15	3.170307E-15	1.384155E-15	4.301399E-16	1.103596E-16	2.506532E-17	5.233971E-18	1.027888E-18	1.926617E-19	3.481359E-20	6.108595E-21	1.046546E-21	1.759484E-22	2.928962E-23	5.004182E-24	1.032998E-24	3.809950E-25	2.628284E-25	2.286543E-25	2.071612E-25	1.875797E-25	1.686347E-25	1.504435E-25	1.332497E-25	1.172388E-25	1.025225E-25	8.914928E-26	7.711776E-26	6.638922E-26	5.689837E-26	4.856234E-26	4.128792E-26	3.497718E-26	2.953184E-26	2.485631E-26	2.085991E-26	1.745821E-26	1.457387E-26	1.213692E-26	1.008476E-26	
3.414018E-15	3.170307E-15	1.384155E-15	4.301399E-16	1.103596E-16	2.506532E-17	5.233971E-18	1.027888E-18	1.926617E-19	3.481358E-20	6.108594E-21	1.046544E-21	1.759471E-22	2.928822E-23	5.002717E-24	1.031498E-24	3.794870E-25	2.613361E-25	2.271987E-25	2.057598E-25	1.862463E-25	1.673798E-25	1.492740E-25	1.321697E-25	1.162496E-25	1.016235E-25	8.833799E-26	7.639042E-26	6.574109E-26	5.632409E-26	4.805616E-26	4.084394E-26	3.458955E-26	2.919484E-26	2.456450E-26	2.060818E-26	1.724182E-26	1.438847E-26	1.197856E-26	9.949899E-27	
3.414018E-15	3.170307E-15	1.384155E-15	4.301399E-16	1.103596E-16	2.506532E-17	5.233971E-18	1.027888E-18	1.926617E-19	3.481358E-20	6.108593E-21	1.046543E-21	1.759458E-22	2.928682E-23	5.001258E-24	1.030005E-24	3.779862E-25	2.598513E-25	2.257509E-25	2.043664E-25	1.849211E-25	1.661329E-25	1.481124E-25	1.310972E-25	1.152677E-25	1.007314E-25	8.753321E-26	7.566914E-26	6.509859E-26	5.575498E-26	4.755470E-26	4.040426E-26	3.420579E-26	2.886132E-26	2.427580E-26	2.035921E-26	1.702788E-26	1.420523E-26	1.182210E-26	9.816691E-27	
3.414018E-15	3.170307E-15	1.384155E-15	4.301399E-16	1.103596E-16	2.506532E-17	5.233971E-18	1.027888E-18	1.926617E-19	3.481358E-20	6.108592E-21	1.046542E-21	1.759444E-22	2.928543E-23	4.999805E-24	1.028519E-24	3.764925E-25	2.583741E-25	2.243109E-25	2.029810E-25	1.836038E-25	1.648940E-25	1.469585E-25	1.300323E-25	1.142931E-25	9.984619E-26	8.673490E-26	7.495391E-26	6.446168E-26	5.519101E-26	4.705794E-26	3.996883E-26	3.382587E-26	2.853125E-26	2.399019E-26	2.011299E-26	1.681636E-26	1.402412E-26	1.166751E-26	9.685124E-27	
3.414018E-15	3.170307E-15	1.384155E-15	4.301399E-16	1.103596E-16	2.506532E-17	5.233971E-18	1.027888E-18	1.926617E-19	3.481358E-20	6.108591E-21	1.046541E-21	1.759431E-22	2.928404E-23	4.998358E-24	1.027039E-24	3.750059E-25	2.569044E-25	2.228787E-25	2.016035E-25	1.822945E-25	1.636629E-25	1.458124E-25	1.289749E-25	1.133257E-25	9.896780E-26	8.594300E-26	7.424466E-26	6.383030E-26	5.463213E-26	4.656583E-26	3.953763E-26	3.344977E-26	2.820460E-26	2.370763E-26	1.986948E-26	1.660724E-26	1.384513E-26	1.151478E-26	9.555178E-27	
3.414018E-15	3.170307E-15	1.384155E-15	4.301399E-16	1.103596E-16	2.506532E-17	5.233971E-18	1.027888E-18	1.926617E-19	3.481358E-20	6.108590E-21	1.046540E-21	1.759419E-22	2.928266E-23	4.996917E-24	1.025566E-24	3.735264E-25	2.554422E-25	2.214543E-25	2.002339E-25	1.809932E-25	1.624397E-25	1.446740E-25	1.279250E-25	1.123654E-25	9.809619E-26	8.515748E-26	7.354137E-26	6.320444E-26	5.407831E-26	4.607834E-26	3.911062E-26	3.307744E-26	2.788135E-26	2.342809E-26	1.962866E-26	1.640050E-26	1.366823E-26	1.136388E-26	9.426837E-27	
3.414018E-15	3.170307E-15	1.384155E-15	4.301399E-16	1.103596E-16	2.506532E-17	5.233971E-18	1.027888E-18	1.926617E-19	3.481358E-20	6.108589E-21	1.046539E-21	1.759406E-22	2.928129E-23	4.995482E-24	1.024099E-24	3.720539E-25	2.539874E-25	2.200376E-25	1.988722E-25	1.796998E-25	1.612244E-25	1.435433E-25	1.268825E-25	1.114122E-25	9.723133E-26	8.437831E-26	7.284398E-26	6.258404E-26	5.352952E-26	4.559543E-26	3.868777E-26	3.270886E-26	2.756145E-26	2.315156E-26	1.939050E-26	1.619611E-26	1.349340E-26	1.121480E-26	9.300083E-27	
3.414018E-15	3.170307E-15	1.384155E-15	4.301399E-16	1.103596E-16	2.506532E-17	5.233971E-18	1.027888E-18	1.926617E-19	3.481358E-20	6.108588E-21	1.046537E-21	1.759393E-22	2.927991E-23	4.994053E-24	1.022639E-24	3.705885E-25	2.525401E-25	2.186286E-25	1.975183E-25	1.784142E-25	1.600169E-25	1.424202E-25	1.258474E-25	1.104660E-25	9.637315E-26	8.360541E-26	7.215245E-26	6.196906E-26	5.298570E-26	4.511706E-26	3.826903E-26	3.234399E-26	2.724487E-26	2.287798E-26	1.915497E-26	1.599405E-26	1.332062E-26	1.106751E-26	9.174896E-27	
3.414018E-15	3.170307E-15	1.384155E-15	4.301399E-16	1.103596E-16	2.506532E-17	5.233971E-18	1.027888E-18	1.926617E-19	3.481358E-20	6.108587E-21	1.046536E-21	1.759380E-22	2.927855E-23	4.992630E-24	1.021185E-24	3.691301E-25	2.511001E-25	2.172272E-25	1.961722E-25	1.771365E-25	1.588171E-25	1.413047E-25	1.248196E-25	1.095269E-25	9.552164E-26	8.283878E-26	7.146675E-26	6.135948E-26	5.244683E-26	4.464320E-26	3.785437E-26	3.198281E-26	2.693160E-26	2.260735E-26	1.892205E-26	1.579429E-26	1.314987E-26	1.092201E-26	9.051262E-27	
3.414018E-15	3.170307E-15	1.384155E-15	4.301399E-16	1.103596E-16	2.506532E-17	5.233971E-18	1.027888E-18	1.926617E-19	3.481358E-20	6.108586E-21	1.046535E-21	1.759367E-22	2.927719E-23	4.991212E-24	1.019738E-24	3.676787E-25	2.496675E-25	2.158335E-25	1.948339E-25	1.758666E-25	1.576250E-25	1.401967E-25	1.237991E-25	1.085948E-25	9.467673E-26	8.207835E-26	7.078682E-26	6.075522E-26	5.191285E-26	4.417380E-26	3.744376E-26	3.162526E-26	2.662159E-26	2.233963E-26	1.869172E-26	1.559681E-26	1.298112E-26	1.077826E-26	8.929161E-27	
