3.714418E+01
3.709120E+01
3.703833E+01
3.698556E+01
3.693290E+01
3.688033E+01
3.682787E+01
3.677551E+01
3.672326E+01
3.667111E+01
3.661905E+01
3.656710E+01
3.651526E+01
3.646351E+01
3.641186E+01
3.636032E+01
3.630887E+01
3.625753E+01
3.620628E+01
3.615514E+01
3.610409E+01
3.605315E+01
3.600230E+01
3.595155E+01
3.590091E+01
3.585036E+01
3.579991E+01
3.574956E+01
3.569930E+01
3.564915E+01
3.559909E+01
3.554913E+01
3.549927E+01
3.544950E+01
3.539984E+01
3.535027E+01
3.530079E+01
3.525142E+01
3.520213E+01
3.515295E+01
3.510386E+01
3.505487E+01
3.500597E+01
3.495717E+01
3.490846E+01
3.485985E+01
3.481133E+01
3.476291E+01
3.471458E+01
3.466635E+01
3.461821E+01
3.457016E+01
3.452221E+01
3.447436E+01
3.442659E+01
3.437892E+01
3.433134E+01
3.428386E+01
3.423646E+01
3.418916E+01
3.414196E+01
3.409484E+01
3.404782E+01
3.400088E+01
3.395404E+01
3.390729E+01
3.386064E+01
3.381407E+01
3.376759E+01
3.372121E+01
3.367491E+01
3.362871E+01
3.358260E+01
3.353657E+01
3.349064E+01
3.344479E+01
3.339904E+01
3.335337E+01
3.330779E+01
3.326231E+01
3.321691E+01
3.317160E+01
3.312638E+01
3.308124E+01
3.303620E+01
3.299124E+01
3.294637E+01
3.290159E+01
3.285689E+01
3.281228E+01
3.276776E+01
3.272333E+01
3.267898E+01
3.263472E+01
3.259055E+01
3.254646E+01
3.250246E+01
3.245854E+01
3.241471E+01
3.237096E+01
3.232730E+01
