2.097449E+01
2.095008E+01
2.092570E+01
2.090135E+01
2.087703E+01
2.085273E+01
2.082847E+01
2.080423E+01
2.078003E+01
2.075585E+01
2.073170E+01
2.070759E+01
2.068350E+01
2.065944E+01
2.063540E+01
2.061140E+01
2.058743E+01
2.056348E+01
2.053957E+01
2.051568E+01
2.049182E+01
2.046799E+01
2.044419E+01
2.042042E+01
2.039668E+01
2.037296E+01
2.034928E+01
2.032562E+01
2.030199E+01
2.027839E+01
2.025482E+01
2.023128E+01
2.020776E+01
2.018427E+01
2.016082E+01
2.013739E+01
2.011398E+01
2.009061E+01
2.006727E+01
2.004395E+01
2.002066E+01
1.999740E+01
1.997417E+01
1.995096E+01
1.992779E+01
1.990464E+01
1.988152E+01
1.985843E+01
1.983536E+01
1.981233E+01
1.978932E+01
1.976634E+01
1.974339E+01
1.972046E+01
1.969757E+01
1.967470E+01
1.965186E+01
1.962904E+01
1.960626E+01
1.958350E+01
1.956077E+01
1.953807E+01
1.951539E+01
1.949274E+01
1.947012E+01
1.944753E+01
1.942496E+01
1.940243E+01
1.937992E+01
1.935743E+01
1.933498E+01
1.931255E+01
1.929015E+01
1.926777E+01
1.924543E+01
1.922311E+01
1.920082E+01
1.917855E+01
1.915631E+01
1.913410E+01
1.911192E+01
1.908976E+01
1.906763E+01
1.904553E+01
1.902346E+01
1.900141E+01
1.897938E+01
1.895739E+01
1.893542E+01
1.891348E+01
1.889157E+01
1.886968E+01
1.884782E+01
1.882598E+01
1.880418E+01
1.878240E+01
1.876064E+01
1.873892E+01
1.871722E+01
1.869554E+01
1.867389E+01
