8.635000E-02 2.070000E-01 2.371000E-01 6.580000E-18 3.213000E-21
8.669000E-02 2.079000E-01 2.380000E-01 0.000000E+00 0.000000E+00
8.671000E-02 2.079000E-01 2.381000E-01 0.000000E+00 0.000000E+00
8.674000E-02 2.080000E-01 2.381000E-01 0.000000E+00 0.000000E+00
8.676000E-02 2.080000E-01 2.382000E-01 0.000000E+00 0.000000E+00
8.679000E-02 2.081000E-01 2.383000E-01 0.000000E+00 0.000000E+00
8.682000E-02 2.082000E-01 2.384000E-01 0.000000E+00 0.000000E+00
8.685000E-02 2.082000E-01 2.384000E-01 0.000000E+00 0.000000E+00
8.688000E-02 2.083000E-01 2.385000E-01 0.000000E+00 0.000000E+00
8.692000E-02 2.084000E-01 2.386000E-01 0.000000E+00 3.234000E-21
8.604000E-02 2.071000E-01 2.404000E-01 1.971000E-60 0.000000E+00
8.670000E-02 2.077000E-01 2.375000E-01 0.000000E+00 0.000000E+00
8.675000E-02 2.078000E-01 2.377000E-01 1.319000E-17 9.663000E-21
8.680000E-02 2.080000E-01 2.378000E-01 0.000000E+00 0.000000E+00
8.687000E-02 2.081000E-01 2.380000E-01 0.000000E+00 3.225000E-21
8.694000E-02 2.083000E-01 2.382000E-01 0.000000E+00 0.000000E+00
8.702000E-02 2.085000E-01 2.384000E-01 0.000000E+00 0.000000E+00
8.712000E-02 2.087000E-01 2.387000E-01 0.000000E+00 0.000000E+00
8.696000E-02 2.091000E-01 2.423000E-01 1.055000E-60 0.000000E+00
8.788000E-02 2.104000E-01 2.402000E-01 0.000000E+00 0.000000E+00
8.803000E-02 2.107000E-01 2.406000E-01 0.000000E+00 3.261000E-21
1.015000E-01 2.427000E-01 2.768000E-01 0.000000E+00 0.000000E+00
1.016000E-01 2.431000E-01 2.773000E-01 0.000000E+00 0.000000E+00
8.941000E-02 2.138000E-01 2.437000E-01 0.000000E+00 0.000000E+00
8.994000E-02 2.150000E-01 2.449000E-01 0.000000E+00 3.320000E-21
9.079000E-02 2.169000E-01 2.468000E-01 6.851000E-18 0.000000E+00
9.094000E-02 2.172000E-01 2.468000E-01 6.850000E-18 3.345000E-21
9.263000E-02 2.211000E-01 2.510000E-01 0.000000E+00 0.000000E+00
9.271000E-02 2.210000E-01 2.503000E-01 0.000000E+00 0.000000E+00
9.579000E-02 2.281000E-01 2.577000E-01 0.000000E+00 0.000000E+00
9.598000E-02 2.282000E-01 2.573000E-01 7.142000E-18 0.000000E+00
9.749000E-02 2.314000E-01 2.600000E-01 0.000000E+00 0.000000E+00
1.022000E-01 2.421000E-01 2.710000E-01 0.000000E+00 0.000000E+00
1.024000E-01 2.415000E-01 2.685000E-01 0.000000E+00 0.000000E+00
1.027000E-01 2.411000E-01 2.661000E-01 0.000000E+00 0.000000E+00
1.073000E-01 2.507000E-01 2.741000E-01 0.000000E+00 0.000000E+00
1.106000E-01 2.570000E-01 2.784000E-01 3.863000E-18 1.886000E-21
1.156000E-01 2.668000E-01 2.857000E-01 3.964000E-18 1.936000E-21
1.155000E-01 2.654000E-01 2.819000E-01 0.000000E+00 0.000000E+00
1.198000E-01 2.736000E-01 2.876000E-01 0.000000E+00 0.000000E+00
1.225000E-01 2.784000E-01 2.902000E-01 4.028000E-18 0.000000E+00
1.252000E-01 2.832000E-01 2.927000E-01 0.000000E+00 0.000000E+00
1.280000E-01 2.880000E-01 2.950000E-01 0.000000E+00 0.000000E+00
1.305000E-01 2.923000E-01 2.970000E-01 0.000000E+00 0.000000E+00
1.328000E-01 2.962000E-01 2.988000E-01 0.000000E+00 0.000000E+00
1.358000E-01 3.012000E-01 3.010000E-01 0.000000E+00 0.000000E+00
1.372000E-01 3.030000E-01 3.004000E-01 0.000000E+00 2.053000E-21
1.405000E-01 3.089000E-01 3.038000E-01 0.000000E+00 2.093000E-21
1.419000E-01 3.105000E-01 3.029000E-01 0.000000E+00 0.000000E+00
1.454000E-01 3.165000E-01 3.062000E-01 0.000000E+00 0.000000E+00
1.470000E-01 3.189000E-01 3.067000E-01 0.000000E+00 0.000000E+00
1.406000E-01 3.038000E-01 2.903000E-01 0.000000E+00 0.000000E+00
1.504000E-01 3.237000E-01 3.073000E-01 0.000000E+00 0.000000E+00
1.522000E-01 3.266000E-01 3.084000E-01 2.266000E-18 3.319000E-21
1.564000E-01 3.345000E-01 3.141000E-01 4.642000E-18 2.267000E-21
1.560000E-01 3.319000E-01 3.092000E-01 0.000000E+00 1.125000E-21
1.581000E-01 3.354000E-01 3.108000E-01 0.000000E+00 1.137000E-21
1.591000E-01 3.364000E-01 3.100000E-01 4.668000E-18 2.279000E-21
1.613000E-01 3.399000E-01 3.116000E-01 0.000000E+00 0.000000E+00
1.623000E-01 3.408000E-01 3.107000E-01 4.729000E-18 1.155000E-21
1.645000E-01 3.444000E-01 3.122000E-01 4.779000E-18 2.333000E-21
1.645000E-01 3.436000E-01 3.107000E-01 0.000000E+00 1.164000E-21
1.662000E-01 3.464000E-01 3.119000E-01 0.000000E+00 1.174000E-21
1.680000E-01 3.492000E-01 3.131000E-01 0.000000E+00 0.000000E+00
1.693000E-01 3.512000E-01 3.141000E-01 0.000000E+00 0.000000E+00
1.692000E-01 3.504000E-01 3.125000E-01 0.000000E+00 0.000000E+00
1.691000E-01 3.496000E-01 3.109000E-01 0.000000E+00 0.000000E+00
1.717000E-01 3.544000E-01 3.143000E-01 2.459000E-18 0.000000E+00
1.716000E-01 3.536000E-01 3.126000E-01 0.000000E+00 0.000000E+00
1.730000E-01 3.562000E-01 3.145000E-01 0.000000E+00 0.000000E+00
1.736000E-01 3.568000E-01 3.141000E-01 2.476000E-18 0.000000E+00
1.953000E-01 4.012000E-01 3.527000E-01 0.000000E+00 0.000000E+00
1.753000E-01 3.596000E-01 3.155000E-01 0.000000E+00 0.000000E+00
1.764000E-01 3.613000E-01 3.162000E-01 0.000000E+00 1.224000E-21
1.763000E-01 3.607000E-01 3.150000E-01 0.000000E+00 0.000000E+00
1.765000E-01 3.610000E-01 3.153000E-01 0.000000E+00 0.000000E+00
1.787000E-01 3.650000E-01 3.181000E-01 0.000000E+00 2.474000E-21
1.786000E-01 3.644000E-01 3.168000E-01 0.000000E+00 0.000000E+00
1.788000E-01 3.647000E-01 3.171000E-01 0.000000E+00 0.000000E+00
1.787000E-01 3.641000E-01 3.159000E-01 0.000000E+00 0.000000E+00
1.798000E-01 3.658000E-01 3.167000E-01 0.000000E+00 0.000000E+00
1.799000E-01 3.662000E-01 3.170000E-01 0.000000E+00 0.000000E+00
1.834000E-01 3.727000E-01 3.219000E-01 0.000000E+00 0.000000E+00
1.836000E-01 3.731000E-01 3.222000E-01 0.000000E+00 0.000000E+00
1.823000E-01 3.700000E-01 3.189000E-01 0.000000E+00 0.000000E+00
1.825000E-01 3.704000E-01 3.192000E-01 0.000000E+00 0.000000E+00
1.836000E-01 3.722000E-01 3.200000E-01 5.165000E-18 1.261000E-21
1.838000E-01 3.726000E-01 3.203000E-01 0.000000E+00 1.262000E-21
1.838000E-01 3.720000E-01 3.191000E-01 0.000000E+00 0.000000E+00
1.840000E-01 3.724000E-01 3.194000E-01 0.000000E+00 0.000000E+00
1.839000E-01 3.718000E-01 3.182000E-01 0.000000E+00 0.000000E+00
1.841000E-01 3.722000E-01 3.186000E-01 0.000000E+00 0.000000E+00
1.866000E-01 3.765000E-01 3.214000E-01 0.000000E+00 1.276000E-21
1.866000E-01 3.759000E-01 3.201000E-01 0.000000E+00 0.000000E+00
1.868000E-01 3.764000E-01 3.205000E-01 0.000000E+00 0.000000E+00
1.881000E-01 3.783000E-01 3.212000E-01 0.000000E+00 0.000000E+00
1.946000E-01 3.907000E-01 3.309000E-01 0.000000E+00 0.000000E+00
1.948000E-01 3.912000E-01 3.313000E-01 0.000000E+00 0.000000E+00
1.910000E-01 3.827000E-01 3.232000E-01 0.000000E+00 1.297000E-21
1.923000E-01 3.848000E-01 3.241000E-01 2.670000E-18 0.000000E+00
1.926000E-01 3.853000E-01 3.245000E-01 0.000000E+00 0.000000E+00
1.926000E-01 3.848000E-01 3.232000E-01 0.000000E+00 0.000000E+00
1.953000E-01 3.894000E-01 3.262000E-01 2.702000E-18 2.639000E-21
1.956000E-01 3.900000E-01 3.267000E-01 0.000000E+00 0.000000E+00
1.957000E-01 3.895000E-01 3.254000E-01 5.406000E-18 2.640000E-21
1.958000E-01 3.891000E-01 3.241000E-01 0.000000E+00 0.000000E+00
1.961000E-01 3.897000E-01 3.246000E-01 0.000000E+00 1.320000E-21
1.975000E-01 3.918000E-01 3.255000E-01 0.000000E+00 0.000000E+00
1.964000E-01 3.889000E-01 3.221000E-01 0.000000E+00 0.000000E+00
1.967000E-01 3.895000E-01 3.226000E-01 5.406000E-18 1.320000E-21
2.008000E-01 3.970000E-01 3.279000E-01 2.754000E-18 2.690000E-21
2.023000E-01 3.992000E-01 3.288000E-01 0.000000E+00 0.000000E+00
2.027000E-01 4.000000E-01 3.294000E-01 2.775000E-18 0.000000E+00
2.029000E-01 3.996000E-01 3.282000E-01 0.000000E+00 0.000000E+00
2.031000E-01 3.993000E-01 3.270000E-01 5.541000E-18 1.353000E-21
2.035000E-01 4.001000E-01 3.276000E-01 0.000000E+00 0.000000E+00
2.064000E-01 4.052000E-01 3.308000E-01 0.000000E+00 0.000000E+00
2.069000E-01 4.060000E-01 3.315000E-01 0.000000E+00 0.000000E+00
2.071000E-01 4.057000E-01 3.303000E-01 0.000000E+00 0.000000E+00
2.075000E-01 4.066000E-01 3.310000E-01 0.000000E+00 0.000000E+00
2.092000E-01 4.091000E-01 3.321000E-01 2.839000E-18 1.386000E-21
2.004000E-01 3.912000E-01 3.167000E-01 0.000000E+00 0.000000E+00
2.009000E-01 3.922000E-01 3.175000E-01 0.000000E+00 2.658000E-21
2.131000E-01 4.153000E-01 3.352000E-01 2.881000E-18 1.407000E-21
2.136000E-01 4.163000E-01 3.360000E-01 0.000000E+00 0.000000E+00
2.154000E-01 4.190000E-01 3.372000E-01 0.000000E+00 0.000000E+00
2.160000E-01 4.201000E-01 3.380000E-01 0.000000E+00 1.423000E-21
2.163000E-01 4.200000E-01 3.370000E-01 0.000000E+00 0.000000E+00
2.169000E-01 4.211000E-01 3.379000E-01 0.000000E+00 0.000000E+00
2.203000E-01 4.269000E-01 3.414000E-01 0.000000E+00 0.000000E+00
2.209000E-01 4.281000E-01 3.424000E-01 0.000000E+00 0.000000E+00
2.216000E-01 4.293000E-01 3.434000E-01 0.000000E+00 0.000000E+00
2.220000E-01 4.294000E-01 3.424000E-01 2.979000E-18 1.455000E-21
2.225000E-01 4.295000E-01 3.415000E-01 0.000000E+00 0.000000E+00
2.232000E-01 4.309000E-01 3.425000E-01 0.000000E+00 0.000000E+00
2.239000E-01 4.323000E-01 3.436000E-01 0.000000E+00 0.000000E+00
2.260000E-01 4.354000E-01 3.451000E-01 0.000000E+00 0.000000E+00
2.268000E-01 4.369000E-01 3.462000E-01 3.032000E-18 1.480000E-21
2.320000E-01 4.462000E-01 3.526000E-01 0.000000E+00 0.000000E+00
2.329000E-01 4.478000E-01 3.538000E-01 3.107000E-18 1.517000E-21
2.337000E-01 4.495000E-01 3.550000E-01 3.119000E-18 3.046000E-21
2.328000E-01 4.468000E-01 3.519000E-01 3.101000E-18 1.514000E-21
2.337000E-01 4.486000E-01 3.533000E-01 0.000000E+00 0.000000E+00
2.347000E-01 4.504000E-01 3.546000E-01 0.000000E+00 0.000000E+00
2.370000E-01 4.540000E-01 3.564000E-01 0.000000E+00 0.000000E+00
2.381000E-01 4.560000E-01 3.579000E-01 0.000000E+00 0.000000E+00
2.391000E-01 4.580000E-01 3.594000E-01 0.000000E+00 0.000000E+00
2.400000E-01 4.588000E-01 3.589000E-01 3.183000E-18 0.000000E+00
2.411000E-01 4.609000E-01 3.605000E-01 0.000000E+00 0.000000E+00
2.421000E-01 4.619000E-01 3.602000E-01 0.000000E+00 0.000000E+00
2.433000E-01 4.642000E-01 3.619000E-01 0.000000E+00 0.000000E+00
2.446000E-01 4.665000E-01 3.637000E-01 3.237000E-18 1.581000E-21
2.459000E-01 4.690000E-01 3.655000E-01 3.254000E-18 0.000000E+00
2.503000E-01 4.764000E-01 3.701000E-01 0.000000E+00 0.000000E+00
2.517000E-01 4.790000E-01 3.721000E-01 0.000000E+00 0.000000E+00
2.531000E-01 4.817000E-01 3.741000E-01 3.343000E-18 3.264000E-21
2.545000E-01 4.833000E-01 3.741000E-01 0.000000E+00 0.000000E+00
2.560000E-01 4.862000E-01 3.763000E-01 6.748000E-18 4.942000E-21
2.577000E-01 4.893000E-01 3.785000E-01 3.395000E-18 0.000000E+00
2.594000E-01 4.924000E-01 3.809000E-01 0.000000E+00 0.000000E+00
2.626000E-01 4.975000E-01 3.836000E-01 0.000000E+00 0.000000E+00
2.644000E-01 5.009000E-01 3.861000E-01 0.000000E+00 0.000000E+00
2.664000E-01 5.045000E-01 3.887000E-01 0.000000E+00 0.000000E+00
2.683000E-01 5.082000E-01 3.914000E-01 0.000000E+00 0.000000E+00
2.655000E-01 5.017000E-01 3.851000E-01 0.000000E+00 0.000000E+00
2.676000E-01 5.056000E-01 3.880000E-01 3.509000E-18 3.426000E-21
2.699000E-01 5.098000E-01 3.910000E-01 0.000000E+00 1.727000E-21
2.722000E-01 5.140000E-01 3.941000E-01 0.000000E+00 0.000000E+00
2.819000E-01 5.317000E-01 4.069000E-01 3.690000E-18 1.802000E-21
2.852000E-01 5.374000E-01 4.104000E-01 3.729000E-18 0.000000E+00
2.879000E-01 5.422000E-01 4.139000E-01 0.000000E+00 0.000000E+00
2.907000E-01 5.473000E-01 4.176000E-01 0.000000E+00 0.000000E+00
2.936000E-01 5.526000E-01 4.214000E-01 0.000000E+00 0.000000E+00
2.966000E-01 5.582000E-01 4.254000E-01 0.000000E+00 0.000000E+00
2.997000E-01 5.633000E-01 4.284000E-01 0.000000E+00 0.000000E+00
3.048000E-01 5.719000E-01 4.340000E-01 0.000000E+00 0.000000E+00
3.082000E-01 5.783000E-01 4.385000E-01 8.025000E-18 1.959000E-21
3.119000E-01 5.848000E-01 4.432000E-01 0.000000E+00 0.000000E+00
3.157000E-01 5.917000E-01 4.481000E-01 0.000000E+00 0.000000E+00
3.196000E-01 5.976000E-01 4.508000E-01 0.000000E+00 0.000000E+00
3.238000E-01 6.052000E-01 4.561000E-01 4.199000E-18 0.000000E+00
3.282000E-01 6.131000E-01 4.617000E-01 4.254000E-18 0.000000E+00
3.329000E-01 6.214000E-01 4.674000E-01 0.000000E+00 0.000000E+00
3.378000E-01 6.301000E-01 4.734000E-01 0.000000E+00 2.135000E-21
3.440000E-01 6.403000E-01 4.795000E-01 0.000000E+00 0.000000E+00
3.523000E-01 6.544000E-01 4.885000E-01 2.271000E-18 0.000000E+00
3.581000E-01 6.645000E-01 4.953000E-01 0.000000E+00 0.000000E+00
3.642000E-01 6.751000E-01 5.025000E-01 0.000000E+00 0.000000E+00
3.706000E-01 6.863000E-01 5.099000E-01 0.000000E+00 1.163000E-21
3.774000E-01 6.980000E-01 5.177000E-01 2.422000E-18 1.183000E-21
3.848000E-01 7.091000E-01 5.230000E-01 2.460000E-18 0.000000E+00
3.923000E-01 7.221000E-01 5.315000E-01 5.010000E-18 0.000000E+00
4.003000E-01 7.358000E-01 5.405000E-01 0.000000E+00 0.000000E+00
4.087000E-01 7.502000E-01 5.499000E-01 0.000000E+00 0.000000E+00
4.177000E-01 7.655000E-01 5.598000E-01 0.000000E+00 0.000000E+00
4.275000E-01 7.803000E-01 5.671000E-01 0.000000E+00 1.322000E-21
4.375000E-01 7.973000E-01 5.779000E-01 0.000000E+00 1.351000E-21
4.482000E-01 8.153000E-01 5.893000E-01 0.000000E+00 0.000000E+00
4.594000E-01 8.342000E-01 6.013000E-01 2.894000E-18 0.000000E+00
4.736000E-01 8.572000E-01 6.148000E-01 5.948000E-18 1.452000E-21
4.864000E-01 8.785000E-01 6.280000E-01 0.000000E+00 0.000000E+00
5.002000E-01 9.003000E-01 6.401000E-01 3.124000E-18 4.576000E-21
5.146000E-01 9.241000E-01 6.546000E-01 3.206000E-18 0.000000E+00
5.299000E-01 9.493000E-01 6.699000E-01 0.000000E+00 0.000000E+00
5.461000E-01 9.759000E-01 6.859000E-01 0.000000E+00 0.000000E+00
5.635000E-01 1.004000E+00 7.027000E-01 0.000000E+00 0.000000E+00
5.833000E-01 1.035000E+00 7.197000E-01 0.000000E+00 1.754000E-21
6.029000E-01 1.067000E+00 7.382000E-01 0.000000E+00 5.422000E-21
6.212000E-01 1.094000E+00 7.519000E-01 3.797000E-18 1.854000E-21
6.434000E-01 1.130000E+00 7.720000E-01 0.000000E+00 0.000000E+00
6.670000E-01 1.167000E+00 7.930000E-01 4.049000E-18 0.000000E+00
6.921000E-01 1.206000E+00 8.148000E-01 0.000000E+00 0.000000E+00
7.187000E-01 1.248000E+00 8.375000E-01 0.000000E+00 2.114000E-21
7.468000E-01 1.291000E+00 8.609000E-01 0.000000E+00 0.000000E+00
7.765000E-01 1.337000E+00 8.849000E-01 0.000000E+00 0.000000E+00
8.078000E-01 1.384000E+00 9.095000E-01 0.000000E+00 0.000000E+00
8.428000E-01 1.439000E+00 9.399000E-01 0.000000E+00 0.000000E+00
8.767000E-01 1.490000E+00 9.648000E-01 0.000000E+00 5.047000E-21
9.116000E-01 1.541000E+00 9.891000E-01 2.673000E-17 1.305000E-20
9.451000E-01 1.590000E+00 1.014000E+00 0.000000E+00 0.000000E+00
9.799000E-01 1.639000E+00 1.035000E+00 1.138000E-17 8.331000E-21
1.013000E+00 1.685000E+00 1.052000E+00 5.844000E-18 1.141000E-20
1.053000E+00 1.727000E+00 1.056000E+00 0.000000E+00 0.000000E+00
1.105000E+00 1.761000E+00 1.031000E+00 1.833000E-17 5.966000E-21
1.147000E+00 1.778000E+00 9.980000E-01 6.170000E-18 3.013000E-21
1.184000E+00 1.771000E+00 9.382000E-01 1.229000E-17 0.000000E+00
1.201000E+00 1.731000E+00 8.624000E-01 0.000000E+00 0.000000E+00
1.187000E+00 1.637000E+00 7.577000E-01 1.136000E-17 5.547000E-21
1.158000E+00 1.510000E+00 6.423000E-01 0.000000E+00 2.558000E-21
1.094000E+00 1.328000E+00 5.107000E-01 4.609000E-18 2.250000E-21
9.854000E-01 1.123000E+00 3.919000E-01 3.895000E-18 3.804000E-21
8.513000E-01 9.177000E-01 2.934000E-01 0.000000E+00 0.000000E+00
7.134000E-01 7.350000E-01 2.177000E-01 0.000000E+00 2.490000E-21
5.824000E-01 5.800000E-01 1.618000E-01 4.041000E-18 3.947000E-21
4.721000E-01 4.568000E-01 1.209000E-01 1.638000E-18 1.599000E-21
3.832000E-01 3.616000E-01 9.115000E-02 1.330000E-18 1.298000E-21
3.143000E-01 2.908000E-01 7.049000E-02 0.000000E+00 0.000000E+00
2.600000E-01 2.341000E-01 5.437000E-02 0.000000E+00 8.811000E-22
2.178000E-01 1.880000E-01 4.167000E-02 7.555000E-19 0.000000E+00
1.839000E-01 1.527000E-01 3.241000E-02 0.000000E+00 0.000000E+00
1.564000E-01 1.240000E-01 2.497000E-02 0.000000E+00 2.650000E-22
1.346000E-01 1.012000E-01 1.921000E-02 0.000000E+00 0.000000E+00
1.159000E-01 8.216000E-02 1.457000E-02 0.000000E+00 0.000000E+00
9.996000E-02 6.677000E-02 1.105000E-02 3.468000E-19 0.000000E+00
8.666000E-02 5.396000E-02 8.215000E-03 0.000000E+00 0.000000E+00
7.520000E-02 4.339000E-02 6.032000E-03 0.000000E+00 0.000000E+00
6.495000E-02 3.454000E-02 4.339000E-03 1.127000E-19 5.502000E-23
5.765000E-02 2.801000E-02 3.127000E-03 0.000000E+00 0.000000E+00
4.965000E-02 2.200000E-02 2.154000E-03 0.000000E+00 0.000000E+00
4.373000E-02 1.720000E-02 1.014000E-03 0.000000E+00 0.000000E+00
3.759000E-02 1.369000E-02 9.617000E-04 0.000000E+00 0.000000E+00
3.231000E-02 1.060000E-02 5.949000E-04 0.000000E+00 0.000000E+00
2.783000E-02 8.197000E-03 3.393000E-04 0.000000E+00 0.000000E+00
2.304000E-02 6.422000E-03 2.174000E-04 0.000000E+00 9.759000E-24
1.836000E-02 5.118000E-03 1.733000E-04 1.593000E-20 0.000000E+00
1.423000E-02 3.966000E-03 1.343000E-04 0.000000E+00 0.000000E+00
1.074000E-02 2.993000E-03 1.013000E-04 9.314000E-21 4.548000E-24
7.780000E-03 2.168000E-03 7.341000E-05 0.000000E+00 0.000000E+00
5.394000E-03 1.503000E-03 5.090000E-05 0.000000E+00 0.000000E+00
3.532000E-03 9.845000E-04 3.333000E-05 0.000000E+00 1.496000E-24
2.246000E-03 6.260000E-04 2.120000E-05 0.000000E+00 0.000000E+00
1.399000E-03 3.901000E-04 1.321000E-05 1.214000E-21 5.927000E-25
8.441000E-04 2.353000E-04 7.965000E-06 1.464000E-21 3.575000E-25
4.614000E-04 1.286000E-04 4.354000E-06 0.000000E+00 0.000000E+00
3.066000E-04 8.546000E-05 2.893000E-06 0.000000E+00 0.000000E+00
1.903000E-04 5.303000E-05 1.796000E-06 0.000000E+00 0.000000E+00
1.190000E-04 3.318000E-05 1.123000E-06 0.000000E+00 0.000000E+00
7.734000E-05 2.156000E-05 7.298000E-07 0.000000E+00 0.000000E+00
4.913000E-05 1.369000E-05 4.636000E-07 8.523000E-23 0.000000E+00
3.441000E-05 9.590000E-06 3.247000E-07 2.985000E-23 2.915000E-26
2.440000E-05 6.801000E-06 2.303000E-07 0.000000E+00 0.000000E+00
1.785000E-05 4.974000E-06 1.684000E-07 1.548000E-23 7.558000E-27
1.454000E-05 4.054000E-06 1.372000E-07 1.261000E-23 0.000000E+00
1.224000E-05 3.410000E-06 1.155000E-07 0.000000E+00 0.000000E+00
1.174000E-05 3.271000E-06 1.107000E-07 0.000000E+00 0.000000E+00
1.130000E-05 3.149000E-06 1.066000E-07 0.000000E+00 0.000000E+00
1.113000E-05 3.101000E-06 1.050000E-07 0.000000E+00 0.000000E+00
1.119000E-05 3.119000E-06 1.056000E-07 9.707000E-24 9.479000E-27
1.131000E-05 3.154000E-06 1.068000E-07 0.000000E+00 0.000000E+00
1.154000E-05 3.217000E-06 1.089000E-07 0.000000E+00 0.000000E+00
1.163000E-05 3.242000E-06 1.097000E-07 1.009000E-23 9.851000E-27
1.358000E-05 3.790000E-06 1.292000E-07 1.178000E-23 0.000000E+00
1.357000E-05 3.789000E-06 1.290000E-07 1.177000E-23 0.000000E+00
1.357000E-05 3.788000E-06 1.290000E-07 0.000000E+00 0.000000E+00
1.357000E-05 3.788000E-06 1.289000E-07 0.000000E+00 0.000000E+00
1.357000E-05 3.788000E-06 1.289000E-07 1.177000E-23 0.000000E+00
1.357000E-05 3.788000E-06 1.289000E-07 0.000000E+00 0.000000E+00
1.357000E-05 3.788000E-06 1.289000E-07 0.000000E+00 0.000000E+00
1.357000E-05 3.841000E-06 1.382000E-07 2.354000E-23 1.149000E-26
1.365000E-05 3.905000E-06 1.460000E-07 0.000000E+00 0.000000E+00
1.390000E-05 4.037000E-06 1.592000E-07 1.206000E-23 1.178000E-26
1.367000E-05 4.028000E-06 1.670000E-07 1.185000E-23 1.158000E-26
1.377000E-05 4.162000E-06 1.870000E-07 2.389000E-23 0.000000E+00
1.375000E-05 4.092000E-06 1.751000E-07 1.193000E-23 5.824000E-27
