1.076000E+02
1.076000E+02
1.076000E+02
1.076000E+02
1.076000E+02
1.076000E+02
1.076000E+02
1.076000E+02
1.076000E+02
1.076000E+02
1.073000E+02
1.071000E+02
1.071000E+02
1.071000E+02
1.071000E+02
1.071000E+02
1.071000E+02
1.071000E+02
1.068000E+02
1.066000E+02
1.066000E+02
1.061000E+02
1.061000E+02
1.059000E+02
1.057000E+02
1.053000E+02
1.049000E+02
1.046000E+02
1.038000E+02
1.030000E+02
1.023000E+02
1.011000E+02
9.997000E+01
9.844000E+01
9.691000E+01
9.499000E+01
9.308000E+01
9.079000E+01
8.926000E+01
8.734000E+01
8.581000E+01
8.428000E+01
8.275000E+01
8.131000E+01
8.013000E+01
7.866000E+01
7.749000E+01
7.631000E+01
7.513000E+01
7.395000E+01
7.307000E+01
7.219000E+01
7.131000E+01
7.057000E+01
6.983000E+01
6.895000E+01
6.836000E+01
6.777000E+01
6.719000E+01
6.660000E+01
6.601000E+01
6.571000E+01
6.527000E+01
6.483000E+01
6.454000E+01
6.424000E+01
6.395000E+01
6.365000E+01
6.336000E+01
6.321000E+01
6.292000E+01
6.277000E+01
6.254000E+01
6.232000E+01
6.209000E+01
6.209000E+01
6.186000E+01
6.164000E+01
6.164000E+01
6.141000E+01
6.118000E+01
6.118000E+01
6.096000E+01
6.096000E+01
6.073000E+01
6.073000E+01
6.050000E+01
6.050000E+01
6.028000E+01
6.028000E+01
6.005000E+01
6.005000E+01
5.982000E+01
5.960000E+01
5.960000E+01
5.937000E+01
5.914000E+01
5.914000E+01
5.891000E+01
5.869000E+01
5.869000E+01
5.846000E+01
5.823000E+01
5.823000E+01
5.800000E+01
5.778000E+01
5.778000E+01
5.755000E+01
5.732000E+01
5.732000E+01
5.709000E+01
5.687000E+01
5.686000E+01
5.664000E+01
5.641000E+01
5.641000E+01
5.618000E+01
5.618000E+01
5.595000E+01
5.595000E+01
5.572000E+01
5.549000E+01
5.549000E+01
5.526000E+01
5.526000E+01
5.503000E+01
5.502000E+01
5.479000E+01
5.479000E+01
5.456000E+01
5.456000E+01
5.455000E+01
5.432000E+01
5.409000E+01
5.409000E+01
5.408000E+01
5.385000E+01
5.385000E+01
5.361000E+01
5.361000E+01
5.360000E+01
5.337000E+01
5.336000E+01
5.335000E+01
5.312000E+01
5.311000E+01
5.310000E+01
5.287000E+01
5.286000E+01
5.262000E+01
5.261000E+01
5.260000E+01
5.258000E+01
5.234000E+01
5.233000E+01
5.232000E+01
5.207000E+01
5.206000E+01
5.204000E+01
5.202000E+01
5.177000E+01
5.175000E+01
5.173000E+01
5.171000E+01
5.146000E+01
5.143000E+01
5.140000E+01
5.137000E+01
5.123000E+01
5.108000E+01
5.105000E+01
5.101000E+01
5.097000E+01
5.093000E+01
5.078000E+01
5.062000E+01
5.057000E+01
5.052000E+01
5.046000E+01
5.018000E+01
5.012000E+01
5.006000E+01
4.999000E+01
4.992000E+01
4.973000E+01
4.954000E+01
4.945000E+01
4.936000E+01
4.927000E+01
4.917000E+01
4.885000E+01
4.873000E+01
4.862000E+01
4.849000E+01
4.836000E+01
4.801000E+01
4.786000E+01
4.771000E+01
4.755000E+01
4.727000E+01
4.710000E+01
4.680000E+01
4.660000E+01
4.640000E+01
4.618000E+01
4.595000E+01
4.560000E+01
4.535000E+01
4.498000E+01
4.470000E+01
4.441000E+01
4.410000E+01
4.377000E+01
4.344000E+01
4.308000E+01
4.271000E+01
4.242000E+01
4.201000E+01
4.159000E+01
4.124000E+01
4.078000E+01
4.030000E+01
3.944000E+01
3.787000E+01
3.641000E+01
3.457000E+01
3.274000E+01
3.073000E+01
2.875000E+01
2.670000E+01
2.500000E+01
2.362000E+01
2.257000E+01
2.181000E+01
2.120000E+01
2.067000E+01
2.027000E+01
1.977000E+01
1.910000E+01
1.852000E+01
1.785000E+01
1.716000E+01
1.644000E+01
1.577000E+01
1.504000E+01
1.432000E+01
1.362000E+01
1.293000E+01
1.230000E+01
1.162000E+01
1.117000E+01
1.067000E+01
1.021000E+01
9.544000E+00
8.829000E+00
8.152000E+00
7.577000E+00
7.118000E+00
6.786000E+00
6.592000E+00
6.452000E+00
6.382000E+00
6.379000E+00
6.404000E+00
6.474000E+00
6.553000E+00
6.659000E+00
6.772000E+00
6.894000E+00
7.056000E+00
7.241000E+00
7.413000E+00
7.546000E+00
7.531000E+00
7.975000E+00
8.123000E+00
8.254000E+00
8.406000E+00
8.511000E+00
8.636000E+00
8.747000E+00
1.001000E+01
1.001000E+01
1.001000E+01
1.001000E+01
1.000000E+01
1.000000E+01
1.000000E+01
1.006000E+01
1.010000E+01
1.016000E+01
1.021000E+01
1.025000E+01
1.032000E+01
