   0.9477111950513377E+00   0.6670198015146562E-03   0.3010837097825913E-03   0.1204113910035345E-20   0.6271426614767419E-23 
   0.9477112018198645E+00   0.6670141714802707E-03   0.3010814437146382E-03   0.3010284796587731E-21   0.0000000000000000E+00 
   0.9477112022220321E+00   0.6670138360035444E-03   0.3010813088206615E-03   0.0000000000000000E+00   0.0000000000000000E+00 
   0.9477112026491548E+00   0.6670134803955500E-03   0.3010811658554527E-03   0.1003428266407289E-21   0.0000000000000000E+00 
   0.9477112030998502E+00   0.6670131035031611E-03   0.3010810143364730E-03   0.3010284800653444E-20   0.7839283335035009E-23 
   0.9477112035822195E+00   0.6670127039430040E-03   0.3010808537427963E-03   0.0000000000000000E+00   0.0000000000000000E+00 
   0.9477112040892377E+00   0.6670122804173141E-03   0.3010806835223973E-03   0.7023997875524251E-21   0.7839283343219031E-24 
   0.9477112046289229E+00   0.6670118313914978E-03   0.3010805030938052E-03   0.0000000000000000E+00   0.0000000000000000E+00 
   0.9477112051934068E+00   0.6670113553359106E-03   0.3010803118356102E-03   0.7023997883707843E-21   0.3919641676176252E-23 
   0.9477112058080195E+00   0.6670108506607393E-03   0.3010801090991182E-03   0.0000000000000000E+00   0.0000000000000000E+00 
   0.9477112064594020E+00   0.6670103155168140E-03   0.3010798941734523E-03   0.0000000000000000E+00   0.0000000000000000E+00 
   0.9477112071338696E+00   0.6670097480903774E-03   0.3010796663145095E-03   0.1705828060964631E-20   0.8623211705243999E-23 
   0.9477112078575867E+00   0.6670091463652891E-03   0.3010794247364995E-03   0.2006856543843861E-21   0.3919641687195042E-23 
   0.9477112086332601E+00   0.6670085082682312E-03   0.3010791686051087E-03   0.2608913509132338E-20   0.0000000000000000E+00 
   0.9477112094294635E+00   0.6670078315108416E-03   0.3010788970109324E-03   0.0000000000000000E+00   0.0000000000000000E+00 
   0.9477112102926051E+00   0.6670071137010505E-03   0.3010786090175229E-03   0.0000000000000000E+00   0.8623211733985292E-23 
   0.9477112112019951E+00   0.6670063523087787E-03   0.3010783036088172E-03   0.1304456758101849E-20   0.0000000000000000E+00 
   0.9477112121733858E+00   0.6670055446331373E-03   0.3010779797128923E-03   0.0000000000000000E+00   0.9407140092107444E-23 
   0.9477112132004211E+00   0.6670046877436879E-03   0.3010776361820630E-03   0.1906513727399865E-20   0.2273392191389642E-22 
   0.9477112142891686E+00   0.6670037786004132E-03   0.3010772718051786E-03   0.0000000000000000E+00   0.0000000000000000E+00 
   0.9477112154685718E+00   0.6670028138814086E-03   0.3010768852779270E-03   0.1806170903964674E-20   0.1175892515602001E-22 
   0.9477112166733496E+00   0.6670017900677849E-03   0.3010764752053921E-03   0.4013713125023931E-21   0.7839283447312365E-23 
   0.9477112179764987E+00   0.6670007034617281E-03   0.3010760401316165E-03   0.1806170908744342E-20   0.1411071022456517E-22 
   0.9477112193572429E+00   0.6669995500544369E-03   0.3010755784792354E-03   0.2006856568195330E-21   0.6271426775610408E-23 
   0.9477112208213991E+00   0.6669983256153486E-03   0.3010750885850703E-03   0.0000000000000000E+00   0.0000000000000000E+00 
   0.9477112223791693E+00   0.6669970255380503E-03   0.3010745686402361E-03   0.0000000000000000E+00   0.0000000000000000E+00 
   0.9477112240323735E+00   0.6669956449624449E-03   0.3010740167457936E-03   0.1505142433571479E-20   0.1489463866555109E-22 
   0.9477112257851187E+00   0.6669941787003712E-03   0.3010734308646104E-03   0.5017141454517218E-21   0.3919641761341576E-23 
   0.9477112276455959E+00   0.6669926211715526E-03   0.3010728088172158E-03   0.0000000000000000E+00   0.4703570122843596E-23 
   0.9477112296394450E+00   0.6669909664621359E-03   0.3010721482974683E-03   0.1505142442476555E-20   0.4703570132739235E-23 
   0.9477112317001154E+00   0.6669892080389304E-03   0.3010714467628258E-03   0.0000000000000000E+00   0.0000000000000000E+00 
   0.9477112339631296E+00   0.6669873391926212E-03   0.3010707016054048E-03   0.3210970558599198E-20   0.1881428061679217E-22 
   0.9477112363331469E+00   0.6669853524687281E-03   0.3010699099301858E-03   0.1705828113521725E-20   0.1332678213688847E-22 
   0.9477112388547663E+00   0.6669832400348386E-03   0.3010690687098491E-03   0.0000000000000000E+00   0.3135713452317097E-23 
   0.9477112415385521E+00   0.6669809933956412E-03   0.3010681746579551E-03   0.0000000000000000E+00   0.0000000000000000E+00 
   0.9477112443881973E+00   0.6669786033616226E-03   0.3010672242307055E-03   0.0000000000000000E+00   0.0000000000000000E+00 
   0.9477112474213081E+00   0.6669760601306435E-03   0.3010662136624384E-03   0.1605485302098640E-20   0.7839283701653516E-23 
   0.9477112506478634E+00   0.6669733530985809E-03   0.3010651388807602E-03   0.0000000000000000E+00   0.0000000000000000E+00 
   0.9477112540789467E+00   0.6669704708731906E-03   0.3010639955264319E-03   0.1505142481291049E-20   0.7839283756724211E-23 
   0.9477112577363810E+00   0.6669674011611806E-03   0.3010627789089218E-03   0.2408227979359580E-20   0.1724642433135116E-22 
   0.9477112616292133E+00   0.6669641304808456E-03   0.3010614838915949E-03   0.6020569973129128E-21   0.0000000000000000E+00 
   0.9477112657717517E+00   0.6669606444270231E-03   0.3010601050094078E-03   0.0000000000000000E+00   0.0000000000000000E+00 
   0.9477112701833723E+00   0.6669569274419443E-03   0.3010586363713196E-03   0.0000000000000000E+00   0.0000000000000000E+00 
   0.9477112748812854E+00   0.6669529624128860E-03   0.3010570715201391E-03   0.4013713371544128E-21   0.1097499750031597E-22 
   0.9477112799061466E+00   0.6669487310924121E-03   0.3010554035948462E-03   0.0000000000000000E+00   0.0000000000000000E+00 
   0.9477112852848953E+00   0.6669442131163501E-03   0.3010536249550495E-03   0.0000000000000000E+00   0.2351785204456131E-23 
   0.9477112909765586E+00   0.6669393866951047E-03   0.3010517274589792E-03   0.0000000000000000E+00   0.0000000000000000E+00 
   0.9477112970796646E+00   0.6669342278617598E-03   0.3010497021845736E-03   0.1505142549584220E-20   0.1097499775738494E-22 
   0.9477113035777776E+00   0.6669287104788361E-03   0.3010475394311284E-03   0.0000000000000000E+00   0.0000000000000000E+00 
   0.9477113105718942E+00   0.6669228059225814E-03   0.3010452286231137E-03   0.1103771218742427E-20   0.3919642112011461E-23 
   0.9477113180266961E+00   0.6669164824472200E-03   0.3010427580610994E-03   0.2207542454849627E-20   0.1803035385708147E-22 
   0.9477113260260901E+00   0.6669097054973561E-03   0.3010401150742301E-03   0.0000000000000000E+00   0.0000000000000000E+00 
   0.9477113345833531E+00   0.6669024366134722E-03   0.3010372856053528E-03   0.0000000000000000E+00   0.0000000000000000E+00 
   0.9477113437332908E+00   0.6668946335416713E-03   0.3010342542825213E-03   0.0000000000000000E+00   0.0000000000000000E+00 
   0.9477113535649165E+00   0.6668862493788393E-03   0.3010310003937470E-03   0.1605485481912907E-20   0.4703570747791720E-23 
   0.9477113641258309E+00   0.6668772314698464E-03   0.3010275155543948E-03   0.0000000000000000E+00   0.0000000000000000E+00 
   0.9477220433632173E+00   0.6598828090930678E-03   0.2973203756116387E-03   0.2207567437811488E-20   0.7839373003591931E-24 
   0.9477220554392932E+00   0.6598724007993089E-03   0.2973163708269328E-03   0.1103783732970391E-20   0.7839373103482890E-23 
   0.9477220684426770E+00   0.6598611664240038E-03   0.2973120624864645E-03   0.1003439771013678E-21   0.0000000000000000E+00 
   0.9477220824713036E+00   0.6598490240392928E-03   0.2973074173334074E-03   0.3211007314774606E-20   0.2038237065042474E-22 
   0.9477220976322266E+00   0.6598358801532841E-03   0.2973023999971735E-03   0.0000000000000000E+00   0.0000000000000000E+00 
   0.9477221140296342E+00   0.6598216292821889E-03   0.2972969793372947E-03   0.0000000000000000E+00   0.0000000000000000E+00 
   0.9477221317931263E+00   0.6598061508392072E-03   0.2972911117984629E-03   0.0000000000000000E+00   0.1567874747013399E-23 
   0.9477221510692254E+00   0.6597893064081292E-03   0.2972847487899321E-03   0.0000000000000000E+00   0.0000000000000000E+00 
   0.9477221720402116E+00   0.6597709370124740E-03   0.2972778337588609E-03   0.0000000000000000E+00   0.7055436661184773E-23 
   0.9477221948904072E+00   0.6597508570898459E-03   0.2972703035574829E-03   0.0000000000000000E+00   0.5487561979896828E-23 
   0.9477222198647751E+00   0.6597288514304633E-03   0.2972620850045024E-03   0.0000000000000000E+00   0.0000000000000000E+00 
   0.9477222473775668E+00   0.6597046673545370E-03   0.2972530882551693E-03   0.2608943897217741E-20   0.2351812407347723E-22 
   0.9477222772871337E+00   0.6596780055946308E-03   0.2972432149021951E-03   0.3010319976409043E-21   0.3135749975426086E-23 
   0.9477223103836308E+00   0.6596485109858334E-03   0.2972323431313852E-03   0.0000000000000000E+00   0.0000000000000000E+00 
   0.9477223469829186E+00   0.6596157547661674E-03   0.2972203281215989E-03   0.1204128079115556E-20   0.9407250618090283E-23 
   0.9477223876450490E+00   0.6595792189282255E-03   0.2972069911493864E-03   0.0000000000000000E+00   0.0000000000000000E+00 
   0.9477224330124742E+00   0.6595382689493907E-03   0.2971921220449546E-03   0.0000000000000000E+00   0.0000000000000000E+00 
   0.9477224838758501E+00   0.6594921188009330E-03   0.2971754551926053E-03   0.0000000000000000E+00   0.5487563653198918E-23 
   0.9477225412125369E+00   0.6594397831780564E-03   0.2971566619195513E-03   0.0000000000000000E+00   0.0000000000000000E+00 
   0.9477226063223030E+00   0.6593800069282398E-03   0.2971353204281000E-03   0.1103784374567473E-20   0.6271502128224276E-23 
   0.9477226808091581E+00   0.6593111710027446E-03   0.2971108918798874E-03   0.0000000000000000E+00   0.0000000000000000E+00 
   0.9477227667698878E+00   0.6592311441459654E-03   0.2970826655029263E-03   0.5017202551981862E-21   0.3135751594988664E-23 
   0.9477228670261342E+00   0.6591370660169749E-03   0.2970496921210829E-03   0.0000000000000000E+00   0.0000000000000000E+00 
   0.9477229854053479E+00   0.6590250027310751E-03   0.2970106641210513E-03   0.0000000000000000E+00   0.0000000000000000E+00 
   0.9477231272625924E+00   0.6588893805898595E-03   0.2969637347716995E-03   0.3010322676248610E-21   0.1332694934797562E-22 
   0.9477233002788665E+00   0.6587220528333380E-03   0.2969062018102703E-03   0.1605505720433561E-20   0.1803058182127535E-22 
   0.9477235161460361E+00   0.6585106048604436E-03   0.2968339588717535E-03   0.0000000000000000E+00   0.3135754074466349E-23 
   0.9477237932752183E+00   0.6582351176089400E-03   0.2967404122515617E-03   0.1705850715326984E-20   0.7055448730672266E-23 
   0.9477241625285280E+00   0.6578615067802945E-03   0.2966142869196191E-03   0.0000000000000000E+00   0.0000000000000000E+00 
   0.9477245693271287E+00   0.6574430383125705E-03   0.2964731690406292E-03   0.0000000000000000E+00   0.0000000000000000E+00 
   0.9477251256468530E+00   0.6568588848035347E-03   0.2962771108450885E-03   0.0000000000000000E+00   0.0000000000000000E+00 
   0.9477258276725087E+00   0.6561055504704223E-03   0.2960249219950409E-03   0.0000000000000000E+00   0.0000000000000000E+00 
   0.9477267283411465E+00   0.6551171680873012E-03   0.2956947837310003E-03   0.0000000000000000E+00   0.0000000000000000E+00 
   0.9477279063679285E+00   0.6537960440095473E-03   0.2952543156712117E-03   0.4013783808629870E-21   0.0000000000000000E+00 
   0.9477294824691140E+00   0.6519949571748775E-03   0.2946546840411322E-03   0.1906550479747065E-20   0.5487604176903559E-23 
   0.9477316480748154E+00   0.6494890802084774E-03   0.2938212281581312E-03   0.1605519862149972E-20   0.2351835735571249E-23 
   0.9477347152997116E+00   0.6459332585266602E-03   0.2926391284435525E-03   0.3010359484183238E-21   0.7839477823393848E-23 
   0.9477392013199627E+00   0.6408031987327205E-03   0.2909335063017115E-03   0.8027663289224847E-21   0.7839514930883639E-23 
   0.9477453440616477E+00   0.6339914053789446E-03   0.2886666537125493E-03   0.0000000000000000E+00   0.0000000000000000E+00 
   0.9477540892665374E+00   0.6247262722899443E-03   0.2855787259235968E-03   0.9031263069417193E-21   0.7055674272982182E-23 
   0.9477664718165472E+00   0.6123307524485925E-03   0.2814378750185235E-03   0.7024407494401322E-21   0.9407688608573199E-23 
   0.9477832494305398E+00   0.5965326124616858E-03   0.2761430835911096E-03   0.0000000000000000E+00   0.0000000000000000E+00 
   0.9478043905158865E+00   0.5777560220971129E-03   0.2698237243735453E-03   0.7024688530293325E-21   0.2352016248982140E-23 
   0.9478202244397572E+00   0.5626779460335149E-03   0.2660442989094737E-03   0.2007087395436100E-21   0.0000000000000000E+00 
   0.9478358384128431E+00   0.5486366482998856E-03   0.2625699538901969E-03   0.0000000000000000E+00   0.0000000000000000E+00 
   0.9478600090456637E+00   0.5296258468357833E-03   0.2560658139823684E-03   0.0000000000000000E+00   0.0000000000000000E+00 
   0.9478809216468775E+00   0.5135297581359245E-03   0.2505334936846579E-03   0.2007215926771693E-21   0.6272549771161541E-23 
   0.9478992910613223E+00   0.4996138875187502E-03   0.2457313591366583E-03   0.0000000000000000E+00   0.0000000000000000E+00 
   0.9479078320288881E+00   0.4918830327027227E-03   0.2443078513627994E-03   0.0000000000000000E+00   0.7840909811414681E-24 
   0.9479135256715052E+00   0.4868772404468510E-03   0.2438105755290545E-03   0.0000000000000000E+00   0.0000000000000000E+00 
   0.9479260550705487E+00   0.4776710517443576E-03   0.2405984081111498E-03   0.0000000000000000E+00   0.0000000000000000E+00 
   0.9479372175205802E+00   0.4695195268336118E-03   0.2377467976539132E-03   0.0000000000000000E+00   0.0000000000000000E+00 
   0.9479473063531749E+00   0.4621901771009329E-03   0.2351766134849600E-03   0.0000000000000000E+00   0.0000000000000000E+00 
   0.9479565585873025E+00   0.4554986808339116E-03   0.2328248067792152E-03   0.0000000000000000E+00   0.0000000000000000E+00 
   0.9479651613606829E+00   0.4493014466788694E-03   0.2306420695567656E-03   0.3011091466956516E-21   0.0000000000000000E+00 
   0.9479596034806044E+00   0.4504310669236488E-03   0.2334575593851756E-03   0.0000000000000000E+00   0.0000000000000000E+00 
   0.9479677775469951E+00   0.4446165439763654E-03   0.2313980860507742E-03   0.0000000000000000E+00   0.0000000000000000E+00 
   0.9479755999630279E+00   0.4390684458193284E-03   0.2294291876949842E-03   0.1003708207952309E-20   0.1137013204320975E-22 
   0.9479831511263970E+00   0.4337272870180915E-03   0.2275301822796603E-03   0.2007432406115027E-21   0.0000000000000000E+00 
   0.9479904929518866E+00   0.4285474295941841E-03   0.2256851664276249E-03   0.0000000000000000E+00   0.0000000000000000E+00 
   0.9479889861544483E+00   0.4299706380569194E-03   0.2273706570287980E-03   0.0000000000000000E+00   0.0000000000000000E+00 
   0.9479959558928638E+00   0.4250520035560718E-03   0.2256120768265385E-03   0.6022378563788176E-21   0.3920819377466260E-24 
   0.9480028432990150E+00   0.4202021992369476E-03   0.2238751158813466E-03   0.0000000000000000E+00   0.1960423931555228E-23 
   0.9480029473147940E+00   0.4194217670304521E-03   0.2247667448585464E-03   0.0000000000000000E+00   0.0000000000000000E+00 
   0.9480097961032175E+00   0.4146195861172096E-03   0.2230398670253436E-03   0.1907114387595735E-20   0.1489933115309168E-22 
   0.9480166063929572E+00   0.4098538419624193E-03   0.2213231275426969E-03   0.0000000000000000E+00   0.3528814307339560E-23 
   0.9480233857588837E+00   0.4051188532340969E-03   0.2196144936537406E-03   0.1304886444071190E-20   0.4313026107206458E-23 
   0.9480301392982672E+00   0.4004107262462410E-03   0.2179125595498421E-03   0.2007531907439290E-21   0.2352576454030418E-23 
   0.9480368702773725E+00   0.3957268844529496E-03   0.2162163811902780E-03   0.0000000000000000E+00   0.0000000000000000E+00 
   0.9480368743234502E+00   0.3952022145018750E-03   0.2171734381408712E-03   0.1003773084704933E-21   0.0000000000000000E+00 
   0.9480378718704511E+00   0.3937365762697103E-03   0.2177870596900388E-03   0.6022644845393422E-21   0.1960496368943171E-23 
   0.9480446635123666E+00   0.3890346688501138E-03   0.2160728594666792E-03   0.0000000000000000E+00   0.0000000000000000E+00 
   0.9480514293523639E+00   0.3843582965962210E-03   0.2143646931302048E-03   0.2007576990882462E-21   0.2744734167222116E-23 
   0.9480581669182189E+00   0.3797089409754626E-03   0.2126630549958067E-03   0.0000000000000000E+00   0.0000000000000000E+00 
   0.9480648730443748E+00   0.3750885634005203E-03   0.2109686120434719E-03   0.7026619106526695E-21   0.4313214853336699E-23 
   0.9480651256485191E+00   0.3744146055736494E-03   0.2118432811521064E-03   0.0000000000000000E+00   0.0000000000000000E+00 
   0.9480654984783278E+00   0.3736603166530635E-03   0.2126830860763143E-03   0.0000000000000000E+00   0.0000000000000000E+00 
   0.9480722038679318E+00   0.3690547894254515E-03   0.2109817732220526E-03   0.6022862947891006E-21   0.3136907785359899E-23 
   0.9480788629022803E+00   0.3644877663635544E-03   0.2092908758264673E-03   0.6022905251052182E-21   0.5097510954666560E-23 
   0.9480854713347397E+00   0.3599619538411182E-03   0.2076113262796038E-03   0.0000000000000000E+00   0.0000000000000000E+00 
   0.9480920253682227E+00   0.3554797502285671E-03   0.2059439413741569E-03   0.4015325912579723E-21   0.1176365013451091E-23 
   0.9480884524061337E+00   0.3565411815909982E-03   0.2085490857326560E-03   0.0000000000000000E+00   0.0000000000000000E+00 
   0.9480949036694022E+00   0.3520910821279736E-03   0.2068830732042956E-03   0.8030676205318757E-21   0.1176368584763490E-23 
   0.9481012886286868E+00   0.3476933322570000E-03   0.2052322097928642E-03   0.0000000000000000E+00   0.0000000000000000E+00 
   0.9481076040230164E+00   0.3433500154556483E-03   0.2035971885514454E-03   0.0000000000000000E+00   0.0000000000000000E+00 
   0.9481138470352839E+00   0.3390629097878943E-03   0.2019785844458560E-03   0.4015418330934547E-21   0.3921306963803269E-24 
   0.9481136794302514E+00   0.3387376974958953E-03   0.2029218795611600E-03   0.2007708810549812E-21   0.0000000000000000E+00 
   0.9481145560935944E+00   0.3375359677330339E-03   0.2035377105161284E-03   0.0000000000000000E+00   0.0000000000000000E+00 
   0.9481206858526178E+00   0.3333404367980512E-03   0.2019375005455308E-03   0.1003861823613139E-21   0.0000000000000000E+00 
   0.9481267322123998E+00   0.3292082514569742E-03   0.2003559088300290E-03   0.0000000000000000E+00   0.0000000000000000E+00 
   0.9481326937025678E+00   0.3251402867418594E-03   0.1987931426915075E-03   0.0000000000000000E+00   0.0000000000000000E+00 
   0.9481331085602102E+00   0.3243505137242296E-03   0.1995353874265145E-03   0.1204649971999705E-20   0.5882079941404807E-23 
   0.9481335447720691E+00   0.3235490215827741E-03   0.2002657888128535E-03   0.0000000000000000E+00   0.0000000000000000E+00 
   0.9481393401334324E+00   0.3196082427943127E-03   0.1987324085996015E-03   0.1204657889521453E-20   0.1960706200392990E-23 
   0.9481450459023991E+00   0.3157346235249734E-03   0.1972183336175872E-03   0.0000000000000000E+00   0.0000000000000000E+00 
   0.9481506619444984E+00   0.3119281754230454E-03   0.1957233925244491E-03   0.0000000000000000E+00   0.3921459226699044E-23 
   0.9481561881551446E+00   0.3081889027998566E-03   0.1942473999240919E-03   0.0000000000000000E+00   0.0000000000000000E+00 
   0.9481519863622987E+00   0.3099099870892215E-03   0.1969657487884649E-03   0.1003894964316846E-21   0.3921464704362681E-24 
   0.9481574145870029E+00   0.3062481727434561E-03   0.1955035532975003E-03   0.0000000000000000E+00   0.0000000000000000E+00 
   0.9481627522248980E+00   0.3026539985112589E-03   0.1940597780753583E-03   0.0000000000000000E+00   0.0000000000000000E+00 
   0.9481680003919101E+00   0.2991266958545113E-03   0.1926338773204445E-03   0.3513691719405771E-21   0.0000000000000000E+00 
   0.9481731601797122E+00   0.2956655282140701E-03   0.1912253019712507E-03   0.0000000000000000E+00   0.0000000000000000E+00 
   0.9481736068079444E+00   0.2948337163097524E-03   0.1918654092463528E-03   0.0000000000000000E+00   0.3921554124430045E-24 
   0.9481726066973494E+00   0.2952452228921044E-03   0.1929566798764674E-03   0.0000000000000000E+00   0.0000000000000000E+00 
   0.9481776115243417E+00   0.2919018293581305E-03   0.1915658767837668E-03   0.0000000000000000E+00   0.0000000000000000E+00 
   0.9481825329766257E+00   0.2886215047394884E-03   0.1901898590740812E-03   0.0000000000000000E+00   0.0000000000000000E+00 
   0.9481873729462075E+00   0.2854030975213532E-03   0.1888278109209966E-03   0.0000000000000000E+00   0.0000000000000000E+00 
   0.9481921337278809E+00   0.2822451572234582E-03   0.1874787682092738E-03   0.1505906207990382E-21   0.2352978449984973E-23 
   0.9481968173919926E+00   0.2791463999224513E-03   0.1861418144512199E-03   0.9035481879142729E-21   0.6666805205964687E-23 
   0.9481938567076740E+00   0.2798606958244402E-03   0.1883478610768836E-03   0.0000000000000000E+00   0.0000000000000000E+00 
   0.9481984218508733E+00   0.2768598787125532E-03   0.1870228546100788E-03   0.0000000000000000E+00   0.0000000000000000E+00 
   0.9482029162053270E+00   0.2739144138328692E-03   0.1857068990266733E-03   0.3513821109349777E-21   0.0000000000000000E+00 
   0.9482073426205186E+00   0.2710225807988136E-03   0.1843987769599462E-03   0.1003953575035033E-21   0.2745185556736417E-23 
   0.9482117040920237E+00   0.2681825826360638E-03   0.1830972059663373E-03   0.3011874578767835E-21   0.5490396367545533E-23 
   0.9482160038379684E+00   0.2653924944960285E-03   0.1818008120250848E-03   0.0000000000000000E+00   0.0000000000000000E+00 
   0.9482202449618514E+00   0.2626504014434016E-03   0.1805081904251961E-03   0.4517852561641303E-21   0.3921747015313631E-23 
   0.9482244304135401E+00   0.2599544091737089E-03   0.1792179108764348E-03   0.6023830004637833E-21   0.2353058595561654E-23 
   0.9482201042364261E+00   0.2618631035572923E-03   0.1817822698326789E-03   0.0000000000000000E+00   0.0000000000000000E+00 
   0.9482243497092488E+00   0.2591745321932760E-03   0.1804092876635062E-03   0.0000000000000000E+00   0.7843527984301928E-24 
   0.9482284372642137E+00   0.2565714762077237E-03   0.1791003145892048E-03   0.2509939774644520E-21   0.1176534269364619E-23 
   0.9482324811932643E+00   0.2540071760730192E-03   0.1777874325995520E-03   0.5019900957671179E-22   0.0000000000000000E+00 
   0.9482364850640161E+00   0.2514794522126745E-03   0.1764688628253504E-03   0.0000000000000000E+00   0.3921814182801914E-24 
   0.9482404525406458E+00   0.2489860838942319E-03   0.1751427591577173E-03   0.0000000000000000E+00   0.0000000000000000E+00 
   0.9482443872497077E+00   0.2465248901620428E-03   0.1738072504481618E-03   0.0000000000000000E+00   0.1176554059642775E-23 
   0.9482482931574977E+00   0.2440934937894632E-03   0.1724603110524192E-03   0.5521983132064128E-21   0.2353117811959146E-23 
   0.9482521741304861E+00   0.2416895936705166E-03   0.1710999059536116E-03   0.5020005211212773E-22   0.0000000000000000E+00 
   0.9482560341433838E+00   0.2393108315219210E-03   0.1697239180214429E-03   0.0000000000000000E+00   0.1568758014359658E-23 
   0.9482598772250975E+00   0.2369548235302642E-03   0.1683301647796206E-03   0.4016036792844877E-21   0.3921910930512575E-23 
   0.9482715487510449E+00   0.2304338161589639E-03   0.1633038050520893E-03   0.0000000000000000E+00   0.0000000000000000E+00 
   0.9482753292815019E+00   0.2281416630570055E-03   0.1618831975371979E-03   0.0000000000000000E+00   0.0000000000000000E+00 
   0.9482791061902440E+00   0.2258641401739517E-03   0.1604377831163968E-03   0.4016118230679980E-21   0.1960995229824209E-23 
   0.9482828837801675E+00   0.2235986822895815E-03   0.1589650672423582E-03   0.0000000000000000E+00   0.7844012166788305E-24 
   0.9482866664506416E+00   0.2213426506633692E-03   0.1574624571077757E-03   0.3514131468424686E-21   0.1176606518445766E-23 
   0.9482904586004277E+00   0.2190933825102165E-03   0.1559272950747582E-03   0.0000000000000000E+00   0.0000000000000000E+00 
   0.9482980696273604E+00   0.2148263549794771E-03   0.1525970458248452E-03   0.0000000000000000E+00   0.0000000000000000E+00 
   0.9483052747255408E+00   0.2110131819773260E-03   0.1494207762577904E-03   0.0000000000000000E+00   0.0000000000000000E+00 
   0.9483091191166796E+00   0.2087642915902878E-03   0.1477802923958436E-03   0.0000000000000000E+00   0.0000000000000000E+00 
   0.9483129924018677E+00   0.2065096420948444E-03   0.1460958740748220E-03   0.2510163590230309E-21   0.3922130609734858E-23 
   0.9483246580327187E+00   0.1999238498067015E-03   0.1407527908997723E-03   0.2510194468898063E-21   0.1961089428826612E-23 
   0.9483285319057436E+00   0.1976930826848731E-03   0.1389947490951266E-03   0.0000000000000000E+00   0.0000000000000000E+00 
   0.9483324486070532E+00   0.1954466147774725E-03   0.1371831553664228E-03   0.0000000000000000E+00   0.3922211078713475E-24 
   0.9483437866815597E+00   0.1892695905318710E-03   0.1319097486574262E-03   0.0000000000000000E+00   0.0000000000000000E+00 
   0.9483477680100761E+00   0.1869988515049307E-03   0.1299988226362315E-03   0.0000000000000000E+00   0.0000000000000000E+00 
   0.9483591429629030E+00   0.1807291052046600E-03   0.1245992617682511E-03   0.0000000000000000E+00   0.0000000000000000E+00 
   0.9483631899441818E+00   0.1784297765907101E-03   0.1225783935075451E-03   0.7530889386055408E-21   0.3726221310808665E-23 
   0.9483745330601695E+00   0.1721858633616051E-03   0.1171051908785588E-03   0.1004130594798595E-21   0.0000000000000000E+00 
   0.9483823071630560E+00   0.1679642733057960E-03   0.1133493397487715E-03   0.0000000000000000E+00   0.0000000000000000E+00 
   0.9483901081034964E+00   0.1636527121582578E-03   0.1094867120930758E-03   0.0000000000000000E+00   0.0000000000000000E+00 
   0.9484014479231631E+00   0.1573811615857104E-03   0.1038824324021866E-03   0.1506238638027380E-21   0.0000000000000000E+00 
   0.9484093630061934E+00   0.1530070524453619E-03   0.9992530121187761E-04   0.3514586153534354E-21   0.0000000000000000E+00 
   0.9484172093667723E+00   0.1485889565615555E-03   0.9586050713590692E-04   0.2259395505215539E-21   0.1372896574349720E-23 
   0.9484285799322416E+00   0.1419054164332815E-03   0.9001485479285685E-04   0.3263610412238383E-21   0.2353565201133449E-23 
   0.9484367217480584E+00   0.1376686597993286E-03   0.8595739824503384E-04   0.4016785758532323E-21   0.3726510225200886E-23 
   0.9484447840524400E+00   0.1330502373279064E-03   0.8169961361231815E-04   0.3012614927789650E-21   0.9806689218065267E-24 
   0.9484564201852348E+00   0.1264578130532481E-03   0.7578841422071598E-04   0.5021086480823516E-22   0.0000000000000000E+00 
   0.9484677333584323E+00   0.1199257189227483E-03   0.6979096815335866E-04   0.3765859779197807E-21   0.1961385301665524E-23 
   0.9484771234315673E+00   0.1143306393953089E-03   0.6512151387869281E-04   0.0000000000000000E+00   0.0000000000000000E+00 
   0.9484839087433588E+00   0.1095679653004250E-03   0.6154568713174577E-04   0.0000000000000000E+00   0.0000000000000000E+00 
   0.9484928208085497E+00   0.1035635840490397E-03   0.5709824002606059E-04   0.0000000000000000E+00   0.0000000000000000E+00 
   0.9485010012292643E+00   0.9750890184238169E-04   0.5262204374081442E-04   0.0000000000000000E+00   0.0000000000000000E+00 
   0.9485081463071170E+00   0.9267396757687420E-04   0.4905650360565585E-04   0.1757476110821442E-21   0.1765321986316180E-23 
   0.9485146134524213E+00   0.8774965018032203E-04   0.4544105796513729E-04   0.0000000000000000E+00   0.0000000000000000E+00 
   0.9485242037442571E+00   0.8039427291351933E-04   0.4012408816472466E-04   0.0000000000000000E+00   0.0000000000000000E+00 
   0.9485299386644562E+00   0.7564829258526632E-04   0.3678753037021842E-04   0.6276844605514806E-22   0.0000000000000000E+00 
   0.9485381448232966E+00   0.6871463661460185E-04   0.3195538142070740E-04   0.2510759563727510E-22   0.0000000000000000E+00 
   0.9485493351093335E+00   0.6391703425179676E-04   0.2862711584531397E-04   0.0000000000000000E+00   0.0000000000000000E+00 
   0.9485502366456406E+00   0.5648269664719008E-04   0.2382746545467189E-04   0.0000000000000000E+00   0.3432722850313139E-24 
   0.9485546885717593E+00   0.5088265194921903E-04   0.2016981371348455E-04   0.0000000000000000E+00   0.0000000000000000E+00 
   0.9485595290953207E+00   0.4360940942845754E-04   0.1559280265272973E-04   0.3766224251136378E-22   0.0000000000000000E+00 
   0.9485569712257267E+00   0.4030110558603280E-04   0.1405500544940405E-04   0.7532428190399437E-22   0.2451962301562316E-24 
   0.9485518436301965E+00   0.3669195938065139E-04   0.1235606086694319E-04   0.1318167807687914E-21   0.7846236950523297E-24 
   0.9485474465895187E+00   0.3287119835333967E-04   0.1067846199475884E-04   0.0000000000000000E+00   0.0000000000000000E+00 
   0.9485393023802420E+00   0.2965114853468732E-04   0.9339452828256371E-05   0.5021525255510465E-22   0.3677874943000829E-24 
   0.9485305162184379E+00   0.2566611595597475E-04   0.7714864503568424E-05   0.0000000000000000E+00   0.0000000000000000E+00 
   0.9485101931152531E+00   0.2290097087368912E-04   0.6512715953402411E-05   0.0000000000000000E+00   0.0000000000000000E+00 
   0.9484836649397169E+00   0.1978697246823040E-04   0.5312432060743407E-05   0.8944067208159683E-22   0.2696950090179729E-24 
   0.9484625023955274E+00   0.1641755162984437E-04   0.4116232632875383E-05   0.0000000000000000E+00   0.0000000000000000E+00 
   0.9484181711127707E+00   0.1316071636691706E-04   0.2924162714632660E-05   0.0000000000000000E+00   0.0000000000000000E+00 
   0.9483687251478047E+00   0.1005867665303030E-04   0.1871985112272815E-05   0.1098261112191453E-22   0.4290082469497864E-25 
   0.9482975172107776E+00   0.7116129315005790E-05   0.9681562539055563E-06   0.0000000000000000E+00   0.8426314973494326E-25 
   0.9481994512071020E+00   0.6629676063277368E-05   0.8794396311750059E-06   0.0000000000000000E+00   0.8578633468911793E-25 
   0.9480595454863332E+00   0.6152092388057427E-05   0.7724263012368982E-06   0.0000000000000000E+00   0.0000000000000000E+00 
   0.9478761794550015E+00   0.5679771473125957E-05   0.6956169586546187E-06   0.6468534589654596E-23   0.1577317856852328E-24 
   0.9476022182549340E+00   0.5240438600887210E-05   0.6060734579407676E-06   0.2292726686306718E-22   0.6583015993001393E-25 
   0.9472200548404095E+00   0.4777750779194074E-05   0.5316550453756432E-06   0.0000000000000000E+00   0.7651582667826195E-26 
   0.9466555225681575E+00   0.4328408922244737E-05   0.4528306944146623E-06   0.1761873963827929E-22   0.1154700384279589E-24 
   0.9458138729157852E+00   0.3722706260917375E-05   0.3708710016974234E-06   0.0000000000000000E+00   0.0000000000000000E+00 
   0.9445119529216034E+00   0.3095390637468866E-05   0.2913173458904723E-06   0.0000000000000000E+00   0.0000000000000000E+00 
   0.9424277845727909E+00   0.2421628054689601E-05   0.2143720058985404E-06   0.0000000000000000E+00   0.0000000000000000E+00 
   0.9389470875214654E+00   0.1689046483568328E-05   0.1402611316778257E-06   0.7621160990044329E-23   0.5081785293918890E-25 
   0.9328206125952321E+00   0.8846358707424871E-06   0.6666736118626099E-07   0.1205642383950960E-24   0.0000000000000000E+00 
   0.9216538165728511E+00   0.9174352656969999E-07   0.2154128868100140E-08   0.0000000000000000E+00   0.0000000000000000E+00 
   0.9018251274113548E+00   0.9435123206814141E-07   0.1980260638984804E-08   0.2782826209175719E-24   0.1422829172721551E-27 
   0.8700152269397800E+00   0.9537901277626402E-07   0.1789562331924190E-08   0.1532088093558700E-24   0.1913462946549623E-26 
   0.8312630908226543E+00   0.9529010507076480E-07   0.1607567553426826E-08   0.5707656306254837E-25   0.2255783282802922E-27 
   0.7974082236478874E+00   0.9545358202940788E-07   0.1467553277466456E-08   0.2351115501518913E-24   0.1640547203542734E-26 
   0.7749519736509982E+00   0.9674529145869449E-07   0.1376787461066387E-08   0.0000000000000000E+00   0.0000000000000000E+00 
   0.7605276840539429E+00   0.9995530061662147E-07   0.1317755887428896E-08   0.0000000000000000E+00   0.0000000000000000E+00 
   0.7528982550897926E+00   0.1041033229964903E-06   0.1281352484550158E-08   0.1988769420177116E-24   0.1418309613730096E-26 
   0.7458132288040366E+00   0.1085040076946411E-06   0.1252345258024957E-08   0.0000000000000000E+00   0.0000000000000000E+00 
   0.7379125925848421E+00   0.1128900279792546E-06   0.1226009283249418E-08   0.2867149827694411E-24   0.2631138988837289E-26 
   0.7250431259997298E+00   0.1163246483927220E-06   0.1194471580981253E-08   0.0000000000000000E+00   0.0000000000000000E+00 
   0.7069292497431392E+00   0.1185136350325644E-06   0.1156590981380203E-08   0.3934554482575699E-24   0.2946722192195719E-26 
   0.6866687252022989E+00   0.1199601919339623E-06   0.1116907547523044E-08   0.2737378266583517E-24   0.1804898125683946E-26 
   0.6674831967866942E+00   0.1214637883442763E-06   0.1080259960999637E-08   0.0000000000000000E+00   0.8066767430182324E-27 
   0.6520663589961134E+00   0.1235203639554270E-06   0.1050871800125164E-08   0.0000000000000000E+00   0.0000000000000000E+00 
   0.6411593733189879E+00   0.1264405670404960E-06   0.1029921181135038E-08   0.2408348539768006E-25   0.2023142254509414E-28 
   0.6335078278829456E+00   0.1301371253331743E-06   0.1015225161385964E-08   0.0000000000000000E+00   0.0000000000000000E+00 
   0.6270239303908762E+00   0.1342704342765614E-06   0.1003194760973818E-08   0.0000000000000000E+00   0.0000000000000000E+00 
   0.6200363259396705E+00   0.1386020319824421E-06   0.9908751179786429E-09   0.0000000000000000E+00   0.1989749993782561E-26 
   0.6098232090755326E+00   0.1421125673115275E-06   0.9738244629989645E-09   0.0000000000000000E+00   0.0000000000000000E+00 
   0.5952207779378141E+00   0.1448845888977136E-06   0.9500138719817241E-09   0.2757476980422987E-24   0.6968068601085223E-27 
   0.5727788457786711E+00   0.1450257382970796E-06   0.9138977761958469E-09   0.0000000000000000E+00   0.4446133533520503E-27 
   0.5405325823248417E+00   0.1424133474810047E-06   0.8622745876764892E-09   0.0000000000000000E+00   0.0000000000000000E+00 
   0.4976591063104390E+00   0.1361239703719956E-06   0.7937878817630409E-09   0.0000000000000000E+00   0.0000000000000000E+00 
   0.4472750724492828E+00   0.1267049369837449E-06   0.7133749229963424E-09   0.5094413559137692E-25   0.1799472874529188E-26 
   0.3960238717230581E+00   0.1156236181301965E-06   0.6316108408220596E-09   0.0000000000000000E+00   0.1068434504783109E-26 
   0.3524848273453874E+00   0.1060350033028801E-06   0.5621620943673848E-09   0.7118374399394671E-27   0.0000000000000000E+00 
   0.3206147845009268E+00   0.9878754646258853E-07   0.5113348753773659E-09   0.0000000000000000E+00   0.0000000000000000E+00 
   0.3005538572796846E+00   0.9454723777255656E-07   0.4793451507298112E-09   0.0000000000000000E+00   0.6098088233336320E-27 
   0.2900046223075973E+00   0.9364866965420994E-07   0.4625198847647320E-09   0.2361379792310514E-24   0.0000000000000000E+00 
   0.2846324900802518E+00   0.9434953208588316E-07   0.4539519757755253E-09   0.1142723743320771E-24   0.0000000000000000E+00 
   0.2820355287704009E+00   0.9596732385260465E-07   0.4498106911251607E-09   0.5741227441934020E-25   0.5117196458197020E-27 
   0.2807481261211142E+00   0.9812871010369238E-07   0.4477587686142250E-09   0.0000000000000000E+00   0.9089178906187642E-27 
   0.2800689560624926E+00   0.1005579325914355E-06   0.4466774634817032E-09   0.1915103832038239E-24   0.1905347322557241E-26 
   0.2796822267269032E+00   0.1031439880859393E-06   0.4460624228473472E-09   0.3657733902299866E-24   0.2066865348784523E-26 
   0.2794493990573180E+00   0.1061046655126483E-06   0.4456932117561409E-09   0.1533885815415277E-24   0.0000000000000000E+00 
   0.2792532101179064E+00   0.1090550553250398E-06   0.4453820324455272E-09   0.0000000000000000E+00   0.0000000000000000E+00 
   0.2790847174738437E+00   0.1122577073677481E-06   0.4451156904845631E-09   0.6887278743926652E-25   0.4227053238907519E-27 
   0.2789489087668282E+00   0.1157809627583930E-06   0.4449007760318146E-09   0.0000000000000000E+00   0.0000000000000000E+00 
   0.2788218899558360E+00   0.1194522720098793E-06   0.4447003953985646E-09   0.0000000000000000E+00   0.0000000000000000E+00 
   0.2788053538655811E+00   0.1231554982450199E-06   0.4446748325390134E-09   0.1395220376096993E-24   0.8903116302273490E-27 
   0.2786940414293850E+00   0.1272912440520406E-06   0.4444992371616692E-09   0.0000000000000000E+00   0.0000000000000000E+00 
   0.2785732317783911E+00   0.1316269611657857E-06   0.4443086914784871E-09   0.4591730305224969E-24   0.1404677359208355E-26 
   0.2783370609254170E+00   0.1358303101393880E-06   0.4439356501792123E-09   0.0000000000000000E+00   0.1291067047928500E-26 
   0.2783370560888632E+00   0.1407997746343023E-06   0.4439365075039933E-09   0.0000000000000000E+00   0.0000000000000000E+00 
   0.2780507387299776E+00   0.1512567858081517E-06   0.4434853573697043E-09   0.1757554454590594E-24   0.1682802238370986E-26 
   0.2781374991234418E+00   0.1457619769081672E-06   0.4436217802164111E-09   0.0000000000000000E+00   0.0000000000000000E+00 
