1.203736E+02
1.203727E+02
1.203726E+02
1.203725E+02
1.203724E+02
1.203722E+02
1.203720E+02
1.203718E+02
1.203716E+02
1.203714E+02
1.203711E+02
1.203708E+02
1.203705E+02
1.203701E+02
1.203697E+02
1.203692E+02
1.203686E+02
1.203680E+02
1.203673E+02
1.203666E+02
1.203657E+02
1.203648E+02
1.203637E+02
1.203625E+02
1.203611E+02
1.203596E+02
1.203579E+02
1.203559E+02
1.203538E+02
1.203514E+02
1.203487E+02
1.203456E+02
1.203422E+02
1.203384E+02
1.198424E+02
1.192116E+02
1.192063E+02
1.187132E+02
1.182215E+02
1.182139E+02
1.186905E+02
1.191679E+02
1.197829E+02
1.202622E+02
1.202486E+02
1.213606E+02
1.218411E+02
1.218217E+02
1.224394E+02
1.229171E+02
1.228894E+02
1.240101E+02
1.239750E+02
1.250974E+02
1.255658E+02
1.265065E+02
1.269449E+02
1.273759E+02
1.289118E+02
1.292008E+02
1.302054E+02
1.306353E+02
1.317420E+02
1.321498E+02
1.332386E+02
1.343180E+02
1.346782E+02
1.359095E+02
1.356677E+02
1.371073E+02
1.368007E+02
1.377372E+02
1.379138E+02
1.387686E+02
1.382793E+02
1.390244E+02
1.384094E+02
1.382890E+02
1.375223E+02
1.366691E+02
1.357206E+02
1.341171E+02
1.317188E+02
1.304424E+02
1.278325E+02
1.246050E+02
1.212295E+02
1.167245E+02
1.094502E+02
1.045496E+02
9.916155E+01
9.334586E+01
8.693689E+01
8.117206E+01
7.374671E+01
6.667357E+01
6.052658E+01
5.327612E+01
4.695593E+01
4.183286E+01
3.639051E+01
3.150104E+01
2.621296E+01
2.146281E+01
2.725000E+00
2.725000E+00
2.725000E+00
2.725000E+00
2.725000E+00
2.725000E+00
2.725000E+00
2.725000E+00
2.725000E+00
2.725000E+00
2.725000E+00
2.725000E+00
2.725000E+00
2.725000E+00
2.725000E+00
2.725000E+00
2.725000E+00
2.725000E+00
