0	0.000000E+00	0.000000E+00	0.000000E+00	0.000000E+00	0.000000E+00	0.000000E+00	6.309573E+03
0	8.167306E-08	0.000000E+00	0.000000E+00	0.000000E+00	0.000000E+00	0.000000E+00	6.309573E+03
0	8.651251E-08	0.000000E+00	0.000000E+00	0.000000E+00	0.000000E+00	0.000000E+00	6.309573E+03
0	9.163873E-08	0.000000E+00	0.000000E+00	0.000000E+00	0.000000E+00	0.000000E+00	6.309573E+03
0	9.706858E-08	0.000000E+00	0.000000E+00	0.000000E+00	0.000000E+00	0.000000E+00	6.309573E+03
0	1.028203E-07	0.000000E+00	0.000000E+00	0.000000E+00	0.000000E+00	0.000000E+00	6.309573E+03
0	1.089128E-07	0.000000E+00	0.000000E+00	0.000000E+00	0.000000E+00	0.000000E+00	6.309573E+03
0	1.153663E-07	0.000000E+00	0.000000E+00	0.000000E+00	0.000000E+00	0.000000E+00	6.309573E+03
0	1.222022E-07	0.000000E+00	0.000000E+00	0.000000E+00	0.000000E+00	0.000000E+00	6.309573E+03
0	1.294430E-07	0.000000E+00	0.000000E+00	0.000000E+00	0.000000E+00	0.000000E+00	6.309573E+03
0	1.371130E-07	0.000000E+00	0.000000E+00	0.000000E+00	0.000000E+00	0.000000E+00	6.309573E+03
0	1.452375E-07	0.000000E+00	0.000000E+00	0.000000E+00	0.000000E+00	0.000000E+00	6.309573E+03
0	1.538434E-07	0.000000E+00	0.000000E+00	0.000000E+00	0.000000E+00	0.000000E+00	6.309573E+03
0	1.629593E-07	0.000000E+00	0.000000E+00	0.000000E+00	0.000000E+00	0.000000E+00	6.309573E+03
0	1.726150E-07	0.000000E+00	0.000000E+00	0.000000E+00	0.000000E+00	0.000000E+00	6.309573E+03
0	1.828432E-07	0.000000E+00	0.000000E+00	0.000000E+00	0.000000E+00	0.000000E+00	6.309573E+03
0	1.936774E-07	0.000000E+00	0.000000E+00	0.000000E+00	0.000000E+00	0.000000E+00	6.309573E+03
0	2.051535E-07	0.000000E+00	0.000000E+00	0.000000E+00	0.000000E+00	0.000000E+00	6.309573E+03
0	2.173096E-07	0.000000E+00	0.000000E+00	0.000000E+00	0.000000E+00	0.000000E+00	6.309573E+03
0	2.301858E-07	0.000000E+00	0.000000E+00	0.000000E+00	0.000000E+00	0.000000E+00	6.309573E+03
0	2.438253E-07	0.000000E+00	0.000000E+00	0.000000E+00	0.000000E+00	0.000000E+00	6.309573E+03
0	2.582729E-07	0.000000E+00	0.000000E+00	0.000000E+00	0.000000E+00	0.000000E+00	6.309573E+03
0	2.735766E-07	0.000000E+00	0.000000E+00	0.000000E+00	0.000000E+00	0.000000E+00	6.309573E+03
0	2.897871E-07	0.000000E+00	0.000000E+00	0.000000E+00	0.000000E+00	0.000000E+00	6.309573E+03
0	3.069578E-07	0.000000E+00	0.000000E+00	0.000000E+00	0.000000E+00	0.000000E+00	6.309573E+03
0	3.251463E-07	0.000000E+00	0.000000E+00	0.000000E+00	0.000000E+00	0.000000E+00	6.309573E+03
0	3.444125E-07	0.000000E+00	0.000000E+00	0.000000E+00	0.000000E+00	0.000000E+00	6.309573E+03
0	3.648202E-07	0.000000E+00	0.000000E+00	0.000000E+00	0.000000E+00	0.000000E+00	6.309573E+03
0	3.864373E-07	0.000000E+00	0.000000E+00	0.000000E+00	0.000000E+00	0.000000E+00	6.309573E+03
0	4.093348E-07	0.000000E+00	0.000000E+00	0.000000E+00	0.000000E+00	0.000000E+00	6.309573E+03
0	4.335895E-07	0.000000E+00	0.000000E+00	0.000000E+00	0.000000E+00	0.000000E+00	6.309573E+03
0	4.592814E-07	0.000000E+00	0.000000E+00	0.000000E+00	0.000000E+00	0.000000E+00	6.309573E+03
0	4.864957E-07	0.000000E+00	0.000000E+00	0.000000E+00	0.000000E+00	0.000000E+00	6.309573E+03
0	5.153224E-07	0.000000E+00	0.000000E+00	0.000000E+00	0.000000E+00	0.000000E+00	6.309573E+03
0	5.458567E-07	0.000000E+00	0.000000E+00	0.000000E+00	0.000000E+00	0.000000E+00	6.309573E+03
0	5.782009E-07	0.000000E+00	0.000000E+00	0.000000E+00	0.000000E+00	0.000000E+00	6.309573E+03
0	6.124616E-07	0.000000E+00	0.000000E+00	0.000000E+00	0.000000E+00	0.000000E+00	6.309573E+03
0	6.487523E-07	0.000000E+00	0.000000E+00	0.000000E+00	0.000000E+00	0.000000E+00	6.309573E+03
0	6.871934E-07	0.000000E+00	0.000000E+00	0.000000E+00	0.000000E+00	0.000000E+00	6.309573E+03
0	7.279116E-07	0.000000E+00	0.000000E+00	0.000000E+00	0.000000E+00	0.000000E+00	6.309573E+03
0	7.710432E-07	0.000000E+00	0.000000E+00	0.000000E+00	0.000000E+00	0.000000E+00	6.309573E+03
0	8.167306E-07	0.000000E+00	0.000000E+00	0.000000E+00	0.000000E+00	0.000000E+00	6.309573E+03
0	8.651252E-07	0.000000E+00	0.000000E+00	0.000000E+00	0.000000E+00	0.000000E+00	6.309573E+03
0	9.163873E-07	0.000000E+00	0.000000E+00	0.000000E+00	0.000000E+00	0.000000E+00	6.309573E+03
0	9.706857E-07	0.000000E+00	0.000000E+00	0.000000E+00	0.000000E+00	0.000000E+00	6.309573E+03
0	1.028203E-06	0.000000E+00	0.000000E+00	0.000000E+00	0.000000E+00	0.000000E+00	6.309573E+03
0	1.089128E-06	0.000000E+00	0.000000E+00	0.000000E+00	0.000000E+00	0.000000E+00	6.309573E+03
0	1.153663E-06	0.000000E+00	0.000000E+00	0.000000E+00	0.000000E+00	0.000000E+00	6.309573E+03
0	1.222022E-06	0.000000E+00	0.000000E+00	0.000000E+00	0.000000E+00	0.000000E+00	6.309573E+03
0	1.294430E-06	0.000000E+00	0.000000E+00	0.000000E+00	0.000000E+00	0.000000E+00	6.309573E+03
0	1.371130E-06	0.000000E+00	0.000000E+00	0.000000E+00	0.000000E+00	0.000000E+00	6.309573E+03
0	1.452375E-06	0.000000E+00	0.000000E+00	0.000000E+00	0.000000E+00	0.000000E+00	6.309573E+03
0	1.538434E-06	0.000000E+00	0.000000E+00	0.000000E+00	0.000000E+00	0.000000E+00	6.309573E+03
0	1.629592E-06	0.000000E+00	0.000000E+00	0.000000E+00	0.000000E+00	0.000000E+00	6.309573E+03
0	1.726151E-06	0.000000E+00	0.000000E+00	0.000000E+00	0.000000E+00	0.000000E+00	6.309573E+03
0	1.828432E-06	0.000000E+00	0.000000E+00	0.000000E+00	0.000000E+00	0.000000E+00	6.309573E+03
0	1.936774E-06	0.000000E+00	0.000000E+00	0.000000E+00	0.000000E+00	0.000000E+00	6.309573E+03
0	2.051535E-06	0.000000E+00	0.000000E+00	0.000000E+00	0.000000E+00	0.000000E+00	6.309573E+03
0	2.173097E-06	0.000000E+00	0.000000E+00	0.000000E+00	0.000000E+00	0.000000E+00	6.309573E+03
0	2.301859E-06	0.000000E+00	0.000000E+00	0.000000E+00	0.000000E+00	0.000000E+00	6.309573E+03
0	2.438253E-06	0.000000E+00	0.000000E+00	0.000000E+00	0.000000E+00	0.000000E+00	6.309573E+03
0	2.582729E-06	0.000000E+00	0.000000E+00	0.000000E+00	0.000000E+00	0.000000E+00	6.309573E+03
0	2.735766E-06	0.000000E+00	0.000000E+00	0.000000E+00	0.000000E+00	0.000000E+00	6.309573E+03
0	2.897871E-06	0.000000E+00	0.000000E+00	0.000000E+00	0.000000E+00	0.000000E+00	6.309573E+03
0	3.069578E-06	0.000000E+00	0.000000E+00	0.000000E+00	0.000000E+00	0.000000E+00	6.309573E+03
0	3.251462E-06	0.000000E+00	0.000000E+00	0.000000E+00	0.000000E+00	0.000000E+00	6.309573E+03
0	3.444125E-06	0.000000E+00	0.000000E+00	0.000000E+00	0.000000E+00	0.000000E+00	6.309573E+03
0	3.648203E-06	0.000000E+00	0.000000E+00	0.000000E+00	0.000000E+00	0.000000E+00	6.309573E+03
0	3.864373E-06	0.000000E+00	0.000000E+00	0.000000E+00	0.000000E+00	0.000000E+00	6.309573E+03
0	4.093348E-06	0.000000E+00	0.000000E+00	0.000000E+00	0.000000E+00	0.000000E+00	6.309573E+03
0	4.335895E-06	0.000000E+00	0.000000E+00	0.000000E+00	0.000000E+00	0.000000E+00	6.309573E+03
0	4.592814E-06	0.000000E+00	0.000000E+00	0.000000E+00	0.000000E+00	0.000000E+00	6.309573E+03
0	4.864956E-06	0.000000E+00	0.000000E+00	0.000000E+00	0.000000E+00	0.000000E+00	6.309573E+03
0	5.153224E-06	0.000000E+00	0.000000E+00	0.000000E+00	0.000000E+00	0.000000E+00	6.309573E+03
0	5.458567E-06	0.000000E+00	0.000000E+00	0.000000E+00	0.000000E+00	0.000000E+00	6.309573E+03
0	5.782009E-06	0.000000E+00	0.000000E+00	0.000000E+00	0.000000E+00	0.000000E+00	6.309573E+03
0	6.124616E-06	0.000000E+00	0.000000E+00	0.000000E+00	0.000000E+00	0.000000E+00	6.309573E+03
0	6.487523E-06	0.000000E+00	0.000000E+00	0.000000E+00	0.000000E+00	0.000000E+00	6.309573E+03
0	6.871935E-06	0.000000E+00	0.000000E+00	0.000000E+00	0.000000E+00	0.000000E+00	6.309573E+03
0	7.279115E-06	0.000000E+00	0.000000E+00	0.000000E+00	0.000000E+00	0.000000E+00	6.309573E+03
0	7.710432E-06	0.000000E+00	0.000000E+00	0.000000E+00	0.000000E+00	0.000000E+00	6.309573E+03
0	8.167306E-06	0.000000E+00	0.000000E+00	0.000000E+00	0.000000E+00	0.000000E+00	6.309573E+03
0	8.651252E-06	0.000000E+00	0.000000E+00	0.000000E+00	0.000000E+00	0.000000E+00	6.309573E+03
0	9.163868E-06	0.000000E+00	0.000000E+00	0.000000E+00	0.000000E+00	0.000000E+00	6.309573E+03
0	9.706862E-06	0.000000E+00	0.000000E+00	0.000000E+00	0.000000E+00	0.000000E+00	6.309573E+03
0	1.028203E-05	0.000000E+00	0.000000E+00	0.000000E+00	0.000000E+00	0.000000E+00	6.309573E+03
0	1.089128E-05	0.000000E+00	0.000000E+00	0.000000E+00	0.000000E+00	0.000000E+00	6.309573E+03
0	1.153663E-05	0.000000E+00	0.000000E+00	0.000000E+00	0.000000E+00	0.000000E+00	6.309573E+03
0	1.222021E-05	0.000000E+00	0.000000E+00	0.000000E+00	0.000000E+00	0.000000E+00	6.309573E+03
0	1.294431E-05	0.000000E+00	0.000000E+00	0.000000E+00	0.000000E+00	0.000000E+00	6.309573E+03
0	1.371130E-05	0.000000E+00	0.000000E+00	0.000000E+00	0.000000E+00	0.000000E+00	6.309573E+03
0	1.452375E-05	0.000000E+00	0.000000E+00	0.000000E+00	0.000000E+00	0.000000E+00	6.309573E+03
0	1.538434E-05	0.000000E+00	0.000000E+00	0.000000E+00	0.000000E+00	0.000000E+00	6.309573E+03
0	1.629592E-05	0.000000E+00	0.000000E+00	0.000000E+00	0.000000E+00	0.000000E+00	6.309573E+03
0	1.726151E-05	0.000000E+00	0.000000E+00	0.000000E+00	0.000000E+00	0.000000E+00	6.309573E+03
0	1.828432E-05	0.000000E+00	0.000000E+00	0.000000E+00	0.000000E+00	0.000000E+00	6.309573E+03
0	1.936774E-05	0.000000E+00	0.000000E+00	0.000000E+00	0.000000E+00	0.000000E+00	6.309573E+03
0	2.051535E-05	0.000000E+00	0.000000E+00	0.000000E+00	0.000000E+00	0.000000E+00	6.309573E+03
0	2.173095E-05	0.000000E+00	0.000000E+00	0.000000E+00	0.000000E+00	0.000000E+00	6.309573E+03
0	2.301860E-05	0.000000E+00	0.000000E+00	0.000000E+00	0.000000E+00	0.000000E+00	6.309573E+03
0	2.438253E-05	0.000000E+00	0.000000E+00	0.000000E+00	0.000000E+00	0.000000E+00	6.309573E+03
0	2.582729E-05	0.000000E+00	0.000000E+00	0.000000E+00	0.000000E+00	0.000000E+00	6.309573E+03
0	2.735766E-05	0.000000E+00	0.000000E+00	0.000000E+00	0.000000E+00	0.000000E+00	6.309573E+03
0	2.897869E-05	0.000000E+00	0.000000E+00	0.000000E+00	0.000000E+00	0.000000E+00	6.309573E+03
0	3.069580E-05	0.000000E+00	0.000000E+00	0.000000E+00	0.000000E+00	0.000000E+00	6.309573E+03
0	3.251462E-05	0.000000E+00	0.000000E+00	0.000000E+00	0.000000E+00	0.000000E+00	6.309573E+03
0	3.444125E-05	0.000000E+00	0.000000E+00	0.000000E+00	0.000000E+00	0.000000E+00	6.309573E+03
0	3.648203E-05	0.000000E+00	0.000000E+00	0.000000E+00	0.000000E+00	0.000000E+00	6.309573E+03
0	3.864371E-05	0.000000E+00	0.000000E+00	0.000000E+00	0.000000E+00	0.000000E+00	6.309573E+03
0	4.093350E-05	0.000000E+00	0.000000E+00	0.000000E+00	0.000000E+00	0.000000E+00	6.309573E+03
0	4.335895E-05	0.000000E+00	0.000000E+00	0.000000E+00	0.000000E+00	0.000000E+00	6.309573E+03
0	4.592813E-05	0.000000E+00	0.000000E+00	0.000000E+00	0.000000E+00	0.000000E+00	6.309573E+03
0	4.864956E-05	0.000000E+00	0.000000E+00	0.000000E+00	0.000000E+00	0.000000E+00	6.309573E+03
0	5.153221E-05	0.000000E+00	0.000000E+00	0.000000E+00	0.000000E+00	0.000000E+00	6.309573E+03
0	5.458570E-05	0.000000E+00	0.000000E+00	0.000000E+00	0.000000E+00	0.000000E+00	6.309573E+03
0	5.782009E-05	0.000000E+00	0.000000E+00	0.000000E+00	0.000000E+00	0.000000E+00	6.309573E+03
0	6.124615E-05	0.000000E+00	0.000000E+00	0.000000E+00	0.000000E+00	0.000000E+00	6.309573E+03
0	6.487523E-05	0.000000E+00	0.000000E+00	0.000000E+00	0.000000E+00	0.000000E+00	6.309573E+03
0	6.871931E-05	0.000000E+00	0.000000E+00	0.000000E+00	0.000000E+00	0.000000E+00	6.309573E+03
0	7.279120E-05	0.000000E+00	0.000000E+00	0.000000E+00	0.000000E+00	0.000000E+00	6.309573E+03
0	7.710433E-05	0.000000E+00	0.000000E+00	0.000000E+00	0.000000E+00	0.000000E+00	6.309573E+03
0	8.167307E-05	0.000000E+00	0.000000E+00	0.000000E+00	0.000000E+00	0.000000E+00	6.309573E+03
0	8.651252E-05	0.000000E+00	0.000000E+00	0.000000E+00	0.000000E+00	0.000000E+00	6.309573E+03
0	9.163867E-05	0.000000E+00	0.000000E+00	0.000000E+00	0.000000E+00	0.000000E+00	6.309573E+03
0	9.706863E-05	0.000000E+00	0.000000E+00	0.000000E+00	0.000000E+00	0.000000E+00	6.309573E+03
0	1.028203E-04	0.000000E+00	0.000000E+00	0.000000E+00	0.000000E+00	0.000000E+00	6.309573E+03
0	1.089128E-04	0.000000E+00	0.000000E+00	0.000000E+00	0.000000E+00	0.000000E+00	6.309573E+03
0	1.153663E-04	0.000000E+00	0.000000E+00	0.000000E+00	0.000000E+00	0.000000E+00	6.309573E+03
0	1.222021E-04	0.000000E+00	0.000000E+00	0.000000E+00	0.000000E+00	0.000000E+00	6.309573E+03
0	1.294431E-04	0.000000E+00	0.000000E+00	0.000000E+00	0.000000E+00	0.000000E+00	6.309573E+03
0	1.371130E-04	0.000000E+00	0.000000E+00	0.000000E+00	0.000000E+00	0.000000E+00	6.309573E+03
0	1.452375E-04	0.000000E+00	0.000000E+00	0.000000E+00	0.000000E+00	0.000000E+00	6.309573E+03
0	1.538434E-04	0.000000E+00	0.000000E+00	0.000000E+00	0.000000E+00	0.000000E+00	6.309573E+03
0	1.629592E-04	0.000000E+00	0.000000E+00	0.000000E+00	0.000000E+00	0.000000E+00	6.309573E+03
0	1.726151E-04	0.000000E+00	0.000000E+00	0.000000E+00	0.000000E+00	0.000000E+00	6.309573E+03
0	1.828432E-04	0.000000E+00	0.000000E+00	0.000000E+00	0.000000E+00	0.000000E+00	6.309573E+03
0	1.936773E-04	0.000000E+00	0.000000E+00	0.000000E+00	0.000000E+00	0.000000E+00	6.309573E+03
0	2.051535E-04	0.000000E+00	0.000000E+00	0.000000E+00	0.000000E+00	0.000000E+00	6.309573E+03
0	2.173095E-04	0.000000E+00	0.000000E+00	0.000000E+00	0.000000E+00	0.000000E+00	6.309573E+03
0	2.301860E-04	0.000000E+00	0.000000E+00	0.000000E+00	0.000000E+00	0.000000E+00	6.309573E+03
0	2.438253E-04	0.000000E+00	0.000000E+00	0.000000E+00	0.000000E+00	0.000000E+00	6.309573E+03
0	2.582729E-04	0.000000E+00	0.000000E+00	0.000000E+00	0.000000E+00	0.000000E+00	6.309573E+03
0	2.735766E-04	0.000000E+00	0.000000E+00	0.000000E+00	0.000000E+00	0.000000E+00	6.309573E+03
0	2.897869E-04	0.000000E+00	0.000000E+00	0.000000E+00	0.000000E+00	0.000000E+00	6.309573E+03
0	3.069580E-04	0.000000E+00	0.000000E+00	0.000000E+00	0.000000E+00	0.000000E+00	6.309573E+03
0	3.251462E-04	0.000000E+00	0.000000E+00	0.000000E+00	0.000000E+00	0.000000E+00	6.309573E+03
0	3.444124E-04	0.000000E+00	0.000000E+00	0.000000E+00	0.000000E+00	0.000000E+00	6.309573E+03
0	3.648202E-04	0.000000E+00	0.000000E+00	0.000000E+00	0.000000E+00	0.000000E+00	6.309573E+03
0	3.864371E-04	0.000000E+00	0.000000E+00	0.000000E+00	0.000000E+00	0.000000E+00	6.309573E+03
0	4.093350E-04	0.000000E+00	0.000000E+00	0.000000E+00	0.000000E+00	0.000000E+00	6.309573E+03
0	4.335895E-04	0.000000E+00	0.000000E+00	0.000000E+00	0.000000E+00	0.000000E+00	6.309573E+03
0	4.592813E-04	0.000000E+00	0.000000E+00	0.000000E+00	0.000000E+00	0.000000E+00	6.309573E+03
0	4.864956E-04	0.000000E+00	0.000000E+00	0.000000E+00	0.000000E+00	0.000000E+00	6.309573E+03
0	5.153221E-04	0.000000E+00	0.000000E+00	0.000000E+00	0.000000E+00	0.000000E+00	6.309573E+03
0	5.458571E-04	0.000000E+00	0.000000E+00	0.000000E+00	0.000000E+00	0.000000E+00	6.309573E+03
0	5.782009E-04	0.000000E+00	0.000000E+00	0.000000E+00	0.000000E+00	0.000000E+00	6.309573E+03
0	6.124616E-04	0.000000E+00	0.000000E+00	0.000000E+00	0.000000E+00	0.000000E+00	6.309573E+03
0	6.487523E-04	0.000000E+00	0.000000E+00	0.000000E+00	0.000000E+00	0.000000E+00	6.309573E+03
0	6.871931E-04	0.000000E+00	0.000000E+00	0.000000E+00	0.000000E+00	0.000000E+00	6.309573E+03
0	7.279121E-04	0.000000E+00	0.000000E+00	0.000000E+00	0.000000E+00	0.000000E+00	6.309573E+03
0	7.710432E-04	0.000000E+00	0.000000E+00	0.000000E+00	0.000000E+00	0.000000E+00	6.309573E+03
0	8.167306E-04	0.000000E+00	0.000000E+00	0.000000E+00	0.000000E+00	0.000000E+00	6.309573E+03
0	8.651252E-04	0.000000E+00	0.000000E+00	0.000000E+00	0.000000E+00	0.000000E+00	6.309573E+03
0	9.163872E-04	0.000000E+00	0.000000E+00	0.000000E+00	0.000000E+00	0.000000E+00	6.309573E+03
0	9.706857E-04	0.000000E+00	0.000000E+00	0.000000E+00	0.000000E+00	0.000000E+00	6.309573E+03
0	1.028203E-03	0.000000E+00	0.000000E+00	0.000000E+00	0.000000E+00	0.000000E+00	6.309573E+03
0	1.089128E-03	0.000000E+00	0.000000E+00	0.000000E+00	0.000000E+00	0.000000E+00	6.309573E+03
0	1.153663E-03	0.000000E+00	0.000000E+00	0.000000E+00	0.000000E+00	0.000000E+00	6.309573E+03
0	1.222022E-03	0.000000E+00	0.000000E+00	0.000000E+00	0.000000E+00	0.000000E+00	6.309573E+03
0	1.294430E-03	0.000000E+00	0.000000E+00	0.000000E+00	0.000000E+00	0.000000E+00	6.309573E+03
0	1.371130E-03	0.000000E+00	0.000000E+00	0.000000E+00	0.000000E+00	0.000000E+00	6.309573E+03
0	1.452375E-03	0.000000E+00	0.000000E+00	0.000000E+00	0.000000E+00	0.000000E+00	6.309573E+03
0	1.538434E-03	0.000000E+00	0.000000E+00	0.000000E+00	0.000000E+00	0.000000E+00	6.309573E+03
0	1.629593E-03	0.000000E+00	0.000000E+00	0.000000E+00	0.000000E+00	0.000000E+00	6.309573E+03
0	1.726150E-03	0.000000E+00	0.000000E+00	0.000000E+00	0.000000E+00	0.000000E+00	6.309573E+03
0	1.828432E-03	0.000000E+00	0.000000E+00	0.000000E+00	0.000000E+00	0.000000E+00	6.309573E+03
0	1.936773E-03	0.000000E+00	0.000000E+00	0.000000E+00	0.000000E+00	0.000000E+00	6.309573E+03
0	2.051535E-03	0.000000E+00	0.000000E+00	0.000000E+00	0.000000E+00	0.000000E+00	6.309573E+03
0	2.173097E-03	0.000000E+00	0.000000E+00	0.000000E+00	0.000000E+00	0.000000E+00	6.309573E+03
0	2.301859E-03	0.000000E+00	0.000000E+00	0.000000E+00	0.000000E+00	0.000000E+00	6.309573E+03
0	2.438253E-03	0.000000E+00	0.000000E+00	0.000000E+00	0.000000E+00	0.000000E+00	6.309573E+03
0	2.582729E-03	0.000000E+00	0.000000E+00	0.000000E+00	0.000000E+00	0.000000E+00	6.309573E+03
0	2.735766E-03	0.000000E+00	0.000000E+00	0.000000E+00	0.000000E+00	0.000000E+00	6.309573E+03
0	2.897871E-03	0.000000E+00	0.000000E+00	0.000000E+00	0.000000E+00	0.000000E+00	6.309573E+03
0	3.069578E-03	0.000000E+00	0.000000E+00	0.000000E+00	0.000000E+00	0.000000E+00	6.309573E+03
0	3.251463E-03	0.000000E+00	0.000000E+00	0.000000E+00	0.000000E+00	0.000000E+00	6.309573E+03
0	3.444125E-03	0.000000E+00	0.000000E+00	0.000000E+00	0.000000E+00	0.000000E+00	6.309573E+03
0	3.648203E-03	0.000000E+00	0.000000E+00	0.000000E+00	0.000000E+00	0.000000E+00	6.309573E+03
0	3.864373E-03	0.000000E+00	0.000000E+00	0.000000E+00	0.000000E+00	0.000000E+00	6.309573E+03
0	4.093348E-03	0.000000E+00	0.000000E+00	0.000000E+00	0.000000E+00	0.000000E+00	6.309573E+03
0	4.335895E-03	0.000000E+00	0.000000E+00	0.000000E+00	0.000000E+00	0.000000E+00	6.309573E+03
0	4.592814E-03	0.000000E+00	0.000000E+00	0.000000E+00	0.000000E+00	0.000000E+00	6.309573E+03
0	4.864956E-03	0.000000E+00	0.000000E+00	0.000000E+00	0.000000E+00	0.000000E+00	6.309573E+03
0	5.153224E-03	0.000000E+00	0.000000E+00	0.000000E+00	0.000000E+00	0.000000E+00	6.309573E+03
0	5.458567E-03	0.000000E+00	0.000000E+00	0.000000E+00	0.000000E+00	0.000000E+00	6.309573E+03
0	5.782009E-03	0.000000E+00	0.000000E+00	0.000000E+00	0.000000E+00	0.000000E+00	6.309573E+03
0	6.124616E-03	0.000000E+00	0.000000E+00	0.000000E+00	0.000000E+00	0.000000E+00	6.309573E+03
0	6.487523E-03	0.000000E+00	0.000000E+00	0.000000E+00	0.000000E+00	0.000000E+00	6.309573E+03
0	6.871935E-03	0.000000E+00	0.000000E+00	0.000000E+00	0.000000E+00	0.000000E+00	6.309573E+03
0	7.279116E-03	0.000000E+00	0.000000E+00	0.000000E+00	0.000000E+00	0.000000E+00	6.309573E+03
0	7.710432E-03	0.000000E+00	0.000000E+00	0.000000E+00	0.000000E+00	0.000000E+00	6.309573E+03
0	8.167307E-03	0.000000E+00	0.000000E+00	0.000000E+00	0.000000E+00	0.000000E+00	6.309573E+03
0	8.651252E-03	0.000000E+00	0.000000E+00	0.000000E+00	0.000000E+00	0.000000E+00	6.309573E+03
0	9.163872E-03	0.000000E+00	0.000000E+00	0.000000E+00	0.000000E+00	0.000000E+00	6.309573E+03
0	9.706858E-03	0.000000E+00	0.000000E+00	0.000000E+00	0.000000E+00	0.000000E+00	6.309573E+03
0	1.028203E-02	0.000000E+00	0.000000E+00	0.000000E+00	0.000000E+00	0.000000E+00	6.309573E+03
0	1.089128E-02	0.000000E+00	0.000000E+00	0.000000E+00	0.000000E+00	0.000000E+00	6.309573E+03
0	1.153663E-02	0.000000E+00	0.000000E+00	0.000000E+00	0.000000E+00	0.000000E+00	6.309573E+03
0	1.222022E-02	0.000000E+00	0.000000E+00	0.000000E+00	0.000000E+00	0.000000E+00	6.309573E+03
0	1.294430E-02	0.000000E+00	0.000000E+00	0.000000E+00	0.000000E+00	0.000000E+00	6.309573E+03
0	1.371130E-02	0.000000E+00	0.000000E+00	0.000000E+00	0.000000E+00	0.000000E+00	6.309573E+03
0	1.452375E-02	0.000000E+00	0.000000E+00	0.000000E+00	0.000000E+00	0.000000E+00	6.309573E+03
0	1.538434E-02	0.000000E+00	0.000000E+00	0.000000E+00	0.000000E+00	0.000000E+00	6.309573E+03
0	1.629592E-02	0.000000E+00	0.000000E+00	0.000000E+00	0.000000E+00	0.000000E+00	6.309573E+03
0	1.726151E-02	0.000000E+00	0.000000E+00	0.000000E+00	0.000000E+00	0.000000E+00	6.309573E+03
0	1.828432E-02	0.000000E+00	0.000000E+00	0.000000E+00	0.000000E+00	0.000000E+00	6.309573E+03
0	1.936774E-02	0.000000E+00	0.000000E+00	0.000000E+00	0.000000E+00	0.000000E+00	6.309573E+03
0	2.051535E-02	0.000000E+00	0.000000E+00	0.000000E+00	0.000000E+00	0.000000E+00	6.309573E+03
0	2.173097E-02	0.000000E+00	0.000000E+00	0.000000E+00	0.000000E+00	0.000000E+00	6.309573E+03
0	2.301859E-02	0.000000E+00	0.000000E+00	0.000000E+00	0.000000E+00	0.000000E+00	6.309573E+03
0	2.438253E-02	0.000000E+00	0.000000E+00	0.000000E+00	0.000000E+00	0.000000E+00	6.309573E+03
0	2.582729E-02	0.000000E+00	0.000000E+00	0.000000E+00	0.000000E+00	0.000000E+00	6.309573E+03
0	2.735766E-02	0.000000E+00	0.000000E+00	0.000000E+00	0.000000E+00	0.000000E+00	6.309573E+03
0	2.897871E-02	0.000000E+00	0.000000E+00	0.000000E+00	0.000000E+00	0.000000E+00	6.309573E+03
0	3.069578E-02	0.000000E+00	0.000000E+00	0.000000E+00	0.000000E+00	0.000000E+00	6.309573E+03
0	3.251462E-02	0.000000E+00	0.000000E+00	0.000000E+00	0.000000E+00	0.000000E+00	6.309573E+03
0	3.444125E-02	0.000000E+00	0.000000E+00	0.000000E+00	0.000000E+00	0.000000E+00	6.309573E+03
0	3.648202E-02	0.000000E+00	0.000000E+00	0.000000E+00	0.000000E+00	0.000000E+00	6.309573E+03
0	3.864373E-02	0.000000E+00	0.000000E+00	0.000000E+00	0.000000E+00	0.000000E+00	6.309573E+03
0	4.093348E-02	0.000000E+00	0.000000E+00	0.000000E+00	0.000000E+00	0.000000E+00	6.309573E+03
0	4.335895E-02	0.000000E+00	0.000000E+00	0.000000E+00	0.000000E+00	0.000000E+00	6.309573E+03
0	4.592814E-02	0.000000E+00	0.000000E+00	0.000000E+00	0.000000E+00	0.000000E+00	6.309573E+03
0	4.864956E-02	0.000000E+00	0.000000E+00	0.000000E+00	0.000000E+00	0.000000E+00	6.309573E+03
0	5.153224E-02	0.000000E+00	0.000000E+00	0.000000E+00	0.000000E+00	0.000000E+00	6.309573E+03
0	5.458567E-02	0.000000E+00	0.000000E+00	0.000000E+00	0.000000E+00	0.000000E+00	6.309573E+03
0	5.782009E-02	0.000000E+00	0.000000E+00	0.000000E+00	0.000000E+00	0.000000E+00	6.309573E+03
0	6.124616E-02	0.000000E+00	0.000000E+00	0.000000E+00	0.000000E+00	0.000000E+00	6.309573E+03
0	6.487523E-02	0.000000E+00	0.000000E+00	0.000000E+00	0.000000E+00	0.000000E+00	6.309573E+03
0	6.871935E-02	0.000000E+00	0.000000E+00	0.000000E+00	0.000000E+00	0.000000E+00	6.309573E+03
0	7.279116E-02	0.000000E+00	0.000000E+00	0.000000E+00	0.000000E+00	0.000000E+00	6.309573E+03
0	7.710433E-02	0.000000E+00	0.000000E+00	0.000000E+00	0.000000E+00	0.000000E+00	6.309573E+03
0	8.167306E-02	0.000000E+00	0.000000E+00	0.000000E+00	0.000000E+00	0.000000E+00	6.309573E+03
0	8.651251E-02	0.000000E+00	0.000000E+00	0.000000E+00	0.000000E+00	0.000000E+00	6.309573E+03
0	9.163872E-02	0.000000E+00	0.000000E+00	0.000000E+00	0.000000E+00	0.000000E+00	6.309573E+03
0	9.706858E-02	0.000000E+00	0.000000E+00	0.000000E+00	0.000000E+00	0.000000E+00	6.309573E+03
0	1.028203E-01	0.000000E+00	0.000000E+00	0.000000E+00	0.000000E+00	0.000000E+00	6.309573E+03
0	1.089128E-01	0.000000E+00	0.000000E+00	0.000000E+00	0.000000E+00	0.000000E+00	6.309573E+03
0	1.153663E-01	0.000000E+00	0.000000E+00	0.000000E+00	0.000000E+00	0.000000E+00	6.309573E+03
0	1.222022E-01	0.000000E+00	0.000000E+00	0.000000E+00	0.000000E+00	0.000000E+00	6.309573E+03
0	1.294430E-01	0.000000E+00	0.000000E+00	0.000000E+00	0.000000E+00	0.000000E+00	6.309573E+03
0	1.371130E-01	0.000000E+00	0.000000E+00	0.000000E+00	0.000000E+00	0.000000E+00	6.309573E+03
0	1.452375E-01	0.000000E+00	0.000000E+00	0.000000E+00	0.000000E+00	0.000000E+00	6.309573E+03
0	1.538434E-01	0.000000E+00	0.000000E+00	0.000000E+00	0.000000E+00	0.000000E+00	6.309573E+03
0	1.629593E-01	0.000000E+00	0.000000E+00	0.000000E+00	0.000000E+00	0.000000E+00	6.309573E+03
0	1.726151E-01	0.000000E+00	0.000000E+00	0.000000E+00	0.000000E+00	0.000000E+00	6.309573E+03
0	1.828432E-01	0.000000E+00	0.000000E+00	0.000000E+00	0.000000E+00	0.000000E+00	6.309573E+03
0	1.936774E-01	0.000000E+00	0.000000E+00	0.000000E+00	0.000000E+00	0.000000E+00	6.309573E+03
0	2.051535E-01	0.000000E+00	0.000000E+00	0.000000E+00	0.000000E+00	0.000000E+00	6.309573E+03
0	2.173097E-01	0.000000E+00	0.000000E+00	0.000000E+00	0.000000E+00	0.000000E+00	6.309573E+03
0	2.301859E-01	0.000000E+00	0.000000E+00	0.000000E+00	0.000000E+00	0.000000E+00	6.309573E+03
0	2.438253E-01	0.000000E+00	0.000000E+00	0.000000E+00	0.000000E+00	0.000000E+00	6.309573E+03
0	2.582729E-01	0.000000E+00	0.000000E+00	0.000000E+00	0.000000E+00	0.000000E+00	6.309573E+03
0	2.735766E-01	0.000000E+00	0.000000E+00	0.000000E+00	0.000000E+00	0.000000E+00	6.309573E+03
0	2.897871E-01	0.000000E+00	0.000000E+00	0.000000E+00	0.000000E+00	0.000000E+00	6.309573E+03
0	3.069578E-01	0.000000E+00	0.000000E+00	0.000000E+00	0.000000E+00	0.000000E+00	6.309573E+03
0	3.251463E-01	0.000000E+00	0.000000E+00	0.000000E+00	0.000000E+00	0.000000E+00	6.309573E+03
0	3.444124E-01	0.000000E+00	0.000000E+00	0.000000E+00	0.000000E+00	0.000000E+00	6.309573E+03
0	3.648202E-01	0.000000E+00	0.000000E+00	0.000000E+00	0.000000E+00	0.000000E+00	6.309573E+03
0	3.864373E-01	0.000000E+00	0.000000E+00	0.000000E+00	0.000000E+00	0.000000E+00	6.309573E+03
0	4.093347E-01	0.000000E+00	0.000000E+00	0.000000E+00	0.000000E+00	0.000000E+00	6.309573E+03
0	4.335895E-01	0.000000E+00	0.000000E+00	0.000000E+00	0.000000E+00	0.000000E+00	6.309573E+03
0	4.592814E-01	0.000000E+00	0.000000E+00	0.000000E+00	0.000000E+00	0.000000E+00	6.309573E+03
0	4.864956E-01	0.000000E+00	0.000000E+00	0.000000E+00	0.000000E+00	0.000000E+00	6.309573E+03
0	5.153224E-01	0.000000E+00	0.000000E+00	0.000000E+00	0.000000E+00	0.000000E+00	6.309573E+03
0	5.458567E-01	0.000000E+00	0.000000E+00	0.000000E+00	0.000000E+00	0.000000E+00	6.309573E+03
0	5.782009E-01	0.000000E+00	0.000000E+00	0.000000E+00	0.000000E+00	0.000000E+00	6.309573E+03
0	6.124615E-01	0.000000E+00	0.000000E+00	0.000000E+00	0.000000E+00	0.000000E+00	6.309573E+03
0	6.487523E-01	0.000000E+00	0.000000E+00	0.000000E+00	0.000000E+00	0.000000E+00	6.309573E+03
0	6.871935E-01	0.000000E+00	0.000000E+00	0.000000E+00	0.000000E+00	0.000000E+00	6.309573E+03
0	7.279116E-01	0.000000E+00	0.000000E+00	0.000000E+00	0.000000E+00	0.000000E+00	6.309573E+03
0	7.710432E-01	0.000000E+00	0.000000E+00	0.000000E+00	0.000000E+00	0.000000E+00	6.309573E+03
0	8.167306E-01	0.000000E+00	0.000000E+00	0.000000E+00	0.000000E+00	0.000000E+00	6.309573E+03
0	8.651252E-01	0.000000E+00	0.000000E+00	0.000000E+00	0.000000E+00	0.000000E+00	6.309573E+03
0	9.163872E-01	0.000000E+00	0.000000E+00	0.000000E+00	0.000000E+00	0.000000E+00	6.309573E+03
0	9.706858E-01	0.000000E+00	0.000000E+00	0.000000E+00	0.000000E+00	0.000000E+00	6.309573E+03
0	1.028203E+00	0.000000E+00	0.000000E+00	0.000000E+00	0.000000E+00	0.000000E+00	6.309573E+03
0	1.089128E+00	0.000000E+00	0.000000E+00	0.000000E+00	0.000000E+00	0.000000E+00	6.309573E+03
0	1.153663E+00	0.000000E+00	0.000000E+00	0.000000E+00	0.000000E+00	0.000000E+00	6.309573E+03
0	1.222022E+00	0.000000E+00	0.000000E+00	0.000000E+00	0.000000E+00	0.000000E+00	6.309573E+03
0	1.294430E+00	0.000000E+00	0.000000E+00	0.000000E+00	0.000000E+00	0.000000E+00	6.309573E+03
0	1.371130E+00	0.000000E+00	0.000000E+00	0.000000E+00	0.000000E+00	0.000000E+00	6.309573E+03
0	1.452375E+00	0.000000E+00	0.000000E+00	0.000000E+00	0.000000E+00	0.000000E+00	6.309573E+03
0	1.538434E+00	0.000000E+00	0.000000E+00	0.000000E+00	0.000000E+00	0.000000E+00	6.309573E+03
0	1.629592E+00	0.000000E+00	0.000000E+00	0.000000E+00	0.000000E+00	0.000000E+00	6.309573E+03
