0	0.000000E+00	0.000000E+00	0.000000E+00	0.000000E+00	0.000000E+00	0.000000E+00	1.584892E+04
0	3.251465E-08	0.000000E+00	0.000000E+00	0.000000E+00	0.000000E+00	0.000000E+00	1.584892E+04
0	3.444126E-08	0.000000E+00	0.000000E+00	0.000000E+00	0.000000E+00	0.000000E+00	1.584892E+04
0	3.648205E-08	0.000000E+00	0.000000E+00	0.000000E+00	0.000000E+00	0.000000E+00	1.584892E+04
0	3.864371E-08	0.000000E+00	0.000000E+00	0.000000E+00	0.000000E+00	0.000000E+00	1.584892E+04
0	4.093350E-08	0.000000E+00	0.000000E+00	0.000000E+00	0.000000E+00	0.000000E+00	1.584892E+04
0	4.335897E-08	0.000000E+00	0.000000E+00	0.000000E+00	0.000000E+00	0.000000E+00	1.584892E+04
0	4.592816E-08	0.000000E+00	0.000000E+00	0.000000E+00	0.000000E+00	0.000000E+00	1.584892E+04
0	4.864959E-08	0.000000E+00	0.000000E+00	0.000000E+00	0.000000E+00	0.000000E+00	1.584892E+04
0	5.153221E-08	0.000000E+00	0.000000E+00	0.000000E+00	0.000000E+00	0.000000E+00	1.584892E+04
0	5.458570E-08	0.000000E+00	0.000000E+00	0.000000E+00	0.000000E+00	0.000000E+00	1.584892E+04
0	5.782012E-08	0.000000E+00	0.000000E+00	0.000000E+00	0.000000E+00	0.000000E+00	1.584892E+04
0	6.124619E-08	0.000000E+00	0.000000E+00	0.000000E+00	0.000000E+00	0.000000E+00	1.584892E+04
0	6.487527E-08	0.000000E+00	0.000000E+00	0.000000E+00	0.000000E+00	0.000000E+00	1.584892E+04
0	6.871931E-08	0.000000E+00	0.000000E+00	0.000000E+00	0.000000E+00	0.000000E+00	1.584892E+04
0	7.279120E-08	0.000000E+00	0.000000E+00	0.000000E+00	0.000000E+00	0.000000E+00	1.584892E+04
0	7.710437E-08	0.000000E+00	0.000000E+00	0.000000E+00	0.000000E+00	0.000000E+00	1.584892E+04
0	8.167311E-08	0.000000E+00	0.000000E+00	0.000000E+00	0.000000E+00	0.000000E+00	1.584892E+04
0	8.651256E-08	0.000000E+00	0.000000E+00	0.000000E+00	0.000000E+00	0.000000E+00	1.584892E+04
0	9.163867E-08	0.000000E+00	0.000000E+00	0.000000E+00	0.000000E+00	0.000000E+00	1.584892E+04
0	9.706863E-08	0.000000E+00	0.000000E+00	0.000000E+00	0.000000E+00	0.000000E+00	1.584892E+04
0	1.028203E-07	0.000000E+00	0.000000E+00	0.000000E+00	0.000000E+00	0.000000E+00	1.584892E+04
0	1.089128E-07	0.000000E+00	0.000000E+00	0.000000E+00	0.000000E+00	0.000000E+00	1.584892E+04
0	1.153664E-07	0.000000E+00	0.000000E+00	0.000000E+00	0.000000E+00	0.000000E+00	1.584892E+04
0	1.222021E-07	0.000000E+00	0.000000E+00	0.000000E+00	0.000000E+00	0.000000E+00	1.584892E+04
0	1.294431E-07	0.000000E+00	0.000000E+00	0.000000E+00	0.000000E+00	0.000000E+00	1.584892E+04
0	1.371131E-07	0.000000E+00	0.000000E+00	0.000000E+00	0.000000E+00	0.000000E+00	1.584892E+04
0	1.452376E-07	0.000000E+00	0.000000E+00	0.000000E+00	0.000000E+00	0.000000E+00	1.584892E+04
0	1.538435E-07	0.000000E+00	0.000000E+00	0.000000E+00	0.000000E+00	0.000000E+00	1.584892E+04
0	1.629592E-07	0.000000E+00	0.000000E+00	0.000000E+00	0.000000E+00	0.000000E+00	1.584892E+04
0	1.726151E-07	0.000000E+00	0.000000E+00	0.000000E+00	0.000000E+00	0.000000E+00	1.584892E+04
0	1.828433E-07	0.000000E+00	0.000000E+00	0.000000E+00	0.000000E+00	0.000000E+00	1.584892E+04
0	1.936775E-07	0.000000E+00	0.000000E+00	0.000000E+00	0.000000E+00	0.000000E+00	1.584892E+04
0	2.051536E-07	0.000000E+00	0.000000E+00	0.000000E+00	0.000000E+00	0.000000E+00	1.584892E+04
0	2.173095E-07	0.000000E+00	0.000000E+00	0.000000E+00	0.000000E+00	0.000000E+00	1.584892E+04
0	2.301860E-07	0.000000E+00	0.000000E+00	0.000000E+00	0.000000E+00	0.000000E+00	1.584892E+04
0	2.438254E-07	0.000000E+00	0.000000E+00	0.000000E+00	0.000000E+00	0.000000E+00	1.584892E+04
0	2.582730E-07	0.000000E+00	0.000000E+00	0.000000E+00	0.000000E+00	0.000000E+00	1.584892E+04
0	2.735767E-07	0.000000E+00	0.000000E+00	0.000000E+00	0.000000E+00	0.000000E+00	1.584892E+04
0	2.897869E-07	0.000000E+00	0.000000E+00	0.000000E+00	0.000000E+00	0.000000E+00	1.584892E+04
0	3.069580E-07	0.000000E+00	0.000000E+00	0.000000E+00	0.000000E+00	0.000000E+00	1.584892E+04
0	3.251464E-07	0.000000E+00	0.000000E+00	0.000000E+00	0.000000E+00	0.000000E+00	1.584892E+04
0	3.444127E-07	0.000000E+00	0.000000E+00	0.000000E+00	0.000000E+00	0.000000E+00	1.584892E+04
0	3.648204E-07	0.000000E+00	0.000000E+00	0.000000E+00	0.000000E+00	0.000000E+00	1.584892E+04
0	3.864371E-07	0.000000E+00	0.000000E+00	0.000000E+00	0.000000E+00	0.000000E+00	1.584892E+04
0	4.093350E-07	0.000000E+00	0.000000E+00	0.000000E+00	0.000000E+00	0.000000E+00	1.584892E+04
0	4.335897E-07	0.000000E+00	0.000000E+00	0.000000E+00	0.000000E+00	0.000000E+00	1.584892E+04
0	4.592817E-07	0.000000E+00	0.000000E+00	0.000000E+00	0.000000E+00	0.000000E+00	1.584892E+04
0	4.864959E-07	0.000000E+00	0.000000E+00	0.000000E+00	0.000000E+00	0.000000E+00	1.584892E+04
0	5.153221E-07	0.000000E+00	0.000000E+00	0.000000E+00	0.000000E+00	0.000000E+00	1.584892E+04
0	5.458571E-07	0.000000E+00	0.000000E+00	0.000000E+00	0.000000E+00	0.000000E+00	1.584892E+04
0	5.782011E-07	0.000000E+00	0.000000E+00	0.000000E+00	0.000000E+00	0.000000E+00	1.584892E+04
0	6.124619E-07	0.000000E+00	0.000000E+00	0.000000E+00	0.000000E+00	0.000000E+00	1.584892E+04
0	6.487527E-07	0.000000E+00	0.000000E+00	0.000000E+00	0.000000E+00	0.000000E+00	1.584892E+04
0	6.871932E-07	0.000000E+00	0.000000E+00	0.000000E+00	0.000000E+00	0.000000E+00	1.584892E+04
0	7.279120E-07	0.000000E+00	0.000000E+00	0.000000E+00	0.000000E+00	0.000000E+00	1.584892E+04
0	7.710437E-07	0.000000E+00	0.000000E+00	0.000000E+00	0.000000E+00	0.000000E+00	1.584892E+04
0	8.167311E-07	0.000000E+00	0.000000E+00	0.000000E+00	0.000000E+00	0.000000E+00	1.584892E+04
0	8.651256E-07	0.000000E+00	0.000000E+00	0.000000E+00	0.000000E+00	0.000000E+00	1.584892E+04
0	9.163867E-07	0.000000E+00	0.000000E+00	0.000000E+00	0.000000E+00	0.000000E+00	1.584892E+04
0	9.706863E-07	0.000000E+00	0.000000E+00	0.000000E+00	0.000000E+00	0.000000E+00	1.584892E+04
0	1.028203E-06	0.000000E+00	0.000000E+00	0.000000E+00	0.000000E+00	0.000000E+00	1.584892E+04
0	1.089128E-06	0.000000E+00	0.000000E+00	0.000000E+00	0.000000E+00	0.000000E+00	1.584892E+04
0	1.153664E-06	0.000000E+00	0.000000E+00	0.000000E+00	0.000000E+00	0.000000E+00	1.584892E+04
0	1.222021E-06	0.000000E+00	0.000000E+00	0.000000E+00	0.000000E+00	0.000000E+00	1.584892E+04
0	1.294431E-06	0.000000E+00	0.000000E+00	0.000000E+00	0.000000E+00	0.000000E+00	1.584892E+04
0	1.371131E-06	0.000000E+00	0.000000E+00	0.000000E+00	0.000000E+00	0.000000E+00	1.584892E+04
0	1.452376E-06	0.000000E+00	0.000000E+00	0.000000E+00	0.000000E+00	0.000000E+00	1.584892E+04
0	1.538435E-06	0.000000E+00	0.000000E+00	0.000000E+00	0.000000E+00	0.000000E+00	1.584892E+04
0	1.629592E-06	0.000000E+00	0.000000E+00	0.000000E+00	0.000000E+00	0.000000E+00	1.584892E+04
0	1.726151E-06	0.000000E+00	0.000000E+00	0.000000E+00	0.000000E+00	0.000000E+00	1.584892E+04
0	1.828433E-06	0.000000E+00	0.000000E+00	0.000000E+00	0.000000E+00	0.000000E+00	1.584892E+04
0	1.936775E-06	0.000000E+00	0.000000E+00	0.000000E+00	0.000000E+00	0.000000E+00	1.584892E+04
0	2.051536E-06	0.000000E+00	0.000000E+00	0.000000E+00	0.000000E+00	0.000000E+00	1.584892E+04
0	2.173095E-06	0.000000E+00	0.000000E+00	0.000000E+00	0.000000E+00	0.000000E+00	1.584892E+04
0	2.301860E-06	0.000000E+00	0.000000E+00	0.000000E+00	0.000000E+00	0.000000E+00	1.584892E+04
0	2.438254E-06	0.000000E+00	0.000000E+00	0.000000E+00	0.000000E+00	0.000000E+00	1.584892E+04
0	2.582731E-06	0.000000E+00	0.000000E+00	0.000000E+00	0.000000E+00	0.000000E+00	1.584892E+04
0	2.735767E-06	0.000000E+00	0.000000E+00	0.000000E+00	0.000000E+00	0.000000E+00	1.584892E+04
0	2.897869E-06	0.000000E+00	0.000000E+00	0.000000E+00	0.000000E+00	0.000000E+00	1.584892E+04
0	3.069579E-06	0.000000E+00	0.000000E+00	0.000000E+00	0.000000E+00	0.000000E+00	1.584892E+04
0	3.251464E-06	0.000000E+00	0.000000E+00	0.000000E+00	0.000000E+00	0.000000E+00	1.584892E+04
0	3.444127E-06	0.000000E+00	0.000000E+00	0.000000E+00	0.000000E+00	0.000000E+00	1.584892E+04
0	3.648203E-06	0.000000E+00	0.000000E+00	0.000000E+00	0.000000E+00	0.000000E+00	1.584892E+04
0	3.864373E-06	0.000000E+00	0.000000E+00	0.000000E+00	0.000000E+00	0.000000E+00	1.584892E+04
0	4.093350E-06	0.000000E+00	0.000000E+00	0.000000E+00	0.000000E+00	0.000000E+00	1.584892E+04
0	4.335897E-06	0.000000E+00	0.000000E+00	0.000000E+00	0.000000E+00	0.000000E+00	1.584892E+04
0	4.592816E-06	0.000000E+00	0.000000E+00	0.000000E+00	0.000000E+00	0.000000E+00	1.584892E+04
0	4.864956E-06	0.000000E+00	0.000000E+00	0.000000E+00	0.000000E+00	0.000000E+00	1.584892E+04
0	5.153224E-06	0.000000E+00	0.000000E+00	0.000000E+00	0.000000E+00	0.000000E+00	1.584892E+04
0	5.458570E-06	0.000000E+00	0.000000E+00	0.000000E+00	0.000000E+00	0.000000E+00	1.584892E+04
0	5.782012E-06	0.000000E+00	0.000000E+00	0.000000E+00	0.000000E+00	0.000000E+00	1.584892E+04
0	6.124619E-06	0.000000E+00	0.000000E+00	0.000000E+00	0.000000E+00	0.000000E+00	1.584892E+04
0	6.487524E-06	0.000000E+00	0.000000E+00	0.000000E+00	0.000000E+00	0.000000E+00	1.584892E+04
0	6.871935E-06	0.000000E+00	0.000000E+00	0.000000E+00	0.000000E+00	0.000000E+00	1.584892E+04
0	7.279120E-06	0.000000E+00	0.000000E+00	0.000000E+00	0.000000E+00	0.000000E+00	1.584892E+04
0	7.710437E-06	0.000000E+00	0.000000E+00	0.000000E+00	0.000000E+00	0.000000E+00	1.584892E+04
0	8.167311E-06	0.000000E+00	0.000000E+00	0.000000E+00	0.000000E+00	0.000000E+00	1.584892E+04
0	8.651252E-06	0.000000E+00	0.000000E+00	0.000000E+00	0.000000E+00	0.000000E+00	1.584892E+04
0	9.163872E-06	0.000000E+00	0.000000E+00	0.000000E+00	0.000000E+00	0.000000E+00	1.584892E+04
0	9.706862E-06	0.000000E+00	0.000000E+00	0.000000E+00	0.000000E+00	0.000000E+00	1.584892E+04
0	1.028203E-05	0.000000E+00	0.000000E+00	0.000000E+00	0.000000E+00	0.000000E+00	1.584892E+04
0	1.089128E-05	0.000000E+00	0.000000E+00	0.000000E+00	0.000000E+00	0.000000E+00	1.584892E+04
0	1.153663E-05	0.000000E+00	0.000000E+00	0.000000E+00	0.000000E+00	0.000000E+00	1.584892E+04
0	1.222022E-05	0.000000E+00	0.000000E+00	0.000000E+00	0.000000E+00	0.000000E+00	1.584892E+04
0	1.294431E-05	0.000000E+00	0.000000E+00	0.000000E+00	0.000000E+00	0.000000E+00	1.584892E+04
0	1.371131E-05	0.000000E+00	0.000000E+00	0.000000E+00	0.000000E+00	0.000000E+00	1.584892E+04
0	1.452376E-05	0.000000E+00	0.000000E+00	0.000000E+00	0.000000E+00	0.000000E+00	1.584892E+04
0	1.538434E-05	0.000000E+00	0.000000E+00	0.000000E+00	0.000000E+00	0.000000E+00	1.584892E+04
0	1.629592E-05	0.000000E+00	0.000000E+00	0.000000E+00	0.000000E+00	0.000000E+00	1.584892E+04
0	1.726151E-05	0.000000E+00	0.000000E+00	0.000000E+00	0.000000E+00	0.000000E+00	1.584892E+04
0	1.828433E-05	0.000000E+00	0.000000E+00	0.000000E+00	0.000000E+00	0.000000E+00	1.584892E+04
0	1.936775E-05	0.000000E+00	0.000000E+00	0.000000E+00	0.000000E+00	0.000000E+00	1.584892E+04
0	2.051535E-05	0.000000E+00	0.000000E+00	0.000000E+00	0.000000E+00	0.000000E+00	1.584892E+04
0	2.173097E-05	0.000000E+00	0.000000E+00	0.000000E+00	0.000000E+00	0.000000E+00	1.584892E+04
0	2.301860E-05	0.000000E+00	0.000000E+00	0.000000E+00	0.000000E+00	0.000000E+00	1.584892E+04
0	2.438254E-05	0.000000E+00	0.000000E+00	0.000000E+00	0.000000E+00	0.000000E+00	1.584892E+04
0	2.582730E-05	0.000000E+00	0.000000E+00	0.000000E+00	0.000000E+00	0.000000E+00	1.584892E+04
0	2.735766E-05	0.000000E+00	0.000000E+00	0.000000E+00	0.000000E+00	0.000000E+00	1.584892E+04
0	2.897871E-05	0.000000E+00	0.000000E+00	0.000000E+00	0.000000E+00	0.000000E+00	1.584892E+04
0	3.069580E-05	0.000000E+00	0.000000E+00	0.000000E+00	0.000000E+00	0.000000E+00	1.584892E+04
0	3.251464E-05	0.000000E+00	0.000000E+00	0.000000E+00	0.000000E+00	0.000000E+00	1.584892E+04
0	3.444127E-05	0.000000E+00	0.000000E+00	0.000000E+00	0.000000E+00	0.000000E+00	1.584892E+04
0	3.648203E-05	0.000000E+00	0.000000E+00	0.000000E+00	0.000000E+00	0.000000E+00	1.584892E+04
0	3.864373E-05	0.000000E+00	0.000000E+00	0.000000E+00	0.000000E+00	0.000000E+00	1.584892E+04
0	4.093350E-05	0.000000E+00	0.000000E+00	0.000000E+00	0.000000E+00	0.000000E+00	1.584892E+04
0	4.335898E-05	0.000000E+00	0.000000E+00	0.000000E+00	0.000000E+00	0.000000E+00	1.584892E+04
0	4.592816E-05	0.000000E+00	0.000000E+00	0.000000E+00	0.000000E+00	0.000000E+00	1.584892E+04
0	4.864956E-05	0.000000E+00	0.000000E+00	0.000000E+00	0.000000E+00	0.000000E+00	1.584892E+04
0	5.153224E-05	0.000000E+00	0.000000E+00	0.000000E+00	0.000000E+00	0.000000E+00	1.584892E+04
0	5.458570E-05	0.000000E+00	0.000000E+00	0.000000E+00	0.000000E+00	0.000000E+00	1.584892E+04
0	5.782012E-05	0.000000E+00	0.000000E+00	0.000000E+00	0.000000E+00	0.000000E+00	1.584892E+04
0	6.124619E-05	0.000000E+00	0.000000E+00	0.000000E+00	0.000000E+00	0.000000E+00	1.584892E+04
0	6.487523E-05	0.000000E+00	0.000000E+00	0.000000E+00	0.000000E+00	0.000000E+00	1.584892E+04
0	6.871935E-05	0.000000E+00	0.000000E+00	0.000000E+00	0.000000E+00	0.000000E+00	1.584892E+04
0	7.279120E-05	0.000000E+00	0.000000E+00	0.000000E+00	0.000000E+00	0.000000E+00	1.584892E+04
0	7.710437E-05	0.000000E+00	0.000000E+00	0.000000E+00	0.000000E+00	0.000000E+00	1.584892E+04
0	8.167310E-05	0.000000E+00	0.000000E+00	0.000000E+00	0.000000E+00	0.000000E+00	1.584892E+04
0	8.651252E-05	0.000000E+00	0.000000E+00	0.000000E+00	0.000000E+00	0.000000E+00	1.584892E+04
0	9.163873E-05	0.000000E+00	0.000000E+00	0.000000E+00	0.000000E+00	0.000000E+00	1.584892E+04
0	9.706863E-05	0.000000E+00	0.000000E+00	0.000000E+00	0.000000E+00	0.000000E+00	1.584892E+04
0	1.028203E-04	0.000000E+00	0.000000E+00	0.000000E+00	0.000000E+00	0.000000E+00	1.584892E+04
0	1.089128E-04	0.000000E+00	0.000000E+00	0.000000E+00	0.000000E+00	0.000000E+00	1.584892E+04
0	1.153663E-04	0.000000E+00	0.000000E+00	0.000000E+00	0.000000E+00	0.000000E+00	1.584892E+04
0	1.222022E-04	0.000000E+00	0.000000E+00	0.000000E+00	0.000000E+00	0.000000E+00	1.584892E+04
0	1.294431E-04	0.000000E+00	0.000000E+00	0.000000E+00	0.000000E+00	0.000000E+00	1.584892E+04
0	1.371131E-04	0.000000E+00	0.000000E+00	0.000000E+00	0.000000E+00	0.000000E+00	1.584892E+04
0	1.452376E-04	0.000000E+00	0.000000E+00	0.000000E+00	0.000000E+00	0.000000E+00	1.584892E+04
0	1.538434E-04	0.000000E+00	0.000000E+00	0.000000E+00	0.000000E+00	0.000000E+00	1.584892E+04
0	1.629593E-04	0.000000E+00	0.000000E+00	0.000000E+00	0.000000E+00	0.000000E+00	1.584892E+04
0	1.726151E-04	0.000000E+00	0.000000E+00	0.000000E+00	0.000000E+00	0.000000E+00	1.584892E+04
0	1.828433E-04	0.000000E+00	0.000000E+00	0.000000E+00	0.000000E+00	0.000000E+00	1.584892E+04
0	1.936775E-04	0.000000E+00	0.000000E+00	0.000000E+00	0.000000E+00	0.000000E+00	1.584892E+04
0	2.051535E-04	0.000000E+00	0.000000E+00	0.000000E+00	0.000000E+00	0.000000E+00	1.584892E+04
0	2.173097E-04	0.000000E+00	0.000000E+00	0.000000E+00	0.000000E+00	0.000000E+00	1.584892E+04
0	2.301860E-04	0.000000E+00	0.000000E+00	0.000000E+00	0.000000E+00	0.000000E+00	1.584892E+04
0	2.438254E-04	0.000000E+00	0.000000E+00	0.000000E+00	0.000000E+00	0.000000E+00	1.584892E+04
0	2.582730E-04	0.000000E+00	0.000000E+00	0.000000E+00	0.000000E+00	0.000000E+00	1.584892E+04
0	2.735766E-04	0.000000E+00	0.000000E+00	0.000000E+00	0.000000E+00	0.000000E+00	1.584892E+04
0	2.897871E-04	0.000000E+00	0.000000E+00	0.000000E+00	0.000000E+00	0.000000E+00	1.584892E+04
0	3.069580E-04	0.000000E+00	0.000000E+00	0.000000E+00	0.000000E+00	0.000000E+00	1.584892E+04
0	3.251464E-04	0.000000E+00	0.000000E+00	0.000000E+00	0.000000E+00	0.000000E+00	1.584892E+04
0	3.444126E-04	0.000000E+00	0.000000E+00	0.000000E+00	0.000000E+00	0.000000E+00	1.584892E+04
0	3.648204E-04	0.000000E+00	0.000000E+00	0.000000E+00	0.000000E+00	0.000000E+00	1.584892E+04
0	3.864371E-04	0.000000E+00	0.000000E+00	0.000000E+00	0.000000E+00	0.000000E+00	1.584892E+04
0	4.093350E-04	0.000000E+00	0.000000E+00	0.000000E+00	0.000000E+00	0.000000E+00	1.584892E+04
0	4.335897E-04	0.000000E+00	0.000000E+00	0.000000E+00	0.000000E+00	0.000000E+00	1.584892E+04
0	4.592817E-04	0.000000E+00	0.000000E+00	0.000000E+00	0.000000E+00	0.000000E+00	1.584892E+04
0	4.864959E-04	0.000000E+00	0.000000E+00	0.000000E+00	0.000000E+00	0.000000E+00	1.584892E+04
0	5.153221E-04	0.000000E+00	0.000000E+00	0.000000E+00	0.000000E+00	0.000000E+00	1.584892E+04
0	5.458570E-04	0.000000E+00	0.000000E+00	0.000000E+00	0.000000E+00	0.000000E+00	1.584892E+04
0	5.782013E-04	0.000000E+00	0.000000E+00	0.000000E+00	0.000000E+00	0.000000E+00	1.584892E+04
0	6.124619E-04	0.000000E+00	0.000000E+00	0.000000E+00	0.000000E+00	0.000000E+00	1.584892E+04
0	6.487527E-04	0.000000E+00	0.000000E+00	0.000000E+00	0.000000E+00	0.000000E+00	1.584892E+04
0	6.871931E-04	0.000000E+00	0.000000E+00	0.000000E+00	0.000000E+00	0.000000E+00	1.584892E+04
0	7.279120E-04	0.000000E+00	0.000000E+00	0.000000E+00	0.000000E+00	0.000000E+00	1.584892E+04
0	7.710436E-04	0.000000E+00	0.000000E+00	0.000000E+00	0.000000E+00	0.000000E+00	1.584892E+04
0	8.167311E-04	0.000000E+00	0.000000E+00	0.000000E+00	0.000000E+00	0.000000E+00	1.584892E+04
0	8.651256E-04	0.000000E+00	0.000000E+00	0.000000E+00	0.000000E+00	0.000000E+00	1.584892E+04
0	9.163868E-04	0.000000E+00	0.000000E+00	0.000000E+00	0.000000E+00	0.000000E+00	1.584892E+04
0	9.706863E-04	0.000000E+00	0.000000E+00	0.000000E+00	0.000000E+00	0.000000E+00	1.584892E+04
0	1.028203E-03	0.000000E+00	0.000000E+00	0.000000E+00	0.000000E+00	0.000000E+00	1.584892E+04
0	1.089128E-03	0.000000E+00	0.000000E+00	0.000000E+00	0.000000E+00	0.000000E+00	1.584892E+04
0	1.153664E-03	0.000000E+00	0.000000E+00	0.000000E+00	0.000000E+00	0.000000E+00	1.584892E+04
0	1.222021E-03	0.000000E+00	0.000000E+00	0.000000E+00	0.000000E+00	0.000000E+00	1.584892E+04
0	1.294431E-03	0.000000E+00	0.000000E+00	0.000000E+00	0.000000E+00	0.000000E+00	1.584892E+04
0	1.371131E-03	0.000000E+00	0.000000E+00	0.000000E+00	0.000000E+00	0.000000E+00	1.584892E+04
0	1.452376E-03	0.000000E+00	0.000000E+00	0.000000E+00	0.000000E+00	0.000000E+00	1.584892E+04
0	1.538435E-03	0.000000E+00	0.000000E+00	0.000000E+00	0.000000E+00	0.000000E+00	1.584892E+04
0	1.629592E-03	0.000000E+00	0.000000E+00	0.000000E+00	0.000000E+00	0.000000E+00	1.584892E+04
0	1.726151E-03	0.000000E+00	0.000000E+00	0.000000E+00	0.000000E+00	0.000000E+00	1.584892E+04
0	1.828433E-03	0.000000E+00	0.000000E+00	0.000000E+00	0.000000E+00	0.000000E+00	1.584892E+04
0	1.936774E-03	0.000000E+00	0.000000E+00	0.000000E+00	0.000000E+00	0.000000E+00	1.584892E+04
0	2.051536E-03	0.000000E+00	0.000000E+00	0.000000E+00	0.000000E+00	0.000000E+00	1.584892E+04
0	2.173095E-03	0.000000E+00	0.000000E+00	0.000000E+00	0.000000E+00	0.000000E+00	1.584892E+04
0	2.301860E-03	0.000000E+00	0.000000E+00	0.000000E+00	0.000000E+00	0.000000E+00	1.584892E+04
0	2.438254E-03	0.000000E+00	0.000000E+00	0.000000E+00	0.000000E+00	0.000000E+00	1.584892E+04
0	2.582730E-03	0.000000E+00	0.000000E+00	0.000000E+00	0.000000E+00	0.000000E+00	1.584892E+04
0	2.735767E-03	0.000000E+00	0.000000E+00	0.000000E+00	0.000000E+00	0.000000E+00	1.584892E+04
0	2.897869E-03	0.000000E+00	0.000000E+00	0.000000E+00	0.000000E+00	0.000000E+00	1.584892E+04
0	3.069579E-03	0.000000E+00	0.000000E+00	0.000000E+00	0.000000E+00	0.000000E+00	1.584892E+04
0	3.251464E-03	0.000000E+00	0.000000E+00	0.000000E+00	0.000000E+00	0.000000E+00	1.584892E+04
0	3.444126E-03	0.000000E+00	0.000000E+00	0.000000E+00	0.000000E+00	0.000000E+00	1.584892E+04
0	3.648204E-03	0.000000E+00	0.000000E+00	0.000000E+00	0.000000E+00	0.000000E+00	1.584892E+04
0	3.864371E-03	0.000000E+00	0.000000E+00	0.000000E+00	0.000000E+00	0.000000E+00	1.584892E+04
0	4.093350E-03	0.000000E+00	0.000000E+00	0.000000E+00	0.000000E+00	0.000000E+00	1.584892E+04
0	4.335898E-03	0.000000E+00	0.000000E+00	0.000000E+00	0.000000E+00	0.000000E+00	1.584892E+04
0	4.592816E-03	0.000000E+00	0.000000E+00	0.000000E+00	0.000000E+00	0.000000E+00	1.584892E+04
0	4.864959E-03	0.000000E+00	0.000000E+00	0.000000E+00	0.000000E+00	0.000000E+00	1.584892E+04
0	5.153221E-03	0.000000E+00	0.000000E+00	0.000000E+00	0.000000E+00	0.000000E+00	1.584892E+04
0	5.458571E-03	0.000000E+00	0.000000E+00	0.000000E+00	0.000000E+00	0.000000E+00	1.584892E+04
0	5.782012E-03	0.000000E+00	0.000000E+00	0.000000E+00	0.000000E+00	0.000000E+00	1.584892E+04
0	6.124619E-03	0.000000E+00	0.000000E+00	0.000000E+00	0.000000E+00	0.000000E+00	1.584892E+04
0	6.487527E-03	0.000000E+00	0.000000E+00	0.000000E+00	0.000000E+00	0.000000E+00	1.584892E+04
0	6.871932E-03	0.000000E+00	0.000000E+00	0.000000E+00	0.000000E+00	0.000000E+00	1.584892E+04
0	7.279120E-03	0.000000E+00	0.000000E+00	0.000000E+00	0.000000E+00	0.000000E+00	1.584892E+04
0	7.710437E-03	0.000000E+00	0.000000E+00	0.000000E+00	0.000000E+00	0.000000E+00	1.584892E+04
0	8.167311E-03	0.000000E+00	0.000000E+00	0.000000E+00	0.000000E+00	0.000000E+00	1.584892E+04
0	8.651257E-03	0.000000E+00	0.000000E+00	0.000000E+00	0.000000E+00	0.000000E+00	1.584892E+04
0	9.163869E-03	0.000000E+00	0.000000E+00	0.000000E+00	0.000000E+00	0.000000E+00	1.584892E+04
0	9.706863E-03	0.000000E+00	0.000000E+00	0.000000E+00	0.000000E+00	0.000000E+00	1.584892E+04
0	1.028203E-02	0.000000E+00	0.000000E+00	0.000000E+00	0.000000E+00	0.000000E+00	1.584892E+04
0	1.089128E-02	0.000000E+00	0.000000E+00	0.000000E+00	0.000000E+00	0.000000E+00	1.584892E+04
0	1.153664E-02	0.000000E+00	0.000000E+00	0.000000E+00	0.000000E+00	0.000000E+00	1.584892E+04
0	1.222021E-02	0.000000E+00	0.000000E+00	0.000000E+00	0.000000E+00	0.000000E+00	1.584892E+04
0	1.294431E-02	0.000000E+00	0.000000E+00	0.000000E+00	0.000000E+00	0.000000E+00	1.584892E+04
0	1.371131E-02	0.000000E+00	0.000000E+00	0.000000E+00	0.000000E+00	0.000000E+00	1.584892E+04
0	1.452376E-02	0.000000E+00	0.000000E+00	0.000000E+00	0.000000E+00	0.000000E+00	1.584892E+04
0	1.538435E-02	0.000000E+00	0.000000E+00	0.000000E+00	0.000000E+00	0.000000E+00	1.584892E+04
0	1.629592E-02	0.000000E+00	0.000000E+00	0.000000E+00	0.000000E+00	0.000000E+00	1.584892E+04
0	1.726151E-02	0.000000E+00	0.000000E+00	0.000000E+00	0.000000E+00	0.000000E+00	1.584892E+04
0	1.828433E-02	0.000000E+00	0.000000E+00	0.000000E+00	0.000000E+00	0.000000E+00	1.584892E+04
0	1.936775E-02	0.000000E+00	0.000000E+00	0.000000E+00	0.000000E+00	0.000000E+00	1.584892E+04
0	2.051536E-02	0.000000E+00	0.000000E+00	0.000000E+00	0.000000E+00	0.000000E+00	1.584892E+04
0	2.173095E-02	0.000000E+00	0.000000E+00	0.000000E+00	0.000000E+00	0.000000E+00	1.584892E+04
0	2.301860E-02	0.000000E+00	0.000000E+00	0.000000E+00	0.000000E+00	0.000000E+00	1.584892E+04
0	2.438254E-02	0.000000E+00	0.000000E+00	0.000000E+00	0.000000E+00	0.000000E+00	1.584892E+04
0	2.582730E-02	0.000000E+00	0.000000E+00	0.000000E+00	0.000000E+00	0.000000E+00	1.584892E+04
0	2.735768E-02	0.000000E+00	0.000000E+00	0.000000E+00	0.000000E+00	0.000000E+00	1.584892E+04
0	2.897869E-02	0.000000E+00	0.000000E+00	0.000000E+00	0.000000E+00	0.000000E+00	1.584892E+04
0	3.069580E-02	0.000000E+00	0.000000E+00	0.000000E+00	0.000000E+00	0.000000E+00	1.584892E+04
0	3.251464E-02	0.000000E+00	0.000000E+00	0.000000E+00	0.000000E+00	0.000000E+00	1.584892E+04
0	3.444126E-02	0.000000E+00	0.000000E+00	0.000000E+00	0.000000E+00	0.000000E+00	1.584892E+04
0	3.648204E-02	0.000000E+00	0.000000E+00	0.000000E+00	0.000000E+00	0.000000E+00	1.584892E+04
0	3.864371E-02	0.000000E+00	0.000000E+00	0.000000E+00	0.000000E+00	0.000000E+00	1.584892E+04
0	4.093350E-02	0.000000E+00	0.000000E+00	0.000000E+00	0.000000E+00	0.000000E+00	1.584892E+04
0	4.335897E-02	0.000000E+00	0.000000E+00	0.000000E+00	0.000000E+00	0.000000E+00	1.584892E+04
0	4.592817E-02	0.000000E+00	0.000000E+00	0.000000E+00	0.000000E+00	0.000000E+00	1.584892E+04
0	4.864959E-02	0.000000E+00	0.000000E+00	0.000000E+00	0.000000E+00	0.000000E+00	1.584892E+04
0	5.153222E-02	0.000000E+00	0.000000E+00	0.000000E+00	0.000000E+00	0.000000E+00	1.584892E+04
0	5.458570E-02	0.000000E+00	0.000000E+00	0.000000E+00	0.000000E+00	0.000000E+00	1.584892E+04
0	5.782012E-02	0.000000E+00	0.000000E+00	0.000000E+00	0.000000E+00	0.000000E+00	1.584892E+04
0	6.124619E-02	0.000000E+00	0.000000E+00	0.000000E+00	0.000000E+00	0.000000E+00	1.584892E+04
0	6.487527E-02	0.000000E+00	0.000000E+00	0.000000E+00	0.000000E+00	0.000000E+00	1.584892E+04
0	6.871931E-02	0.000000E+00	0.000000E+00	0.000000E+00	0.000000E+00	0.000000E+00	1.584892E+04
0	7.279120E-02	0.000000E+00	0.000000E+00	0.000000E+00	0.000000E+00	0.000000E+00	1.584892E+04
0	7.710437E-02	0.000000E+00	0.000000E+00	0.000000E+00	0.000000E+00	0.000000E+00	1.584892E+04
0	8.167312E-02	0.000000E+00	0.000000E+00	0.000000E+00	0.000000E+00	0.000000E+00	1.584892E+04
0	8.651257E-02	0.000000E+00	0.000000E+00	0.000000E+00	0.000000E+00	0.000000E+00	1.584892E+04
0	9.163868E-02	0.000000E+00	0.000000E+00	0.000000E+00	0.000000E+00	0.000000E+00	1.584892E+04
0	9.706863E-02	0.000000E+00	0.000000E+00	0.000000E+00	0.000000E+00	0.000000E+00	1.584892E+04
0	1.028203E-01	0.000000E+00	0.000000E+00	0.000000E+00	0.000000E+00	0.000000E+00	1.584892E+04
0	1.089128E-01	0.000000E+00	0.000000E+00	0.000000E+00	0.000000E+00	0.000000E+00	1.584892E+04
0	1.153664E-01	0.000000E+00	0.000000E+00	0.000000E+00	0.000000E+00	0.000000E+00	1.584892E+04
0	1.222021E-01	0.000000E+00	0.000000E+00	0.000000E+00	0.000000E+00	0.000000E+00	1.584892E+04
0	1.294431E-01	0.000000E+00	0.000000E+00	0.000000E+00	0.000000E+00	0.000000E+00	1.584892E+04
0	1.371131E-01	0.000000E+00	0.000000E+00	0.000000E+00	0.000000E+00	0.000000E+00	1.584892E+04
0	1.452376E-01	0.000000E+00	0.000000E+00	0.000000E+00	0.000000E+00	0.000000E+00	1.584892E+04
0	1.538435E-01	0.000000E+00	0.000000E+00	0.000000E+00	0.000000E+00	0.000000E+00	1.584892E+04
0	1.629591E-01	0.000000E+00	0.000000E+00	0.000000E+00	0.000000E+00	0.000000E+00	1.584892E+04
0	1.726151E-01	0.000000E+00	0.000000E+00	0.000000E+00	0.000000E+00	0.000000E+00	1.584892E+04
0	1.828433E-01	0.000000E+00	0.000000E+00	0.000000E+00	0.000000E+00	0.000000E+00	1.584892E+04
0	1.936775E-01	0.000000E+00	0.000000E+00	0.000000E+00	0.000000E+00	0.000000E+00	1.584892E+04
0	2.051536E-01	0.000000E+00	0.000000E+00	0.000000E+00	0.000000E+00	0.000000E+00	1.584892E+04
0	2.173095E-01	0.000000E+00	0.000000E+00	0.000000E+00	0.000000E+00	0.000000E+00	1.584892E+04
0	2.301860E-01	0.000000E+00	0.000000E+00	0.000000E+00	0.000000E+00	0.000000E+00	1.584892E+04
0	2.438254E-01	0.000000E+00	0.000000E+00	0.000000E+00	0.000000E+00	0.000000E+00	1.584892E+04
0	2.582730E-01	0.000000E+00	0.000000E+00	0.000000E+00	0.000000E+00	0.000000E+00	1.584892E+04
0	2.735767E-01	0.000000E+00	0.000000E+00	0.000000E+00	0.000000E+00	0.000000E+00	1.584892E+04
0	2.897869E-01	0.000000E+00	0.000000E+00	0.000000E+00	0.000000E+00	0.000000E+00	1.584892E+04
0	3.069580E-01	0.000000E+00	0.000000E+00	0.000000E+00	0.000000E+00	0.000000E+00	1.584892E+04
0	3.251464E-01	0.000000E+00	0.000000E+00	0.000000E+00	0.000000E+00	0.000000E+00	1.584892E+04
0	3.444127E-01	0.000000E+00	0.000000E+00	0.000000E+00	0.000000E+00	0.000000E+00	1.584892E+04
0	3.648205E-01	0.000000E+00	0.000000E+00	0.000000E+00	0.000000E+00	0.000000E+00	1.584892E+04
0	3.864371E-01	0.000000E+00	0.000000E+00	0.000000E+00	0.000000E+00	0.000000E+00	1.584892E+04
0	4.093350E-01	0.000000E+00	0.000000E+00	0.000000E+00	0.000000E+00	0.000000E+00	1.584892E+04
0	4.335898E-01	0.000000E+00	0.000000E+00	0.000000E+00	0.000000E+00	0.000000E+00	1.584892E+04
0	4.592816E-01	0.000000E+00	0.000000E+00	0.000000E+00	0.000000E+00	0.000000E+00	1.584892E+04
0	4.864959E-01	0.000000E+00	0.000000E+00	0.000000E+00	0.000000E+00	0.000000E+00	1.584892E+04
0	5.153221E-01	0.000000E+00	0.000000E+00	0.000000E+00	0.000000E+00	0.000000E+00	1.584892E+04
0	5.458570E-01	0.000000E+00	0.000000E+00	0.000000E+00	0.000000E+00	0.000000E+00	1.584892E+04
0	5.782012E-01	0.000000E+00	0.000000E+00	0.000000E+00	0.000000E+00	0.000000E+00	1.584892E+04
0	6.124619E-01	0.000000E+00	0.000000E+00	0.000000E+00	0.000000E+00	0.000000E+00	1.584892E+04
0	6.487527E-01	0.000000E+00	0.000000E+00	0.000000E+00	0.000000E+00	0.000000E+00	1.584892E+04
