0.000000E+00	7.394640E-16	5.339653E-07	0.000000E+00	2.342759E-14	1.803302E-23	8.620792E-13	4.625418E-24	1.875712E-09	1.050857E-10	0.000000E+00	9.993224E-05	2.301357E-22	4.560878E-13	4.494421E-16	2.101291E-14	4.900370E-13	1.724275E-16	2.259505E-14	2.817991E-05	4.582178E-16	1.158640E-13	3.243445E-18	9.513137E-16	8.881996E-14	6.772396E-08	9.999947E-02	2.180842E-12	3.206127E-11	2.111541E-10	2.999978E-04	2.575297E-04	9.994568E-01	1.286481E-04	1.000000E+00	
0.000000E+00	7.676232E-16	5.339587E-07	0.000000E+00	2.382045E-14	1.919005E-23	8.626304E-13	4.922501E-24	1.874453E-09	1.071059E-10	0.000000E+00	9.993222E-05	2.448812E-22	4.745657E-13	4.774536E-16	2.102536E-14	4.993906E-13	1.796518E-16	2.306225E-14	2.816352E-05	4.775894E-16	1.177917E-13	3.380349E-18	9.713936E-16	9.067605E-14	6.775014E-08	9.999947E-02	2.180861E-12	3.208181E-11	2.112809E-10	2.999978E-04	2.628981E-04	9.994460E-01	1.286317E-04	1.000000E+00	
0.000000E+00	7.711760E-16	5.339579E-07	0.000000E+00	2.386950E-14	1.933792E-23	8.626998E-13	4.960471E-24	1.874296E-09	1.073578E-10	0.000000E+00	9.993221E-05	2.467656E-22	4.768971E-13	4.810293E-16	2.102693E-14	5.005570E-13	1.805643E-16	2.312187E-14	2.816148E-05	4.800366E-16	1.180316E-13	3.397642E-18	9.739052E-16	9.090783E-14	6.775122E-08	9.999947E-02	2.180864E-12	3.208439E-11	2.112969E-10	2.999978E-04	2.635684E-04	9.994447E-01	1.286296E-04	1.000000E+00	
0.000000E+00	7.751937E-16	5.339570E-07	0.000000E+00	2.392484E-14	1.950565E-23	8.627783E-13	5.003539E-24	1.874119E-09	1.076419E-10	0.000000E+00	9.993221E-05	2.489029E-22	4.795335E-13	4.850840E-16	2.102871E-14	5.018724E-13	1.815963E-16	2.318946E-14	2.815917E-05	4.828048E-16	1.183023E-13	3.417204E-18	9.767398E-16	9.116929E-14	6.775232E-08	9.999947E-02	2.180866E-12	3.208731E-11	2.113150E-10	2.999978E-04	2.643246E-04	9.994432E-01	1.286273E-04	1.000000E+00	
0.000000E+00	7.797416E-16	5.339559E-07	0.000000E+00	2.398731E-14	1.969616E-23	8.628670E-13	5.052457E-24	1.873919E-09	1.079624E-10	0.000000E+00	9.993221E-05	2.513305E-22	4.825179E-13	4.896881E-16	2.103072E-14	5.033567E-13	1.827650E-16	2.326619E-14	2.815657E-05	4.859393E-16	1.186078E-13	3.439355E-18	9.799411E-16	9.146445E-14	6.775342E-08	9.999947E-02	2.180870E-12	3.209062E-11	2.113354E-10	2.999978E-04	2.651782E-04	9.994415E-01	1.286247E-04	1.000000E+00	
0.000000E+00	7.848953E-16	5.339547E-07	0.000000E+00	2.405788E-14	1.991287E-23	8.629675E-13	5.108105E-24	1.873693E-09	1.083244E-10	0.000000E+00	9.993221E-05	2.540920E-22	4.858999E-13	4.949237E-16	2.103299E-14	5.050330E-13	1.840897E-16	2.335344E-14	2.815363E-05	4.894927E-16	1.189528E-13	3.464465E-18	9.835597E-16	9.179790E-14	6.775454E-08	9.999947E-02	2.180873E-12	3.209436E-11	2.113586E-10	2.999978E-04	2.661425E-04	9.994396E-01	1.286218E-04	1.000000E+00	
0.000000E+00	7.907430E-16	5.339534E-07	0.000000E+00	2.413767E-14	2.015982E-23	8.630814E-13	5.171520E-24	1.873438E-09	1.087334E-10	0.000000E+00	9.993221E-05	2.572388E-22	4.897372E-13	5.008876E-16	2.103557E-14	5.069275E-13	1.855933E-16	2.345281E-14	2.815030E-05	4.935263E-16	1.193430E-13	3.492967E-18	9.876538E-16	9.217495E-14	6.775564E-08	9.999947E-02	2.180877E-12	3.209860E-11	2.113849E-10	2.999978E-04	2.672329E-04	9.994374E-01	1.286185E-04	1.000000E+00	
0.000000E+00	7.973874E-16	5.339518E-07	0.000000E+00	2.422798E-14	2.044179E-23	8.632107E-13	5.243927E-24	1.873149E-09	1.091962E-10	0.000000E+00	9.993221E-05	2.608316E-22	4.940974E-13	5.076941E-16	2.103851E-14	5.090707E-13	1.873025E-16	2.356619E-14	2.814654E-05	4.981115E-16	1.197845E-13	3.525367E-18	9.922908E-16	9.260169E-14	6.775674E-08	9.999947E-02	2.180882E-12	3.210341E-11	2.114147E-10	2.999978E-04	2.684670E-04	9.994349E-01	1.286147E-04	1.000000E+00	
0.000000E+00	8.049493E-16	5.339501E-07	0.000000E+00	2.433031E-14	2.076445E-23	8.633577E-13	5.326785E-24	1.872822E-09	1.097202E-10	0.000000E+00	9.993221E-05	2.649428E-22	4.990597E-13	5.154790E-16	2.104184E-14	5.114977E-13	1.892485E-16	2.369585E-14	2.814228E-05	5.033326E-16	1.202848E-13	3.562259E-18	9.975488E-16	9.308523E-14	6.775781E-08	9.999947E-02	2.180887E-12	3.210889E-11	2.114486E-10	2.999978E-04	2.698653E-04	9.994321E-01	1.286104E-04	1.000000E+00	
0.000000E+00	8.135711E-16	5.339481E-07	0.000000E+00	2.444640E-14	2.113460E-23	8.635251E-13	5.421843E-24	1.872452E-09	1.103142E-10	0.000000E+00	9.993221E-05	2.696590E-22	5.047174E-13	5.244049E-16	2.104564E-14	5.142493E-13	1.914685E-16	2.384447E-14	2.813745E-05	5.092891E-16	1.208523E-13	3.604346E-18	1.003519E-15	9.363380E-14	6.775884E-08	9.999947E-02	2.180893E-12	3.211512E-11	2.114873E-10	2.999978E-04	2.714516E-04	9.994290E-01	1.286056E-04	1.000000E+00	
0.000000E+00	8.234215E-16	5.339459E-07	0.000000E+00	2.457828E-14	2.156046E-23	8.637161E-13	5.531207E-24	1.872031E-09	1.109886E-10	0.000000E+00	9.993221E-05	2.750847E-22	5.111813E-13	5.346674E-16	2.104998E-14	5.173731E-13	1.940062E-16	2.401530E-14	2.813197E-05	5.160987E-16	1.214970E-13	3.652459E-18	1.010309E-15	9.425703E-14	6.775982E-08	9.999947E-02	2.180899E-12	3.212223E-11	2.115315E-10	2.999978E-04	2.732538E-04	9.994254E-01	1.286001E-04	1.000000E+00	
0.000000E+00	8.347024E-16	5.339433E-07	0.000000E+00	2.472835E-14	2.205200E-23	8.639345E-13	5.657443E-24	1.871553E-09	1.117553E-10	0.000000E+00	9.993220E-05	2.813470E-22	5.185836E-13	5.465042E-16	2.105494E-14	5.209249E-13	1.969144E-16	2.421228E-14	2.812573E-05	5.239031E-16	1.222306E-13	3.707598E-18	1.018045E-15	9.496626E-14	6.776071E-08	9.999947E-02	2.180907E-12	3.213036E-11	2.115820E-10	2.999978E-04	2.753045E-04	9.994213E-01	1.285939E-04	1.000000E+00	
0.000000E+00	8.476558E-16	5.339404E-07	0.000000E+00	2.489944E-14	2.262145E-23	8.641849E-13	5.803693E-24	1.871009E-09	1.126284E-10	0.000000E+00	9.993220E-05	2.886014E-22	5.270831E-13	5.602059E-16	2.106064E-14	5.249703E-13	2.002561E-16	2.444021E-14	2.811862E-05	5.328720E-16	1.230669E-13	3.770962E-18	1.026875E-15	9.577480E-14	6.776150E-08	9.999947E-02	2.180915E-12	3.213968E-11	2.116400E-10	2.999978E-04	2.776423E-04	9.994166E-01	1.285868E-04	1.000000E+00	
0.000000E+00	8.625751E-16	5.339370E-07	0.000000E+00	2.509488E-14	2.328393E-23	8.644727E-13	5.973842E-24	1.870388E-09	1.136247E-10	0.000000E+00	9.993220E-05	2.970405E-22	5.368720E-13	5.761313E-16	2.106719E-14	5.295868E-13	2.041081E-16	2.470503E-14	2.811051E-05	5.432118E-16	1.240224E-13	3.844007E-18	1.036979E-15	9.669851E-14	6.776214E-08	9.999947E-02	2.180925E-12	3.215039E-11	2.117067E-10	2.999978E-04	2.803130E-04	9.994113E-01	1.285786E-04	1.000000E+00	
0.000000E+00	8.798191E-16	5.339332E-07	0.000000E+00	2.531869E-14	2.405837E-23	8.648048E-13	6.172758E-24	1.869677E-09	1.147641E-10	0.000000E+00	9.993220E-05	3.069052E-22	5.481852E-13	5.947285E-16	2.107475E-14	5.348670E-13	2.085644E-16	2.501415E-14	2.810123E-05	5.551752E-16	1.251165E-13	3.928516E-18	1.048569E-15	9.775634E-14	6.776260E-08	9.999947E-02	2.180936E-12	3.216274E-11	2.117837E-10	2.999978E-04	2.833714E-04	9.994052E-01	1.285694E-04	1.000000E+00	
0.000000E+00	8.998294E-16	5.339287E-07	0.000000E+00	2.557569E-14	2.496870E-23	8.651892E-13	6.406586E-24	1.868864E-09	1.160704E-10	0.000000E+00	9.993220E-05	3.184999E-22	5.613117E-13	6.165620E-16	2.108352E-14	5.409218E-13	2.137407E-16	2.537688E-14	2.809058E-05	5.690742E-16	1.263730E-13	4.026691E-18	1.061905E-15	9.897107E-14	6.776282E-08	9.999947E-02	2.180949E-12	3.217704E-11	2.118730E-10	2.999978E-04	2.868831E-04	9.993981E-01	1.285587E-04	1.000000E+00	
0.000000E+00	9.231572E-16	5.339236E-07	0.000000E+00	2.587172E-14	2.604557E-23	8.656362E-13	6.683208E-24	1.867928E-09	1.175725E-10	0.000000E+00	9.993220E-05	3.322145E-22	5.766119E-13	6.423539E-16	2.109373E-14	5.478852E-13	2.197822E-16	2.580516E-14	2.807833E-05	5.852989E-16	1.278205E-13	4.141284E-18	1.077304E-15	1.003704E-13	6.776273E-08	9.999947E-02	2.180964E-12	3.219367E-11	2.119770E-10	2.999978E-04	2.909282E-04	9.993901E-01	1.285464E-04	1.000000E+00	
0.000000E+00	9.504968E-16	5.339177E-07	0.000000E+00	2.621395E-14	2.732877E-23	8.661586E-13	7.012855E-24	1.866848E-09	1.193056E-10	0.000000E+00	9.993220E-05	3.485552E-22	5.945394E-13	6.730382E-16	2.110567E-14	5.559207E-13	2.268718E-16	2.631437E-14	2.806419E-05	6.043423E-16	1.294942E-13	4.275773E-18	1.095156E-15	1.019883E-13	6.776225E-08	9.999947E-02	2.180981E-12	3.221310E-11	2.120986E-10	2.999978E-04	2.956047E-04	9.993807E-01	1.285323E-04	1.000000E+00	
0.000000E+00	9.827351E-16	5.339107E-07	0.000000E+00	2.661126E-14	2.887079E-23	8.667726E-13	7.409023E-24	1.865598E-09	1.213129E-10	0.000000E+00	9.993220E-05	3.681895E-22	6.156727E-13	7.098434E-16	2.111974E-14	5.652297E-13	2.352437E-16	2.692476E-14	2.804779E-05	6.268355E-16	1.314375E-13	4.434607E-18	1.115947E-15	1.038667E-13	6.776126E-08	9.999947E-02	2.181001E-12	3.223592E-11	2.122418E-10	2.999978E-04	3.010337E-04	9.993699E-01	1.285159E-04	1.000000E+00	
0.000000E+00	1.021023E-15	5.339026E-07	0.000000E+00	2.707477E-14	3.074214E-23	8.674992E-13	7.889847E-24	1.864144E-09	1.236484E-10	0.000000E+00	9.993221E-05	3.920138E-22	6.407613E-13	7.544134E-16	2.113640E-14	5.760631E-13	2.452026E-16	2.766338E-14	2.802870E-05	6.535999E-16	1.337052E-13	4.623577E-18	1.140297E-15	1.060582E-13	6.775963E-08	9.999947E-02	2.181025E-12	3.226293E-11	2.124115E-10	2.999978E-04	3.073672E-04	9.993572E-01	1.284968E-04	1.000000E+00	
0.000000E+00	1.066877E-15	5.338930E-07	0.000000E+00	2.761860E-14	3.303938E-23	8.683659E-13	8.480159E-24	1.862444E-09	1.263798E-10	0.000000E+00	9.993221E-05	4.212552E-22	6.707910E-13	8.089901E-16	2.115631E-14	5.887374E-13	2.571511E-16	2.856708E-14	2.800633E-05	6.857215E-16	1.363665E-13	4.850337E-18	1.168995E-15	1.086299E-13	6.775715E-08	9.999947E-02	2.181052E-12	3.229514E-11	2.126143E-10	2.999978E-04	3.147982E-04	9.993424E-01	1.284744E-04	1.000000E+00	
0.000000E+00	1.122340E-15	5.338816E-07	0.000000E+00	2.826103E-14	3.589799E-23	8.694095E-13	9.214818E-24	1.860444E-09	1.295946E-10	0.000000E+00	9.993221E-05	4.576351E-22	7.070871E-13	8.767059E-16	2.118034E-14	6.036596E-13	2.716331E-16	2.968731E-14	2.797998E-05	7.246676E-16	1.395113E-13	5.125225E-18	1.203081E-15	1.116683E-13	6.775358E-08	9.999947E-02	2.181085E-12	3.233391E-11	2.128590E-10	2.999978E-04	3.235765E-04	9.993249E-01	1.284481E-04	1.000000E+00	
0.000000E+00	1.190235E-15	5.338678E-07	0.000000E+00	2.902624E-14	3.951359E-23	8.706800E-13	1.014417E-23	1.858076E-09	1.334071E-10	0.000000E+00	9.993222E-05	5.036382E-22	7.514755E-13	9.620617E-16	2.120965E-14	6.213643E-13	2.894014E-16	3.109785E-14	2.794869E-05	7.724721E-16	1.432586E-13	5.462562E-18	1.243948E-15	1.152879E-13	6.774856E-08	9.999947E-02	2.181123E-12	3.238111E-11	2.131576E-10	2.999978E-04	3.340321E-04	9.993040E-01	1.284168E-04	1.000000E+00	
0.000000E+00	1.274628E-15	5.338509E-07	0.000000E+00	2.994757E-14	4.418090E-23	8.722481E-13	1.134408E-23	1.855257E-09	1.379746E-10	0.000000E+00	9.993222E-05	5.630057E-22	8.065820E-13	1.071810E-15	2.124592E-14	6.425872E-13	3.115432E-16	3.290911E-14	2.791120E-05	8.320734E-16	1.477723E-13	5.883025E-18	1.293551E-15	1.196468E-13	6.774148E-08	9.999947E-02	2.181170E-12	3.243939E-11	2.135272E-10	2.999978E-04	3.466205E-04	9.992788E-01	1.283793E-04	1.000000E+00	
0.000000E+00	1.381844E-15	5.338291E-07	0.000000E+00	3.107515E-14	5.037748E-23	8.742179E-13	1.293758E-23	1.851903E-09	1.435348E-10	0.000000E+00	9.993223E-05	6.417960E-22	8.764989E-13	1.216877E-15	2.129171E-14	6.684451E-13	3.397518E-16	3.529879E-14	2.786575E-05	9.080555E-16	1.532977E-13	6.418833E-18	1.354874E-15	1.249825E-13	6.773116E-08	9.999947E-02	2.181228E-12	3.251273E-11	2.139936E-10	2.999978E-04	3.620242E-04	9.992481E-01	1.283338E-04	1.000000E+00	
0.000000E+00	1.523588E-15	5.337971E-07	0.000000E+00	3.250081E-14	5.900697E-23	8.767622E-13	1.515777E-23	1.848022E-09	1.505367E-10	0.000000E+00	9.993225E-05	7.514619E-22	9.688847E-13	1.418070E-15	2.135145E-14	7.010642E-13	3.771567E-16	3.860206E-14	2.780972E-05	1.008911E-15	1.602791E-13	7.129525E-18	1.433460E-15	1.317296E-13	6.771415E-08	9.999947E-02	2.181303E-12	3.260813E-11	2.146019E-10	2.999978E-04	3.814889E-04	9.992092E-01	1.282778E-04	1.000000E+00	
0.000000E+00	1.730095E-15	5.337341E-07	0.000000E+00	3.446447E-14	7.240976E-23	8.802600E-13	1.860971E-23	1.844178E-09	1.602134E-10	0.000000E+00	9.993229E-05	9.216203E-22	1.103973E-12	1.730268E-15	2.143584E-14	7.463409E-13	4.318150E-16	4.369138E-14	2.773810E-05	1.156587E-15	1.698583E-13	8.168357E-18	1.543941E-15	1.410230E-13	6.767716E-08	9.999947E-02	2.181414E-12	3.274235E-11	2.154601E-10	2.999977E-04	4.082516E-04	9.991558E-01	1.282061E-04	1.000000E+00	
0.000000E+00	3.398940E-17	3.441394E-07	0.000000E+00	6.959774E-15	1.222321E-24	5.466152E-16	6.393887E-26	5.495756E-10	2.558169E-12	0.000000E+00	9.946970E-05	3.946337E-23	7.941820E-16	1.200450E-19	7.534246E-14	1.022411E-15	1.522154E-17	5.447507E-18	1.973292E-06	4.151720E-18	5.635452E-13	1.623903E-19	1.303169E-17	1.011569E-14	5.301658E-07	9.999966E-02	1.965504E-12	1.267697E-10	9.254281E-10	2.999984E-04	9.850569E-05	9.998010E-01	1.017877E-04	1.000000E+00	
0.000000E+00	2.347464E-15	5.332681E-07	0.000000E+00	3.972766E-14	1.173640E-22	8.879512E-13	3.026073E-23	1.857214E-09	1.881220E-10	0.000000E+00	9.993258E-05	1.489863E-21	1.526667E-12	2.816594E-15	2.165600E-14	8.800515E-13	5.954358E-16	6.088988E-14	2.762737E-05	1.603216E-15	1.947746E-13	1.127958E-17	1.860013E-15	1.659365E-13	6.738873E-08	9.999947E-02	2.181849E-12	3.309085E-11	2.176757E-10	2.999977E-04	4.792262E-04	9.990139E-01	1.280953E-04	1.000000E+00	
0.000000E+00	4.758033E-15	5.320989E-07	0.000000E+00	5.539974E-14	3.549376E-22	9.229906E-13	9.227783E-23	1.876873E-09	2.690022E-10	0.000000E+00	9.993334E-05	4.472387E-21	3.175588E-12	8.516605E-15	2.258706E-14	1.273453E-12	1.242633E-15	1.516923E-13	2.721883E-05	3.388228E-15	2.693767E-13	2.360024E-17	2.954431E-15	2.408515E-13	6.661879E-08	9.999947E-02	2.183061E-12	3.454785E-11	2.271030E-10	2.999976E-04	6.912890E-04	9.985902E-01	1.276864E-04	1.000000E+00	
0.000000E+00	2.424435E-14	5.301272E-07	0.000000E+00	1.207387E-13	4.452088E-21	1.219213E-12	1.173950E-21	1.732487E-09	5.204492E-10	0.000000E+00	9.993468E-05	5.504790E-20	1.424792E-11	8.936504E-14	2.974766E-14	2.518121E-12	6.568231E-15	1.431747E-12	2.490036E-05	1.831888E-14	5.962777E-13	1.253089E-16	1.067950E-14	5.576577E-13	6.527177E-08	9.999947E-02	2.186749E-12	4.576487E-11	3.001325E-10	2.999974E-04	1.584391E-03	9.968063E-01	1.253674E-04	1.000000E+00	
0.000000E+00	1.782469E-13	5.242723E-07	0.000000E+00	3.157969E-13	9.487360E-20	2.737697E-12	2.571458E-20	1.361265E-09	8.690220E-10	0.000000E+00	9.993728E-05	1.125377E-18	6.496869E-11	1.146211E-12	6.626467E-14	4.417107E-12	4.806872E-14	1.756432E-11	1.956301E-05	1.397278E-13	1.660496E-12	9.213530E-16	7.986241E-14	1.520422E-12	6.261410E-08	9.999948E-02	2.197318E-12	1.037026E-10	6.726494E-10	2.999969E-04	4.263073E-03	9.914543E-01	1.200269E-04	1.000000E+00	
0.000000E+00	1.084194E-12	5.094081E-07	0.000000E+00	7.511318E-13	1.465371E-18	6.756213E-12	4.088608E-19	8.976986E-10	9.226077E-10	0.000000E+00	9.994013E-05	1.648576E-17	1.646889E-10	7.436957E-12	1.624983E-13	5.021415E-12	2.785190E-13	1.090245E-10	1.301741E-05	8.477813E-13	4.515407E-12	5.350706E-15	4.741789E-13	3.631959E-12	5.959418E-08	9.999949E-02	2.222002E-12	2.610426E-10	1.654830E-09	2.999960E-04	1.031228E-02	9.793624E-01	1.134690E-04	1.000000E+00	
0.000000E+00	3.978069E-12	4.928189E-07	0.000000E+00	1.440735E-12	1.068817E-17	1.089666E-11	2.787210E-18	5.071827E-10	6.366273E-10	0.000000E+00	9.993535E-05	1.228323E-16	1.924601E-10	1.661998E-11	2.500532E-13	3.256551E-12	9.689443E-13	2.501494E-10	9.996328E-06	2.753868E-12	1.087936E-11	1.854545E-14	1.010271E-12	6.319671E-12	6.421464E-08	9.999951E-02	2.258205E-12	4.116888E-10	2.563401E-09	2.999954E-04	2.011036E-02	9.597693E-01	1.104259E-04	1.000000E+00	
0.000000E+00	1.233248E-11	4.529762E-07	0.000000E+00	2.412850E-12	5.222375E-17	1.813242E-11	1.433900E-17	3.674495E-10	5.250999E-10	0.000000E+00	9.994119E-05	5.564116E-16	2.581649E-10	4.132269E-11	4.278961E-13	3.158824E-12	2.704648E-12	5.799786E-10	5.810134E-06	8.305031E-12	2.118492E-11	5.130255E-14	2.945963E-12	1.016831E-11	5.804422E-08	9.999955E-02	2.344662E-12	7.211380E-10	4.394135E-09	2.999931E-04	3.447624E-02	9.310417E-01	1.062055E-04	1.000000E+00	
0.000000E+00	2.549804E-11	4.221633E-07	0.000000E+00	3.411387E-12	1.457572E-16	2.277784E-11	3.883379E-17	2.657204E-10	3.992469E-10	0.000000E+00	9.994063E-05	1.537399E-15	2.512103E-10	5.881228E-11	5.327496E-13	2.503980E-12	5.201035E-12	8.189774E-10	4.386814E-06	1.564774E-11	3.514590E-11	9.742301E-14	4.558218E-12	1.314106E-11	5.837718E-08	9.999958E-02	2.442797E-12	9.126608E-10	5.501650E-09	2.999917E-04	4.987718E-02	9.002412E-01	1.047507E-04	1.000000E+00	
0.000000E+00	4.080907E-11	3.978257E-07	0.000000E+00	4.258395E-12	2.795496E-16	2.590809E-11	7.242417E-17	2.129285E-10	3.280196E-10	0.000000E+00	9.994016E-05	2.928630E-15	2.382730E-10	7.153146E-11	6.024815E-13	2.135703E-12	7.898899E-12	9.905244E-10	3.604286E-06	2.330094E-11	4.912901E-11	1.461146E-13	5.962860E-12	1.528039E-11	5.869363E-08	9.999960E-02	2.540962E-12	1.044072E-09	6.252350E-09	2.999908E-04	6.348923E-02	8.730179E-01	1.039432E-04	1.000000E+00	
0.000000E+00	5.633642E-11	3.792657E-07	0.000000E+00	4.953116E-12	4.350307E-16	2.799841E-11	1.097971E-16	1.815248E-10	2.836647E-10	0.000000E+00	9.993963E-05	4.540199E-15	2.254731E-10	8.034327E-11	6.478625E-13	1.901921E-12	1.051286E-11	1.109089E-09	3.139967E-06	3.041545E-11	6.213012E-11	1.922499E-13	7.094205E-12	1.681927E-11	5.911169E-08	9.999962E-02	2.631685E-12	1.132434E-09	6.751612E-09	2.999902E-04	7.504237E-02	8.499121E-01	1.034597E-04	1.000000E+00	
0.000000E+00	7.141207E-11	3.645955E-07	0.000000E+00	5.529467E-12	6.001769E-16	2.946901E-11	1.481310E-16	1.608760E-10	2.537488E-10	0.000000E+00	9.993920E-05	6.243028E-15	2.146612E-10	8.685894E-11	6.795088E-13	1.746055E-12	1.296995E-11	1.195615E-09	2.820049E-06	3.691341E-11	7.393991E-11	2.347203E-13	8.048586E-12	1.798146E-11	5.945485E-08	9.999964E-02	2.714537E-12	1.195908E-09	7.106536E-09	2.999897E-04	8.490323E-02	8.301907E-01	1.031247E-04	1.000000E+00	
0.000000E+00	8.575017E-11	3.527444E-07	0.000000E+00	6.016259E-12	7.682012E-16	3.053702E-11	1.858766E-16	1.461720E-10	2.320712E-10	0.000000E+00	9.993879E-05	7.969989E-15	2.054892E-10	9.176832E-11	7.021257E-13	1.632803E-12	1.525903E-11	1.260300E-09	2.588227E-06	4.279695E-11	8.468258E-11	2.735430E-13	8.853903E-12	1.889124E-11	5.979115E-08	9.999965E-02	2.790043E-12	1.242750E-09	7.365523E-09	2.999894E-04	9.343215E-02	8.131331E-01	1.028806E-04	1.000000E+00	
0.000000E+00	9.951919E-11	3.427807E-07	0.000000E+00	6.441353E-12	9.382906E-16	3.134916E-11	2.229610E-16	1.349392E-10	2.153027E-10	0.000000E+00	9.993840E-05	9.713723E-15	1.975429E-10	9.563255E-11	7.190286E-13	1.544869E-12	1.742706E-11	1.310849E-09	2.408693E-06	4.822710E-11	9.466403E-11	3.096760E-13	9.555144E-12	1.963822E-11	6.012733E-08	9.999966E-02	2.860316E-12	1.278971E-09	7.563332E-09	2.999891E-04	1.010339E-01	7.979298E-01	1.026907E-04	1.000000E+00	
0.000000E+00	1.130177E-10	3.340714E-07	0.000000E+00	6.826524E-12	1.112737E-15	3.199257E-11	2.598975E-16	1.258163E-10	2.015489E-10	0.000000E+00	9.993800E-05	1.149995E-14	1.904020E-10	9.877540E-11	7.320755E-13	1.471940E-12	1.953515E-11	1.351844E-09	2.262929E-06	5.336944E-11	1.042273E-10	3.442422E-13	1.018174E-11	2.027995E-11	6.048390E-08	9.999967E-02	2.927610E-12	1.308051E-09	7.719882E-09	2.999889E-04	1.080481E-01	7.839016E-01	1.025358E-04	1.000000E+00	
0.000000E+00	1.266074E-10	3.261464E-07	0.000000E+00	7.188085E-12	1.295264E-15	3.252180E-11	2.974904E-16	1.180334E-10	1.897224E-10	0.000000E+00	9.993759E-05	1.336621E-14	1.838006E-10	1.014467E-10	7.425379E-13	1.408827E-12	2.164555E-11	1.386503E-09	2.137598E-06	5.839523E-11	1.136667E-10	3.782991E-13	1.076498E-11	2.085533E-11	6.085298E-08	9.999967E-02	2.994083E-12	1.332413E-09	7.848921E-09	2.999888E-04	1.147440E-01	7.705099E-01	1.024022E-04	1.000000E+00	
0.000000E+00	1.406445E-10	3.186774E-07	0.000000E+00	7.537786E-12	1.490077E-15	3.296901E-11	3.365898E-16	1.111365E-10	1.791743E-10	0.000000E+00	9.993718E-05	1.535293E-14	1.775591E-10	1.038202E-10	7.512203E-13	1.352674E-12	2.381487E-11	1.416922E-09	2.023848E-06	6.345682E-11	1.232214E-10	4.127419E-13	1.133179E-11	2.138990E-11	6.122090E-08	9.999968E-02	3.061598E-12	1.353627E-09	7.959233E-09	2.999886E-04	1.213258E-01	7.573465E-01	1.022805E-04	1.000000E+00	
0.000000E+00	1.553940E-10	3.114946E-07	0.000000E+00	7.883460E-12	1.701401E-15	3.334963E-11	3.778502E-16	1.048446E-10	1.694939E-10	0.000000E+00	9.993676E-05	1.750434E-14	1.715055E-10	1.059425E-10	7.583719E-13	1.300866E-12	2.609024E-11	1.443875E-09	1.918938E-06	6.864572E-11	1.331085E-10	4.482748E-13	1.188875E-11	2.189830E-11	6.160517E-08	9.999969E-02	3.131572E-12	1.372240E-09	8.053785E-09	2.999885E-04	1.279353E-01	7.441274E-01	1.021680E-04	1.000000E+00	
0.000000E+00	1.710947E-10	3.044823E-07	0.000000E+00	8.230536E-12	1.933467E-15	3.367201E-11	4.218539E-16	9.898807E-11	1.604340E-10	0.000000E+00	9.993631E-05	1.986378E-14	1.655397E-10	1.078450E-10	7.641375E-13	1.251951E-12	2.851407E-11	1.467833E-09	1.820694E-06	7.403896E-11	1.435058E-10	4.854780E-13	1.244166E-11	2.239024E-11	6.201412E-08	9.999970E-02	3.205224E-12	1.388584E-09	8.134325E-09	2.999884E-04	1.346773E-01	7.306436E-01	1.020623E-04	1.000000E+00	
0.000000E+00	1.879611E-10	2.975651E-07	0.000000E+00	8.582667E-12	2.190463E-15	3.393973E-11	4.690959E-16	9.346423E-11	1.518455E-10	0.000000E+00	9.993584E-05	2.247349E-14	1.596055E-10	1.095462E-10	7.685850E-13	1.205120E-12	3.112522E-11	1.489041E-09	1.727494E-06	7.970081E-11	1.545622E-10	5.248294E-13	1.299503E-11	2.287203E-11	6.245153E-08	9.999970E-02	3.283611E-12	1.402835E-09	8.201699E-09	2.999883E-04	1.416277E-01	7.167428E-01	1.019617E-04	1.000000E+00	
0.000000E+00	2.061799E-10	2.907002E-07	0.000000E+00	8.942144E-12	2.476525E-15	3.415312E-11	5.199652E-16	8.821137E-11	1.436397E-10	0.000000E+00	9.993534E-05	2.537488E-14	1.536736E-10	1.110509E-10	7.717177E-13	1.159894E-12	3.395991E-11	1.507560E-09	1.638305E-06	8.568222E-11	1.664061E-10	5.667217E-13	1.355118E-11	2.334750E-11	6.292056E-08	9.999971E-02	3.367656E-12	1.415036E-09	8.256003E-09	2.999882E-04	1.488400E-01	7.023183E-01	1.018652E-04	1.000000E+00	
0.000000E+00	2.259114E-10	2.838687E-07	0.000000E+00	9.310201E-12	2.795711E-15	3.431057E-11	5.747344E-16	8.319347E-11	1.357663E-10	0.000000E+00	9.993480E-05	2.860844E-14	1.477334E-10	1.123546E-10	7.734989E-13	1.115990E-12	3.705265E-11	1.523326E-09	1.552519E-06	9.202242E-11	1.791503E-10	6.114753E-13	1.411045E-11	2.381883E-11	6.342448E-08	9.999972E-02	3.458174E-12	1.425139E-09	8.296846E-09	2.999882E-04	1.563495E-01	6.872994E-01	1.017720E-04	1.000000E+00	
0.000000E+00	2.472904E-10	2.770684E-07	0.000000E+00	9.687262E-12	3.151983E-15	3.440942E-11	6.335530E-16	7.839038E-11	1.281987E-10	0.000000E+00	9.993422E-05	3.221362E-14	1.417873E-10	1.134467E-10	7.738722E-13	1.073247E-12	4.043704E-11	1.536203E-09	1.469796E-06	9.875080E-11	1.928961E-10	6.593503E-13	1.467163E-11	2.428709E-11	6.396677E-08	9.999972E-02	3.555894E-12	1.433052E-09	8.323566E-09	2.999882E-04	1.641768E-01	6.716449E-01	1.016820E-04	1.000000E+00	
0.000000E+00	2.704243E-10	2.703094E-07	0.000000E+00	1.007308E-11	3.549134E-15	3.444664E-11	6.964333E-16	7.379192E-11	1.209251E-10	0.000000E+00	9.993361E-05	3.622814E-14	1.358475E-10	1.143137E-10	7.727758E-13	1.031582E-12	4.414609E-11	1.546022E-09	1.389975E-06	1.058876E-10	2.077338E-10	7.105490E-13	1.523217E-11	2.475260E-11	6.455113E-08	9.999973E-02	3.661466E-12	1.438660E-09	8.335398E-09	2.999881E-04	1.723297E-01	6.553392E-01	1.015948E-04	1.000000E+00	
0.000000E+00	2.953932E-10	2.636090E-07	0.000000E+00	1.046692E-11	3.990748E-15	3.441938E-11	7.632451E-16	6.939343E-11	1.139423E-10	0.000000E+00	9.993294E-05	4.068763E-14	1.299319E-10	1.149415E-10	7.701547E-13	9.909595E-13	4.821284E-11	1.552609E-09	1.312994E-06	1.134454E-10	2.237455E-10	7.652239E-13	1.578855E-11	2.521526E-11	6.518157E-08	9.999974E-02	3.775473E-12	1.441848E-09	8.331593E-09	2.999882E-04	1.808055E-01	6.383876E-01	1.015104E-04	1.000000E+00	
0.000000E+00	3.222485E-10	2.569893E-07	0.000000E+00	1.086761E-11	4.480088E-15	3.432531E-11	8.337078E-16	6.519333E-11	1.072515E-10	0.000000E+00	9.993223E-05	4.562454E-14	1.240631E-10	1.153174E-10	7.659699E-13	9.513776E-13	5.267048E-11	1.555813E-09	1.238833E-06	1.214298E-10	2.410041E-10	8.234772E-13	1.633667E-11	2.567473E-11	6.586212E-08	9.999974E-02	3.898429E-12	1.442524E-09	8.311535E-09	2.999882E-04	1.895921E-01	6.208145E-01	1.014290E-04	1.000000E+00	
0.000000E+00	3.508323E-10	2.505361E-07	0.000000E+00	1.127309E-11	5.020608E-15	3.416508E-11	9.070900E-16	6.118955E-11	1.008507E-10	0.000000E+00	9.993142E-05	5.109300E-14	1.182372E-10	1.153507E-10	7.599957E-13	9.120459E-13	5.754934E-11	1.555025E-09	1.170021E-06	1.297571E-10	2.596527E-10	8.854238E-13	1.684552E-11	2.612972E-11	6.663943E-08	9.999975E-02	4.030594E-12	1.440233E-09	8.272665E-09	2.999882E-04	1.986537E-01	6.026913E-01	1.013529E-04	1.000000E+00	
0.000000E+00	3.814800E-10	2.441491E-07	0.000000E+00	1.168289E-11	5.613661E-15	3.393432E-11	9.833981E-16	5.738542E-11	9.475304E-11	0.000000E+00	9.993060E-05	5.706955E-14	1.125373E-10	1.151977E-10	7.526653E-13	8.746351E-13	6.289013E-11	1.551190E-09	1.101390E-06	1.385820E-10	2.795979E-10	9.509713E-13	1.736276E-11	2.658167E-11	6.743354E-08	9.999976E-02	4.172716E-12	1.437460E-09	8.219166E-09	2.999883E-04	2.079941E-01	5.840106E-01	1.012771E-04	1.000000E+00	
0.000000E+00	4.139765E-10	2.379167E-07	0.000000E+00	1.209458E-11	6.261593E-15	3.363542E-11	1.061611E-15	5.377755E-11	8.895372E-11	0.000000E+00	9.992968E-05	6.359695E-14	1.069542E-10	1.147695E-10	7.437812E-13	8.382803E-13	6.872431E-11	1.543754E-09	1.035725E-06	1.478104E-10	3.009658E-10	1.020140E-12	1.785649E-11	2.702916E-11	6.829381E-08	9.999976E-02	4.324900E-12	1.456642E-09	8.148757E-09	2.999884E-04	2.175648E-01	5.648693E-01	1.012043E-04	1.000000E+00	
0.000000E+00	4.482464E-10	2.318620E-07	0.000000E+00	1.250625E-11	6.965651E-15	3.327030E-11	1.140882E-15	5.036391E-11	8.345231E-11	0.000000E+00	9.992869E-05	7.068957E-14	1.015092E-10	1.140660E-10	7.333999E-13	8.029910E-13	7.508763E-11	1.532757E-09	9.730528E-07	1.574240E-10	3.238010E-10	1.092869E-12	1.832164E-11	2.747193E-11	6.922677E-08	9.999977E-02	4.487363E-12	1.473003E-09	8.061757E-09	2.999885E-04	2.273284E-01	5.453422E-01	1.011346E-04	1.000000E+00	
0.000000E+00	4.841847E-10	2.260043E-07	0.000000E+00	1.291604E-11	7.726432E-15	3.284198E-11	1.220265E-15	4.714132E-11	7.824626E-11	0.000000E+00	9.992762E-05	7.835637E-14	9.622108E-11	1.130918E-10	7.216017E-13	7.687725E-13	8.201681E-11	1.518296E-09	9.133839E-07	1.674004E-10	3.481416E-10	1.169067E-12	1.875344E-11	2.790985E-11	7.023967E-08	9.999977E-02	4.660236E-12	1.486340E-09	7.958756E-09	2.999886E-04	2.372441E-01	5.255108E-01	1.010681E-04	1.000000E+00	
0.000000E+00	5.216598E-10	2.203596E-07	0.000000E+00	1.332210E-11	8.543877E-15	3.235461E-11	1.298750E-15	4.410541E-11	7.333087E-11	0.000000E+00	9.992647E-05	8.660108E-14	9.110542E-11	1.118551E-10	7.084889E-13	7.356250E-13	8.954985E-11	1.500524E-09	8.567130E-07	1.777141E-10	3.740202E-10	1.248619E-12	1.914760E-11	2.834292E-11	7.134072E-08	9.999978E-02	4.843567E-12	1.496511E-09	7.840591E-09	2.999888E-04	2.472692E-01	5.054607E-01	1.010046E-04	1.000000E+00	
0.000000E+00	5.605169E-10	2.149406E-07	0.000000E+00	1.372274E-11	9.417277E-15	3.181325E-11	1.375291E-15	4.125076E-11	6.869950E-11	0.000000E+00	9.992521E-05	9.542266E-14	8.617477E-11	1.103680E-10	6.941821E-13	7.035439E-13	9.772623E-11	1.479644E-09	8.030172E-07	1.883367E-10	4.014648E-10	1.331398E-12	1.950044E-11	2.877128E-11	7.253922E-08	9.999979E-02	5.037311E-12	1.503426E-09	7.708325E-09	2.999889E-04	2.573601E-01	4.852789E-01	1.009443E-04	1.000000E+00	
0.000000E+00	6.005826E-10	2.097563E-07	0.000000E+00	1.411637E-11	1.034532E-14	3.122374E-11	1.448839E-15	3.857105E-11	6.434374E-11	0.000000E+00	9.992385E-05	1.048161E-13	8.143846E-11	1.086457E-10	6.788159E-13	6.725200E-13	1.065873E-10	1.455899E-09	7.522575E-07	1.992382E-10	4.304996E-10	1.417268E-12	1.980897E-11	2.919514E-11	7.384574E-08	9.999979E-02	5.241330E-12	1.507057E-09	7.563201E-09	2.999891E-04	2.674735E-01	4.650522E-01	1.008870E-04	1.000000E+00	
0.000000E+00	6.416695E-10	2.048122E-07	0.000000E+00	1.450161E-11	1.132616E-14	3.059253E-11	1.518383E-15	3.605917E-11	6.025373E-11	0.000000E+00	9.992238E-05	1.147734E-13	7.690275E-11	1.067059E-10	6.625346E-13	6.425397E-13	1.161765E-10	1.429567E-09	7.043787E-07	2.103875E-10	4.611470E-10	1.506098E-12	2.007095E-11	2.961482E-11	7.527232E-08	9.999980E-02	5.455397E-12	1.507436E-09	7.406605E-09	2.999893E-04	2.775675E-01	4.448644E-01	1.008328E-04	1.000000E+00	
0.000000E+00	6.835811E-10	2.001110E-07	0.000000E+00	1.487726E-11	1.235750E-14	2.992645E-11	1.582973E-15	3.370745E-11	5.641844E-11	0.000000E+00	9.992076E-05	1.252853E-13	7.257098E-11	1.045681E-10	6.454874E-13	6.135855E-13	1.265403E-10	1.400946E-09	6.593120E-07	2.217530E-10	4.934290E-10	1.597769E-12	2.028492E-11	3.003069E-11	7.683280E-08	9.999980E-02	5.679191E-12	1.504648E-09	7.240018E-09	2.999895E-04	2.876023E-01	4.247948E-01	1.007814E-04	1.000000E+00	
0.000000E+00	7.261163E-10	1.956524E-07	0.000000E+00	1.524234E-11	1.343669E-14	2.923255E-11	1.641749E-15	3.150785E-11	5.282602E-11	0.000000E+00	9.991900E-05	1.363419E-13	6.844398E-11	1.022531E-10	6.278248E-13	5.856365E-13	1.377283E-10	1.370350E-09	6.169772E-07	2.333029E-10	5.273688E-10	1.692182E-12	2.045013E-11	3.044315E-11	7.854300E-08	9.999980E-02	5.912296E-12	1.498833E-09	7.064973E-09	2.999897E-04	2.975410E-01	4.049173E-01	1.007329E-04	1.000000E+00	
0.000000E+00	7.690735E-10	1.914338E-07	0.000000E+00	1.559606E-11	1.456084E-14	2.851793E-11	1.693958E-15	2.945209E-11	4.946404E-11	0.000000E+00	9.991707E-05	1.479353E-13	6.452026E-11	9.978217E-11	6.096941E-13	5.586686E-13	1.497940E-10	1.338097E-09	5.772842E-07	2.450059E-10	5.629937E-10	1.789272E-12	2.056653E-11	3.085260E-11	8.042119E-08	9.999981E-02	6.154205E-12	1.490174E-09	6.883014E-09	2.999900E-04	3.073504E-01	3.852986E-01	1.006871E-04	1.000000E+00	
0.000000E+00	8.122538E-10	1.874508E-07	0.000000E+00	1.593782E-11	1.572691E-14	2.778960E-11	1.738967E-15	2.753181E-11	4.631980E-11	0.000000E+00	9.991495E-05	1.600606E-13	6.079647E-11	9.717658E-11	5.912372E-13	5.326551E-13	1.627960E-10	1.304505E-09	5.401364E-07	2.568310E-10	6.003363E-10	1.889008E-12	2.063466E-11	3.125943E-11	8.248846E-08	9.999981E-02	6.404314E-12	1.478900E-09	6.695661E-09	2.999902E-04	3.170007E-01	3.659980E-01	1.006439E-04	1.000000E+00	
0.000000E+00	8.554642E-10	1.836975E-07	0.000000E+00	1.626723E-11	1.693187E-14	2.705434E-11	1.776273E-15	2.573871E-11	4.338049E-11	0.000000E+00	9.991262E-05	1.727184E-13	5.726762E-11	9.445694E-11	5.725871E-13	5.075654E-13	1.767985E-10	1.269878E-09	5.054336E-07	2.687474E-10	6.394391E-10	1.991415E-12	2.065549E-11	3.166399E-11	8.476940E-08	9.999982E-02	6.661930E-12	1.465809E-09	6.504373E-09	2.999905E-04	3.264663E-01	3.470669E-01	1.006032E-04	1.000000E+00	
0.000000E+00	8.985318E-10	1.801656E-07	0.000000E+00	1.658404E-11	1.817258E-14	2.631845E-11	1.805503E-15	2.406462E-11	4.063343E-11	0.000000E+00	9.991004E-05	1.859121E-13	5.392772E-11	9.164456E-11	5.538696E-13	4.833798E-13	1.918728E-10	1.234516E-09	4.730381E-07	2.807297E-10	6.803485E-10	2.096551E-12	2.063134E-11	3.206653E-11	8.729102E-08	9.999982E-02	6.926256E-12	1.450772E-09	6.310562E-09	2.999907E-04	3.357258E-01	3.285478E-01	1.005647E-04	1.000000E+00	
0.000000E+00	9.414897E-10	1.768255E-07	0.000000E+00	1.688832E-11	1.944295E-14	2.558506E-11	1.826493E-15	2.250166E-11	3.806660E-11	0.000000E+00	9.990722E-05	1.995839E-13	5.077307E-11	8.878302E-11	5.352375E-13	4.602540E-13	2.080915E-10	1.198794E-09	4.423426E-07	2.928268E-10	7.230030E-10	2.204256E-12	2.057945E-11	3.246646E-11	9.006107E-08	9.999982E-02	7.196313E-12	1.434224E-09	6.115931E-09	2.999910E-04	3.447671E-01	3.104653E-01	1.005279E-04	1.000000E+00	
0.000000E+00	9.838190E-10	1.737080E-07	0.000000E+00	1.717983E-11	2.074574E-14	2.486514E-11	1.838933E-15	2.104208E-11	3.566718E-11	0.000000E+00	9.990406E-05	2.138816E-13	4.778927E-11	8.584347E-11	5.167145E-13	4.378026E-13	2.255560E-10	1.162775E-09	4.141761E-07	3.048738E-10	7.677065E-10	2.315242E-12	2.047416E-11	3.286521E-11	9.316286E-08	9.999983E-02	7.471239E-12	1.416330E-09	5.920878E-09	2.999912E-04	3.535662E-01	2.928671E-01	1.004935E-04	1.000000E+00	
0.000000E+00	1.025511E-09	1.707886E-07	0.000000E+00	1.745885E-11	2.207646E-14	2.416180E-11	1.842858E-15	1.967868E-11	3.342399E-11	0.000000E+00	9.990054E-05	2.287946E-13	4.497094E-11	8.286082E-11	4.984217E-13	4.161387E-13	2.443638E-10	1.126771E-09	3.880342E-07	3.168959E-10	8.144762E-10	2.429597E-12	2.032894E-11	3.326224E-11	9.662362E-08	9.999983E-02	7.749871E-12	1.397866E-09	5.726807E-09	2.999915E-04	3.621166E-01	2.757664E-01	1.004610E-04	1.000000E+00	
0.000000E+00	1.066426E-09	1.680584E-07	0.000000E+00	1.772560E-11	2.343312E-14	2.347992E-11	1.838324E-15	1.840454E-11	3.132599E-11	0.000000E+00	9.989660E-05	2.443756E-13	4.230963E-11	7.984939E-11	4.804367E-13	3.952293E-13	2.646319E-10	1.090991E-09	3.638035E-07	3.288633E-10	8.634442E-10	2.547704E-12	2.014608E-11	3.365741E-11	1.004969E-07	9.999983E-02	8.030981E-12	1.379733E-09	5.534675E-09	2.999918E-04	3.704110E-01	2.591776E-01	1.004301E-04	1.000000E+00	
0.000000E+00	1.106432E-09	1.655091E-07	0.000000E+00	1.798041E-11	2.481400E-14	2.282398E-11	1.825463E-15	1.721317E-11	2.936283E-11	0.000000E+00	9.989218E-05	2.606940E-13	3.979690E-11	7.682197E-11	4.628261E-13	3.750419E-13	2.864940E-10	1.055624E-09	3.413760E-07	3.407442E-10	9.147710E-10	2.670040E-12	1.992786E-11	3.405043E-11	1.048462E-07	9.999983E-02	8.313203E-12	1.362792E-09	5.345336E-09	2.999920E-04	3.784447E-01	2.431102E-01	1.004008E-04	1.000000E+00	
0.000000E+00	1.145406E-09	1.631328E-07	0.000000E+00	1.822362E-11	2.621778E-14	2.219820E-11	1.804473E-15	1.609852E-11	2.752473E-11	0.000000E+00	9.988721E-05	2.778386E-13	3.742436E-11	7.378980E-11	4.456469E-13	3.555437E-13	3.101050E-10	1.020836E-09	3.206487E-07	3.525049E-10	9.686527E-10	2.797196E-12	1.967647E-11	3.444084E-11	1.097475E-07	9.999984E-02	8.595023E-12	1.347870E-09	5.159537E-09	2.999923E-04	3.862155E-01	2.275687E-01	1.003727E-04	1.000000E+00	
0.000000E+00	1.182942E-09	1.609447E-07	0.000000E+00	1.845554E-11	2.764944E-14	2.160974E-11	1.775551E-15	1.505486E-11	2.580217E-11	0.000000E+00	9.988155E-05	2.960534E-13	3.518121E-11	7.074026E-11	4.289121E-13	3.365439E-13	3.356628E-10	9.866886E-10	3.019248E-07	3.639995E-10	1.025528E-09	2.930427E-12	1.937712E-11	3.482922E-11	1.153249E-07	9.999984E-02	8.874969E-12	1.335665E-09	4.977574E-09	2.999925E-04	3.937181E-01	2.125635E-01	1.003462E-04	1.000000E+00	
0.000000E+00	1.219531E-09	1.588903E-07	0.000000E+00	1.867679E-11	2.909584E-14	2.105569E-11	1.739110E-15	1.407717E-11	2.418770E-11	0.000000E+00	9.987516E-05	3.152028E-13	3.306546E-11	6.773072E-11	4.127387E-13	3.183593E-13	3.633387E-10	9.535021E-10	2.842451E-07	3.754151E-10	1.085258E-09	3.069481E-12	1.906784E-11	3.521216E-11	1.216182E-07	9.999984E-02	9.150727E-12	1.327211E-09	4.800800E-09	2.999927E-04	4.009635E-01	1.980728E-01	1.003201E-04	1.000000E+00	
0.000000E+00	1.254706E-09	1.569925E-07	0.000000E+00	1.888766E-11	3.056376E-14	2.054392E-11	1.695409E-15	1.316057E-11	2.267299E-11	0.000000E+00	9.986788E-05	3.356145E-13	3.106619E-11	6.473961E-11	3.971156E-13	3.007534E-13	3.933985E-10	9.212816E-10	2.680518E-07	3.865716E-10	1.148428E-09	3.216030E-12	1.872900E-11	3.559008E-11	1.288019E-07	9.999984E-02	9.420459E-12	1.323208E-09	4.629256E-09	2.999929E-04	4.079476E-01	1.841045E-01	1.002948E-04	1.000000E+00	
0.000000E+00	1.288414E-09	1.552422E-07	0.000000E+00	1.908859E-11	3.205158E-14	2.007777E-11	1.644824E-15	1.230072E-11	2.125107E-11	0.000000E+00	9.985954E-05	3.574635E-13	2.917699E-11	6.177822E-11	3.820802E-13	2.837324E-13	4.261240E-10	8.901530E-10	2.531922E-07	3.974401E-10	1.215393E-09	3.371168E-12	1.836575E-11	3.596138E-11	1.370317E-07	9.999984E-02	9.681782E-12	1.324577E-09	4.463472E-09	2.999931E-04	4.146739E-01	1.706520E-01	1.002699E-04	1.000000E+00	
0.000000E+00	1.320492E-09	1.536391E-07	0.000000E+00	1.927995E-11	3.356026E-14	1.966196E-11	1.587745E-15	1.149368E-11	1.991544E-11	0.000000E+00	9.984993E-05	3.810228E-13	2.739110E-11	5.884960E-11	3.676546E-13	2.672526E-13	4.618556E-10	8.602049E-10	2.396563E-07	4.079428E-10	1.286663E-09	3.536432E-12	1.797712E-11	3.632465E-11	1.465133E-07	9.999985E-02	9.932126E-12	1.332315E-09	4.303816E-09	2.999933E-04	4.211444E-01	1.577110E-01	1.002452E-04	1.000000E+00	
0.000000E+00	1.350805E-09	1.521818E-07	0.000000E+00	1.946212E-11	3.509007E-14	1.930126E-11	1.524608E-15	1.073591E-11	1.866033E-11	0.000000E+00	9.983880E-05	4.066029E-13	2.570262E-11	5.595912E-11	3.538633E-13	2.512926E-13	5.009917E-10	8.315332E-10	2.273974E-07	4.180063E-10	1.362806E-09	3.713561E-12	1.756409E-11	3.667802E-11	1.574967E-07	9.999985E-02	1.016859E-11	1.347592E-09	4.150681E-09	2.999935E-04	4.273616E-01	1.452765E-01	1.002203E-04	1.000000E+00	
0.000000E+00	1.379206E-09	1.508705E-07	0.000000E+00	1.963543E-11	3.664141E-14	1.900116E-11	1.455885E-15	1.002425E-11	1.748056E-11	0.000000E+00	9.982585E-05	4.345833E-13	2.410620E-11	5.311174E-11	3.407303E-13	2.358345E-13	5.440043E-10	8.042330E-10	2.163839E-07	4.275456E-10	1.444496E-09	3.904625E-12	1.712743E-11	3.701931E-11	1.702943E-07	9.999985E-02	1.038794E-11	1.371822E-09	4.004454E-09	2.999937E-04	4.333276E-01	1.333446E-01	1.001951E-04	1.000000E+00	
0.000000E+00	1.405533E-09	1.497072E-07	0.000000E+00	1.980018E-11	3.821477E-14	1.876811E-11	1.382096E-15	9.355913E-12	1.637153E-11	0.000000E+00	9.981066E-05	4.654308E-13	2.259707E-11	5.031218E-11	3.282801E-13	2.208628E-13	5.914549E-10	7.784020E-10	2.066020E-07	4.364621E-10	1.532530E-09	4.112110E-12	1.666768E-11	3.734601E-11	1.853001E-07	9.999985E-02	1.058660E-11	1.406752E-09	3.865527E-09	2.999938E-04	4.390434E-01	1.219129E-01	1.001690E-04	1.000000E+00	
0.000000E+00	1.429645E-09	1.486938E-07	0.000000E+00	1.995665E-11	3.980958E-14	1.860957E-11	1.303816E-15	8.728463E-12	1.532924E-11	0.000000E+00	9.979275E-05	4.996948E-13	2.117115E-11	4.756691E-11	3.165424E-13	2.063778E-13	6.440092E-10	7.541530E-10	1.980257E-07	4.446581E-10	1.627822E-09	4.338900E-12	1.618690E-11	3.765511E-11	2.030100E-07	9.999985E-02	1.076062E-11	1.454614E-09	3.734350E-09	2.999939E-04	4.445098E-01	1.109803E-01	1.001415E-04	1.000000E+00	
0.000000E+00	1.451229E-09	1.478443E-07	0.000000E+00	2.010503E-11	4.142937E-14	1.853585E-11	1.221687E-15	8.139731E-12	1.435001E-11	0.000000E+00	9.977144E-05	5.381674E-13	1.982414E-11	4.487546E-11	3.055373E-13	1.923375E-13	7.024804E-10	7.315778E-10	1.907806E-07	4.519591E-10	1.731581E-09	4.588899E-12	1.568054E-11	3.794389E-11	2.240815E-07	9.999985E-02	1.090576E-11	1.518239E-09	3.611283E-09	2.999940E-04	4.497244E-01	1.005509E-01	1.001121E-04	1.000000E+00	
0.000000E+00	1.470196E-09	1.471602E-07	0.000000E+00	2.024552E-11	4.307113E-14	1.855766E-11	1.136428E-15	7.587905E-12	1.343091E-11	0.000000E+00	9.974593E-05	5.816549E-13	1.855341E-11	4.224836E-11	2.953087E-13	1.787747E-13	7.678204E-10	7.108316E-10	1.848233E-07	4.582716E-10	1.845034E-09	4.866174E-12	1.515433E-11	3.820826E-11	2.493301E-07	9.999985E-02	1.101731E-11	1.601461E-09	3.496943E-09	2.999941E-04	4.546866E-01	9.062662E-02	1.000800E-04	1.000000E+00	
0.000000E+00	1.486204E-09	1.466615E-07	0.000000E+00	2.037824E-11	4.473816E-14	1.869029E-11	1.048841E-15	7.071329E-12	1.256907E-11	0.000000E+00	9.971509E-05	6.313653E-13	1.735553E-11	3.968603E-11	2.858863E-13	1.656594E-13	8.412049E-10	6.920400E-10	1.803412E-07	4.633918E-10	1.969856E-09	5.176418E-12	1.460432E-11	3.844482E-11	2.798597E-07	9.999985E-02	1.109040E-11	1.709311E-09	3.391809E-09	2.999941E-04	4.593917E-01	8.121641E-02	1.000442E-04	1.000000E+00	
0.000000E+00	1.498978E-09	1.463676E-07	0.000000E+00	2.050331E-11	4.643178E-14	1.895207E-11	9.598180E-16	6.588518E-12	1.176197E-11	0.000000E+00	9.967746E-05	6.887708E-13	1.622774E-11	3.719256E-11	2.773101E-13	1.529884E-13	9.240539E-10	6.753634E-10	1.775105E-07	4.671340E-10	2.107974E-09	5.526432E-12	1.403023E-11	3.864957E-11	3.171172E-07	9.999985E-02	1.111991E-11	1.848531E-09	3.296491E-09	2.999941E-04	4.638351E-01	7.232953E-02	1.000035E-04	1.000000E+00	
0.000000E+00	1.508539E-09	1.462826E-07	0.000000E+00	2.062083E-11	4.814428E-14	1.936432E-11	8.703290E-16	6.138268E-12	1.100774E-11	0.000000E+00	9.963117E-05	7.554704E-13	1.516874E-11	3.478220E-11	2.696491E-13	1.408235E-13	1.018064E-09	6.610466E-10	1.763528E-07	4.694269E-10	2.261423E-09	5.923677E-12	1.344271E-11	3.881700E-11	3.629839E-07	9.999985E-02	1.110043E-11	2.028122E-09	3.211924E-09	2.999940E-04	4.680138E-01	6.397227E-02	9.995593E-05	1.000000E+00	
0.000000E+00	1.514115E-09	1.464695E-07	0.000000E+00	2.073087E-11	4.989187E-14	1.995871E-11	7.814544E-16	5.718887E-12	1.030317E-11	0.000000E+00	9.957348E-05	8.343664E-13	1.417345E-11	3.244085E-11	2.629073E-13	1.290574E-13	1.125421E-09	6.491876E-10	1.776065E-07	4.698685E-10	2.433436E-09	6.380425E-12	1.282452E-11	3.894483E-11	4.201581E-07	9.999985E-02	1.102715E-11	2.260184E-09	3.138373E-09	2.999938E-04	4.719175E-01	5.616478E-02	9.989969E-05	1.000000E+00	
0.000000E+00	1.515609E-09	1.469411E-07	0.000000E+00	2.083061E-11	5.160654E-14	2.080279E-11	6.967632E-16	5.340444E-12	9.665314E-12	0.000000E+00	9.950098E-05	9.270356E-13	1.326685E-11	3.024390E-11	2.576259E-13	1.180387E-13	1.245721E-09	6.412170E-10	1.815637E-07	4.682571E-10	2.624264E-09	6.902456E-12	1.221353E-11	3.900901E-11	4.920615E-07	9.999985E-02	1.088565E-11	2.552419E-09	3.082364E-09	2.999936E-04	4.754361E-01	4.912768E-02	9.983161E-05	1.000000E+00	
0.000000E+00	1.512764E-09	1.477635E-07	0.000000E+00	2.092345E-11	5.335903E-14	2.191400E-11	6.149085E-16	4.987850E-12	9.068701E-12	0.000000E+00	9.940849E-05	1.039149E-12	1.241329E-11	2.811292E-11	2.533238E-13	1.073799E-13	1.384478E-09	6.361264E-10	1.891791E-07	4.644580E-10	2.840940E-09	7.514072E-12	1.157439E-11	3.902437E-11	5.838175E-07	9.999985E-02	1.068220E-11	2.933223E-09	3.038563E-09	2.999933E-04	4.786809E-01	4.263795E-02	9.974755E-05	1.000000E+00	
0.000000E+00	1.506200E-09	1.489457E-07	0.000000E+00	2.101095E-11	5.516141E-14	2.332713E-11	5.357283E-16	4.654017E-12	8.501883E-12	0.000000E+00	9.928903E-05	1.176238E-12	1.159867E-11	2.603833E-11	2.498327E-13	9.706859E-14	1.547497E-09	6.336851E-10	2.009040E-07	4.586896E-10	3.089340E-09	8.238549E-12	1.091838E-11	3.899309E-11	7.023551E-07	9.999985E-02	1.041753E-11	3.446545E-09	3.005231E-09	2.999928E-04	4.817024E-01	3.659503E-02	9.964098E-05	1.000000E+00	
0.000000E+00	1.494698E-09	1.506526E-07	0.000000E+00	2.109300E-11	5.705239E-14	2.510480E-11	4.606576E-16	4.335344E-12	7.958255E-12	0.000000E+00	9.913219E-05	1.347794E-12	1.081246E-11	2.398714E-11	2.469787E-13	8.694363E-14	1.740410E-09	6.336573E-10	2.195279E-07	4.503690E-10	3.376817E-09	9.110996E-12	1.021563E-11	3.891424E-11	8.580226E-07	9.999985E-02	1.008872E-11	4.149007E-09	2.980749E-09	2.999921E-04	4.844763E-01	3.104709E-02	9.950444E-05	1.000000E+00	
0.000000E+00	1.478541E-09	1.529701E-07	0.000000E+00	2.116968E-11	5.902875E-14	2.730524E-11	3.910736E-16	4.027213E-12	7.430419E-12	0.000000E+00	9.892321E-05	1.564703E-12	1.004589E-11	2.195865E-11	2.445786E-13	7.705576E-14	1.970152E-09	6.358341E-10	2.476618E-07	4.395392E-10	3.710731E-09	1.017086E-11	9.477125E-12	3.878047E-11	1.065475E-06	9.999985E-02	9.693524E-12	5.127488E-09	2.963361E-09	2.999912E-04	4.869912E-01	2.601738E-02	9.932588E-05	1.000000E+00	
0.000000E+00	1.461348E-09	1.556781E-07	0.000000E+00	2.124072E-11	6.097743E-14	3.002357E-11	3.279975E-16	3.730370E-12	6.921781E-12	0.000000E+00	9.864145E-05	1.834807E-12	9.310132E-12	2.004028E-11	2.429051E-13	6.789194E-14	2.245354E-09	6.412907E-10	2.840417E-07	4.276266E-10	4.096005E-09	1.144940E-11	8.796738E-12	3.857020E-11	1.345185E-06	9.999984E-02	9.229989E-12	6.530720E-09	2.956667E-09	2.999898E-04	4.892561E-01	2.148741E-02	9.908317E-05	1.000000E+00	
0.000000E+00	1.438969E-09	1.593540E-07	0.000000E+00	2.130705E-11	6.307346E-14	3.321890E-11	2.733218E-16	3.422494E-12	6.392984E-12	0.000000E+00	9.825255E-05	2.188935E-12	8.545866E-12	1.805100E-11	2.402848E-13	5.868393E-14	2.577689E-09	6.460156E-10	3.408749E-07	4.128091E-10	4.549389E-09	1.304665E-11	8.036427E-12	3.829271E-11	1.731278E-06	9.999984E-02	8.702149E-12	8.565404E-09	2.941732E-09	2.999877E-04	4.912394E-01	1.752075E-02	9.875474E-05	1.000000E+00	
0.000000E+00	1.411876E-09	1.642764E-07	0.000000E+00	2.136970E-11	6.535976E-14	3.663955E-11	2.288022E-16	3.076438E-12	5.799447E-12	0.000000E+00	9.770574E-05	2.661947E-12	7.696214E-12	1.589783E-11	2.345375E-13	4.926830E-14	2.981450E-09	6.444306E-10	4.296799E-07	3.951669E-10	5.085291E-09	1.507044E-11	7.169057E-12	3.793550E-11	2.274172E-06	9.999984E-02	8.114509E-12	1.155689E-08	2.892885E-09	2.999848E-04	4.929439E-01	1.411169E-02	9.830161E-05	1.000000E+00	
0.000000E+00	1.386158E-09	1.700428E-07	0.000000E+00	2.142844E-11	6.771023E-14	4.003709E-11	1.956820E-16	2.686080E-12	5.134590E-12	0.000000E+00	9.692578E-05	3.284789E-12	6.764047E-12	1.367610E-11	2.246598E-13	4.027199E-14	3.474543E-09	6.338626E-10	5.484362E-07	3.769841E-10	5.712016E-09	1.761577E-11	6.301212E-12	3.745940E-11	3.048489E-06	9.999983E-02	7.471752E-12	1.609132E-08	2.798005E-09	2.999804E-04	4.943987E-01	1.120200E-02	9.764613E-05	1.000000E+00	
0.000000E+00	1.357607E-09	1.778217E-07	0.000000E+00	2.148668E-11	7.046720E-14	4.172265E-11	1.780643E-16	2.176821E-12	4.272546E-12	0.000000E+00	9.578702E-05	4.154107E-12	5.581405E-12	1.101951E-11	2.030561E-13	3.064024E-14	4.079074E-09	5.919369E-10	7.238273E-07	3.561945E-10	6.456697E-09	2.094612E-11	5.220084E-12	3.685840E-11	4.179167E-06	9.999982E-02	6.786673E-12	2.284350E-08	2.562932E-09	2.999739E-04	4.955937E-01	8.811886E-03	9.669048E-05	1.000000E+00	
0.000000E+00	1.333067E-09	1.874845E-07	0.000000E+00	2.154526E-11	7.373761E-14	4.028138E-11	1.783263E-16	1.565727E-12	3.245134E-12	0.000000E+00	9.410160E-05	5.373631E-12	4.204259E-12	8.127093E-12	1.682215E-13	2.129342E-14	4.820495E-09	5.109824E-10	9.298672E-07	3.348786E-10	7.330367E-09	2.532082E-11	4.046868E-12	3.607281E-11	5.852674E-06	9.999981E-02	6.069412E-12	3.316375E-08	2.163387E-09	2.999641E-04	4.965623E-01	6.874415E-03	9.522070E-05	1.000000E+00	
0.000000E+00	1.323779E-09	1.979064E-07	0.000000E+00	2.160199E-11	7.773284E-14	3.720951E-11	1.953401E-16	1.006280E-12	2.311852E-12	0.000000E+00	9.158630E-05	7.079374E-12	2.977287E-12	5.700865E-12	1.313050E-13	1.412674E-14	5.725371E-09	4.207688E-10	1.092083E-06	3.160649E-10	8.329699E-09	3.105347E-11	3.084900E-12	3.501213E-11	8.348319E-06	9.999980E-02	5.329574E-12	5.092876E-08	1.734705E-09	2.999468E-04	4.973385E-01	5.321906E-03	9.287801E-05	1.000000E+00	
0.000000E+00	1.330844E-09	2.106401E-07	0.000000E+00	2.166226E-11	8.354988E-14	3.286655E-11	2.323843E-16	5.412682E-13	1.543327E-12	0.000000E+00	8.780317E-05	9.631866E-12	1.979682E-12	3.802075E-12	9.615101E-14	8.897044E-15	6.809559E-09	3.308460E-10	1.188511E-06	2.978271E-10	9.460762E-09	3.891160E-11	2.299594E-12	3.359119E-11	1.209607E-05	9.999979E-02	4.582888E-12	8.409784E-08	1.323111E-09	2.999142E-04	4.979269E-01	4.145022E-03	8.920402E-05	1.000000E+00	
0.000000E+00	1.363599E-09	2.268118E-07	0.000000E+00	2.173095E-11	9.286600E-14	3.025365E-11	2.939892E-16	2.361125E-13	1.052167E-12	0.000000E+00	8.215965E-05	1.368005E-11	1.348332E-12	2.647570E-12	7.167490E-14	5.811076E-15	8.058100E-09	2.718852E-10	1.195783E-06	2.798039E-10	1.068735E-08	5.010537E-11	1.776483E-12	3.165779E-11	1.766828E-05	9.999977E-02	3.842518E-12	1.529430E-07	1.051320E-09	2.998457E-04	4.983516E-01	3.295589E-03	8.358396E-05	1.000000E+00	
0.000000E+00	1.441001E-09	2.462525E-07	0.000000E+00	2.180913E-11	1.086865E-13	3.393697E-11	3.945305E-16	9.633249E-14	8.565366E-13	0.000000E+00	7.399869E-05	2.047402E-11	1.102246E-12	2.283433E-12	6.318702E-14	4.652260E-15	9.389264E-09	2.748968E-10	1.124447E-06	2.623302E-10	1.189908E-08	6.668143E-11	1.543873E-12	2.900813E-11	2.567326E-05	9.999975E-02	3.123233E-12	3.063758E-07	1.025771E-09	2.996922E-04	4.986447E-01	2.709485E-03	7.537115E-05	1.000000E+00	
0.000000E+00	1.588087E-09	2.685846E-07	0.000000E+00	2.189639E-11	1.379805E-13	4.683494E-11	5.628522E-16	5.430791E-14	8.559231E-13	0.000000E+00	6.291347E-05	3.301359E-11	1.112804E-12	2.539112E-12	6.727153E-14	4.645649E-15	1.060453E-08	3.542707E-10	9.807734E-07	2.436865E-10	1.291827E-08	9.329566E-11	1.493234E-12	2.548813E-11	3.642046E-05	9.999973E-02	2.450782E-12	6.421472E-07	1.279849E-09	2.993561E-04	4.988278E-01	2.343346E-03	6.416471E-05	1.000000E+00	
0.000000E+00	1.762670E-09	3.214483E-07	0.000000E+00	2.208099E-11	2.099124E-13	4.909461E-11	6.819278E-16	4.859479E-14	9.257713E-13	0.000000E+00	4.914992E-05	6.643016E-11	1.202098E-12	3.032228E-12	7.535782E-14	3.596654E-15	1.124835E-08	5.117551E-10	5.615521E-07	2.045229E-10	1.383268E-08	1.553374E-10	1.188153E-12	2.131803E-11	4.965331E-05	9.999968E-02	1.862402E-12	1.171240E-06	1.844004E-09	2.988263E-04	4.988199E-01	2.359691E-03	5.003494E-05	1.000000E+00	
0.000000E+00	1.662211E-09	2.518279E-07	0.000000E+00	2.179740E-11	5.262012E-13	8.468461E-14	3.733675E-16	9.247295E-13	2.309616E-12	0.000000E+00	3.196937E-05	2.682378E-10	2.764947E-12	6.672651E-12	1.685559E-13	3.107415E-15	8.785043E-09	1.683721E-09	1.104249E-09	1.074217E-10	1.497563E-08	4.928640E-10	5.846320E-13	1.613357E-11	6.771471E-05	9.999975E-02	1.323936E-12	2.912779E-07	6.571408E-09	2.997005E-04	4.978702E-01	4.259576E-03	3.222412E-05	1.000000E+00	
0.000000E+00	2.518404E-09	2.626316E-07	0.000000E+00	2.187129E-11	9.015201E-13	2.346642E-13	8.252837E-16	9.426331E-13	2.760097E-12	0.000000E+00	2.072311E-05	4.814257E-10	3.608041E-12	1.337635E-11	2.098447E-13	5.733837E-15	8.458469E-09	3.211666E-09	1.122947E-09	1.198975E-10	1.399496E-08	8.083142E-10	1.089353E-12	1.176643E-11	7.895424E-05	9.999974E-02	1.188459E-12	2.987719E-07	1.234447E-08	2.996856E-04	4.981722E-01	3.655481E-03	2.098956E-05	1.000000E+00	
0.000000E+00	4.039473E-09	2.673228E-07	0.000000E+00	2.191361E-11	1.683270E-12	7.697837E-13	2.156417E-15	9.960817E-13	3.583703E-12	0.000000E+00	1.243836E-05	9.262899E-10	5.024990E-12	3.077615E-11	2.723429E-13	1.235288E-14	7.609844E-09	6.861999E-09	1.183326E-09	1.357084E-10	1.288170E-08	1.420143E-09	2.279785E-12	8.118502E-12	8.722685E-05	9.999973E-02	1.441449E-12	3.118015E-07	2.624743E-08	2.996550E-04	4.983589E-01	3.282128E-03	1.271112E-05	1.000000E+00	
0.000000E+00	6.116472E-09	2.279870E-07	0.000000E+00	2.179252E-11	3.150728E-12	2.627612E-12	5.594313E-15	1.096931E-12	4.746831E-12	0.000000E+00	7.744097E-06	1.972951E-09	6.944737E-12	6.777582E-11	3.689111E-13	2.613178E-14	7.054562E-09	1.508917E-08	1.300809E-09	1.597397E-10	1.323652E-08	2.765274E-09	4.870433E-12	6.057133E-12	9.180854E-05	9.999977E-02	2.018334E-12	4.221605E-07	5.654851E-08	2.995061E-04	4.984492E-01	3.101512E-03	7.979779E-06	1.000000E+00	
0.000000E+00	7.613042E-09	1.203510E-07	0.000000E+00	2.142706E-11	4.761578E-12	7.546339E-12	1.064933E-14	1.251162E-12	5.712172E-12	0.000000E+00	5.949532E-06	4.431240E-09	8.506355E-12	1.090038E-10	5.194782E-13	4.123967E-14	7.155954E-09	2.981823E-08	1.498706E-09	1.841209E-10	1.623559E-08	5.680262E-09	9.151496E-12	5.356818E-12	9.299152E-05	9.999988E-02	2.462070E-12	1.025234E-06	1.032290E-07	2.988416E-04	4.984860E-01	3.027808E-03	6.079347E-06	1.000000E+00	
0.000000E+00	9.081834E-09	7.500955E-09	0.000000E+00	2.104195E-11	6.388043E-12	1.926033E-11	1.834740E-14	1.435638E-12	6.441293E-12	0.000000E+00	4.847437E-06	1.010656E-08	9.705024E-12	1.554506E-10	7.183915E-13	5.440320E-14	6.708353E-09	5.631046E-08	1.873500E-09	1.977242E-10	1.960640E-08	1.176777E-08	2.102223E-11	4.636903E-12	7.489729E-05	9.999999E-02	2.344006E-12	2.020685E-05	1.739767E-07	2.795626E-04	4.985170E-01	2.965665E-03	4.866320E-06	1.000000E+00	
0.000000E+00	1.912240E-08	1.917629E-09	0.000000E+00	2.103238E-11	1.713940E-11	1.165140E-10	8.782423E-14	1.674024E-12	9.487293E-12	0.000000E+00	1.905409E-06	2.420440E-08	1.474520E-11	5.974139E-10	9.756170E-13	1.591812E-13	3.142257E-09	1.729758E-07	2.810761E-09	2.104100E-10	1.257133E-08	2.517910E-08	1.622896E-10	2.076894E-12	1.827534E-05	1.000000E-01	1.191972E-12	7.975376E-05	5.916517E-07	2.194806E-04	4.985658E-01	2.867218E-03	1.930298E-06	1.000000E+00	
0.000000E+00	3.825263E-08	1.577300E-09	0.000000E+00	2.103516E-11	4.502047E-11	1.128445E-09	3.181243E-13	1.810327E-12	1.523421E-11	0.000000E+00	5.217705E-07	4.386060E-08	2.434235E-11	3.389095E-09	1.137529E-12	7.968253E-13	9.341469E-10	6.218323E-07	3.339477E-09	1.619543E-10	5.035170E-09	4.024805E-08	1.106436E-09	5.790764E-13	2.508312E-06	1.000000E-01	3.289491E-13	9.687852E-05	2.510127E-06	1.999827E-04	4.985773E-01	2.841200E-03	5.697080E-07	1.000000E+00	
0.000000E+00	4.845736E-08	1.535836E-09	0.000000E+00	2.103597E-11	5.592300E-11	7.126055E-09	4.564396E-13	1.808437E-12	1.794655E-11	0.000000E+00	1.979413E-07	5.498700E-08	2.976886E-11	9.222391E-09	1.192811E-12	2.029591E-12	3.450861E-10	1.592502E-06	3.453793E-09	9.010186E-11	2.342671E-09	4.591874E-08	2.979561E-09	1.929985E-13	5.225040E-07	1.000000E-01	8.830772E-14	9.917283E-05	6.934388E-06	1.922738E-04	4.985845E-01	2.820326E-03	2.638108E-07	1.000000E+00	
0.000000E+00	5.152945E-08	1.517937E-09	0.000000E+00	2.103671E-11	4.735558E-11	3.689070E-08	4.267597E-13	1.718438E-12	1.792564E-11	0.000000E+00	8.726379E-08	5.150683E-08	3.200868E-11	1.665265E-08	1.216005E-12	3.656951E-12	1.519118E-10	3.414464E-06	3.449583E-09	4.527215E-11	1.203938E-09	4.201376E-08	4.994430E-09	7.497966E-14	1.377302E-07	1.000000E-01	2.532163E-14	9.967504E-05	1.602538E-05	1.807896E-04	4.986077E-01	2.761245E-03	1.655786E-07	1.000000E+00	
0.000000E+00	5.076166E-08	1.498841E-09	0.000000E+00	2.103765E-11	3.348384E-11	1.434956E-07	3.165829E-13	1.551741E-12	1.615105E-11	0.000000E+00	4.470007E-08	3.964675E-08	3.277372E-11	2.325064E-08	1.223806E-12	6.646070E-12	8.165982E-11	6.083828E-06	3.387561E-09	2.436400E-11	7.218979E-10	3.262752E-08	6.199659E-09	3.550586E-14	4.891147E-08	1.000000E-01	9.053432E-15	9.982705E-05	3.145078E-05	1.623218E-04	4.986446E-01	2.666682E-03	1.299360E-07	1.000000E+00	
0.000000E+00	4.892916E-08	1.479417E-09	0.000000E+00	2.103851E-11	2.414015E-11	3.429313E-07	2.287814E-13	1.371926E-12	1.400637E-11	0.000000E+00	2.858815E-08	3.037174E-08	3.309657E-11	2.763460E-08	1.222903E-12	1.208380E-11	5.550944E-11	8.659192E-06	3.317274E-09	1.593261E-11	5.407504E-10	2.472926E-08	6.581172E-09	2.187873E-14	2.575602E-08	1.000000E-01	4.662122E-15	9.988334E-05	4.907923E-05	1.416581E-04	4.986792E-01	2.574699E-03	1.166529E-07	1.000000E+00	
0.000000E+00	4.773388E-08	1.467268E-09	0.000000E+00	2.103899E-11	2.012759E-11	5.020531E-07	1.889385E-13	1.260560E-12	1.268647E-11	0.000000E+00	2.307583E-08	2.616219E-08	3.327214E-11	2.973136E-08	1.220105E-12	1.661172E-11	4.654736E-11	1.014618E-05	3.275760E-09	1.297695E-11	4.869280E-10	2.096016E-08	6.637089E-09	1.741194E-14	1.925420E-08	1.000000E-01	3.421796E-15	9.990334E-05	6.062292E-05	1.282870E-04	4.986984E-01	2.521818E-03	1.120406E-07	1.000000E+00	
0.000000E+00	4.728796E-08	1.462669E-09	0.000000E+00	2.103917E-11	1.885628E-11	5.640602E-07	1.760578E-13	1.218746E-12	1.219730E-11	0.000000E+00	2.146730E-08	2.478789E-08	3.334101E-11	3.044052E-08	1.218741E-12	1.841260E-11	4.391466E-11	1.068666E-05	3.260655E-09	1.210434E-11	4.758677E-10	1.970650E-08	6.638117E-09	1.612595E-14	1.747458E-08	1.000000E-01	3.082847E-15	9.990937E-05	6.507892E-05	1.231598E-04	4.987052E-01	2.502684E-03	1.106758E-07	1.000000E+00	
0.000000E+00	4.717074E-08	1.461453E-09	0.000000E+00	2.103921E-11	1.853493E-11	5.797612E-07	1.727585E-13	1.207716E-12	1.206901E-11	0.000000E+00	2.107533E-08	2.443309E-08	3.335968E-11	3.062175E-08	1.218358E-12	1.887173E-11	4.326494E-11	1.082777E-05	3.256714E-09	1.188941E-11	4.750290E-10	1.937982E-08	6.636964E-09	1.581214E-14	1.703488E-08	1.000000E-01	2.999455E-15	9.991089E-05	6.626540E-05	1.217991E-04	4.987070E-01	2.497702E-03	1.103413E-07	1.000000E+00	
0.000000E+00	4.714668E-08	1.461203E-09	0.000000E+00	2.103922E-11	1.846837E-11	5.828025E-07	1.720673E-13	1.205452E-12	1.204273E-11	0.000000E+00	2.099643E-08	2.435837E-08	3.336356E-11	3.065868E-08	1.218278E-12	1.896087E-11	4.313133E-11	1.085666E-05	3.255908E-09	1.184544E-11	4.755148E-10	1.931046E-08	6.636657E-09	1.574826E-14	1.694022E-08	1.000000E-01	2.981639E-15	9.991121E-05	6.650955E-05	1.215196E-04	4.987073E-01	2.496682E-03	1.102739E-07	1.000000E+00	
