2.276873E-08	9.024357E-09	2.663011E-10	1.741037E-12	1.064412E-13	2.751588E-14	7.269630E-15	2.215670E-15	6.249474E-16	1.902244E-16	5.516327E-17	1.687921E-17	4.934343E-18	1.550682E-18	4.369860E-19	1.101550E-19	3.105415E-20	7.765302E-21	1.855474E-21	4.415515E-22	1.007813E-22	2.180619E-23	3.730997E-24	5.674750E-26	0.000000E+00	0.000000E+00	1.504516E-26	0.000000E+00	0.000000E+00	0.000000E+00	0.000000E+00	0.000000E+00	0.000000E+00	0.000000E+00	1.512139E-24	6.327548E-25	1.167767E-24	1.151207E-24	3.677682E-24	4.953390E-24	7.946164E-24	
2.278236E-08	9.030898E-09	2.666376E-10	1.761359E-12	1.087188E-13	2.810572E-14	7.425382E-15	2.263080E-15	6.383126E-16	1.942878E-16	5.634093E-17	1.723926E-17	5.039544E-18	1.583722E-18	4.462940E-19	1.125012E-19	3.171652E-20	7.931872E-21	1.896070E-21	4.523773E-22	1.050301E-22	2.433135E-23	5.657180E-24	2.011406E-24	0.000000E+00	4.817479E-25	0.000000E+00	4.166195E-25	4.179322E-25	1.013175E-24	8.206173E-25	2.042557E-24	1.304587E-24	1.968997E-24	1.982527E-24	1.284644E-24	1.773359E-24	2.388191E-24	0.000000E+00	0.000000E+00	1.324781E-24	
2.278408E-08	9.031721E-09	2.666798E-10	1.763900E-12	1.090034E-13	2.817943E-14	7.444847E-15	2.269005E-15	6.399828E-16	1.947956E-16	5.648809E-17	1.728425E-17	5.052688E-18	1.587851E-18	4.474579E-19	1.127935E-19	3.179743E-20	7.952049E-21	1.900722E-21	4.544867E-22	1.032273E-22	2.210648E-23	5.877506E-24	1.269448E-24	9.141194E-25	1.692832E-24	1.166050E-24	0.000000E+00	0.000000E+00	0.000000E+00	1.230573E-24	2.071789E-24	6.151853E-25	1.246779E-24	7.366572E-25	1.905686E-24	2.721810E-24	0.000000E+00	2.331747E-24	4.559490E-25	0.000000E+00	
2.278602E-08	9.032650E-09	2.667275E-10	1.766766E-12	1.093246E-13	2.826260E-14	7.466809E-15	2.275689E-15	6.418673E-16	1.953685E-16	5.665414E-17	1.733501E-17	5.067521E-18	1.592510E-18	4.487698E-19	1.131253E-19	3.189240E-20	7.976477E-21	1.907015E-21	4.551034E-22	1.043560E-22	2.280462E-23	5.777743E-24	1.766645E-24	1.020243E-24	7.678078E-25	2.159838E-25	0.000000E+00	0.000000E+00	3.315993E-25	0.000000E+00	1.342603E-24	0.000000E+00	0.000000E+00	1.003885E-24	1.110211E-25	0.000000E+00	3.565803E-24	2.513147E-24	1.982022E-24	6.385002E-24	
2.278821E-08	9.033702E-09	2.667813E-10	1.770003E-12	1.096872E-13	2.835652E-14	7.491608E-15	2.283237E-15	6.439951E-16	1.960154E-16	5.684161E-17	1.739233E-17	5.084268E-18	1.597768E-18	4.502516E-19	1.134973E-19	3.199610E-20	8.000888E-21	1.911840E-21	4.556402E-22	1.044911E-22	2.293205E-23	4.472753E-24	4.309579E-25	4.363095E-25	4.116718E-25	0.000000E+00	0.000000E+00	0.000000E+00	0.000000E+00	0.000000E+00	0.000000E+00	8.612089E-25	0.000000E+00	0.000000E+00	0.000000E+00	0.000000E+00	7.720487E-25	1.632046E-24	0.000000E+00	4.452558E-24	
2.279070E-08	9.034892E-09	2.668423E-10	1.773661E-12	1.100970E-13	2.846264E-14	7.519630E-15	2.291767E-15	6.463995E-16	1.967464E-16	5.705347E-17	1.745710E-17	5.103191E-18	1.603713E-18	4.519269E-19	1.139209E-19	3.211637E-20	8.031992E-21	1.920225E-21	4.579345E-22	1.055536E-22	2.315924E-23	5.532578E-24	9.687464E-25	0.000000E+00	0.000000E+00	0.000000E+00	0.000000E+00	0.000000E+00	0.000000E+00	1.848838E-25	0.000000E+00	0.000000E+00	0.000000E+00	1.949458E-24	4.382785E-25	0.000000E+00	0.000000E+00	0.000000E+00	0.000000E+00	2.770782E-24	
2.279352E-08	9.036240E-09	2.669113E-10	1.777798E-12	1.105605E-13	2.858267E-14	7.551325E-15	2.301414E-15	6.491191E-16	1.975732E-16	5.729308E-17	1.753035E-17	5.124595E-18	1.610433E-18	4.538202E-19	1.143973E-19	3.225139E-20	8.066643E-21	1.929299E-21	4.604997E-22	1.064018E-22	2.438769E-23	6.101467E-24	2.240012E-24	7.610425E-25	1.237641E-24	1.268034E-24	5.960507E-25	1.485532E-24	1.251575E-24	1.904373E-24	1.898870E-24	2.172460E-24	2.100364E-24	4.425093E-24	2.465941E-24	3.622500E-24	1.215123E-24	5.241571E-25	2.680411E-24	8.020431E-24	
2.279672E-08	9.037771E-09	2.669895E-10	1.782483E-12	1.110853E-13	2.871857E-14	7.587209E-15	2.312336E-15	6.521980E-16	1.985092E-16	5.756435E-17	1.761328E-17	5.148826E-18	1.618045E-18	4.559634E-19	1.149362E-19	3.240093E-20	8.102446E-21	1.935920E-21	4.604262E-22	1.058304E-22	2.356596E-23	3.965863E-24	2.891901E-25	0.000000E+00	0.000000E+00	0.000000E+00	0.000000E+00	0.000000E+00	0.000000E+00	1.485734E-24	4.821518E-25	1.666781E-24	1.519914E-24	1.534959E-24	1.806782E-24	1.728375E-24	2.954555E-24	0.000000E+00	8.087528E-25	0.000000E+00	
2.280036E-08	9.039510E-09	2.670783E-10	1.787794E-12	1.116801E-13	2.887261E-14	7.627884E-15	2.324716E-15	6.556880E-16	1.995702E-16	5.787184E-17	1.770729E-17	5.176290E-18	1.626671E-18	4.583948E-19	1.155497E-19	3.257488E-20	8.147025E-21	1.947161E-21	4.635115E-22	1.057929E-22	2.343914E-23	4.733872E-24	9.780361E-25	0.000000E+00	0.000000E+00	0.000000E+00	0.000000E+00	0.000000E+00	0.000000E+00	0.000000E+00	8.643391E-26	0.000000E+00	0.000000E+00	0.000000E+00	0.000000E+00	0.000000E+00	0.000000E+00	0.000000E+00	0.000000E+00	0.000000E+00	
2.280450E-08	9.041490E-09	2.671792E-10	1.793822E-12	1.123553E-13	2.904744E-14	7.674049E-15	2.338767E-15	6.596490E-16	2.007744E-16	5.822081E-17	1.781397E-17	5.207460E-18	1.636460E-18	4.611524E-19	1.162432E-19	3.277053E-20	8.195138E-21	1.958527E-21	4.657861E-22	1.069194E-22	2.308977E-23	4.866350E-24	7.884065E-25	8.892797E-25	4.562014E-25	0.000000E+00	3.880438E-25	0.000000E+00	5.337496E-25	0.000000E+00	0.000000E+00	2.033620E-25	6.853119E-25	0.000000E+00	0.000000E+00	0.000000E+00	0.000000E+00	0.000000E+00	6.610781E-25	8.848874E-24	
2.280923E-08	9.043747E-09	2.672941E-10	1.800675E-12	1.131227E-13	2.924616E-14	7.726522E-15	2.354738E-15	6.641511E-16	2.021430E-16	5.861747E-17	1.793524E-17	5.242890E-18	1.647588E-18	4.642864E-19	1.170324E-19	3.299243E-20	8.249598E-21	1.970185E-21	4.677541E-22	1.068693E-22	2.213051E-23	4.143981E-24	0.000000E+00	0.000000E+00	0.000000E+00	0.000000E+00	0.000000E+00	0.000000E+00	0.000000E+00	0.000000E+00	0.000000E+00	0.000000E+00	0.000000E+00	0.000000E+00	0.000000E+00	0.000000E+00	2.182557E-25	0.000000E+00	0.000000E+00	0.000000E+00	
2.281464E-08	9.046327E-09	2.674253E-10	1.808478E-12	1.139965E-13	2.947243E-14	7.786268E-15	2.372922E-15	6.692772E-16	2.037013E-16	5.906907E-17	1.807329E-17	5.283227E-18	1.660256E-18	4.678543E-19	1.179328E-19	3.324713E-20	8.314111E-21	1.986201E-21	4.726970E-22	1.082728E-22	2.359161E-23	4.944101E-24	9.374444E-25	0.000000E+00	0.000000E+00	0.000000E+00	0.000000E+00	0.000000E+00	0.000000E+00	0.000000E+00	0.000000E+00	0.000000E+00	0.000000E+00	0.000000E+00	0.000000E+00	0.000000E+00	0.000000E+00	0.000000E+00	2.133534E-24	0.000000E+00	
2.282085E-08	9.049283E-09	2.675752E-10	1.817382E-12	1.149933E-13	2.973054E-14	7.854424E-15	2.393665E-15	6.751246E-16	2.054789E-16	5.958424E-17	1.823078E-17	5.329240E-18	1.674708E-18	4.719259E-19	1.189590E-19	3.353722E-20	8.388550E-21	2.006129E-21	4.781522E-22	1.104771E-22	2.431055E-23	5.271257E-24	1.208257E-24	0.000000E+00	0.000000E+00	0.000000E+00	1.448778E-24	9.655153E-25	1.089814E-24	1.994240E-25	3.441705E-25	1.376379E-24	3.643048E-24	7.193402E-25	5.450082E-25	2.609476E-24	1.610185E-24	1.390213E-24	5.500519E-24	9.080256E-24	
2.282798E-08	9.052678E-09	2.677471E-10	1.827562E-12	1.161329E-13	3.002564E-14	7.932344E-15	2.417380E-15	6.818096E-16	2.075111E-16	6.017317E-17	1.841082E-17	5.381843E-18	1.691227E-18	4.765814E-19	1.201312E-19	3.386699E-20	8.469166E-21	2.023771E-21	4.816598E-22	1.099714E-22	2.326668E-23	3.978181E-24	0.000000E+00	0.000000E+00	0.000000E+00	0.000000E+00	5.300136E-25	0.000000E+00	0.000000E+00	0.000000E+00	0.000000E+00	0.000000E+00	0.000000E+00	6.519399E-25	0.000000E+00	1.035238E-24	8.717102E-25	0.000000E+00	0.000000E+00	0.000000E+00	
2.283621E-08	9.056592E-09	2.679448E-10	1.839233E-12	1.174391E-13	3.036387E-14	8.021652E-15	2.444560E-15	6.894715E-16	2.098402E-16	6.084814E-17	1.861716E-17	5.442127E-18	1.710159E-18	4.819136E-19	1.214740E-19	3.424459E-20	8.564782E-21	2.047358E-21	4.881541E-22	1.123562E-22	2.523911E-23	4.655314E-24	1.040640E-24	3.830961E-25	1.252080E-26	0.000000E+00	5.981711E-25	0.000000E+00	0.000000E+00	0.000000E+00	0.000000E+00	0.000000E+00	0.000000E+00	0.000000E+00	0.000000E+00	0.000000E+00	1.105465E-24	0.000000E+00	5.615377E-24	3.716961E-24	
2.284574E-08	9.061117E-09	2.681728E-10	1.852651E-12	1.189405E-13	3.075264E-14	8.124306E-15	2.475800E-15	6.982780E-16	2.125171E-16	6.162393E-17	1.885431E-17	5.511414E-18	1.731920E-18	4.880443E-19	1.230194E-19	3.468124E-20	8.673203E-21	2.072263E-21	4.931006E-22	1.124156E-22	2.402701E-23	5.048306E-24	2.009386E-25	0.000000E+00	1.562071E-25	0.000000E+00	0.000000E+00	0.000000E+00	0.000000E+00	0.000000E+00	0.000000E+00	0.000000E+00	6.866245E-26	7.974437E-25	1.467660E-25	0.000000E+00	0.000000E+00	2.167058E-24	0.000000E+00	3.278279E-24	
2.285683E-08	9.066375E-09	2.684368E-10	1.868130E-12	1.206721E-13	3.120100E-14	8.242693E-15	2.511828E-15	7.084340E-16	2.156042E-16	6.251856E-17	1.912779E-17	5.591314E-18	1.757013E-18	4.951153E-19	1.248035E-19	3.518403E-20	8.798644E-21	2.103368E-21	5.009217E-22	1.149218E-22	2.614303E-23	6.293924E-24	2.313521E-24	1.307616E-24	8.593914E-25	7.322649E-25	9.091717E-25	1.015397E-24	3.246320E-25	5.395051E-25	0.000000E+00	0.000000E+00	0.000000E+00	2.034125E-25	0.000000E+00	7.270142E-25	4.452962E-26	0.000000E+00	1.982780E-24	2.620381E-24	
2.286979E-08	9.072510E-09	2.687439E-10	1.886055E-12	1.226768E-13	3.172007E-14	8.379748E-15	2.553536E-15	7.201908E-16	2.191778E-16	6.355418E-17	1.944436E-17	5.683802E-18	1.786058E-18	5.032960E-19	1.268619E-19	3.576306E-20	8.942879E-21	2.137492E-21	5.083613E-22	1.170759E-22	2.682905E-23	5.534194E-24	5.858523E-25	3.958188E-25	0.000000E+00	3.793601E-25	1.004693E-24	6.010994E-25	3.499766E-25	0.000000E+00	4.006151E-25	9.582451E-25	7.063145E-25	0.000000E+00	0.000000E+00	0.000000E+00	0.000000E+00	0.000000E+00	2.229005E-25	0.000000E+00	
2.288503E-08	9.079713E-09	2.691030E-10	1.906905E-12	1.250081E-13	3.232365E-14	8.539117E-15	2.602032E-15	7.338613E-16	2.233330E-16	6.475830E-17	1.981243E-17	5.791338E-18	1.819830E-18	5.128116E-19	1.292614E-19	3.644178E-20	9.114006E-21	2.178509E-21	5.187061E-22	1.197942E-22	2.652733E-23	5.370212E-24	3.386675E-25	0.000000E+00	0.000000E+00	5.186035E-25	1.115765E-25	1.260663E-24	2.189121E-25	0.000000E+00	2.094962E-24	3.003477E-25	9.311840E-25	2.520972E-24	7.108079E-25	0.000000E+00	0.000000E+00	0.000000E+00	0.000000E+00	0.000000E+00	
2.290308E-08	9.088222E-09	2.695253E-10	1.931287E-12	1.277331E-13	3.302917E-14	8.725399E-15	2.658716E-15	7.498394E-16	2.281893E-16	6.616561E-17	2.024260E-17	5.917014E-18	1.859298E-18	5.239319E-19	1.320627E-19	3.723094E-20	9.313028E-21	2.227160E-21	5.314648E-22	1.221814E-22	2.747003E-23	6.174370E-24	1.416466E-24	0.000000E+00	2.313319E-25	0.000000E+00	4.489313E-25	0.000000E+00	5.281960E-25	4.228799E-25	0.000000E+00	1.177814E-24	7.041940E-25	4.358551E-25	0.000000E+00	0.000000E+00	0.000000E+00	0.000000E+00	0.000000E+00	7.847715E-25	
2.292462E-08	9.098355E-09	2.700255E-10	1.959973E-12	1.309378E-13	3.385886E-14	8.944464E-15	2.725372E-15	7.686283E-16	2.338997E-16	6.782039E-17	2.074839E-17	6.064776E-18	1.905699E-18	5.369991E-19	1.353539E-19	3.815813E-20	9.543316E-21	2.280083E-21	5.426400E-22	1.240428E-22	2.728060E-23	6.531213E-24	2.523547E-24	7.763906E-25	5.131509E-25	2.252734E-25	0.000000E+00	0.000000E+00	0.000000E+00	0.000000E+00	0.000000E+00	0.000000E+00	1.856411E-25	0.000000E+00	0.000000E+00	0.000000E+00	0.000000E+00	2.949961E-25	0.000000E+00	6.953638E-24	
2.295058E-08	9.110530E-09	2.706231E-10	1.993972E-12	1.347342E-13	3.484169E-14	9.203963E-15	2.804326E-15	7.908837E-16	2.406634E-16	6.978036E-17	2.134745E-17	6.239788E-18	1.960657E-18	5.524831E-19	1.392551E-19	3.925830E-20	9.817977E-21	2.347127E-21	5.589229E-22	1.275898E-22	2.774387E-23	4.973989E-24	7.342844E-25	1.811477E-25	4.553936E-26	0.000000E+00	0.000000E+00	0.000000E+00	0.000000E+00	0.000000E+00	1.267226E-26	7.706351E-25	5.794404E-25	0.000000E+00	1.661379E-24	9.611734E-25	3.399902E-24	1.390364E-24	0.000000E+00	4.412572E-25	
2.298222E-08	9.125324E-09	2.713442E-10	2.034631E-12	1.392717E-13	3.601633E-14	9.514100E-15	2.898682E-15	8.174804E-16	2.487461E-16	7.212252E-17	2.206330E-17	6.448916E-18	2.026325E-18	5.709818E-19	1.439149E-19	4.057174E-20	1.014617E-20	2.425042E-21	5.774286E-22	1.328867E-22	2.976760E-23	6.184064E-24	2.243647E-24	7.756838E-25	8.457599E-25	6.563323E-26	1.352448E-24	8.394995E-25	0.000000E+00	0.000000E+00	0.000000E+00	0.000000E+00	0.000000E+00	0.000000E+00	0.000000E+00	0.000000E+00	3.343256E-25	0.000000E+00	0.000000E+00	0.000000E+00	
2.302133E-08	9.143548E-09	2.722257E-10	2.083825E-12	1.447582E-13	3.743660E-14	9.889101E-15	3.012770E-15	8.496398E-16	2.585189E-16	7.495451E-17	2.292885E-17	6.701779E-18	2.105729E-18	5.933512E-19	1.495507E-19	4.216178E-20	1.054372E-20	2.519788E-21	5.996415E-22	1.381713E-22	3.136016E-23	7.650007E-24	1.930627E-24	1.178167E-24	2.421361E-25	2.104302E-25	1.388395E-25	8.824135E-25	5.724227E-25	1.539856E-25	2.429439E-25	9.326986E-25	0.000000E+00	1.434338E-25	0.000000E+00	0.000000E+00	0.000000E+00	1.033370E-24	0.000000E+00	0.000000E+00	
2.307063E-08	9.166431E-09	2.733235E-10	2.144393E-12	1.515093E-13	3.918439E-14	1.035064E-14	3.153195E-15	8.892292E-16	2.705508E-16	7.844156E-17	2.399468E-17	7.013180E-18	2.203517E-18	6.208987E-19	1.564912E-19	4.411716E-20	1.103287E-20	2.636104E-21	6.265657E-22	1.442275E-22	3.075331E-23	6.551610E-24	1.078001E-24	0.000000E+00	0.000000E+00	0.000000E+00	4.378241E-25	0.000000E+00	0.000000E+00	1.307616E-25	6.706706E-25	4.237382E-25	1.055281E-24	0.000000E+00	8.597953E-26	1.559042E-24	2.751850E-24	1.883219E-24	0.000000E+00	0.000000E+00	
2.313483E-08	9.196127E-09	2.747372E-10	2.221558E-12	1.601084E-13	4.141177E-14	1.093913E-14	3.332346E-15	9.397658E-16	2.859179E-16	8.289756E-17	2.535724E-17	7.411437E-18	2.328622E-18	6.561530E-19	1.653762E-19	4.662243E-20	1.165917E-20	2.786754E-21	6.637702E-22	1.533105E-22	3.473997E-23	7.120498E-24	1.699396E-24	1.164939E-24	0.000000E+00	7.612445E-25	0.000000E+00	0.000000E+00	1.465136E-25	0.000000E+00	8.613604E-25	0.000000E+00	0.000000E+00	0.000000E+00	0.000000E+00	0.000000E+00	0.000000E+00	0.000000E+00	0.000000E+00	0.000000E+00	
2.322522E-08	9.237853E-09	2.767147E-10	2.328961E-12	1.720934E-13	4.452236E-14	1.176251E-14	3.583534E-15	1.010770E-15	3.075528E-16	8.918282E-17	2.728210E-17	7.974863E-18	2.505811E-18	7.061173E-19	1.779818E-19	5.017689E-20	1.254744E-20	2.998998E-21	7.141713E-22	1.647390E-22	3.650762E-23	7.422007E-24	2.538087E-24	5.440490E-25	7.674039E-26	8.403073E-25	0.000000E+00	2.111370E-25	3.127171E-25	0.000000E+00	0.000000E+00	0.000000E+00	6.790010E-25	0.000000E+00	8.843825E-25	0.000000E+00	0.000000E+00	0.000000E+00	0.000000E+00	0.000000E+00	
9.020749E-08	3.553751E-08	1.021473E-09	3.239694E-12	1.240063E-15	5.976866E-20	0.000000E+00	0.000000E+00	0.000000E+00	0.000000E+00	0.000000E+00	5.706254E-24	2.403994E-24	9.790458E-25	4.019581E-24	6.593211E-24	3.056691E-24	1.486340E-24	2.450846E-24	0.000000E+00	2.134998E-24	5.660210E-24	4.069664E-24	2.396724E-24	6.001906E-25	0.000000E+00	2.399147E-24	2.855550E-24	1.812689E-24	1.947994E-24	6.858975E-24	7.471687E-24	4.910577E-24	1.361758E-23	1.247819E-23	2.976921E-24	0.000000E+00	1.241922E-23	1.352529E-23	2.156203E-24	1.916268E-23	
2.345924E-08	9.346730E-09	2.819746E-10	2.625112E-12	2.056106E-13	5.334421E-14	1.412744E-14	4.315620E-15	1.220527E-15	3.723369E-16	1.082302E-16	3.317348E-17	9.715018E-18	3.057017E-18	8.622581E-19	2.176318E-19	6.135972E-20	1.535188E-20	3.671485E-21	8.741679E-22	2.007918E-22	4.423498E-23	1.013902E-23	3.447865E-24	1.012266E-24	1.779165E-25	5.240561E-25	1.328820E-24	7.926474E-25	9.968173E-25	1.125559E-24	1.841769E-24	0.000000E+00	6.326538E-25	2.133181E-24	4.007161E-25	1.535313E-25	0.000000E+00	0.000000E+00	8.147608E-25	0.000000E+00	
2.445090E-08	9.791269E-09	3.016505E-10	3.595660E-12	3.148850E-13	8.221111E-14	2.189458E-14	6.728618E-15	1.914565E-15	5.873920E-16	1.716635E-16	5.283871E-17	1.553750E-17	4.904671E-18	1.386250E-18	3.509276E-19	9.895698E-20	2.479378E-20	5.936983E-21	1.414361E-21	3.249370E-22	7.213758E-23	1.522610E-23	3.034880E-24	0.000000E+00	0.000000E+00	0.000000E+00	6.149329E-26	0.000000E+00	0.000000E+00	5.066885E-25	0.000000E+00	0.000000E+00	0.000000E+00	1.167161E-24	4.301501E-26	0.000000E+00	0.000000E+00	0.000000E+00	0.000000E+00	0.000000E+00	
3.216386E-08	1.315073E-08	4.395147E-10	9.463676E-12	9.639454E-13	2.522796E-13	6.740114E-14	2.074164E-14	5.922797E-15	1.819778E-15	5.333363E-16	1.643588E-16	4.842627E-17	1.530226E-17	4.329277E-18	1.097321E-18	3.094555E-19	7.757797E-20	1.858771E-20	4.430129E-21	1.019302E-21	2.232976E-22	4.800354E-23	1.064248E-23	1.827027E-24	5.252678E-25	4.717514E-25	6.507787E-25	0.000000E+00	0.000000E+00	5.863572E-25	0.000000E+00	2.800216E-24	1.040034E-25	2.132474E-24	2.545559E-25	0.000000E+00	0.000000E+00	0.000000E+00	0.000000E+00	0.000000E+00	
7.139049E-08	3.098553E-08	1.264860E-09	5.364996E-11	5.927718E-12	1.550785E-12	4.159459E-13	1.277148E-13	3.663880E-14	1.124107E-14	3.305229E-15	1.017918E-15	3.004980E-16	9.494590E-17	2.688818E-17	6.820815E-18	1.924009E-18	4.825797E-19	1.157159E-19	2.758492E-20	6.345556E-21	1.397951E-21	3.000089E-22	6.023394E-23	8.158715E-24	0.000000E+00	1.250464E-24	0.000000E+00	0.000000E+00	0.000000E+00	0.000000E+00	1.130911E-25	0.000000E+00	1.629522E-24	0.000000E+00	0.000000E+00	0.000000E+00	0.000000E+00	0.000000E+00	0.000000E+00	5.035583E-25	
1.717649E-07	8.422543E-08	4.681026E-09	3.215079E-10	3.657143E-11	9.536550E-12	2.574228E-12	7.852369E-13	2.270253E-13	6.932580E-14	2.048836E-14	6.293543E-15	1.863098E-15	5.879941E-16	1.667568E-16	4.233794E-17	1.194865E-17	2.999073E-18	7.200102E-19	1.717086E-19	3.952833E-20	8.722731E-21	1.854258E-21	3.843546E-22	7.653359E-23	2.289933E-23	0.000000E+00	6.361374E-24	0.000000E+00	0.000000E+00	0.000000E+00	0.000000E+00	0.000000E+00	0.000000E+00	6.549590E-24	9.330016E-26	8.739519E-24	8.050875E-24	6.590788E-24	2.157697E-23	0.000000E+00	
2.552518E-07	1.449294E-07	1.049385E-08	8.862633E-10	9.597757E-11	2.332405E-11	5.935416E-12	1.658361E-12	4.467898E-13	1.243889E-13	3.404372E-14	9.659206E-15	2.674495E-15	7.962748E-16	2.171343E-16	5.227458E-17	1.455017E-17	3.558098E-18	8.344961E-19	1.968558E-19	4.490307E-20	9.860562E-21	2.092106E-21	4.263438E-22	7.742540E-23	1.400068E-23	7.220059E-24	0.000000E+00	0.000000E+00	0.000000E+00	0.000000E+00	3.032457E-24	0.000000E+00	0.000000E+00	2.136210E-23	1.330113E-23	0.000000E+00	1.284149E-23	0.000000E+00	7.292195E-23	0.000000E+00	
4.044942E-07	2.850883E-07	2.810596E-08	2.986538E-09	3.420502E-10	8.732804E-11	2.377066E-11	7.031932E-12	2.057249E-12	6.131859E-13	1.821530E-13	5.509798E-14	1.632306E-14	5.103710E-15	1.448214E-15	3.667658E-16	1.036408E-16	2.601466E-17	6.255568E-18	1.492056E-18	3.439137E-19	7.601576E-20	1.620145E-20	3.323596E-21	6.378920E-22	1.173369E-22	3.937832E-23	5.350825E-24	0.000000E+00	0.000000E+00	0.000000E+00	9.047288E-26	8.546456E-24	0.000000E+00	0.000000E+00	0.000000E+00	0.000000E+00	0.000000E+00	0.000000E+00	3.174952E-23	9.626476E-23	
4.684706E-07	3.910350E-07	4.677853E-08	5.520933E-09	6.334639E-10	1.602984E-10	4.381093E-11	1.279740E-11	3.764500E-12	1.111135E-12	3.308503E-13	9.944109E-14	2.947320E-14	9.179385E-15	2.605522E-15	6.594304E-16	1.864280E-16	4.680664E-17	1.126687E-17	2.687785E-18	6.200073E-19	1.371511E-19	2.922950E-20	6.019707E-21	1.198869E-21	2.110506E-22	2.646009E-23	0.000000E+00	0.000000E+00	0.000000E+00	0.000000E+00	0.000000E+00	0.000000E+00	0.000000E+00	1.500880E-23	0.000000E+00	3.500977E-23	5.124158E-23	4.903307E-23	4.961630E-23	0.000000E+00	
4.984200E-07	4.718899E-07	6.436479E-08	8.131826E-09	9.372691E-10	2.361555E-10	6.485818E-11	1.882422E-11	5.570167E-12	1.637009E-12	4.891602E-13	1.466441E-13	4.354357E-14	1.354224E-14	3.847967E-15	9.747499E-16	2.756962E-16	6.927510E-17	1.669794E-17	3.984948E-18	9.200482E-19	2.037277E-19	4.349729E-20	9.004042E-21	1.769533E-21	3.422557E-22	7.009063E-23	2.744883E-23	1.185841E-24	1.996219E-23	2.646009E-23	3.812786E-25	2.866536E-23	6.686915E-23	4.774383E-23	4.892159E-23	1.523176E-23	3.093526E-23	5.150815E-23	8.244341E-23	0.000000E+00	
5.104935E-07	5.304328E-07	7.936090E-08	1.050681E-08	1.215858E-09	3.053366E-10	8.411931E-11	2.430239E-11	7.218252E-12	2.114865E-12	6.332985E-13	1.894949E-13	5.632730E-14	1.749842E-14	4.975337E-15	1.261100E-15	3.567961E-16	8.970545E-17	2.164380E-17	5.166771E-18	1.193624E-18	2.644317E-19	5.648877E-20	1.166120E-20	2.289856E-21	4.121751E-22	7.851107E-23	3.877409E-24	0.000000E+00	2.253098E-23	0.000000E+00	5.864581E-24	0.000000E+00	1.164838E-23	0.000000E+00	0.000000E+00	0.000000E+00	0.000000E+00	3.081732E-23	1.234632E-23	0.000000E+00	
5.145084E-07	5.745538E-07	9.221276E-08	1.264972E-08	1.470670E-09	3.687598E-10	1.019240E-10	2.938103E-11	8.759620E-12	2.563837E-12	7.696662E-13	2.301946E-13	6.853090E-14	2.128606E-14	6.057805E-15	1.537189E-15	4.350454E-16	1.094604E-16	2.643776E-17	6.313477E-18	1.459541E-18	3.235925E-19	6.917469E-20	1.433388E-20	2.902318E-21	5.691972E-22	1.287817E-22	5.242580E-23	4.745626E-23	3.470604E-23	1.728355E-23	2.275716E-23	3.127777E-24	0.000000E+00	0.000000E+00	0.000000E+00	0.000000E+00	0.000000E+00	0.000000E+00	0.000000E+00	0.000000E+00	
5.143429E-07	6.083557E-07	1.032000E-07	1.455860E-08	1.700107E-09	4.259067E-10	1.180481E-10	3.398554E-11	1.016448E-11	2.974037E-12	8.947578E-13	2.676049E-13	7.978083E-14	2.478276E-14	7.058866E-15	1.793182E-15	5.076343E-16	1.278127E-16	3.089886E-17	7.381285E-18	1.707297E-18	3.787127E-19	8.099292E-20	1.676689E-20	3.354605E-21	6.822624E-22	1.427662E-22	3.721990E-23	1.837569E-23	3.680954E-23	3.390471E-23	1.575844E-23	1.625281E-23	2.660226E-23	4.336721E-23	2.279270E-23	1.734656E-23	1.916086E-23	2.856681E-23	1.112493E-23	1.425400E-22	
5.119801E-07	6.352859E-07	1.128375E-07	1.629174E-08	1.910500E-09	4.783622E-10	1.329116E-10	3.823668E-11	1.146717E-11	3.355370E-12	1.011437E-12	3.025702E-13	9.032165E-14	2.806364E-14	7.999553E-15	2.034292E-15	5.760313E-16	1.451271E-16	3.511369E-17	8.390769E-18	1.941756E-18	4.308874E-19	9.215842E-20	1.905246E-20	3.815196E-21	7.416773E-22	1.235698E-22	1.189718E-23	3.378839E-23	1.073073E-23	3.972406E-23	0.000000E+00	3.952695E-23	9.784965E-23	1.211836E-22	1.020502E-22	5.883645E-23	0.000000E+00	1.556602E-22	1.967446E-22	2.623827E-22	
5.082847E-07	6.574945E-07	1.215276E-07	1.790181E-08	2.107485E-09	5.274538E-10	1.468513E-10	4.222343E-11	1.269145E-11	3.714043E-12	1.121347E-12	3.355281E-13	1.002684E-13	3.116075E-14	8.888242E-15	2.262380E-15	6.407520E-16	1.615243E-16	3.910942E-17	9.348244E-18	2.164270E-18	4.804793E-19	1.027715E-19	2.126012E-20	4.279988E-21	8.624456E-22	1.546731E-22	5.829038E-24	0.000000E+00	0.000000E+00	0.000000E+00	1.508958E-23	0.000000E+00	7.719275E-24	1.375026E-23	0.000000E+00	4.289869E-23	3.175598E-23	0.000000E+00	0.000000E+00	1.788810E-22	
5.036771E-07	6.765456E-07	1.296433E-07	1.944741E-08	2.298189E-09	5.750156E-10	1.603945E-10	4.610189E-11	1.388576E-11	4.064639E-12	1.229012E-12	3.678618E-13	1.100428E-13	3.420721E-14	9.763308E-15	2.487354E-15	7.046085E-16	1.777179E-16	4.305977E-17	1.029525E-17	2.384509E-18	5.295618E-19	1.133111E-19	2.341418E-20	4.686973E-21	8.664588E-22	1.203742E-22	3.971113E-24	1.625281E-23	0.000000E+00	0.000000E+00	0.000000E+00	0.000000E+00	0.000000E+00	0.000000E+00	0.000000E+00	2.954263E-23	1.499426E-23	9.044218E-23	5.556489E-23	1.251838E-22	
4.983276E-07	6.934780E-07	1.374826E-07	2.098094E-08	2.489427E-09	6.228651E-10	1.740876E-10	5.003930E-11	1.510408E-11	4.423909E-12	1.339783E-12	4.012423E-13	1.201645E-13	3.736932E-14	1.067319E-14	2.721903E-15	7.712091E-16	1.946295E-16	4.719094E-17	1.128627E-17	2.615091E-18	5.809670E-19	1.243211E-19	2.570435E-20	5.114871E-21	9.364912E-22	1.658368E-22	0.000000E+00	0.000000E+00	0.000000E+00	0.000000E+00	0.000000E+00	0.000000E+00	0.000000E+00	2.400116E-23	3.458810E-23	2.302050E-23	0.000000E+00	0.000000E+00	0.000000E+00	1.541189E-22	
4.922519E-07	7.086766E-07	1.451667E-07	2.252379E-08	2.683648E-09	6.715546E-10	1.880689E-10	5.407009E-11	1.635537E-11	4.794035E-12	1.454202E-12	4.358001E-13	1.306647E-13	4.065455E-14	1.161968E-14	2.966373E-15	8.406486E-16	2.122805E-16	5.150773E-17	1.232247E-17	2.856514E-18	6.349342E-19	1.360075E-19	2.819393E-20	5.669263E-21	1.132856E-21	2.193644E-22	5.998352E-23	4.731085E-23	0.000000E+00	0.000000E+00	0.000000E+00	0.000000E+00	0.000000E+00	7.001955E-24	1.684250E-23	0.000000E+00	0.000000E+00	0.000000E+00	0.000000E+00	3.634102E-23	
4.854476E-07	7.223716E-07	1.527814E-07	2.409303E-08	2.883016E-09	7.216081E-10	2.024822E-10	5.823424E-11	1.765144E-11	5.178393E-12	1.573271E-12	4.718290E-13	1.416299E-13	4.408937E-14	1.261030E-14	3.222691E-15	9.134730E-16	2.308093E-16	5.604377E-17	1.341178E-17	3.110287E-18	6.915227E-19	1.481736E-19	3.072699E-20	6.158915E-21	1.184839E-21	2.298916E-22	1.069551E-22	6.307575E-23	5.658755E-23	8.429487E-23	3.495484E-23	9.241158E-25	7.211981E-24	1.642406E-23	1.044170E-22	1.848555E-23	1.025284E-22	1.267089E-22	1.757048E-22	2.171785E-22	
4.779073E-07	7.346763E-07	1.603807E-07	2.570137E-08	3.089316E-09	7.734856E-10	2.174620E-10	6.257187E-11	1.900491E-11	5.580853E-12	1.698202E-12	5.097036E-13	1.531756E-13	4.771039E-14	1.365571E-14	3.493660E-15	9.904814E-16	2.504210E-16	6.085009E-17	1.456651E-17	3.379568E-18	7.516641E-19	1.611314E-19	3.341627E-20	6.662403E-21	1.274769E-21	2.679419E-22	6.940562E-24	0.000000E+00	2.538411E-23	1.241740E-23	0.000000E+00	0.000000E+00	0.000000E+00	0.000000E+00	0.000000E+00	0.000000E+00	0.000000E+00	0.000000E+00	0.000000E+00	0.000000E+00	
4.696268E-07	7.456070E-07	1.679854E-07	2.735591E-08	3.303713E-09	8.274996E-10	2.331031E-10	6.711254E-11	2.042537E-11	6.004457E-12	1.829971E-12	5.497326E-13	1.653985E-13	5.154876E-14	1.476506E-14	3.781726E-15	1.072371E-15	2.712962E-16	6.597149E-17	1.579768E-17	3.666773E-18	8.159668E-19	1.749460E-19	3.625736E-20	7.261101E-21	1.423423E-21	2.933648E-22	8.493142E-23	7.504725E-23	1.028806E-23	7.904745E-23	5.904002E-23	1.043572E-22	6.208701E-23	4.286476E-23	8.884437E-23	0.000000E+00	4.135257E-23	1.355478E-22	1.883904E-22	1.129118E-22	
4.606135E-07	7.551156E-07	1.755884E-07	2.905864E-08	3.526766E-09	8.838159E-10	2.494592E-10	7.187434E-11	2.191892E-11	6.451266E-12	1.969257E-12	5.921384E-13	1.783697E-13	5.562772E-14	1.594526E-14	4.088773E-15	1.159680E-15	2.935754E-16	7.144340E-17	1.711376E-17	3.974052E-18	8.846584E-19	1.897219E-19	3.934309E-20	7.856962E-21	1.504364E-21	2.537312E-22	3.724575E-23	0.000000E+00	0.000000E+00	0.000000E+00	0.000000E+00	0.000000E+00	2.031762E-23	0.000000E+00	0.000000E+00	7.752556E-23	0.000000E+00	1.281096E-22	6.867053E-23	1.730617E-22	
4.508894E-07	7.631171E-07	1.831610E-07	3.080709E-08	3.758500E-09	9.424684E-10	2.665469E-10	7.686492E-11	2.348847E-11	6.922416E-12	2.116460E-12	6.370598E-13	1.921353E-13	5.996288E-14	1.720104E-14	4.416131E-15	1.252792E-15	3.173601E-16	7.729177E-17	1.852130E-17	4.302921E-18	9.582892E-19	2.055838E-19	4.267577E-20	8.599221E-21	1.706209E-21	3.560237E-22	1.091264E-22	6.696609E-23	3.299352E-23	5.334992E-23	6.185114E-23	1.084124E-22	8.151606E-23	5.614165E-23	1.056529E-22	8.801880E-23	8.901239E-23	1.635523E-22	1.901950E-22	3.365898E-22	
4.404936E-07	7.695106E-07	1.906566E-07	3.259486E-08	3.998435E-09	1.003368E-09	2.843471E-10	8.208190E-11	2.513382E-11	7.418142E-12	2.271700E-12	6.845529E-13	2.067163E-13	6.456208E-14	1.853491E-14	4.764567E-15	1.351927E-15	3.427108E-16	8.353256E-17	2.002417E-17	4.654298E-18	1.037016E-18	2.225511E-19	4.615734E-20	9.258355E-21	1.809005E-21	3.514096E-22	4.857101E-23	0.000000E+00	0.000000E+00	0.000000E+00	1.134142E-23	1.803318E-23	0.000000E+00	1.959707E-23	1.002956E-23	0.000000E+00	0.000000E+00	0.000000E+00	0.000000E+00	0.000000E+00	
4.294813E-07	7.741972E-07	1.980166E-07	3.441224E-08	4.245657E-09	1.066317E-09	3.028099E-10	8.751394E-11	2.685199E-11	7.937851E-12	2.434843E-12	7.345969E-13	2.221107E-13	6.942589E-14	1.994730E-14	5.134306E-15	1.457154E-15	3.696497E-16	9.017242E-17	2.162417E-17	5.028778E-18	1.120988E-18	2.407625E-19	5.000152E-20	1.007868E-20	1.954925E-21	3.887814E-22	7.754818E-23	0.000000E+00	6.323408E-24	5.480072E-24	4.052216E-23	0.000000E+00	2.896425E-23	5.703023E-23	8.494434E-23	7.395189E-23	1.607865E-22	1.164192E-23	0.000000E+00	1.473335E-22	
4.179223E-07	7.770941E-07	2.051749E-07	3.624703E-08	4.498909E-09	1.131036E-09	3.218617E-10	9.314317E-11	2.863798E-11	8.480378E-12	2.605580E-12	7.871197E-13	2.383008E-13	7.455023E-14	2.143729E-14	5.525240E-15	1.568446E-15	3.981744E-16	9.721184E-17	2.332155E-17	5.426155E-18	1.210031E-18	2.598817E-19	5.391415E-20	1.081595E-20	2.074298E-21	3.971759E-22	5.891723E-23	3.903259E-23	0.000000E+00	0.000000E+00	2.143884E-23	8.788471E-23	7.286944E-23	6.617445E-23	1.160088E-22	6.162011E-23	5.737435E-23	4.457082E-23	1.263098E-22	2.539574E-22	
4.059591E-07	7.779114E-07	2.118954E-07	3.804112E-08	4.748882E-09	1.194739E-09	3.405582E-10	9.865605E-11	3.038189E-11	9.009535E-12	2.771731E-12	8.381796E-13	2.540205E-13	7.952045E-14	2.288214E-14	5.904471E-15	1.676429E-15	4.258652E-16	1.040511E-16	2.497137E-17	5.812846E-18	1.296896E-18	2.787242E-19	5.791448E-20	1.166694E-20	2.260924E-21	4.465418E-22	9.992083E-23	7.772590E-23	5.149846E-23	7.437194E-23	7.345105E-23	1.833368E-23	1.003732E-22	3.472543E-23	1.754172E-22	8.536278E-23	1.081668E-22	1.468036E-22	0.000000E+00	5.767000E-23	
3.940342E-07	7.780249E-07	2.186983E-07	3.991271E-08	5.014877E-09	1.263256E-09	3.608702E-10	1.047112E-10	3.231388E-11	9.601434E-12	2.958889E-12	8.960775E-13	2.719369E-13	8.521083E-14	2.454083E-14	6.341528E-15	1.800918E-15	4.578431E-16	1.119615E-16	2.688127E-17	6.260784E-18	1.397470E-18	3.004002E-19	6.242232E-20	1.251246E-20	2.408052E-21	4.228832E-22	9.865421E-23	0.000000E+00	0.000000E+00	2.521932E-23	0.000000E+00	0.000000E+00	7.959675E-23	6.070730E-23	2.006559E-24	3.294344E-23	0.000000E+00	8.987511E-23	6.342795E-23	0.000000E+00	
3.883532E-07	7.895743E-07	2.289624E-07	4.247436E-08	5.372429E-09	1.355209E-09	3.879847E-10	1.127776E-10	3.487555E-11	1.038416E-11	3.205603E-12	9.722632E-13	2.954627E-13	9.267483E-14	2.671390E-14	6.913108E-15	1.963671E-15	4.996106E-16	1.222826E-16	2.937215E-17	6.844567E-18	1.528535E-18	3.287210E-19	6.837275E-20	1.377117E-20	2.697494E-21	5.145774E-22	9.987560E-23	4.113285E-23	1.776176E-23	0.000000E+00	1.215568E-23	9.277024E-23	1.095756E-22	5.113656E-23	2.507714E-23	9.418388E-23	0.000000E+00	7.244293E-23	3.197893E-23	0.000000E+00	
3.820418E-07	7.991609E-07	2.389671E-07	4.505456E-08	5.737837E-09	1.449577E-09	4.159135E-10	1.211238E-10	3.753397E-11	1.119994E-11	3.463379E-12	1.052091E-12	3.201632E-13	1.005255E-13	2.900252E-14	7.516422E-15	2.135507E-15	5.437599E-16	1.332059E-16	3.201026E-17	7.463440E-18	1.667619E-18	3.588414E-19	7.466030E-20	1.505714E-20	2.941364E-21	5.912273E-22	1.346366E-22	5.464239E-23	5.929528E-23	1.453705E-23	0.000000E+00	1.189072E-23	4.822204E-23	8.706399E-23	7.171591E-23	1.433510E-22	4.250125E-23	8.797357E-23	2.043071E-22	0.000000E+00	
3.751507E-07	8.066743E-07	2.486021E-07	4.762800E-08	6.107931E-09	1.545590E-09	4.444380E-10	1.296886E-10	4.027040E-11	1.204343E-11	3.730586E-12	1.135081E-12	3.458955E-13	1.087190E-13	3.139425E-14	8.148350E-15	2.315541E-15	5.900698E-16	1.446782E-16	3.478292E-17	8.114344E-18	1.813925E-18	3.904716E-19	8.123047E-20	1.638881E-20	3.162912E-21	5.509798E-22	8.626589E-23	1.733525E-23	0.000000E+00	0.000000E+00	0.000000E+00	0.000000E+00	0.000000E+00	0.000000E+00	0.000000E+00	0.000000E+00	0.000000E+00	0.000000E+00	0.000000E+00	0.000000E+00	
3.677393E-07	8.120457E-07	2.577620E-07	5.016850E-08	6.479281E-09	1.642403E-09	4.733150E-10	1.384026E-10	4.306325E-11	1.290828E-11	4.005273E-12	1.220649E-12	3.724830E-13	1.172006E-13	3.387343E-14	8.804897E-15	2.502639E-15	6.382542E-16	1.566303E-16	3.767376E-17	8.793653E-18	1.966803E-18	4.235722E-19	8.812818E-20	1.777170E-20	3.409645E-21	5.654620E-22	9.237927E-23	0.000000E+00	0.000000E+00	0.000000E+00	0.000000E+00	4.925279E-23	5.431927E-23	3.426014E-23	5.011228E-23	3.442170E-23	0.000000E+00	7.494870E-23	2.027255E-22	0.000000E+00	
3.598736E-07	8.152492E-07	2.663503E-07	5.264990E-08	6.848304E-09	1.739119E-09	5.022825E-10	1.471897E-10	4.588856E-11	1.378734E-11	4.285208E-12	1.308118E-12	3.997191E-13	1.259055E-13	3.642137E-14	9.481231E-15	2.695426E-15	6.879638E-16	1.689766E-16	4.066212E-17	9.496272E-18	2.124998E-18	4.578265E-19	9.530653E-20	1.912708E-20	3.703914E-21	6.163659E-22	4.485516E-23	0.000000E+00	0.000000E+00	0.000000E+00	0.000000E+00	0.000000E+00	0.000000E+00	0.000000E+00	0.000000E+00	0.000000E+00	0.000000E+00	0.000000E+00	0.000000E+00	0.000000E+00	
3.516239E-07	8.163012E-07	2.742822E-07	5.504693E-08	7.211373E-09	1.834813E-09	5.310671E-10	1.559689E-10	4.872058E-11	1.467277E-11	4.567926E-12	1.396728E-12	4.273702E-13	1.347599E-13	3.901666E-14	1.017177E-14	2.892314E-15	7.387928E-16	1.816177E-16	4.372424E-17	1.021698E-17	2.287393E-18	4.930028E-19	1.027050E-19	2.072184E-20	3.998430E-21	7.241902E-22	9.059566E-23	3.417290E-23	0.000000E+00	0.000000E+00	5.318836E-23	0.000000E+00	1.167423E-23	1.189395E-23	2.326445E-25	9.342940E-23	8.845016E-23	0.000000E+00	2.313844E-23	0.000000E+00	
3.430629E-07	8.152583E-07	2.814872E-07	5.733600E-08	7.564934E-09	1.928564E-09	5.593925E-10	1.646569E-10	5.153248E-11	1.555627E-11	4.850788E-12	1.485660E-12	4.551817E-13	1.436828E-13	4.163569E-14	1.087028E-14	3.091529E-15	7.902861E-16	1.944410E-16	4.683297E-17	1.094935E-17	2.452562E-18	5.288240E-19	1.101815E-19	2.219063E-20	4.311356E-21	7.761216E-22	1.182093E-22	0.000000E+00	0.000000E+00	5.122704E-23	0.000000E+00	0.000000E+00	0.000000E+00	0.000000E+00	0.000000E+00	1.072427E-23	4.075965E-23	1.356625E-22	1.783334E-22	0.000000E+00	
3.342643E-07	8.122135E-07	2.879112E-07	5.949597E-08	7.905611E-09	2.019478E-09	5.869865E-10	1.731699E-10	5.429703E-11	1.642928E-11	5.131044E-12	1.574048E-12	4.828837E-13	1.525875E-13	4.425307E-14	1.157003E-14	3.291152E-15	8.419489E-16	2.073239E-16	4.995875E-17	1.168631E-17	2.618863E-18	5.649407E-19	1.177715E-19	2.376242E-20	4.612437E-21	8.379146E-22	1.004766E-22	1.244002E-23	0.000000E+00	0.000000E+00	4.416692E-23	6.063945E-23	5.146291E-23	0.000000E+00	0.000000E+00	0.000000E+00	1.641760E-23	0.000000E+00	0.000000E+00	0.000000E+00	
3.253009E-07	8.072920E-07	2.935171E-07	6.150866E-08	8.230302E-09	2.106715E-09	6.135883E-10	1.814261E-10	5.698723E-11	1.728316E-11	5.405898E-12	1.661005E-12	5.101960E-13	1.613838E-13	4.684223E-14	1.226391E-14	3.489153E-15	8.932567E-16	2.201358E-16	5.306997E-17	1.242062E-17	2.784768E-18	6.010305E-19	1.253936E-19	2.529464E-20	4.918577E-21	9.292340E-22	1.972503E-22	3.871270E-23	1.916086E-24	0.000000E+00	0.000000E+00	0.000000E+00	1.875374E-23	0.000000E+00	3.870301E-23	6.355397E-23	0.000000E+00	8.129796E-23	3.663909E-22	2.710341E-22	
3.162442E-07	8.006454E-07	2.982855E-07	6.335932E-08	8.536257E-09	2.189507E-09	6.389548E-10	1.893475E-10	5.957697E-11	1.810941E-11	5.672566E-12	1.745638E-12	5.368353E-13	1.699795E-13	4.937593E-14	1.294457E-14	3.683437E-15	9.436655E-16	2.327405E-16	5.613336E-17	1.314422E-17	2.948359E-18	6.365575E-19	1.328329E-19	2.674434E-20	5.201182E-21	9.319224E-22	1.318901E-22	0.000000E+00	0.000000E+00	0.000000E+00	0.000000E+00	0.000000E+00	0.000000E+00	0.000000E+00	0.000000E+00	0.000000E+00	0.000000E+00	4.747241E-23	1.248913E-22	0.000000E+00	
3.071633E-07	7.924482E-07	3.022142E-07	6.503692E-08	8.821141E-09	2.267176E-09	6.628655E-10	1.968613E-10	6.204149E-11	1.889982E-11	5.928326E-12	1.827062E-12	5.625189E-13	1.782821E-13	5.182672E-14	1.360456E-14	3.871877E-15	9.926208E-16	2.449990E-16	5.911536E-17	1.384935E-17	3.107982E-18	6.713500E-19	1.402038E-19	2.834735E-20	5.551009E-21	1.087413E-21	2.632373E-22	6.654280E-23	7.085319E-23	1.748065E-23	1.289885E-23	0.000000E+00	1.488602E-23	0.000000E+00	0.000000E+00	0.000000E+00	0.000000E+00	5.278608E-23	1.527699E-23	0.000000E+00	
2.982341E-07	7.831785E-07	3.054291E-07	6.655857E-08	9.086390E-09	2.340000E-09	6.853757E-10	2.039753E-10	6.438117E-11	1.965371E-11	6.172800E-12	1.905108E-12	5.871821E-13	1.862677E-13	5.418692E-14	1.424156E-14	4.053807E-15	1.039941E-15	2.568635E-16	6.200379E-17	1.453292E-17	3.262780E-18	7.049800E-19	1.471925E-19	2.974669E-20	5.765313E-21	1.046597E-21	1.092331E-22	0.000000E+00	0.000000E+00	1.567120E-24	1.477939E-23	0.000000E+00	0.000000E+00	1.165161E-23	0.000000E+00	4.198911E-23	3.428761E-23	0.000000E+00	5.081022E-23	3.151364E-23	
2.894251E-07	7.728122E-07	3.078813E-07	6.790524E-08	9.328658E-09	2.407044E-09	7.061932E-10	2.105960E-10	6.656498E-11	2.036098E-11	6.402696E-12	1.978720E-12	6.104895E-13	1.938272E-13	5.642426E-14	1.484683E-14	4.226735E-15	1.084978E-15	2.681719E-16	6.475942E-17	1.518575E-17	3.410753E-18	7.372832E-19	1.540136E-19	3.110149E-20	6.042393E-21	1.126937E-21	1.592581E-22	0.000000E+00	0.000000E+00	0.000000E+00	0.000000E+00	0.000000E+00	0.000000E+00	0.000000E+00	0.000000E+00	0.000000E+00	0.000000E+00	0.000000E+00	1.042571E-22	2.619561E-22	
2.807431E-07	7.615900E-07	3.097110E-07	6.911269E-08	9.554367E-09	2.470358E-09	7.260459E-10	2.169743E-10	6.868308E-11	2.105218E-11	6.628449E-12	2.051330E-12	6.335579E-13	2.013304E-13	5.864920E-14	1.545052E-14	4.399241E-15	1.129968E-15	2.794842E-16	6.751857E-17	1.583999E-17	3.559264E-18	7.696833E-19	1.608650E-19	3.252934E-20	6.323214E-21	1.147745E-21	1.844419E-22	5.182157E-23	3.240868E-23	0.000000E+00	0.000000E+00	0.000000E+00	0.000000E+00	0.000000E+00	0.000000E+00	0.000000E+00	0.000000E+00	0.000000E+00	8.099585E-23	0.000000E+00	
2.723475E-07	7.496964E-07	3.108152E-07	7.012662E-08	9.750945E-09	2.525705E-09	7.433883E-10	2.225626E-10	7.053675E-11	2.165885E-11	6.826537E-12	2.115138E-12	6.538394E-13	2.079304E-13	6.060803E-14	1.598302E-14	4.551490E-15	1.169726E-15	2.894964E-16	6.996288E-17	1.642040E-17	3.691121E-18	7.985662E-19	1.670134E-19	3.384462E-20	6.576377E-21	1.276585E-21	2.601483E-22	8.359694E-23	8.600740E-23	7.151881E-23	7.641404E-23	8.918364E-23	9.038564E-23	1.461072E-22	1.652713E-22	1.773527E-22	1.698467E-22	1.341293E-22	1.724155E-23	7.994087E-23	
2.643162E-07	7.375528E-07	3.114073E-07	7.099730E-08	9.926159E-09	2.575323E-09	7.589549E-10	2.276000E-10	7.220829E-11	2.220790E-11	7.005926E-12	2.173037E-12	6.722604E-13	2.139302E-13	6.239053E-14	1.646854E-14	4.690371E-15	1.206037E-15	2.986533E-16	7.220041E-17	1.695208E-17	3.811968E-18	8.249226E-19	1.725199E-19	3.489629E-20	6.777427E-21	1.257851E-21	2.537700E-22	3.592096E-23	3.288689E-23	2.062782E-23	4.032829E-23	2.426289E-23	0.000000E+00	1.408792E-24	2.710632E-23	3.365430E-23	1.254536E-22	1.527699E-22	1.173288E-22	2.302680E-22	
2.567970E-07	7.256616E-07	3.116912E-07	7.176563E-08	1.008493E-08	2.620366E-09	7.730542E-10	2.321683E-10	7.372104E-11	2.270554E-11	7.168360E-12	2.225500E-12	6.889513E-13	2.193667E-13	6.400653E-14	1.690926E-14	4.816500E-15	1.239045E-15	3.069866E-16	7.423820E-17	1.743685E-17	3.922335E-18	8.490661E-19	1.776300E-19	3.593777E-20	7.015280E-21	1.340750E-21	3.017077E-22	1.068905E-22	2.387192E-23	5.373766E-23	7.692133E-23	5.900770E-23	1.372506E-22	5.215115E-23	5.877829E-23	0.000000E+00	2.204146E-23	1.253453E-22	0.000000E+00	0.000000E+00	
2.499219E-07	7.144958E-07	3.118730E-07	7.247509E-08	1.023265E-08	2.662113E-09	7.860316E-10	2.363607E-10	7.510187E-11	2.315908E-11	7.315930E-12	2.273112E-12	7.040760E-13	2.242873E-13	6.546896E-14	1.730819E-14	4.930729E-15	1.268954E-15	3.145436E-16	7.608696E-17	1.787695E-17	4.022551E-18	8.710452E-19	1.823141E-19	3.692667E-20	7.189149E-21	1.368835E-21	2.356689E-22	2.086369E-23	0.000000E+00	0.000000E+00	0.000000E+00	0.000000E+00	0.000000E+00	0.000000E+00	0.000000E+00	0.000000E+00	4.108115E-23	1.187440E-22	0.000000E+00	0.000000E+00	
2.438102E-07	7.045018E-07	3.121602E-07	7.317115E-08	1.037509E-08	2.701941E-09	7.982599E-10	2.402784E-10	7.638014E-11	2.357660E-11	7.450958E-12	2.316526E-12	7.178200E-13	2.287464E-13	6.679269E-14	1.766887E-14	5.034056E-15	1.296008E-15	3.213801E-16	7.775967E-17	1.827523E-17	4.113297E-18	8.908093E-19	1.864087E-19	3.770580E-20	7.268249E-21	1.309026E-21	1.818117E-22	1.391990E-23	0.000000E+00	0.000000E+00	0.000000E+00	0.000000E+00	0.000000E+00	6.378015E-23	0.000000E+00	5.178603E-23	6.126791E-23	0.000000E+00	2.188313E-22	9.166034E-23	
2.386323E-07	6.961005E-07	3.126592E-07	7.386017E-08	1.050946E-08	2.738350E-09	8.090644E-10	2.436513E-10	7.745055E-11	2.391975E-11	7.559795E-12	2.351094E-12	7.286343E-13	2.322210E-13	6.781947E-14	1.794720E-14	5.113907E-15	1.316895E-15	3.266570E-16	7.905044E-17	1.858286E-17	4.183448E-18	9.062650E-19	1.897469E-19	3.842156E-20	7.490631E-21	1.350314E-21	1.912597E-22	0.000000E+00	0.000000E+00	0.000000E+00	0.000000E+00	0.000000E+00	0.000000E+00	0.000000E+00	1.247233E-24	0.000000E+00	0.000000E+00	0.000000E+00	0.000000E+00	0.000000E+00	
2.343735E-07	6.897332E-07	3.138026E-07	7.467882E-08	1.066110E-08	2.779152E-09	8.211263E-10	2.473917E-10	7.863444E-11	2.429685E-11	7.679108E-12	2.388846E-12	7.404167E-13	2.359991E-13	6.893386E-14	1.824827E-14	5.200230E-15	1.339433E-15	3.323394E-16	8.043875E-17	1.891323E-17	4.258680E-18	9.227248E-19	1.932560E-19	3.914677E-20	7.628376E-21	1.441123E-21	2.718128E-22	1.114497E-22	3.931370E-23	5.025122E-23	2.522255E-23	3.189492E-23	6.879170E-24	7.420392E-23	5.976057E-23	1.126581E-22	6.050212E-23	1.019112E-22	1.870365E-22	1.905294E-22	
2.312232E-07	6.858229E-07	3.156844E-07	7.562852E-08	1.082581E-08	2.822300E-09	8.335514E-10	2.511477E-10	7.979558E-11	2.465865E-11	7.791424E-12	2.423848E-12	7.511947E-13	2.394157E-13	6.993490E-14	1.851623E-14	5.277093E-15	1.359432E-15	3.373662E-16	8.166440E-17	1.920449E-17	4.324932E-18	9.372034E-19	1.963014E-19	3.978577E-20	7.771071E-21	1.490153E-21	2.891384E-22	7.502464E-23	1.195341E-22	8.557442E-23	3.641857E-23	4.181140E-24	6.706302E-23	6.976751E-23	1.174176E-22	1.045317E-22	1.220495E-22	1.752750E-23	2.360195E-22	2.269738E-22	
2.292972E-07	6.848357E-07	3.185664E-07	7.677526E-08	1.101300E-08	2.870202E-09	8.470373E-10	2.551254E-10	8.099830E-11	2.502463E-11	7.902809E-12	2.457960E-12	7.615373E-13	2.426505E-13	7.087461E-14	1.876469E-14	5.348364E-15	1.377882E-15	3.419817E-16	8.278629E-17	1.947045E-17	4.385317E-18	9.504238E-19	1.990697E-19	4.032907E-20	7.879794E-21	1.470262E-21	2.597573E-22	2.890932E-23	0.000000E+00	0.000000E+00	0.000000E+00	0.000000E+00	2.924859E-23	2.281209E-24	1.651776E-23	4.832060E-23	1.970855E-23	1.395286E-22	0.000000E+00	2.378564E-22	
2.287542E-07	6.872915E-07	3.226985E-07	7.817604E-08	1.122955E-08	2.924316E-09	8.619151E-10	2.593959E-10	8.225674E-11	2.539670E-11	8.013190E-12	2.490984E-12	7.713364E-13	2.456565E-13	7.173689E-14	1.898848E-14	5.412549E-15	1.394368E-15	3.460752E-16	8.377647E-17	1.970430E-17	4.438230E-18	9.619678E-19	2.015159E-19	4.084260E-20	7.967888E-21	1.461596E-21	3.023151E-22	5.419972E-23	2.387838E-24	0.000000E+00	0.000000E+00	0.000000E+00	0.000000E+00	0.000000E+00	0.000000E+00	0.000000E+00	0.000000E+00	0.000000E+00	0.000000E+00	0.000000E+00	
2.297788E-07	6.937964E-07	3.283806E-07	7.990148E-08	1.148444E-08	2.986674E-09	8.786893E-10	2.640844E-10	8.360262E-11	2.578230E-11	8.124294E-12	2.523292E-12	7.806636E-13	2.484451E-13	7.252280E-14	1.918706E-14	5.469467E-15	1.408814E-15	3.496216E-16	8.462765E-17	1.990401E-17	4.483198E-18	9.717537E-19	2.035852E-19	4.126319E-20	8.071292E-21	1.567869E-21	3.208298E-22	5.673296E-23	1.975540E-23	8.223339E-24	1.013942E-23	2.878330E-23	3.068323E-23	0.000000E+00	2.427258E-23	6.782235E-23	5.501559E-23	1.908978E-23	0.000000E+00	0.000000E+00	
2.326040E-07	7.050821E-07	3.359646E-07	8.203349E-08	1.178790E-08	3.059534E-09	8.979023E-10	2.693191E-10	8.506608E-11	2.618771E-11	8.237272E-12	2.555027E-12	7.895066E-13	2.509977E-13	7.322404E-14	1.935723E-14	5.518156E-15	1.420939E-15	3.525425E-16	8.531965E-17	2.006472E-17	4.519053E-18	9.794984E-19	2.051481E-19	4.158318E-20	8.152182E-21	1.503200E-21	2.878459E-22	1.080602E-22	3.426337E-23	4.395366E-23	5.906910E-23	4.608301E-23	7.756757E-23	7.458196E-23	5.247427E-24	0.000000E+00	0.000000E+00	0.000000E+00	0.000000E+00	1.866326E-22	
2.375307E-07	7.220585E-07	3.458752E-07	8.466950E-08	1.215183E-08	3.145459E-09	9.201429E-10	2.752307E-10	8.667449E-11	2.661735E-11	8.352423E-12	2.585995E-12	7.977310E-13	2.532527E-13	7.381881E-14	1.949193E-14	5.556536E-15	1.430162E-15	3.546840E-16	8.581380E-17	2.017680E-17	4.543483E-18	9.846144E-19	2.062209E-19	4.180500E-20	8.200591E-21	1.520377E-21	2.621969E-22	6.271063E-23	6.371229E-23	5.845194E-23	9.452154E-23	1.000889E-22	4.248348E-23	0.000000E+00	1.086321E-22	5.477487E-23	7.493093E-24	0.000000E+00	0.000000E+00	0.000000E+00	
2.449473E-07	7.458854E-07	3.586516E-07	8.793391E-08	1.259169E-08	3.247833E-09	9.462116E-10	2.820054E-10	8.847018E-11	2.707959E-11	8.471086E-12	2.616278E-12	8.052757E-13	2.551690E-13	7.429080E-14	1.958546E-14	5.582875E-15	1.435989E-15	3.559128E-16	8.607621E-17	2.023218E-17	4.554806E-18	9.868780E-19	2.066740E-19	4.186554E-20	8.213102E-21	1.563843E-21	2.838328E-22	3.871593E-23	2.441798E-23	4.599253E-23	4.986348E-23	6.356689E-23	3.011454E-24	9.153917E-23	1.253114E-22	6.902111E-23	1.158958E-22	7.752718E-23	2.781185E-22	1.234567E-22	
2.554014E-07	7.780708E-07	3.749220E-07	9.195844E-08	1.312113E-08	3.368955E-09	9.763993E-10	2.896221E-10	9.041387E-11	2.755298E-11	8.583952E-12	2.642321E-12	8.108702E-13	2.562994E-13	7.450083E-14	1.959819E-14	5.585680E-15	1.435362E-15	3.554483E-16	8.591481E-17	2.018501E-17	4.542326E-18	9.838600E-19	2.059245E-19	4.164036E-20	8.076417E-21	1.482902E-21	2.408259E-22	3.452833E-23	4.458697E-23	0.000000E+00	5.699791E-24	0.000000E+00	0.000000E+00	0.000000E+00	2.709017E-23	1.269205E-23	7.903452E-24	9.467341E-25	0.000000E+00	0.000000E+00	
2.695819E-07	8.206121E-07	3.955929E-07	9.695017E-08	1.376577E-08	3.514419E-09	1.012021E-09	2.983851E-10	9.257388E-11	2.805083E-11	8.693058E-12	2.664200E-12	8.143991E-13	2.565747E-13	7.442180E-14	1.952109E-14	5.562106E-15	1.427479E-15	3.530783E-16	8.527679E-17	2.002259E-17	4.503475E-18	9.750849E-19	2.040882E-19	4.136933E-20	8.084198E-21	1.541774E-21	2.927896E-22	7.409083E-23	2.641808E-23	3.954634E-23	4.077742E-24	0.000000E+00	0.000000E+00	0.000000E+00	0.000000E+00	0.000000E+00	0.000000E+00	0.000000E+00	3.016786E-23	0.000000E+00	
2.884833E-07	8.761948E-07	4.217614E-07	1.031367E-07	1.454910E-08	3.688162E-09	1.053565E-09	3.082548E-10	9.488119E-11	2.853591E-11	8.782288E-12	2.675771E-12	8.136771E-13	2.552315E-13	7.381655E-14	1.928733E-14	5.492597E-15	1.407153E-15	3.474853E-16	8.383915E-17	1.966819E-17	4.420526E-18	9.565233E-19	2.000376E-19	4.044847E-20	7.853434E-21	1.469131E-21	2.764787E-22	6.144401E-23	3.975637E-23	6.594827E-23	9.074107E-23	1.040180E-22	0.000000E+00	0.000000E+00	2.631791E-23	0.000000E+00	2.716125E-23	5.565051E-23	0.000000E+00	1.181317E-23	
3.134404E-07	9.484112E-07	4.548962E-07	1.108241E-07	1.550331E-08	3.895751E-09	1.101809E-09	3.192264E-10	9.726177E-11	2.896518E-11	8.832484E-12	2.669630E-12	8.060596E-13	2.513475E-13	7.239812E-14	1.881657E-14	5.353417E-15	1.368097E-15	3.370773E-16	8.121288E-17	1.902955E-17	4.272734E-18	9.238373E-19	1.930827E-19	3.905549E-20	7.622896E-21	1.409574E-21	2.783398E-22	1.994281E-23	0.000000E+00	0.000000E+00	0.000000E+00	0.000000E+00	1.825290E-23	0.000000E+00	0.000000E+00	0.000000E+00	5.069389E-23	3.866746E-23	8.110894E-23	1.763930E-22	
3.461848E-07	1.042013E-06	4.970161E-07	1.204506E-07	1.667866E-08	4.147178E-09	1.158739E-09	3.316357E-10	9.974183E-11	2.932488E-11	8.833161E-12	2.640924E-12	7.896737E-13	2.442493E-13	6.995120E-14	1.804837E-14	5.126084E-15	1.305391E-15	3.206107E-16	7.709555E-17	1.803556E-17	4.044108E-18	8.734731E-19	1.824282E-19	3.690935E-20	7.154938E-21	1.351910E-21	2.039582E-22	6.786112E-23	0.000000E+00	3.649288E-23	7.534452E-23	1.067838E-22	8.181656E-23	2.982374E-24	1.941613E-23	0.000000E+00	5.667480E-23	0.000000E+00	3.095336E-22	2.120297E-23	
3.893704E-07	1.163615E-06	5.504968E-07	1.324421E-07	1.810564E-08	4.443396E-09	1.222502E-09	3.443352E-10	1.017790E-10	2.939797E-11	8.702139E-12	2.560515E-12	7.546583E-13	2.306179E-13	6.546389E-14	1.670612E-14	4.729073E-15	1.197642E-15	2.927126E-16	7.018024E-17	1.637762E-17	3.664976E-18	7.904560E-19	1.649001E-19	3.328725E-20	6.463447E-21	1.192782E-21	2.468294E-22	9.155209E-23	0.000000E+00	4.224437E-23	0.000000E+00	0.000000E+00	0.000000E+00	0.000000E+00	0.000000E+00	0.000000E+00	0.000000E+00	5.202514E-23	0.000000E+00	1.698176E-22	
4.447789E-07	1.317460E-06	6.167697E-07	1.470357E-07	1.979850E-08	4.783732E-09	1.291566E-09	3.565032E-10	1.030028E-10	2.904093E-11	8.385837E-12	2.409532E-12	6.947428E-13	2.084033E-13	5.831479E-14	1.462664E-14	4.112451E-15	1.031878E-15	2.501789E-16	5.969796E-17	1.387676E-17	3.095530E-18	6.660761E-19	1.386819E-19	2.803137E-20	5.463063E-21	1.043320E-21	1.783608E-22	2.735512E-23	7.236538E-23	6.811315E-24	0.000000E+00	5.036108E-23	3.303553E-23	9.855728E-23	9.205615E-23	9.929075E-23	3.840089E-22	4.220915E-22	6.245407E-22	4.581967E-22	
5.184725E-07	1.518890E-06	7.016112E-07	1.653393E-07	2.185663E-08	5.180267E-09	1.365264E-09	3.667834E-10	1.026307E-10	2.791656E-11	7.750943E-12	2.139409E-12	5.933553E-13	1.720551E-13	4.680265E-14	1.135144E-14	3.137615E-15	7.717782E-16	1.839402E-16	4.345326E-17	1.001713E-17	2.219727E-18	4.753179E-19	9.870298E-20	1.988547E-20	3.887814E-21	7.879929E-22	1.869040E-22	1.201221E-22	5.927912E-23	9.741990E-23	1.596329E-22	1.130523E-22	1.068485E-22	1.524985E-22	1.544437E-22	6.191576E-23	1.465790E-22	2.866504E-22	1.822415E-22	2.155613E-22	
6.194398E-07	1.791330E-06	8.143814E-07	1.892792E-07	2.448520E-08	5.669561E-09	1.449174E-09	3.754511E-10	1.003184E-10	2.580379E-11	6.694831E-12	1.709438E-12	4.361492E-13	1.167643E-13	2.942786E-14	6.484006E-15	1.678651E-15	3.843158E-16	8.580768E-17	1.947590E-17	4.338868E-18	9.352006E-19	1.963321E-19	4.008181E-20	8.027167E-21	1.506348E-21	3.252112E-22	1.872142E-22	1.169039E-22	1.767711E-22	1.242451E-22	0.000000E+00	1.174338E-22	3.034719E-23	0.000000E+00	1.724607E-22	0.000000E+00	1.773850E-22	2.514241E-22	2.843821E-22	4.420182E-22	
7.619866E-07	2.166504E-06	9.643999E-07	2.200992E-07	2.771710E-08	6.244990E-09	1.542415E-09	3.841512E-10	9.772691E-11	2.367107E-11	5.695319E-12	1.324168E-12	3.021100E-13	7.153570E-14	1.572614E-14	2.802186E-15	5.982500E-16	1.048880E-16	1.669147E-17	2.848817E-18	4.519777E-19	6.540895E-20	9.055792E-21	1.168961E-21	2.108018E-22	1.036044E-22	7.589382E-23	2.366512E-23	1.177440E-22	1.717692E-22	2.494596E-22	1.568283E-22	3.595651E-23	8.251127E-23	1.241288E-22	9.471864E-23	2.222079E-22	2.112283E-22	2.577572E-22	5.049033E-23	0.000000E+00	
9.670189E-07	2.692091E-06	1.167223E-06	2.603370E-07	3.173168E-08	6.924741E-09	1.645806E-09	3.931240E-10	9.531770E-11	2.187045E-11	4.951867E-12	1.076220E-12	2.284883E-13	5.024647E-14	1.032905E-14	1.657713E-15	3.295769E-16	5.232752E-17	7.346895E-18	1.152344E-18	1.645875E-19	2.113441E-20	2.487823E-21	3.080472E-22	1.609125E-22	9.199799E-23	1.209493E-22	0.000000E+00	2.591014E-22	2.196552E-22	3.582338E-22	3.927815E-22	4.026560E-22	3.144191E-22	5.508506E-22	5.682085E-22	3.444432E-22	5.953762E-23	0.000000E+00	0.000000E+00	0.000000E+00	
1.267527E-06	3.447868E-06	1.452310E-06	3.157046E-07	3.714669E-08	7.838835E-09	1.791809E-09	4.107736E-10	9.522803E-11	2.081750E-11	4.479364E-12	9.229207E-13	1.856352E-13	3.866170E-14	7.625486E-15	1.142557E-15	2.203335E-16	3.330833E-17	4.397083E-18	6.704892E-19	9.215330E-20	1.142678E-20	1.330055E-21	2.167213E-22	0.000000E+00	0.000000E+00	0.000000E+00	0.000000E+00	0.000000E+00	0.000000E+00	0.000000E+00	0.000000E+00	0.000000E+00	0.000000E+00	0.000000E+00	0.000000E+00	0.000000E+00	0.000000E+00	0.000000E+00	2.530785E-22	1.116629E-22	
1.721122E-06	4.550023E-06	1.849738E-06	3.893181E-07	4.386061E-08	8.876526E-09	1.931193E-09	4.199086E-10	9.175412E-11	1.878661E-11	3.763636E-12	7.166783E-13	1.326042E-13	2.527094E-14	4.628481E-15	6.129749E-16	1.097116E-16	1.485380E-17	1.691999E-18	2.368763E-19	2.896730E-20	3.199069E-21	4.702522E-22	3.222902E-22	2.181689E-22	2.763300E-22	3.254439E-22	2.761491E-22	1.220091E-22	2.225116E-22	6.011018E-22	5.853078E-22	3.016366E-22	1.033459E-22	3.170945E-22	8.102493E-23	5.102929E-22	2.847569E-22	1.950337E-22	0.000000E+00	7.949593E-22	
2.420135E-06	6.179299E-06	2.406498E-06	4.864640E-07	5.195720E-08	9.979551E-09	2.038901E-09	4.140103E-10	8.368628E-11	1.569853E-11	2.854081E-12	4.869252E-13	8.004153E-14	1.338940E-14	2.193873E-15	2.432796E-16	3.868472E-17	4.455318E-18	4.095949E-19	5.142241E-20	5.667945E-21	6.008433E-22	1.013296E-23	6.720842E-23	0.000000E+00	0.000000E+00	0.000000E+00	0.000000E+00	0.000000E+00	0.000000E+00	0.000000E+00	0.000000E+00	0.000000E+00	1.289885E-22	0.000000E+00	3.110458E-22	0.000000E+00	0.000000E+00	0.000000E+00	2.032279E-22	0.000000E+00	
3.521435E-06	8.654618E-06	3.217090E-06	6.214740E-07	6.264322E-08	1.137523E-08	2.176776E-09	4.121931E-10	7.720806E-11	1.334875E-11	2.229985E-12	3.479955E-13	5.228700E-14	7.943490E-15	1.219218E-15	1.211985E-16	1.856726E-17	2.003647E-18	1.676141E-19	2.069440E-20	1.671318E-21	3.058500E-22	0.000000E+00	0.000000E+00	0.000000E+00	0.000000E+00	0.000000E+00	0.000000E+00	0.000000E+00	0.000000E+00	0.000000E+00	0.000000E+00	0.000000E+00	0.000000E+00	0.000000E+00	0.000000E+00	0.000000E+00	0.000000E+00	0.000000E+00	0.000000E+00	1.467987E-22	
5.269880E-06	1.235447E-05	4.338531E-06	7.911057E-07	7.425520E-08	1.257543E-08	2.220039E-09	3.856044E-10	6.571519E-11	1.025693E-11	1.537357E-12	2.129478E-13	2.816468E-14	3.689151E-15	5.020742E-16	4.115213E-17	5.548025E-18	5.009679E-19	3.295281E-20	3.832328E-21	9.202384E-22	3.269431E-22	6.598833E-22	1.630787E-21	9.630450E-22	3.563080E-22	1.853919E-22	6.800459E-22	5.716852E-22	4.751119E-23	7.047579E-22	8.672472E-22	1.461318E-21	2.464998E-21	1.576813E-21	2.268129E-21	1.815093E-21	1.949044E-22	1.438053E-21	3.569801E-21	1.709834E-21	
8.090837E-06	1.800857E-05	5.945793E-06	1.014553E-06	8.775668E-08	1.366624E-08	2.182208E-09	3.388895E-10	5.078592E-11	6.854577E-12	8.734732E-13	1.004217E-13	1.079914E-14	1.103449E-15	1.184867E-16	7.276417E-18	7.425423E-19	5.041004E-20	2.424466E-21	6.170767E-22	0.000000E+00	2.624230E-22	0.000000E+00	0.000000E+00	8.480669E-22	7.775498E-22	0.000000E+00	0.000000E+00	0.000000E+00	0.000000E+00	4.365446E-22	1.085364E-21	4.525712E-22	0.000000E+00	0.000000E+00	1.598010E-22	9.306299E-22	3.222902E-22	2.942643E-21	2.457192E-21	4.006087E-21	
1.310100E-05	2.770847E-05	8.617469E-06	1.373815E-06	1.096039E-07	1.573184E-08	2.293224E-09	3.239531E-10	4.405572E-11	5.402021E-12	6.297153E-13	6.681848E-14	6.696554E-15	6.367735E-16	6.661021E-17	3.839892E-18	4.012951E-19	2.611988E-20	3.656138E-21	1.934775E-21	8.693668E-22	2.437701E-21	9.462946E-22	0.000000E+00	0.000000E+00	3.616847E-22	2.748308E-22	1.477138E-21	0.000000E+00	0.000000E+00	0.000000E+00	0.000000E+00	0.000000E+00	0.000000E+00	0.000000E+00	0.000000E+00	0.000000E+00	0.000000E+00	0.000000E+00	0.000000E+00	7.549057E-22	
2.285889E-05	4.575420E-05	1.335026E-05	1.969837E-06	1.432539E-07	1.864670E-08	2.422682E-09	3.006175E-10	3.513955E-11	3.614718E-12	3.433372E-13	2.861126E-14	2.168218E-15	1.460005E-16	1.028915E-17	4.151553E-19	2.525052E-20	0.000000E+00	0.000000E+00	0.000000E+00	0.000000E+00	0.000000E+00	4.185534E-22	0.000000E+00	0.000000E+00	0.000000E+00	0.000000E+00	0.000000E+00	0.000000E+00	1.195483E-21	9.347141E-23	2.061334E-21	0.000000E+00	2.587007E-21	6.291743E-21	4.610498E-21	8.515204E-21	3.264675E-21	2.906092E-21	6.230324E-21	9.726507E-21	
4.417024E-05	8.300073E-05	2.252760E-05	3.022532E-06	1.962483E-07	2.268724E-08	2.593103E-09	2.833257E-10	2.936369E-11	2.715080E-12	2.366349E-13	1.849950E-14	1.338838E-15	8.657662E-17	6.082223E-18	2.397566E-19	1.642450E-20	6.847401E-21	8.447168E-21	5.674459E-22	0.000000E+00	0.000000E+00	0.000000E+00	2.412886E-21	2.173003E-21	2.589075E-21	0.000000E+00	0.000000E+00	0.000000E+00	0.000000E+00	0.000000E+00	0.000000E+00	0.000000E+00	0.000000E+00	0.000000E+00	0.000000E+00	0.000000E+00	0.000000E+00	0.000000E+00	0.000000E+00	0.000000E+00	
9.470377E-05	1.652034E-04	4.124871E-05	4.912256E-06	2.771993E-07	2.755941E-08	2.639779E-09	2.344405E-10	1.882864E-11	1.275336E-12	7.618727E-14	3.806337E-15	1.644916E-16	5.844196E-18	2.054783E-19	1.260623E-20	2.448455E-22	0.000000E+00	0.000000E+00	0.000000E+00	0.000000E+00	3.431145E-21	0.000000E+00	6.460281E-21	0.000000E+00	4.134249E-21	7.093901E-21	1.113881E-20	1.586532E-21	4.509789E-21	9.625901E-21	5.054901E-21	0.000000E+00	7.982293E-22	0.000000E+00	0.000000E+00	1.445085E-20	6.232392E-21	0.000000E+00	0.000000E+00	0.000000E+00	
2.155995E-04	3.417725E-04	7.673704E-05	7.656771E-06	3.508908E-07	2.819467E-08	2.218988E-09	1.683687E-10	1.213260E-11	7.689659E-13	4.430620E-14	2.175134E-15	9.297087E-17	3.259780E-18	7.714617E-20	0.000000E+00	0.000000E+00	0.000000E+00	0.000000E+00	0.000000E+00	0.000000E+00	0.000000E+00	0.000000E+00	0.000000E+00	0.000000E+00	0.000000E+00	0.000000E+00	0.000000E+00	0.000000E+00	0.000000E+00	0.000000E+00	0.000000E+00	0.000000E+00	1.018921E-20	0.000000E+00	1.826415E-20	2.494777E-21	4.097026E-21	0.000000E+00	0.000000E+00	2.115432E-20	
4.844017E-04	5.856342E-04	9.519406E-05	5.830160E-06	1.700611E-07	9.507242E-09	5.116006E-10	2.390865E-11	9.225574E-13	2.725905E-14	6.436553E-16	1.152875E-17	1.487602E-19	1.686125E-20	0.000000E+00	6.485096E-21	6.670384E-21	3.598567E-20	0.000000E+00	0.000000E+00	0.000000E+00	0.000000E+00	8.754880E-21	1.565026E-20	2.911676E-21	0.000000E+00	0.000000E+00	0.000000E+00	0.000000E+00	0.000000E+00	0.000000E+00	0.000000E+00	1.466095E-20	0.000000E+00	0.000000E+00	0.000000E+00	1.260623E-21	0.000000E+00	2.897117E-20	2.933348E-20	7.006220E-20	
2.055072E-04	8.292846E-05	2.828573E-06	1.361728E-08	1.160252E-11	6.989404E-15	2.701823E-18	1.349959E-20	0.000000E+00	0.000000E+00	0.000000E+00	0.000000E+00	5.518949E-21	0.000000E+00	5.082198E-21	4.274869E-21	0.000000E+00	1.479992E-20	8.566282E-21	1.358561E-20	9.883154E-21	1.924684E-20	8.088172E-21	6.400724E-21	9.787201E-21	1.747005E-21	0.000000E+00	3.225177E-21	1.372375E-20	8.507553E-21	6.411477E-21	2.693300E-21	1.361539E-20	1.416878E-20	2.236448E-20	1.482142E-20	0.000000E+00	1.211323E-20	2.603386E-20	9.601085E-21	1.151890E-20	
2.107457E-04	8.510441E-05	2.907820E-06	1.399563E-08	1.192281E-11	7.179756E-15	2.769692E-18	3.282253E-21	1.328783E-20	7.279189E-21	1.148788E-20	2.275078E-20	6.789498E-21	8.013726E-21	0.000000E+00	0.000000E+00	2.051408E-22	0.000000E+00	0.000000E+00	1.495543E-21	0.000000E+00	0.000000E+00	0.000000E+00	2.549371E-21	0.000000E+00	0.000000E+00	5.202966E-21	0.000000E+00	5.068963E-21	2.421985E-21	1.016605E-21	1.231672E-21	0.000000E+00	0.000000E+00	0.000000E+00	1.112723E-20	6.317178E-21	2.373926E-20	1.519614E-20	1.960749E-20	5.741709E-20	
2.198777E-04	8.886683E-05	3.042364E-06	1.463799E-08	1.246604E-11	7.503038E-15	2.901617E-18	0.000000E+00	1.048203E-20	3.520481E-21	0.000000E+00	0.000000E+00	0.000000E+00	0.000000E+00	0.000000E+00	2.772709E-21	1.105113E-21	0.000000E+00	0.000000E+00	0.000000E+00	1.641126E-21	1.337220E-20	1.304464E-20	1.561717E-21	0.000000E+00	1.585871E-20	2.919948E-21	0.000000E+00	1.505469E-21	5.139273E-21	1.857848E-21	0.000000E+00	3.288870E-21	0.000000E+00	0.000000E+00	0.000000E+00	0.000000E+00	0.000000E+00	1.254006E-21	0.000000E+00	2.784290E-20	
2.975949E-04	1.204126E-04	4.133164E-06	1.987488E-08	1.691665E-11	1.017388E-14	3.939127E-18	1.058791E-21	0.000000E+00	1.601422E-20	0.000000E+00	0.000000E+00	4.288104E-21	1.195111E-20	6.921847E-21	2.063981E-20	6.227016E-21	1.383046E-21	3.308722E-22	1.398928E-20	0.000000E+00	0.000000E+00	0.000000E+00	0.000000E+00	0.000000E+00	0.000000E+00	0.000000E+00	7.348673E-21	2.104347E-21	3.902638E-21	0.000000E+00	1.220505E-20	5.800190E-21	1.584134E-20	1.643691E-20	1.053994E-20	1.830551E-21	3.110778E-20	2.320159E-20	5.250612E-20	9.004026E-20	
7.221585E-04	2.929145E-04	1.011266E-05	4.856217E-08	4.127945E-11	2.478083E-14	9.594977E-18	4.785736E-20	2.424632E-20	0.000000E+00	0.000000E+00	0.000000E+00	0.000000E+00	0.000000E+00	0.000000E+00	0.000000E+00	6.485096E-21	8.205632E-22	0.000000E+00	0.000000E+00	0.000000E+00	1.275843E-20	5.439540E-21	2.877265E-20	0.000000E+00	0.000000E+00	5.320426E-21	0.000000E+00	3.262400E-21	7.891303E-21	1.432015E-20	5.651298E-21	0.000000E+00	0.000000E+00	0.000000E+00	0.000000E+00	0.000000E+00	0.000000E+00	0.000000E+00	0.000000E+00	0.000000E+00	
1.411804E-02	5.864792E-03	2.229645E-04	1.048891E-06	8.736414E-10	5.085246E-13	1.987851E-16	7.995991E-19	8.182338E-19	2.430985E-19	2.981556E-19	0.000000E+00	3.807413E-19	1.382781E-19	0.000000E+00	7.623297E-21	3.350015E-19	6.623798E-19	4.321986E-19	0.000000E+00	0.000000E+00	0.000000E+00	0.000000E+00	0.000000E+00	0.000000E+00	0.000000E+00	0.000000E+00	0.000000E+00	0.000000E+00	0.000000E+00	1.869031E-19	0.000000E+00	0.000000E+00	0.000000E+00	0.000000E+00	7.287924E-19	1.272323E-18	2.574742E-18	1.334447E-18	7.052476E-19	1.838723E-18	
5.541335E-02	2.319170E-02	1.143440E-03	5.267733E-06	4.145362E-09	2.202779E-12	8.742735E-16	1.666961E-18	2.544487E-18	1.836367E-18	1.072344E-18	2.549569E-18	5.387130E-18	4.245329E-18	3.217031E-18	4.391866E-19	8.995490E-19	0.000000E+00	0.000000E+00	0.000000E+00	0.000000E+00	0.000000E+00	0.000000E+00	0.000000E+00	0.000000E+00	0.000000E+00	6.484037E-19	0.000000E+00	0.000000E+00	0.000000E+00	0.000000E+00	9.242188E-19	1.902542E-18	0.000000E+00	1.990474E-18	0.000000E+00	0.000000E+00	0.000000E+00	1.376693E-18	9.521180E-18	1.218600E-17	
6.724494E-02	2.807753E-02	1.548429E-03	7.610914E-06	5.669623E-09	2.830311E-12	1.113123E-15	0.000000E+00	0.000000E+00	0.000000E+00	0.000000E+00	0.000000E+00	0.000000E+00	1.262079E-19	0.000000E+00	0.000000E+00	0.000000E+00	5.120314E-19	3.164515E-18	5.531125E-19	2.126264E-18	2.404303E-18	5.306661E-19	7.841408E-19	0.000000E+00	0.000000E+00	0.000000E+00	2.426855E-18	3.016602E-18	2.248555E-18	1.181823E-18	4.091275E-18	1.593057E-18	1.636256E-18	0.000000E+00	0.000000E+00	0.000000E+00	0.000000E+00	1.047462E-18	0.000000E+00	0.000000E+00	
6.881889E-02	2.869969E-02	1.645328E-03	8.916783E-06	6.313214E-09	3.006691E-12	1.190224E-15	4.221612E-18	1.382358E-18	3.269547E-18	4.452005E-18	4.899239E-18	3.642242E-19	2.547028E-18	2.902782E-18	4.290222E-18	1.351018E-18	3.704499E-18	5.491738E-18	8.253913E-18	5.101044E-18	4.854346E-18	2.587897E-18	2.127535E-18	1.161070E-18	4.540944E-18	2.148287E-19	0.000000E+00	0.000000E+00	0.000000E+00	0.000000E+00	0.000000E+00	0.000000E+00	0.000000E+00	0.000000E+00	0.000000E+00	0.000000E+00	0.000000E+00	0.000000E+00	0.000000E+00	2.569051E-18	
6.915945E-02	2.882419E-02	1.681402E-03	9.995001E-06	6.787853E-09	3.111841E-12	1.220229E-15	8.341580E-18	1.046933E-17	1.528047E-18	7.403068E-19	0.000000E+00	0.000000E+00	0.000000E+00	0.000000E+00	0.000000E+00	0.000000E+00	0.000000E+00	0.000000E+00	0.000000E+00	5.605241E-19	0.000000E+00	0.000000E+00	0.000000E+00	0.000000E+00	0.000000E+00	0.000000E+00	0.000000E+00	0.000000E+00	0.000000E+00	0.000000E+00	0.000000E+00	0.000000E+00	9.670999E-19	1.453826E-18	5.111844E-19	2.215626E-18	5.579935E-18	0.000000E+00	1.257844E-17	2.746351E-17	
6.926088E-02	2.885720E-02	1.698145E-03	1.082183E-05	7.139214E-09	3.184436E-12	1.230800E-15	6.464555E-18	0.000000E+00	1.860084E-18	3.181456E-18	6.000381E-18	2.010856E-18	1.288337E-18	8.970079E-19	7.530123E-19	3.234395E-18	4.682822E-18	8.076459E-19	6.772028E-19	9.075958E-19	4.955143E-20	2.653542E-18	9.088664E-19	3.910539E-18	4.339562E-18	6.831427E-18	4.419500E-18	7.829761E-19	8.520093E-19	1.914294E-19	0.000000E+00	0.000000E+00	0.000000E+00	1.366846E-18	3.790419E-18	1.741023E-18	0.000000E+00	6.864408E-18	9.230171E-18	8.555774E-18	
6.929808E-02	2.886842E-02	1.705549E-03	1.127699E-05	7.330741E-09	3.223327E-12	1.226246E-15	0.000000E+00	1.727947E-18	4.258882E-18	3.982749E-18	0.000000E+00	2.139605E-18	0.000000E+00	0.000000E+00	0.000000E+00	0.000000E+00	0.000000E+00	0.000000E+00	0.000000E+00	0.000000E+00	0.000000E+00	0.000000E+00	0.000000E+00	0.000000E+00	0.000000E+00	0.000000E+00	0.000000E+00	0.000000E+00	0.000000E+00	0.000000E+00	0.000000E+00	1.902118E-18	1.131636E-18	0.000000E+00	0.000000E+00	0.000000E+00	0.000000E+00	0.000000E+00	4.896962E-18	0.000000E+00	
6.931200E-02	2.887432E-02	1.705800E-03	1.121302E-05	7.305449E-09	3.218974E-12	1.234039E-15	0.000000E+00	3.445730E-18	1.077426E-18	1.524659E-19	0.000000E+00	1.158741E-18	3.350015E-18	0.000000E+00	1.169753E-18	4.099639E-19	3.442765E-18	0.000000E+00	0.000000E+00	0.000000E+00	2.710505E-20	1.768605E-18	7.940934E-19	2.793938E-18	7.748234E-18	7.496559E-18	3.966020E-18	5.131537E-18	5.128996E-18	8.965738E-18	7.615885E-18	4.225424E-18	3.105540E-18	3.943150E-18	0.000000E+00	3.406767E-18	0.000000E+00	0.000000E+00	5.106444E-18	1.188657E-17	
6.931902E-02	2.888384E-02	1.696091E-03	1.041726E-05	6.975145E-09	3.154396E-12	1.223753E-15	5.224499E-18	4.861969E-18	5.319367E-19	1.673737E-18	6.369688E-19	3.020519E-18	9.952637E-19	0.000000E+00	1.964269E-18	1.507295E-18	3.495705E-18	2.436067E-18	1.609363E-19	0.000000E+00	0.000000E+00	0.000000E+00	0.000000E+00	0.000000E+00	0.000000E+00	0.000000E+00	0.000000E+00	0.000000E+00	0.000000E+00	0.000000E+00	0.000000E+00	0.000000E+00	5.264310E-19	2.194186E-18	0.000000E+00	7.080401E-18	6.040563E-18	4.280799E-18	4.416906E-18	8.714751E-18	
6.933125E-02	2.891480E-02	1.656190E-03	8.642659E-06	6.221925E-09	3.003127E-12	1.184044E-15	4.763713E-18	1.863472E-19	1.243444E-18	0.000000E+00	0.000000E+00	0.000000E+00	0.000000E+00	0.000000E+00	0.000000E+00	0.000000E+00	0.000000E+00	3.765061E-18	0.000000E+00	2.244637E-19	4.457511E-19	2.858736E-20	2.707117E-18	1.207022E-18	3.361450E-18	9.547120E-19	1.463144E-18	2.317165E-18	3.715087E-18	0.000000E+00	1.874378E-18	0.000000E+00	1.706771E-18	2.365710E-18	0.000000E+00	9.603236E-19	1.445726E-18	5.071133E-18	0.000000E+00	0.000000E+00	
7.053706E-02	2.841769E-02	9.518866E-04	4.571375E-06	3.925909E-09	2.385157E-12	9.086427E-16	0.000000E+00	9.893345E-19	0.000000E+00	0.000000E+00	0.000000E+00	9.825582E-20	0.000000E+00	0.000000E+00	0.000000E+00	0.000000E+00	0.000000E+00	0.000000E+00	0.000000E+00	0.000000E+00	0.000000E+00	0.000000E+00	3.396602E-19	0.000000E+00	0.000000E+00	0.000000E+00	0.000000E+00	0.000000E+00	0.000000E+00	0.000000E+00	0.000000E+00	0.000000E+00	0.000000E+00	0.000000E+00	0.000000E+00	0.000000E+00	0.000000E+00	0.000000E+00	0.000000E+00	0.000000E+00	
