1.396957E-05	3.230465E-05	2.144973E-05	1.138862E-20	0.000000E+00	
1.397513E-05	3.231722E-05	2.145779E-05	0.000000E+00	7.336449E-21	
1.397538E-05	3.231774E-05	2.145810E-05	0.000000E+00	0.000000E+00	
1.397563E-05	3.231828E-05	2.145841E-05	0.000000E+00	5.183931E-21	
1.397588E-05	3.231882E-05	2.145873E-05	0.000000E+00	6.719275E-21	
1.397614E-05	3.231936E-05	2.145903E-05	4.923379E-20	0.000000E+00	
1.397640E-05	3.231991E-05	2.145934E-05	4.640814E-20	0.000000E+00	
1.397666E-05	3.232045E-05	2.145963E-05	0.000000E+00	0.000000E+00	
1.397693E-05	3.232098E-05	2.145991E-05	0.000000E+00	0.000000E+00	
1.397719E-05	3.232149E-05	2.146016E-05	2.693300E-20	0.000000E+00	
1.397744E-05	3.232198E-05	2.146039E-05	0.000000E+00	3.124229E-21	
1.397769E-05	3.232244E-05	2.146059E-05	2.476910E-20	4.798778E-22	
1.397792E-05	3.232284E-05	2.146074E-05	0.000000E+00	3.531279E-21	
1.397813E-05	3.232319E-05	2.146082E-05	0.000000E+00	5.787343E-21	
1.397832E-05	3.232345E-05	2.146084E-05	0.000000E+00	9.648603E-21	
1.397847E-05	3.232360E-05	2.146076E-05	0.000000E+00	4.802795E-21	
1.397856E-05	3.232361E-05	2.146055E-05	0.000000E+00	0.000000E+00	
1.397860E-05	3.232344E-05	2.146020E-05	5.038523E-20	0.000000E+00	
1.397855E-05	3.232305E-05	2.145966E-05	1.810533E-20	0.000000E+00	
1.397839E-05	3.232235E-05	2.145888E-05	0.000000E+00	6.187136E-21	
1.397809E-05	3.232127E-05	2.145779E-05	0.000000E+00	0.000000E+00	
1.397760E-05	3.231968E-05	2.145631E-05	1.403560E-19	0.000000E+00	
1.397684E-05	3.231742E-05	2.145430E-05	1.076592E-19	0.000000E+00	
1.397570E-05	3.231420E-05	2.145158E-05	1.082879E-19	0.000000E+00	
1.397391E-05	3.230944E-05	2.144782E-05	1.145281E-19	0.000000E+00	
1.397056E-05	3.230145E-05	2.144214E-05	1.040262E-19	0.000000E+00	
1.396208E-05	3.228358E-05	2.143150E-05	0.000000E+00	9.275923E-21	
1.338197E-04	2.573443E-04	1.390019E-04	6.458626E-21	0.000000E+00	
1.388317E-05	3.213928E-05	2.136628E-05	0.000000E+00	0.000000E+00	
1.367951E-05	3.175659E-05	2.118269E-05	2.831605E-20	0.000000E+00	
1.338761E-05	3.111172E-05	2.077244E-05	0.000000E+00	3.968283E-21	
1.284380E-05	2.985286E-05	1.991743E-05	0.000000E+00	7.783266E-21	
1.224117E-05	2.843385E-05	1.891915E-05	6.782881E-21	5.122256E-21	
1.377663E-05	3.084215E-05	1.959587E-05	0.000000E+00	1.261065E-20	
1.206628E-05	2.779819E-05	1.817975E-05	0.000000E+00	2.462279E-21	
1.221019E-05	2.801715E-05	1.814984E-05	6.597923E-20	0.000000E+00	
1.232504E-05	2.821572E-05	1.815288E-05	4.780773E-20	0.000000E+00	
1.245663E-05	2.845728E-05	1.819778E-05	3.521804E-20	0.000000E+00	
1.256002E-05	2.865514E-05	1.823970E-05	0.000000E+00	0.000000E+00	
1.265684E-05	2.884522E-05	1.828909E-05	0.000000E+00	3.673312E-22	
1.275045E-05	2.903229E-05	1.834459E-05	0.000000E+00	3.674535E-21	
1.284771E-05	2.922781E-05	1.840838E-05	6.420907E-20	0.000000E+00	
1.294690E-05	2.942859E-05	1.847749E-05	3.654484E-20	0.000000E+00	
1.304435E-05	2.962825E-05	1.854831E-05	0.000000E+00	3.959534E-21	
1.314534E-05	2.983609E-05	1.862374E-05	0.000000E+00	0.000000E+00	
1.325241E-05	3.005666E-05	1.870505E-05	0.000000E+00	2.008233E-21	
1.336671E-05	3.029211E-05	1.879271E-05	0.000000E+00	2.757941E-21	
1.348915E-05	3.054419E-05	1.888722E-05	1.315780E-19	0.000000E+00	
1.362062E-05	3.081468E-05	1.898919E-05	0.000000E+00	8.266492E-21	
1.376204E-05	3.110540E-05	1.909933E-05	0.000000E+00	7.301764E-21	
1.391436E-05	3.141827E-05	1.921850E-05	0.000000E+00	6.351532E-21	
1.407858E-05	3.175532E-05	1.934766E-05	0.000000E+00	4.097908E-21	
1.425569E-05	3.211857E-05	1.948786E-05	1.123642E-20	0.000000E+00	
1.445978E-05	3.253191E-05	1.964774E-05	1.180817E-19	0.000000E+00	
1.466585E-05	3.295412E-05	1.981357E-05	4.830073E-20	0.000000E+00	
1.488865E-05	3.341042E-05	1.999475E-05	5.932870E-20	0.000000E+00	
1.512972E-05	3.390398E-05	2.019307E-05	0.000000E+00	0.000000E+00	
1.539076E-05	3.443834E-05	2.041056E-05	2.581465E-20	4.348107E-21	
1.567370E-05	3.501751E-05	2.064952E-05	1.143660E-19	0.000000E+00	
1.598071E-05	3.564601E-05	2.091251E-05	7.645465E-20	0.000000E+00	
1.631429E-05	3.632902E-05	2.120243E-05	2.751864E-20	0.000000E+00	
1.667730E-05	3.707248E-05	2.152255E-05	2.509997E-20	0.000000E+00	
1.707304E-05	3.788320E-05	2.187656E-05	6.336865E-20	0.000000E+00	
1.750532E-05	3.876902E-05	2.226866E-05	0.000000E+00	0.000000E+00	
1.797858E-05	3.973902E-05	2.270359E-05	6.587666E-21	0.000000E+00	
1.849798E-05	4.080374E-05	2.318675E-05	0.000000E+00	1.288969E-20	
1.906962E-05	4.197546E-05	2.372432E-05	0.000000E+00	7.246230E-21	
1.970008E-05	4.326771E-05	2.432323E-05	0.000000E+00	9.422350E-21	
2.039315E-05	4.468485E-05	2.498307E-05	0.000000E+00	9.598365E-22	
2.117023E-05	4.626882E-05	2.572381E-05	0.000000E+00	0.000000E+00	
2.203588E-05	4.803280E-05	2.655493E-05	0.000000E+00	6.177815E-21	
2.300373E-05	5.000382E-05	2.748934E-05	0.000000E+00	0.000000E+00	
2.409006E-05	5.221395E-05	2.854222E-05	1.925015E-20	1.136430E-21	
2.531442E-05	5.470149E-05	2.973156E-05	0.000000E+00	5.656946E-22	
2.671249E-05	5.752991E-05	3.108247E-05	0.000000E+00	5.348824E-21	
2.828773E-05	6.071796E-05	3.261251E-05	0.000000E+00	0.000000E+00	
3.008994E-05	6.435464E-05	3.435736E-05	2.142265E-19	3.202116E-21	
3.215947E-05	6.851850E-05	3.635372E-05	2.182566E-19	0.000000E+00	
3.455172E-05	7.331377E-05	3.864784E-05	0.000000E+00	1.957975E-20	
3.733384E-05	7.886686E-05	4.129601E-05	1.063159E-19	0.000000E+00	
4.059046E-05	8.533584E-05	4.436800E-05	0.000000E+00	1.099563E-20	
4.444481E-05	9.292332E-05	4.793198E-05	0.000000E+00	0.000000E+00	
4.902817E-05	1.018790E-04	5.210278E-05	8.711204E-20	8.726319E-21	
5.452610E-05	1.125359E-04	5.701944E-05	0.000000E+00	1.430301E-20	
6.116803E-05	1.253068E-04	6.285530E-05	1.952279E-19	0.000000E+00	
6.927486E-05	1.407511E-04	6.983375E-05	2.075231E-19	3.736414E-21	
7.926890E-05	1.596018E-04	7.824651E-05	0.000000E+00	1.162138E-20	
9.169243E-05	1.828097E-04	8.848181E-05	2.636787E-19	1.684306E-20	
1.074524E-04	2.117152E-04	1.009905E-04	0.000000E+00	8.524711E-20	
1.277318E-04	2.479762E-04	1.163536E-04	0.000000E+00	0.000000E+00	
1.540324E-04	2.942030E-04	1.355820E-04	0.000000E+00	9.373108E-20	
1.885234E-04	3.538532E-04	1.599785E-04	0.000000E+00	8.609557E-20	
2.352177E-04	4.319670E-04	1.908378E-04	0.000000E+00	1.257552E-19	
2.994523E-04	5.356293E-04	2.303937E-04	1.954581E-18	0.000000E+00	
3.879937E-04	6.748657E-04	2.823254E-04	0.000000E+00	2.716880E-20	
5.150701E-04	8.655156E-04	3.506928E-04	0.000000E+00	1.686369E-19	
7.014414E-04	1.130833E-03	4.418971E-04	0.000000E+00	7.597395E-20	
9.764003E-04	1.506054E-03	5.660348E-04	9.621235E-19	5.528307E-20	
1.402309E-03	2.044553E-03	7.323060E-04	3.750238E-18	0.000000E+00	
2.068133E-03	2.826697E-03	9.578442E-04	1.370711E-18	0.000000E+00	
3.114800E-03	3.968614E-03	1.264905E-03	0.000000E+00	9.891877E-19	
4.799226E-03	5.629010E-03	1.667837E-03	0.000000E+00	1.119226E-18	
7.563852E-03	7.962925E-03	2.141500E-03	0.000000E+00	0.000000E+00	
1.202299E-02	1.102160E-02	2.628673E-03	0.000000E+00	0.000000E+00	
1.914565E-02	1.437249E-02	2.902322E-03	0.000000E+00	2.776610E-18	
3.256047E-02	1.461071E-02	2.482132E-03	3.487743E-17	0.000000E+00	
4.901650E-02	1.596573E-02	2.732480E-03	7.380367E-17	1.441983E-18	
5.679154E-02	1.899045E-02	3.172254E-03	0.000000E+00	4.624507E-18	
6.239801E-02	2.133403E-02	3.494809E-03	0.000000E+00	9.531321E-18	
6.553647E-02	2.259980E-02	3.672261E-03	6.083052E-17	0.000000E+00	
6.667006E-02	2.260657E-02	3.714898E-03	0.000000E+00	0.000000E+00	
5.437904E-02	1.753039E-02	2.987868E-03	0.000000E+00	0.000000E+00	
1.343453E-02	4.112697E-03	7.281138E-04	7.643625E-18	9.097237E-19	
1.850690E-03	5.577179E-04	9.990399E-05	4.129286E-21	2.189111E-19	
3.857748E-04	1.159217E-04	2.080747E-05	5.627475E-19	0.000000E+00	
1.017219E-04	3.052584E-05	5.482460E-06	0.000000E+00	0.000000E+00	
3.613583E-05	1.082998E-05	1.945655E-06	0.000000E+00	0.000000E+00	
1.903415E-05	5.697987E-06	1.023885E-06	0.000000E+00	3.901547E-21	
1.423162E-05	4.257450E-06	7.651305E-07	1.563785E-20	1.822128E-22	
1.291713E-05	3.863138E-06	6.943175E-07	0.000000E+00	2.148401E-21	
1.259246E-05	3.765594E-06	6.768227E-07	0.000000E+00	1.277073E-22	
1.252272E-05	3.744444E-06	6.730567E-07	7.979811E-21	0.000000E+00	
