3.425969E-15	3.213079E-15	2.030265E-15	1.261927E-15	1.419660E-16	3.010643E-17	6.476051E-18	1.279041E-18	2.614052E-19	3.516075E-20	6.492200E-21	1.458375E-21	6.073423E-22	4.716831E-22	4.503452E-22	4.420815E-22	4.308962E-22	4.150948E-22	3.953320E-22	3.725956E-22	3.478483E-22	3.219504E-22	2.956388E-22	2.695233E-22	2.440898E-22	2.197101E-22	1.966537E-22	1.751015E-22	1.551598E-22	1.368739E-22	1.202404E-22	1.052187E-22	9.174072E-23	7.971897E-23	6.905377E-23	5.963859E-23	5.136449E-23	4.412344E-23	3.781086E-23	3.232728E-23	
3.426218E-15	3.213966E-15	2.043342E-15	1.270389E-15	1.419681E-16	3.010645E-17	6.476014E-18	1.278883E-18	2.656186E-19	3.516074E-20	6.492193E-21	1.458367E-21	6.073331E-22	4.716730E-22	4.503344E-22	4.420701E-22	4.308845E-22	4.150829E-22	3.953200E-22	3.725838E-22	3.478367E-22	3.219392E-22	2.956281E-22	2.695131E-22	2.440802E-22	2.197011E-22	1.966453E-22	1.750938E-22	1.551527E-22	1.368674E-22	1.202346E-22	1.052134E-22	9.173596E-23	7.971471E-23	6.904997E-23	5.963522E-23	5.136150E-23	4.412081E-23	3.780854E-23	3.232526E-23	
3.426249E-15	3.214076E-15	2.044974E-15	1.271434E-15	1.419683E-16	3.010644E-17	6.476004E-18	1.278776E-18	2.631105E-19	3.516074E-20	6.492192E-21	1.458366E-21	6.073320E-22	4.716718E-22	4.503331E-22	4.420687E-22	4.308831E-22	4.150815E-22	3.953186E-22	3.725823E-22	3.478353E-22	3.219378E-22	2.956268E-22	2.695118E-22	2.440790E-22	2.197000E-22	1.966443E-22	1.750928E-22	1.551519E-22	1.368667E-22	1.202338E-22	1.052128E-22	9.173537E-23	7.971419E-23	6.904951E-23	5.963481E-23	5.136114E-23	4.412049E-23	3.780826E-23	3.232501E-23	
3.426284E-15	3.214201E-15	2.046815E-15	1.272608E-15	1.419686E-16	3.010645E-17	6.476019E-18	1.279056E-18	2.678701E-19	3.516074E-20	6.492191E-21	1.458365E-21	6.073308E-22	4.716704E-22	4.503316E-22	4.420672E-22	4.308815E-22	4.150799E-22	3.953169E-22	3.725807E-22	3.478337E-22	3.219363E-22	2.956253E-22	2.695104E-22	2.440777E-22	2.196987E-22	1.966431E-22	1.750918E-22	1.551509E-22	1.368658E-22	1.202330E-22	1.052121E-22	9.173472E-23	7.971361E-23	6.904899E-23	5.963435E-23	5.136073E-23	4.412013E-23	3.780795E-23	3.232473E-23	
3.426323E-15	3.214342E-15	2.048892E-15	1.273930E-15	1.419689E-16	3.010645E-17	6.475999E-18	1.278591E-18	2.655891E-19	3.516074E-20	6.492190E-21	1.458363E-21	6.073293E-22	4.716689E-22	4.503300E-22	4.420655E-22	4.308797E-22	4.150780E-22	3.953151E-22	3.725789E-22	3.478320E-22	3.219345E-22	2.956236E-22	2.695088E-22	2.440762E-22	2.196974E-22	1.966419E-22	1.750906E-22	1.551498E-22	1.368648E-22	1.202321E-22	1.052113E-22	9.173399E-23	7.971295E-23	6.904840E-23	5.963383E-23	5.136027E-23	4.411973E-23	3.780759E-23	3.232442E-23	
3.426368E-15	3.214501E-15	2.051238E-15	1.275418E-15	1.419692E-16	3.010645E-17	6.476002E-18	1.279236E-18	2.670864E-19	3.516074E-20	6.492189E-21	1.458362E-21	6.073278E-22	4.716671E-22	4.503281E-22	4.420635E-22	4.308777E-22	4.150760E-22	3.953130E-22	3.725769E-22	3.478300E-22	3.219326E-22	2.956218E-22	2.695071E-22	2.440745E-22	2.196958E-22	1.966404E-22	1.750893E-22	1.551486E-22	1.368637E-22	1.202311E-22	1.052103E-22	9.173317E-23	7.971222E-23	6.904775E-23	5.963325E-23	5.135976E-23	4.411927E-23	3.780719E-23	3.232407E-23	
3.426419E-15	3.214682E-15	2.053891E-15	1.277094E-15	1.419696E-16	3.010646E-17	6.475979E-18	1.278602E-18	2.659385E-19	3.516074E-20	6.492188E-21	1.458360E-21	6.073260E-22	4.716652E-22	4.503260E-22	4.420613E-22	4.308754E-22	4.150737E-22	3.953107E-22	3.725746E-22	3.478277E-22	3.219304E-22	2.956197E-22	2.695051E-22	2.440727E-22	2.196941E-22	1.966388E-22	1.750878E-22	1.551472E-22	1.368624E-22	1.202300E-22	1.052093E-22	9.173225E-23	7.971139E-23	6.904702E-23	5.963259E-23	5.135918E-23	4.411876E-23	3.780675E-23	3.232368E-23	
3.426476E-15	3.214885E-15	2.056892E-15	1.278983E-15	1.419701E-16	3.010646E-17	6.476046E-18	1.278620E-18	2.657978E-19	3.516074E-20	6.492186E-21	1.458359E-21	6.073240E-22	4.716630E-22	4.503237E-22	4.420589E-22	4.308729E-22	4.150711E-22	3.953081E-22	3.725720E-22	3.478252E-22	3.219280E-22	2.956174E-22	2.695029E-22	2.440706E-22	2.196921E-22	1.966370E-22	1.750861E-22	1.551457E-22	1.368610E-22	1.202287E-22	1.052082E-22	9.173122E-23	7.971047E-23	6.904619E-23	5.963186E-23	5.135854E-23	4.411819E-23	3.780624E-23	3.232324E-23	
3.426541E-15	3.215116E-15	2.060291E-15	1.281112E-15	1.419706E-16	3.010646E-17	6.476022E-18	1.278759E-18	2.645347E-19	3.516074E-20	6.492185E-21	1.458357E-21	6.073218E-22	4.716606E-22	4.503211E-22	4.420561E-22	4.308700E-22	4.150682E-22	3.953052E-22	3.725691E-22	3.478224E-22	3.219253E-22	2.956148E-22	2.695004E-22	2.440682E-22	2.196899E-22	1.966349E-22	1.750842E-22	1.551440E-22	1.368594E-22	1.202273E-22	1.052069E-22	9.173006E-23	7.970943E-23	6.904527E-23	5.963104E-23	5.135781E-23	4.411755E-23	3.780568E-23	3.232275E-23	
3.426614E-15	3.215378E-15	2.064147E-15	1.283513E-15	1.419711E-16	3.010647E-17	6.476029E-18	1.279167E-18	2.632060E-19	3.516073E-20	6.492183E-21	1.458355E-21	6.073193E-22	4.716578E-22	4.503181E-22	4.420530E-22	4.308668E-22	4.150649E-22	3.953020E-22	3.725659E-22	3.478192E-22	3.219222E-22	2.956118E-22	2.694976E-22	2.440656E-22	2.196875E-22	1.966327E-22	1.750821E-22	1.551420E-22	1.368577E-22	1.202257E-22	1.052054E-22	9.172876E-23	7.970827E-23	6.904423E-23	5.963012E-23	5.135700E-23	4.411683E-23	3.780505E-23	3.232219E-23	
3.426698E-15	3.215676E-15	2.068525E-15	1.286224E-15	1.419717E-16	3.010647E-17	6.475949E-18	1.278978E-18	2.628027E-19	3.516073E-20	6.492180E-21	1.458352E-21	6.073165E-22	4.716547E-22	4.503148E-22	4.420495E-22	4.308632E-22	4.150613E-22	3.952983E-22	3.725623E-22	3.478157E-22	3.219188E-22	2.956085E-22	2.694945E-22	2.440626E-22	2.196847E-22	1.966301E-22	1.750797E-22	1.551399E-22	1.368557E-22	1.202239E-22	1.052038E-22	9.172730E-23	7.970696E-23	6.904307E-23	5.962909E-23	5.135608E-23	4.411603E-23	3.780434E-23	3.232157E-23	
3.426793E-15	3.216015E-15	2.073506E-15	1.289285E-15	1.419724E-16	3.010648E-17	6.476012E-18	1.278741E-18	2.663385E-19	3.516073E-20	6.492178E-21	1.458349E-21	6.073133E-22	4.716513E-22	4.503111E-22	4.420456E-22	4.308592E-22	4.150572E-22	3.952942E-22	3.725582E-22	3.478117E-22	3.219149E-22	2.956048E-22	2.694910E-22	2.440593E-22	2.196816E-22	1.966272E-22	1.750771E-22	1.551374E-22	1.368535E-22	1.202219E-22	1.052020E-22	9.172567E-23	7.970550E-23	6.904176E-23	5.962793E-23	5.135506E-23	4.411512E-23	3.780355E-23	3.232088E-23	
3.426902E-15	3.216401E-15	2.079180E-15	1.292747E-15	1.419732E-16	3.010648E-17	6.475999E-18	1.279070E-18	2.683410E-19	3.516073E-20	6.492175E-21	1.458346E-21	6.073098E-22	4.716474E-22	4.503069E-22	4.420413E-22	4.308547E-22	4.150526E-22	3.952896E-22	3.725537E-22	3.478072E-22	3.219106E-22	2.956007E-22	2.694870E-22	2.440556E-22	2.196781E-22	1.966240E-22	1.750741E-22	1.551347E-22	1.368510E-22	1.202196E-22	1.051999E-22	9.172383E-23	7.970386E-23	6.904030E-23	5.962663E-23	5.135391E-23	4.411411E-23	3.780266E-23	3.232009E-23	
3.427026E-15	3.216842E-15	2.085660E-15	1.296664E-15	1.419741E-16	3.010649E-17	6.475934E-18	1.279004E-18	2.675878E-19	3.516073E-20	6.492172E-21	1.458343E-21	6.073058E-22	4.716431E-22	4.503023E-22	4.420364E-22	4.308496E-22	4.150474E-22	3.952844E-22	3.725485E-22	3.478022E-22	3.219057E-22	2.955960E-22	2.694826E-22	2.440514E-22	2.196742E-22	1.966204E-22	1.750707E-22	1.551316E-22	1.368482E-22	1.202171E-22	1.051977E-22	9.172177E-23	7.970201E-23	6.903866E-23	5.962517E-23	5.135261E-23	4.411297E-23	3.780165E-23	3.231922E-23	
3.427167E-15	3.217346E-15	2.093075E-15	1.301101E-15	1.419751E-16	3.010650E-17	6.475981E-18	1.279115E-18	2.681983E-19	3.516072E-20	6.492169E-21	1.458339E-21	6.073013E-22	4.716382E-22	4.502971E-22	4.420309E-22	4.308439E-22	4.150417E-22	3.952786E-22	3.725428E-22	3.477966E-22	3.219003E-22	2.955908E-22	2.694776E-22	2.440468E-22	2.196698E-22	1.966163E-22	1.750670E-22	1.551282E-22	1.368450E-22	1.202142E-22	1.051951E-22	9.171946E-23	7.969994E-23	6.903681E-23	5.962353E-23	5.135117E-23	4.411170E-23	3.780053E-23	3.231823E-23	
3.427330E-15	3.217926E-15	2.101583E-15	1.306134E-15	1.419761E-16	3.010651E-17	6.475888E-18	1.279005E-18	2.638905E-19	3.516072E-20	6.492165E-21	1.458334E-21	6.072963E-22	4.716327E-22	4.502912E-22	4.420247E-22	4.308376E-22	4.150352E-22	3.952721E-22	3.725363E-22	3.477903E-22	3.218942E-22	2.955850E-22	2.694721E-22	2.440415E-22	2.196649E-22	1.966117E-22	1.750628E-22	1.551243E-22	1.368415E-22	1.202110E-22	1.051922E-22	9.171686E-23	7.969762E-23	6.903474E-23	5.962170E-23	5.134954E-23	4.411026E-23	3.779927E-23	3.231713E-23	
3.427518E-15	3.218594E-15	2.111376E-15	1.311851E-15	1.419773E-16	3.010652E-17	6.475883E-18	1.279125E-18	2.617472E-19	3.516072E-20	6.492161E-21	1.458329E-21	6.072907E-22	4.716266E-22	4.502846E-22	4.420178E-22	4.308304E-22	4.150279E-22	3.952648E-22	3.725291E-22	3.477832E-22	3.218873E-22	2.955784E-22	2.694658E-22	2.440356E-22	2.196594E-22	1.966066E-22	1.750581E-22	1.551200E-22	1.368376E-22	1.202074E-22	1.051890E-22	9.171395E-23	7.969502E-23	6.903242E-23	5.961964E-23	5.134772E-23	4.410865E-23	3.779786E-23	3.231589E-23	
3.427735E-15	3.219365E-15	2.122686E-15	1.318354E-15	1.419787E-16	3.010653E-17	6.475872E-18	1.278471E-18	2.641898E-19	3.516071E-20	6.492156E-21	1.458323E-21	6.072844E-22	4.716197E-22	4.502772E-22	4.420100E-22	4.308224E-22	4.150197E-22	3.952566E-22	3.725210E-22	3.477753E-22	3.218796E-22	2.955710E-22	2.694588E-22	2.440290E-22	2.196532E-22	1.966009E-22	1.750528E-22	1.551151E-22	1.368331E-22	1.202034E-22	1.051853E-22	9.171069E-23	7.969210E-23	6.902982E-23	5.961732E-23	5.134567E-23	4.410685E-23	3.779627E-23	3.231450E-23	
3.427987E-15	3.220261E-15	2.135802E-15	1.325766E-15	1.419802E-16	3.010654E-17	6.475843E-18	1.278540E-18	2.649170E-19	3.516071E-20	6.492150E-21	1.458317E-21	6.072774E-22	4.716119E-22	4.502689E-22	4.420013E-22	4.308134E-22	4.150106E-22	3.952474E-22	3.725119E-22	3.477664E-22	3.218710E-22	2.955627E-22	2.694509E-22	2.440216E-22	2.196463E-22	1.965944E-22	1.750468E-22	1.551097E-22	1.368282E-22	1.201989E-22	1.051813E-22	9.170703E-23	7.968882E-23	6.902690E-23	5.961473E-23	5.134338E-23	4.410483E-23	3.779449E-23	3.231294E-23	
3.428281E-15	3.221306E-15	2.151084E-15	1.334230E-15	1.419819E-16	3.010656E-17	6.475807E-18	1.278822E-18	2.625154E-19	3.516070E-20	6.492144E-21	1.458310E-21	6.072695E-22	4.716032E-22	4.502596E-22	4.419915E-22	4.308033E-22	4.150003E-22	3.952371E-22	3.725017E-22	3.477564E-22	3.218613E-22	2.955534E-22	2.694421E-22	2.440133E-22	2.196385E-22	1.965872E-22	1.750401E-22	1.551035E-22	1.368226E-22	1.201938E-22	1.051767E-22	9.170292E-23	7.968514E-23	6.902362E-23	5.961182E-23	5.134080E-23	4.410256E-23	3.779250E-23	3.231119E-23	
3.428625E-15	3.222531E-15	2.168987E-15	1.343920E-15	1.419837E-16	3.010658E-17	6.475767E-18	1.279154E-18	2.652861E-19	3.516070E-20	6.492137E-21	1.458302E-21	6.072606E-22	4.715935E-22	4.502492E-22	4.419805E-22	4.307919E-22	4.149887E-22	3.952255E-22	3.724902E-22	3.477452E-22	3.218505E-22	2.955430E-22	2.694322E-22	2.440039E-22	2.196298E-22	1.965791E-22	1.750327E-22	1.550967E-22	1.368163E-22	1.201882E-22	1.051715E-22	9.169830E-23	7.968102E-23	6.901994E-23	5.960856E-23	5.133791E-23	4.410001E-23	3.779026E-23	3.230923E-23	
3.429032E-15	3.223978E-15	2.190100E-15	1.355043E-15	1.419858E-16	3.010661E-17	6.475744E-18	1.278681E-18	2.674198E-19	3.516069E-20	6.492130E-21	1.458293E-21	6.072506E-22	4.715826E-22	4.502375E-22	4.419682E-22	4.307792E-22	4.149758E-22	3.952125E-22	3.724774E-22	3.477326E-22	3.218383E-22	2.955313E-22	2.694211E-22	2.439935E-22	2.196200E-22	1.965700E-22	1.750243E-22	1.550890E-22	1.368093E-22	1.201818E-22	1.051658E-22	9.169313E-23	7.967639E-23	6.901582E-23	5.960489E-23	5.133467E-23	4.409715E-23	3.778775E-23	3.230703E-23	
3.429517E-15	3.225702E-15	2.215196E-15	1.367857E-15	1.419881E-16	3.010664E-17	6.475680E-18	1.279034E-18	2.644761E-19	3.516068E-20	6.492121E-21	1.458283E-21	6.072394E-22	4.715703E-22	4.502243E-22	4.419544E-22	4.307649E-22	4.149613E-22	3.951980E-22	3.724629E-22	3.477185E-22	3.218246E-22	2.955182E-22	2.694086E-22	2.439817E-22	2.196090E-22	1.965598E-22	1.750148E-22	1.550803E-22	1.368014E-22	1.201746E-22	1.051593E-22	9.168733E-23	7.967119E-23	6.901119E-23	5.960078E-23	5.133104E-23	4.409394E-23	3.778493E-23	3.230456E-23	
3.430101E-15	3.227775E-15	2.245339E-15	1.382691E-15	1.419907E-16	3.010668E-17	6.475681E-18	1.278993E-18	2.663471E-19	3.516067E-20	6.492111E-21	1.458272E-21	6.072269E-22	4.715566E-22	4.502096E-22	4.419389E-22	4.307489E-22	4.149450E-22	3.951816E-22	3.724468E-22	3.477026E-22	3.218093E-22	2.955035E-22	2.693946E-22	2.439685E-22	2.195967E-22	1.965483E-22	1.750043E-22	1.550706E-22	1.367925E-22	1.201666E-22	1.051521E-22	9.168081E-23	7.966536E-23	6.900599E-23	5.959617E-23	5.132696E-23	4.409035E-23	3.778177E-23	3.230179E-23	
3.430816E-15	3.230312E-15	2.282124E-15	1.400019E-15	1.419936E-16	3.010675E-17	6.475578E-18	1.278471E-18	2.626157E-19	3.516067E-20	6.492101E-21	1.458260E-21	6.072128E-22	4.715411E-22	4.501930E-22	4.419215E-22	4.307309E-22	4.149267E-22	3.951633E-22	3.724286E-22	3.476848E-22	3.217920E-22	2.954870E-22	2.693790E-22	2.439537E-22	2.195828E-22	1.965355E-22	1.749924E-22	1.550598E-22	1.367826E-22	1.201576E-22	1.051440E-22	9.167351E-23	7.965883E-23	6.900016E-23	5.959100E-23	5.132238E-23	4.408631E-23	3.777822E-23	3.229868E-23	
3.431720E-15	3.233519E-15	2.328489E-15	1.420734E-15	1.419972E-16	3.010687E-17	6.475562E-18	1.278996E-18	2.671821E-19	3.516066E-20	6.492088E-21	1.458246E-21	6.071970E-22	4.715238E-22	4.501745E-22	4.419020E-22	4.307108E-22	4.149062E-22	3.951427E-22	3.724082E-22	3.476649E-22	3.217727E-22	2.954685E-22	2.693613E-22	2.439371E-22	2.195673E-22	1.965210E-22	1.749791E-22	1.550475E-22	1.367715E-22	1.201475E-22	1.051348E-22	9.166531E-23	7.965149E-23	6.899363E-23	5.958519E-23	5.131724E-23	4.408178E-23	3.777424E-23	3.229519E-23	
3.432966E-15	3.237937E-15	2.392185E-15	1.447329E-15	1.420033E-16	3.010724E-17	6.475611E-18	1.279185E-18	2.622348E-19	3.516064E-20	6.492075E-21	1.458230E-21	6.071792E-22	4.715044E-22	4.501536E-22	4.418801E-22	4.306881E-22	4.148832E-22	3.951196E-22	3.723854E-22	3.476425E-22	3.217511E-22	2.954477E-22	2.693416E-22	2.439185E-22	2.195499E-22	1.965049E-22	1.749642E-22	1.550338E-22	1.367590E-22	1.201362E-22	1.051246E-22	9.165611E-23	7.964326E-23	6.898629E-23	5.957868E-23	5.131148E-23	4.407670E-23	3.776977E-23	3.229127E-23	
3.414031E-15	3.170369E-15	1.384235E-15	4.301437E-16	1.103597E-16	2.506530E-17	5.234170E-18	1.028143E-18	1.929652E-19	3.516063E-20	6.492059E-21	1.458212E-21	6.071593E-22	4.714826E-22	4.501303E-22	4.418555E-22	4.306628E-22	4.148574E-22	3.950937E-22	3.723597E-22	3.476174E-22	3.217268E-22	2.954244E-22	2.693194E-22	2.438976E-22	2.195303E-22	1.964867E-22	1.749474E-22	1.550185E-22	1.367450E-22	1.201234E-22	1.051131E-22	9.164579E-23	7.963403E-23	6.897806E-23	5.957137E-23	5.130502E-23	4.407100E-23	3.776476E-23	3.228688E-23	
3.436328E-15	3.249877E-15	2.564220E-15	1.510132E-15	1.420431E-16	3.011128E-17	6.477196E-18	1.279465E-18	2.680387E-19	3.516062E-20	6.492042E-21	1.458192E-21	6.071370E-22	4.714581E-22	4.501041E-22	4.418280E-22	4.306343E-22	4.148284E-22	3.950647E-22	3.723309E-22	3.475892E-22	3.216995E-22	2.953982E-22	2.692946E-22	2.438742E-22	2.195084E-22	1.964663E-22	1.749286E-22	1.550012E-22	1.367293E-22	1.201092E-22	1.051002E-22	9.163422E-23	7.962367E-23	6.896883E-23	5.956317E-23	5.129776E-23	4.406460E-23	3.775914E-23	3.228196E-23	
3.446435E-15	3.285625E-15	3.067851E-15	1.641094E-15	1.421239E-16	3.012017E-17	6.480653E-18	1.279589E-18	2.621673E-19	3.516060E-20	6.492023E-21	1.458170E-21	6.071120E-22	4.714307E-22	4.500746E-22	4.417970E-22	4.306023E-22	4.147959E-22	3.950321E-22	3.722986E-22	3.475576E-22	3.216689E-22	2.953689E-22	2.692667E-22	2.438479E-22	2.194838E-22	1.964435E-22	1.749075E-22	1.549819E-22	1.367116E-22	1.200932E-22	1.050858E-22	9.162123E-23	7.961205E-23	6.895847E-23	5.955398E-23	5.128963E-23	4.405743E-23	3.775283E-23	3.227643E-23	
3.488699E-15	3.431923E-15	4.941188E-15	1.853272E-15	1.421495E-16	3.012944E-17	6.480085E-18	1.280322E-18	2.615613E-19	3.516058E-20	6.492001E-21	1.458145E-21	6.070839E-22	4.713999E-22	4.500416E-22	4.417623E-22	4.305665E-22	4.147594E-22	3.949955E-22	3.722624E-22	3.475222E-22	3.216345E-22	2.953359E-22	2.692354E-22	2.438184E-22	2.194562E-22	1.964179E-22	1.748839E-22	1.549602E-22	1.366918E-22	1.200752E-22	1.050696E-22	9.160666E-23	7.959901E-23	6.894685E-23	5.954366E-23	5.128050E-23	4.404938E-23	3.774576E-23	3.227023E-23	
3.616645E-15	3.848734E-15	9.102715E-15	1.984028E-15	1.421004E-16	3.014975E-17	6.475023E-18	1.281897E-18	2.614401E-19	3.516056E-20	6.491977E-21	1.458117E-21	6.070523E-22	4.713654E-22	4.500046E-22	4.417234E-22	4.305263E-22	4.147185E-22	3.949545E-22	3.722218E-22	3.474824E-22	3.215960E-22	2.952990E-22	2.692003E-22	2.437853E-22	2.194252E-22	1.963891E-22	1.748573E-22	1.549359E-22	1.366696E-22	1.200551E-22	1.050514E-22	9.159032E-23	7.958438E-23	6.893382E-23	5.953209E-23	5.127026E-23	4.404035E-23	3.773782E-23	3.226327E-23	
3.912344E-15	4.691367E-15	1.452246E-14	2.033886E-15	1.419569E-16	3.018995E-17	6.463441E-18	1.284331E-18	2.670290E-19	3.516054E-20	6.491950E-21	1.458085E-21	6.070170E-22	4.713266E-22	4.499631E-22	4.416797E-22	4.304811E-22	4.146726E-22	3.949084E-22	3.721762E-22	3.474378E-22	3.215528E-22	2.952576E-22	2.691609E-22	2.437482E-22	2.193905E-22	1.963568E-22	1.748275E-22	1.549085E-22	1.366447E-22	1.200325E-22	1.050310E-22	9.157198E-23	7.956797E-23	6.891919E-23	5.951910E-23	5.125877E-23	4.403023E-23	3.772892E-23	3.225547E-23	
4.341342E-15	5.672301E-15	1.800977E-14	2.035143E-15	1.409315E-16	3.008824E-17	6.389787E-18	1.275013E-18	2.587059E-19	3.516051E-20	6.491919E-21	1.458050E-21	6.069773E-22	4.712832E-22	4.499165E-22	4.416307E-22	4.304305E-22	4.146211E-22	3.948568E-22	3.721250E-22	3.473877E-22	3.215043E-22	2.952111E-22	2.691167E-22	2.437065E-22	2.193515E-22	1.963206E-22	1.747941E-22	1.548779E-22	1.366168E-22	1.200071E-22	1.050081E-22	9.155141E-23	7.954957E-23	6.890279E-23	5.950454E-23	5.124589E-23	4.401886E-23	3.771893E-23	3.224672E-23	
5.171042E-15	7.238069E-15	2.268728E-14	2.060872E-15	1.414089E-16	3.029435E-17	6.424569E-18	1.290641E-18	2.592815E-19	3.516048E-20	6.491885E-21	1.458010E-21	6.069328E-22	4.712344E-22	4.498642E-22	4.415758E-22	4.303737E-22	4.145633E-22	3.947988E-22	3.720677E-22	3.473316E-22	3.214499E-22	2.951589E-22	2.690671E-22	2.436598E-22	2.193078E-22	1.962800E-22	1.747567E-22	1.548435E-22	1.365854E-22	1.199787E-22	1.049824E-22	9.152833E-23	7.952892E-23	6.888439E-23	5.948820E-23	5.123143E-23	4.400612E-23	3.770773E-23	3.223690E-23	
6.054774E-15	8.535590E-15	2.534750E-14	2.069646E-15	1.411681E-16	3.034011E-17	6.408572E-18	1.293468E-18	2.647952E-19	3.516045E-20	6.491846E-21	1.457966E-21	6.068828E-22	4.711797E-22	4.498055E-22	4.415141E-22	4.303100E-22	4.144985E-22	3.947338E-22	3.720033E-22	3.472686E-22	3.213889E-22	2.951004E-22	2.690115E-22	2.436074E-22	2.192588E-22	1.962345E-22	1.747146E-22	1.548050E-22	1.365502E-22	1.199468E-22	1.049536E-22	9.150245E-23	7.950576E-23	6.886375E-23	5.946988E-23	5.121522E-23	4.399182E-23	3.769516E-23	3.222589E-23	
6.906993E-15	9.595278E-15	2.725230E-14	2.078596E-15	1.410151E-16	3.037609E-17	6.399052E-18	1.296361E-18	2.606887E-19	3.516042E-20	6.491803E-21	1.457916E-21	6.068268E-22	4.711183E-22	4.497397E-22	4.414449E-22	4.302385E-22	4.144258E-22	3.946609E-22	3.719311E-22	3.471979E-22	3.213205E-22	2.950347E-22	2.689491E-22	2.435486E-22	2.192038E-22	1.961834E-22	1.746675E-22	1.547617E-22	1.365108E-22	1.199110E-22	1.049213E-22	9.147341E-23	7.947978E-23	6.884059E-23	5.944932E-23	5.119704E-23	4.397579E-23	3.768107E-23	3.221354E-23	
7.681945E-15	1.044698E-14	2.865531E-14	2.086769E-15	1.409043E-16	3.040059E-17	6.392536E-18	1.297811E-18	2.600592E-19	3.516038E-20	6.491755E-21	1.457860E-21	6.067639E-22	4.710494E-22	4.496659E-22	4.413673E-22	4.301583E-22	4.143442E-22	3.945791E-22	3.718500E-22	3.471186E-22	3.212437E-22	2.949611E-22	2.688791E-22	2.434826E-22	2.191421E-22	1.961261E-22	1.746146E-22	1.547132E-22	1.364666E-22	1.198708E-22	1.048851E-22	9.144085E-23	7.945064E-23	6.881462E-23	5.942626E-23	5.117664E-23	4.395780E-23	3.766526E-23	3.219968E-23	
8.392767E-15	1.115919E-14	2.977078E-14	2.094479E-15	1.408299E-16	3.042066E-17	6.388605E-18	1.299094E-18	2.629477E-19	3.516033E-20	6.491700E-21	1.457797E-21	6.066934E-22	4.709721E-22	4.495831E-22	4.412802E-22	4.300683E-22	4.142527E-22	3.944873E-22	3.717592E-22	3.470296E-22	3.211575E-22	2.948785E-22	2.688006E-22	2.434086E-22	2.190728E-22	1.960618E-22	1.745553E-22	1.546588E-22	1.364169E-22	1.198258E-22	1.048444E-22	9.140432E-23	7.941795E-23	6.878549E-23	5.940040E-23	5.115376E-23	4.393763E-23	3.764753E-23	3.218414E-23	
9.045534E-15	1.176573E-14	3.068271E-14	2.101522E-15	1.407750E-16	3.043659E-17	6.385809E-18	1.299599E-18	2.589318E-19	3.516028E-20	6.491639E-21	1.457727E-21	6.066143E-22	4.708854E-22	4.494901E-22	4.411825E-22	4.299674E-22	4.141500E-22	3.943843E-22	3.716572E-22	3.469298E-22	3.210609E-22	2.947858E-22	2.687125E-22	2.433256E-22	2.189952E-22	1.959896E-22	1.744887E-22	1.545977E-22	1.363613E-22	1.197753E-22	1.047988E-22	9.136334E-23	7.938129E-23	6.875282E-23	5.937139E-23	5.112810E-23	4.391501E-23	3.762764E-23	3.216672E-23	
9.659547E-15	1.230113E-14	3.146202E-14	2.108055E-15	1.407322E-16	3.044976E-17	6.383817E-18	1.300738E-18	2.585680E-19	3.516022E-20	6.491571E-21	1.457648E-21	6.065255E-22	4.707882E-22	4.493859E-22	4.410729E-22	4.298542E-22	4.140349E-22	3.942688E-22	3.715428E-22	3.468179E-22	3.209525E-22	2.946819E-22	2.686138E-22	2.432325E-22	2.189081E-22	1.959087E-22	1.744141E-22	1.545293E-22	1.362988E-22	1.197187E-22	1.047477E-22	9.131739E-23	7.934017E-23	6.871618E-23	5.933887E-23	5.109932E-23	4.388963E-23	3.760534E-23	3.214718E-23	
1.025323E-14	1.279039E-14	3.215378E-14	2.114221E-15	1.406961E-16	3.046074E-17	6.382292E-18	1.301294E-18	2.628606E-19	3.516016E-20	6.491494E-21	1.457559E-21	6.064259E-22	4.706791E-22	4.492690E-22	4.409500E-22	4.297272E-22	4.139057E-22	3.941392E-22	3.714145E-22	3.466923E-22	3.208309E-22	2.945653E-22	2.685030E-22	2.431280E-22	2.188104E-22	1.958180E-22	1.743303E-22	1.544525E-22	1.362288E-22	1.196551E-22	1.046903E-22	9.126586E-23	7.929406E-23	6.867509E-23	5.930239E-23	5.106705E-23	4.386118E-23	3.758034E-23	3.212526E-23	
1.084705E-14	1.325509E-14	3.279511E-14	2.120247E-15	1.406652E-16	3.047050E-17	6.381004E-18	1.302253E-18	2.638660E-19	3.516009E-20	6.491408E-21	1.457460E-21	6.063142E-22	4.705567E-22	4.491378E-22	4.408121E-22	4.295847E-22	4.137607E-22	3.939939E-22	3.712706E-22	3.465515E-22	3.206946E-22	2.944345E-22	2.683787E-22	2.430109E-22	2.187009E-22	1.957163E-22	1.742364E-22	1.543664E-22	1.361503E-22	1.195839E-22	1.046260E-22	9.120807E-23	7.924236E-23	6.862901E-23	5.926148E-23	5.103087E-23	4.382928E-23	3.755230E-23	3.210069E-23	
1.146107E-14	1.371260E-14	3.341424E-14	2.126354E-15	1.406391E-16	3.047992E-17	6.380031E-18	1.302060E-18	2.579020E-19	3.516000E-20	6.491311E-21	1.457348E-21	6.061889E-22	4.704194E-22	4.489906E-22	4.406574E-22	4.294249E-22	4.135982E-22	3.938309E-22	3.711092E-22	3.463935E-22	3.205416E-22	2.942879E-22	2.682393E-22	2.428795E-22	2.185780E-22	1.956021E-22	1.741311E-22	1.542698E-22	1.360622E-22	1.195040E-22	1.045539E-22	9.114326E-23	7.918438E-23	6.857735E-23	5.921561E-23	5.099029E-23	4.379351E-23	3.752086E-23	3.207314E-23	
1.210839E-14	1.417184E-14	3.402317E-14	2.132610E-15	1.406159E-16	3.048889E-17	6.379275E-18	1.303308E-18	2.592319E-19	3.515991E-20	6.491203E-21	1.457223E-21	6.060483E-22	4.702654E-22	4.488256E-22	4.404839E-22	4.292456E-22	4.134159E-22	3.936480E-22	3.709282E-22	3.462164E-22	3.203701E-22	2.941234E-22	2.680830E-22	2.427322E-22	2.184402E-22	1.954742E-22	1.740131E-22	1.541615E-22	1.359634E-22	1.194144E-22	1.044730E-22	9.107060E-23	7.911937E-23	6.851942E-23	5.916419E-23	5.094480E-23	4.375340E-23	3.748561E-23	3.204225E-23	
1.280184E-14	1.463994E-14	3.463135E-14	2.139090E-15	1.405947E-16	3.049747E-17	6.378674E-18	1.303153E-18	2.610417E-19	3.515981E-20	6.491081E-21	1.457082E-21	6.058906E-22	4.700926E-22	4.486404E-22	4.402893E-22	4.290446E-22	4.132114E-22	3.934430E-22	3.707252E-22	3.460177E-22	3.201777E-22	2.939389E-22	2.679077E-22	2.425670E-22	2.182857E-22	1.953307E-22	1.738806E-22	1.540401E-22	1.358527E-22	1.193140E-22	1.043824E-22	9.098913E-23	7.904648E-23	6.845447E-23	5.910653E-23	5.089381E-23	4.370844E-23	3.744610E-23	3.200763E-23	
1.355434E-14	1.512258E-14	3.524603E-14	2.145862E-15	1.405752E-16	3.050572E-17	6.378268E-18	1.304320E-18	2.634547E-19	3.515970E-20	6.490945E-21	1.456925E-21	6.057137E-22	4.698989E-22	4.484328E-22	4.400710E-22	4.288191E-22	4.129820E-22	3.932130E-22	3.704975E-22	3.457949E-22	3.199619E-22	2.937321E-22	2.677111E-22	2.423818E-22	2.181124E-22	1.951697E-22	1.737322E-22	1.539039E-22	1.357285E-22	1.192013E-22	1.042807E-22	9.089780E-23	7.896477E-23	6.838166E-23	5.904191E-23	5.083664E-23	4.365805E-23	3.740181E-23	3.196883E-23	
1.437881E-14	1.562398E-14	3.587220E-14	2.152978E-15	1.405575E-16	3.051372E-17	6.377895E-18	1.304307E-18	2.636147E-19	3.515957E-20	6.490792E-21	1.456748E-21	6.055153E-22	4.696816E-22	4.481999E-22	4.398262E-22	4.285662E-22	4.127248E-22	3.929551E-22	3.702421E-22	3.455450E-22	3.197200E-22	2.935001E-22	2.674907E-22	2.421740E-22	2.179182E-22	1.949893E-22	1.735657E-22	1.537513E-22	1.355894E-22	1.190751E-22	1.041668E-22	9.079542E-23	7.887318E-23	6.830006E-23	5.896947E-23	5.077257E-23	4.360156E-23	3.735218E-23	3.192534E-23	
1.528854E-14	1.614719E-14	3.651299E-14	2.160474E-15	1.405415E-16	3.052149E-17	6.377692E-18	1.304659E-18	2.599079E-19	3.515943E-20	6.490620E-21	1.456550E-21	6.052928E-22	4.694378E-22	4.479387E-22	4.395517E-22	4.282826E-22	4.124364E-22	3.926658E-22	3.699558E-22	3.452648E-22	3.194488E-22	2.932400E-22	2.672436E-22	2.419412E-22	2.177004E-22	1.947871E-22	1.733792E-22	1.535802E-22	1.354334E-22	1.189336E-22	1.040390E-22	9.068067E-23	7.877053E-23	6.820860E-23	5.888829E-23	5.070077E-23	4.353827E-23	3.729655E-23	3.187660E-23	
1.629761E-14	1.669429E-14	3.717022E-14	2.168372E-15	1.405273E-16	3.052905E-17	6.377588E-18	1.305400E-18	2.578339E-19	3.515926E-20	6.490428E-21	1.456328E-21	6.050432E-22	4.691645E-22	4.476457E-22	4.392438E-22	4.279645E-22	4.121130E-22	3.923415E-22	3.696347E-22	3.449507E-22	3.191446E-22	2.929485E-22	2.669666E-22	2.416801E-22	2.174562E-22	1.945604E-22	1.731700E-22	1.533884E-22	1.352585E-22	1.187750E-22	1.038959E-22	9.055208E-23	7.865549E-23	6.810611E-23	5.879732E-23	5.062031E-23	4.346735E-23	3.723423E-23	3.182200E-23	
1.742128E-14	1.726659E-14	3.784459E-14	2.176681E-15	1.405150E-16	3.053637E-17	6.377599E-18	1.305864E-18	2.611321E-19	3.515908E-20	6.490212E-21	1.456078E-21	6.047633E-22	4.688579E-22	4.473172E-22	4.388985E-22	4.276079E-22	4.117503E-22	3.919779E-22	3.692748E-22	3.445985E-22	3.188037E-22	2.926216E-22	2.666560E-22	2.413875E-22	2.171826E-22	1.943063E-22	1.729356E-22	1.531735E-22	1.350625E-22	1.185973E-22	1.037355E-22	9.040798E-23	7.852660E-23	6.799127E-23	5.869540E-23	5.053017E-23	4.338790E-23	3.716442E-23	3.176084E-23	
1.867644E-14	1.786470E-14	3.853600E-14	2.185398E-15	1.405048E-16	3.054345E-17	6.377755E-18	1.306344E-18	2.596030E-19	3.515888E-20	6.489970E-21	1.455799E-21	6.044494E-22	4.685141E-22	4.469488E-22	4.385114E-22	4.272080E-22	4.113437E-22	3.915702E-22	3.688712E-22	3.442037E-22	3.184215E-22	2.922552E-22	2.663080E-22	2.410595E-22	2.168759E-22	1.940215E-22	1.726729E-22	1.529327E-22	1.348430E-22	1.183981E-22	1.035558E-22	9.024655E-23	7.838220E-23	6.786264E-23	5.858124E-23	5.042921E-23	4.329891E-23	3.708624E-23	3.169235E-23	
2.008223E-14	1.848871E-14	3.924378E-14	2.194510E-15	1.404967E-16	3.055026E-17	6.377966E-18	1.306698E-18	2.643784E-19	3.515865E-20	6.489699E-21	1.455485E-21	6.040974E-22	4.681287E-22	4.465358E-22	4.380773E-22	4.267597E-22	4.108879E-22	3.911132E-22	3.684189E-22	3.437611E-22	3.179931E-22	2.918446E-22	2.659179E-22	2.406920E-22	2.165322E-22	1.937025E-22	1.723786E-22	1.526628E-22	1.345970E-22	1.181751E-22	1.033545E-22	9.006572E-23	7.822047E-23	6.771856E-23	5.845338E-23	5.031615E-23	4.319926E-23	3.699868E-23	3.161565E-23	
2.163590E-14	1.912813E-14	3.995261E-14	2.203822E-15	1.404890E-16	3.055590E-17	6.378239E-18	1.306213E-18	2.586559E-19	3.515840E-20	6.489394E-21	1.455134E-21	6.037028E-22	4.676965E-22	4.460727E-22	4.375907E-22	4.262572E-22	4.103769E-22	3.906010E-22	3.679119E-22	3.432651E-22	3.175131E-22	2.913845E-22	2.654808E-22	2.402802E-22	2.161472E-22	1.933450E-22	1.720489E-22	1.523606E-22	1.343214E-22	1.179252E-22	1.031290E-22	8.986321E-23	7.803936E-23	6.755724E-23	5.831022E-23	5.018956E-23	4.308770E-23	3.690067E-23	3.152980E-23	
2.340869E-14	1.980185E-14	4.068905E-14	2.213652E-15	1.404856E-16	3.056218E-17	6.378685E-18	1.306640E-18	2.608269E-19	3.515811E-20	6.489053E-21	1.454739E-21	6.032603E-22	4.672119E-22	4.455536E-22	4.370452E-22	4.256939E-22	4.098042E-22	3.900269E-22	3.673437E-22	3.427094E-22	3.169752E-22	2.908689E-22	2.649910E-22	2.398188E-22	2.157159E-22	1.929446E-22	1.716796E-22	1.520220E-22	1.340129E-22	1.176454E-22	1.028766E-22	8.963647E-23	7.783659E-23	6.737663E-23	5.814996E-23	5.004787E-23	4.296283E-23	3.679098E-23	3.143373E-23	
2.540749E-14	2.049857E-14	4.143673E-14	2.223783E-15	1.404845E-16	3.056812E-17	6.379347E-18	1.307304E-18	2.650809E-19	3.515779E-20	6.488670E-21	1.454297E-21	6.027642E-22	4.666688E-22	4.449717E-22	4.364338E-22	4.250626E-22	4.091624E-22	3.893836E-22	3.667071E-22	3.420866E-22	3.163725E-22	2.902914E-22	2.644425E-22	2.393021E-22	2.152328E-22	1.924962E-22	1.712661E-22	1.516430E-22	1.336674E-22	1.173322E-22	1.025940E-22	8.938267E-23	7.760964E-23	6.717451E-23	5.797063E-23	4.988931E-23	4.282312E-23	3.666826E-23	3.132624E-23	
2.766670E-14	2.121652E-14	4.219337E-14	2.234170E-15	1.404872E-16	3.057370E-17	6.380018E-18	1.306922E-18	2.640147E-19	3.515743E-20	6.488241E-21	1.453802E-21	6.022082E-22	4.660599E-22	4.443195E-22	4.357486E-22	4.243551E-22	4.084432E-22	3.886628E-22	3.659939E-22	3.413891E-22	3.156975E-22	2.896445E-22	2.638281E-22	2.387234E-22	2.146919E-22	1.919941E-22	1.708031E-22	1.512187E-22	1.332807E-22	1.169816E-22	1.022777E-22	8.909867E-23	7.735570E-23	6.694836E-23	5.777000E-23	4.971195E-23	4.266685E-23	3.653100E-23	3.120604E-23	
3.022730E-14	2.195361E-14	4.295651E-14	2.244764E-15	1.404904E-16	3.057890E-17	6.380759E-18	1.307464E-18	2.623353E-19	3.515703E-20	6.487760E-21	1.453247E-21	6.015849E-22	4.653776E-22	4.435887E-22	4.349808E-22	4.235624E-22	4.076376E-22	3.878553E-22	3.651950E-22	3.406078E-22	3.149415E-22	2.889202E-22	2.631403E-22	2.380756E-22	2.140864E-22	1.914322E-22	1.702850E-22	1.507438E-22	1.328480E-22	1.165893E-22	1.019239E-22	8.878097E-23	7.707166E-23	6.669544E-23	5.754563E-23	4.951362E-23	4.249212E-23	3.637755E-23	3.107168E-23	
3.313870E-14	2.270747E-14	4.372356E-14	2.255514E-15	1.404978E-16	3.058370E-17	6.381535E-18	1.307396E-18	2.591735E-19	3.515658E-20	6.487221E-21	1.452624E-21	6.008864E-22	4.646129E-22	4.427697E-22	4.341206E-22	4.226744E-22	4.067351E-22	3.869510E-22	3.643003E-22	3.397329E-22	3.140951E-22	2.881093E-22	2.623703E-22	2.373505E-22	2.134088E-22	1.908033E-22	1.697053E-22	1.502126E-22	1.323639E-22	1.161506E-22	1.015282E-22	8.842569E-23	7.675406E-23	6.641267E-23	5.729482E-23	4.929194E-23	4.229685E-23	3.620608E-23	3.092154E-23	
3.646114E-14	2.347551E-14	4.449189E-14	2.266366E-15	1.405041E-16	3.058810E-17	6.382423E-18	1.307981E-18	2.637311E-19	3.515607E-20	6.486617E-21	1.451927E-21	6.001037E-22	4.637562E-22	4.418523E-22	4.331571E-22	4.216798E-22	4.057244E-22	3.859384E-22	3.632986E-22	3.387535E-22	3.131477E-22	2.872017E-22	2.615086E-22	2.365391E-22	2.126506E-22	1.900999E-22	1.690568E-22	1.496185E-22	1.318226E-22	1.156601E-22	1.010858E-22	8.802858E-23	7.639911E-23	6.609668E-23	5.701457E-23	4.904428E-23	4.207871E-23	3.601454E-23	3.075387E-23	
4.026893E-14	2.425497E-14	4.525887E-14	2.277267E-15	1.405148E-16	3.059208E-17	6.383205E-18	1.308097E-18	2.593707E-19	3.515550E-20	6.485939E-21	1.451145E-21	5.992268E-22	4.627966E-22	4.408247E-22	4.320780E-22	4.205661E-22	4.045928E-22	3.848047E-22	3.621774E-22	3.376575E-22	3.120876E-22	2.861862E-22	2.605447E-22	2.356316E-22	2.118028E-22	1.893133E-22	1.683318E-22	1.489543E-22	1.312176E-22	1.151119E-22	1.005915E-22	8.758489E-23	7.600258E-23	6.574373E-23	5.670159E-23	4.876773E-23	4.183516E-23	3.580074E-23	3.056672E-23	
4.465489E-14	2.504295E-14	4.602188E-14	2.288165E-15	1.405255E-16	3.059563E-17	6.384060E-18	1.307573E-18	2.636821E-19	3.515487E-20	6.485181E-21	1.450269E-21	5.982446E-22	4.617217E-22	4.396740E-22	4.308697E-22	4.193193E-22	4.033262E-22	3.835360E-22	3.609227E-22	3.364311E-22	3.109016E-22	2.850505E-22	2.594668E-22	2.346170E-22	2.108549E-22	1.884341E-22	1.675216E-22	1.482122E-22	1.305417E-22	1.144995E-22	1.000394E-22	8.708944E-23	7.555987E-23	6.534972E-23	5.635227E-23	4.845911E-23	4.156342E-23	3.556221E-23	3.035797E-23	
4.973655E-14	2.583649E-14	4.677838E-14	2.299011E-15	1.405383E-16	3.059874E-17	6.384926E-18	1.307671E-18	2.628810E-19	3.515415E-20	6.484331E-21	1.449289E-21	5.971445E-22	4.605182E-22	4.383857E-22	4.295172E-22	4.179239E-22	4.019088E-22	3.821166E-22	3.595193E-22	3.350596E-22	3.095755E-22	2.837807E-22	2.582618E-22	2.334829E-22	2.097957E-22	1.874518E-22	1.666165E-22	1.473834E-22	1.297870E-22	1.138158E-22	9.942312E-23	8.653650E-23	7.506587E-23	6.491016E-23	5.596262E-23	4.811493E-23	4.126041E-23	3.529629E-23	3.012528E-23	
5.566476E-14	2.663255E-14	4.752590E-14	2.309757E-15	1.405529E-16	3.060142E-17	6.385712E-18	1.307818E-18	2.620722E-19	3.515335E-20	6.483379E-21	1.448190E-21	5.959129E-22	4.591708E-22	4.369437E-22	4.280037E-22	4.163627E-22	4.003233E-22	3.805290E-22	3.579499E-22	3.335262E-22	3.080932E-22	2.823617E-22	2.569155E-22	2.322161E-22	2.086128E-22	1.863549E-22	1.656061E-22	1.464582E-22	1.289447E-22	1.130530E-22	9.873568E-23	8.591981E-23	7.451503E-23	6.442012E-23	5.552830E-23	4.773138E-23	4.092282E-23	3.500007E-23	2.986614E-23	
6.263636E-14	2.742809E-14	4.826207E-14	2.320360E-15	1.405685E-16	3.061163E-17	6.386404E-18	1.307611E-18	2.586688E-19	3.515246E-20	6.482313E-21	1.446961E-21	5.945342E-22	4.576630E-22	4.353303E-22	4.263105E-22	4.146165E-22	3.985504E-22	3.787541E-22	3.561958E-22	3.318127E-22	3.064370E-22	2.807766E-22	2.554120E-22	2.308017E-22	2.072923E-22	1.851308E-22	1.644788E-22	1.454263E-22	1.280054E-22	1.122025E-22	9.796936E-23	8.523252E-23	7.390127E-23	6.387422E-23	5.504460E-23	4.730430E-23	4.054699E-23	3.467039E-23	2.957778E-23	
7.091240E-14	2.822001E-14	4.898460E-14	2.330782E-15	1.405840E-16	3.061070E-17	6.387128E-18	1.307583E-18	2.620000E-19	3.515146E-20	6.481119E-21	1.445584E-21	5.929914E-22	4.559760E-22	4.335256E-22	4.244171E-22	4.126642E-22	3.965686E-22	3.767708E-22	3.542361E-22	3.298988E-22	3.045877E-22	2.790071E-22	2.537339E-22	2.292235E-22	2.058193E-22	1.837656E-22	1.632218E-22	1.442759E-22	1.269586E-22	1.112549E-22	9.711582E-23	8.446720E-23	7.321799E-23	6.326665E-23	5.450639E-23	4.682922E-23	4.012903E-23	3.430383E-23	2.925726E-23	
8.084565E-14	2.900520E-14	4.969125E-14	2.340985E-15	1.406007E-16	3.061250E-17	6.387662E-18	1.307639E-18	2.633421E-19	3.515034E-20	6.479783E-21	1.444044E-21	5.912654E-22	4.540892E-22	4.315077E-22	4.223005E-22	4.104824E-22	3.943546E-22	3.745555E-22	3.520478E-22	3.277623E-22	3.025239E-22	2.770329E-22	2.518623E-22	2.274637E-22	2.041773E-22	1.822443E-22	1.618214E-22	1.429947E-22	1.257930E-22	1.102001E-22	9.616598E-23	8.361578E-23	7.245807E-23	6.259112E-23	5.390814E-23	4.630129E-23	3.966471E-23	3.389673E-23	2.890138E-23	
9.293535E-14	2.978109E-14	5.038044E-14	2.350945E-15	1.406180E-16	3.061353E-17	6.388185E-18	1.307527E-18	2.591031E-19	3.514908E-20	6.478289E-21	1.442322E-21	5.893354E-22	4.519799E-22	4.292524E-22	4.199356E-22	4.080454E-22	3.918823E-22	3.720826E-22	3.496058E-22	3.253789E-22	3.002223E-22	2.748318E-22	2.497763E-22	2.255030E-22	2.023483E-22	1.805503E-22	1.602626E-22	1.415691E-22	1.244965E-22	1.090272E-22	9.511005E-23	8.266957E-23	7.161380E-23	6.184085E-23	5.324392E-23	4.571533E-23	3.914951E-23	3.344517E-23	2.850676E-23	
1.081364E-13	3.055493E-14	5.105996E-14	2.360719E-15	1.406357E-16	3.061568E-17	6.388615E-18	1.306924E-18	2.631997E-19	3.514768E-20	6.476617E-21	1.440395E-21	5.871780E-22	4.496229E-22	4.267331E-22	4.172947E-22	4.053249E-22	3.891233E-22	3.693239E-22	3.468825E-22	3.227218E-22	2.976573E-22	2.723798E-22	2.474532E-22	2.233203E-22	2.003131E-22	1.786659E-22	1.585293E-22	1.399843E-22	1.230557E-22	1.077243E-22	9.393754E-23	8.161926E-23	7.067700E-23	6.100865E-23	5.250742E-23	4.506585E-23	3.857866E-23	3.294501E-23	2.806983E-23	
1.271532E-13	3.130579E-14	5.171060E-14	2.370130E-15	1.406534E-16	3.061706E-17	6.388809E-18	1.306737E-18	2.592652E-19	3.514611E-20	6.474749E-21	1.438243E-21	5.847676E-22	4.469903E-22	4.239202E-22	4.143473E-22	4.022897E-22	3.860463E-22	3.662484E-22	3.438477E-22	3.197619E-22	2.948012E-22	2.696506E-22	2.448687E-22	2.208928E-22	1.980505E-22	1.765718E-22	1.566038E-22	1.382246E-22	1.214566E-22	1.062787E-22	9.263721E-23	8.045493E-23	6.963892E-23	6.008684E-23	5.169196E-23	4.434702E-23	3.794712E-23	3.239190E-23	2.758684E-23	
1.517439E-13	3.203770E-14	5.233740E-14	2.379221E-15	1.406711E-16	3.061874E-17	6.388940E-18	1.306816E-18	2.641373E-19	3.514436E-20	6.472660E-21	1.435838E-21	5.820759E-22	4.440517E-22	4.207816E-22	4.110598E-22	3.989059E-22	3.826174E-22	3.628226E-22	3.404688E-22	3.164679E-22	2.916240E-22	2.666160E-22	2.419961E-22	2.181961E-22	1.955381E-22	1.742476E-22	1.544677E-22	1.362733E-22	1.196842E-22	1.046772E-22	9.119726E-23	7.916616E-23	6.849041E-23	5.906745E-23	5.079058E-23	4.355281E-23	3.724967E-23	3.178133E-23	2.705391E-23	
1.845258E-13	3.274750E-14	5.293846E-14	2.387974E-15	1.406888E-16	3.062037E-17	6.388911E-18	1.305666E-18	2.585582E-19	3.514240E-20	6.470328E-21	1.433152E-21	5.790718E-22	4.407735E-22	4.172820E-22	4.073960E-22	3.951363E-22	3.787995E-22	3.590101E-22	3.367102E-22	3.128056E-22	2.880934E-22	2.632455E-22	2.388073E-22	2.152039E-22	1.927518E-22	1.716714E-22	1.521013E-22	1.341127E-22	1.177226E-22	1.029057E-22	8.960527E-23	7.774205E-23	6.722194E-23	5.794215E-23	4.979606E-23	4.267697E-23	3.648093E-23	3.110871E-23	2.646711E-23	
2.299907E-13	3.343188E-14	5.351182E-14	2.396374E-15	1.407063E-16	3.062061E-17	6.393137E-18	1.306116E-18	2.576015E-19	3.514021E-20	6.467724E-21	1.430156E-21	5.757214E-22	4.371192E-22	4.133828E-22	4.033159E-22	3.909409E-22	3.745525E-22	3.547715E-22	3.325339E-22	3.087385E-22	2.841749E-22	2.595068E-22	2.352720E-22	2.118887E-22	1.896665E-22	1.688202E-22	1.494837E-22	1.317242E-22	1.155554E-22	1.009497E-22	8.784844E-23	7.617138E-23	6.582373E-23	5.670247E-23	4.870107E-23	4.171322E-23	3.563551E-23	3.036940E-23	2.582251E-23	
2.965176E-13	3.408743E-14	5.405544E-14	2.404405E-15	1.407231E-16	3.062032E-17	6.394322E-18	1.305413E-18	2.599933E-19	3.513776E-20	6.464818E-21	1.426815E-21	5.719875E-22	4.330489E-22	4.090423E-22	3.987767E-22	3.862761E-22	3.698334E-22	3.500645E-22	3.278990E-22	3.042278E-22	2.798315E-22	2.553655E-22	2.313586E-22	2.082211E-22	1.862555E-22	1.656702E-22	1.465937E-22	1.290888E-22	1.131657E-22	9.879413E-23	8.591370E-23	7.444277E-23	6.428591E-23	5.533989E-23	4.749831E-23	4.065529E-23	3.470806E-23	2.955890E-23	2.511629E-23	
3.979543E-13	3.469620E-14	5.455469E-14	2.411955E-15	1.407394E-16	3.061929E-17	6.399722E-18	1.304277E-18	2.617227E-19	3.513504E-20	6.461579E-21	1.423093E-21	5.678297E-22	4.285194E-22	4.042152E-22	3.937321E-22	3.810954E-22	3.645959E-22	3.448442E-22	3.227623E-22	2.992321E-22	2.750248E-22	2.507855E-22	2.270338E-22	2.041710E-22	1.824915E-22	1.621966E-22	1.434091E-22	1.261869E-22	1.105363E-22	9.642413E-23	8.378800E-23	7.254493E-23	6.259877E-23	5.384608E-23	4.618067E-23	3.949716E-23	3.369351E-23	2.867290E-23	2.434484E-23	
5.823079E-13	3.528456E-14	5.503359E-14	2.419218E-15	1.407553E-16	3.062053E-17	6.400946E-18	1.303636E-18	2.637821E-19	3.513200E-20	6.457971E-21	1.418949E-21	5.632044E-22	4.234841E-22	3.988531E-22	3.881325E-22	3.753492E-22	3.587912E-22	3.390630E-22	3.170783E-22	2.937087E-22	2.697144E-22	2.457298E-22	2.222637E-22	1.997074E-22	1.783465E-22	1.583747E-22	1.399081E-22	1.229992E-22	1.076503E-22	9.382498E-23	8.145868E-23	7.046699E-23	6.075304E-23	5.221319E-23	4.474152E-23	3.823325E-23	3.258720E-23	2.770756E-23	2.350499E-23	
9.866756E-13	3.583077E-14	5.547410E-14	2.426052E-15	1.407703E-16	3.061957E-17	6.394808E-18	1.302592E-18	2.596579E-19	3.512861E-20	6.453956E-21	1.414340E-21	5.580645E-22	4.178932E-22	3.929041E-22	3.819253E-22	3.689850E-22	3.523678E-22	3.326713E-22	3.107996E-22	2.876128E-22	2.638591E-22	2.401604E-22	2.170137E-22	1.947993E-22	1.737930E-22	1.541799E-22	1.360689E-22	1.195069E-22	1.044914E-22	9.098270E-23	7.891381E-23	6.819885E-23	5.874022E-23	5.043411E-23	4.317497E-23	3.685872E-23	3.138515E-23	2.665965E-23	2.259413E-23	
2.527420E-12	3.633363E-14	5.587614E-14	2.432459E-15	1.407842E-16	3.061774E-17	6.399853E-18	1.301667E-18	2.576262E-19	3.512485E-20	6.449492E-21	1.409221E-21	5.523597E-22	4.116934E-22	3.863135E-22	3.750551E-22	3.619478E-22	3.452722E-22	3.256179E-22	3.038777E-22	2.808994E-22	2.574171E-22	2.340392E-22	2.112495E-22	1.894160E-22	1.688038E-22	1.495885E-22	1.318712E-22	1.156924E-22	1.010446E-22	8.788464E-23	7.614281E-23	6.573174E-23	5.655307E-23	4.850296E-23	4.147627E-23	3.536977E-23	3.008440E-23	2.552684E-23	2.161049E-23	
-7.521605E-12	3.678627E-14	5.623471E-14	2.438399E-15	1.407966E-16	3.061671E-17	6.396276E-18	1.300566E-18	2.571388E-19	3.512066E-20	6.444534E-21	1.403541E-21	5.460367E-22	4.048288E-22	3.790237E-22	3.674644E-22	3.541811E-22	3.374497E-22	3.178504E-22	2.962640E-22	2.735233E-22	2.503475E-22	2.273294E-22	2.049383E-22	1.835288E-22	1.633539E-22	1.445790E-22	1.272966E-22	1.115402E-22	9.729715E-23	8.452019E-23	7.313705E-23	6.305873E-23	5.418617E-23	4.641553E-23	3.964223E-23	3.376406E-23	2.868327E-23	2.430804E-23	2.055341E-23	
-1.750972E-12	3.718329E-14	5.654602E-14	2.443838E-15	1.408069E-16	3.061407E-17	6.397629E-18	1.299783E-18	2.551565E-19	3.511601E-20	6.439035E-21	1.397248E-21	5.390394E-22	3.972409E-22	3.709754E-22	3.590939E-22	3.456271E-22	3.288451E-22	3.093173E-22	2.879103E-22	2.654408E-22	2.426109E-22	2.199962E-22	1.980497E-22	1.771114E-22	1.574210E-22	1.391327E-22	1.223297E-22	1.070379E-22	9.323904E-23	8.088166E-23	6.989070E-23	6.017557E-23	5.163654E-23	4.416988E-23	3.767178E-23	3.204119E-23	2.718186E-23	2.300372E-23	1.942363E-23	
-1.091052E-12	3.751886E-14	5.680577E-14	2.448733E-15	1.408146E-16	3.061166E-17	6.397050E-18	1.297791E-18	2.574484E-19	3.511086E-20	6.432946E-21	1.390288E-21	5.313098E-22	3.888697E-22	3.621082E-22	3.498843E-22	3.362288E-22	3.194045E-22	2.999686E-22	2.787714E-22	2.566115E-22	2.341717E-22	2.120087E-22	1.905577E-22	1.701422E-22	1.509875E-22	1.332356E-22	1.169596E-22	1.021774E-22	8.886455E-23	7.696529E-23	6.640166E-23	5.708146E-23	4.890441E-23	4.176707E-23	3.556653E-23	3.020317E-23	2.558248E-23	2.161633E-23	1.822366E-23	
-8.577542E-13	3.778665E-14	5.700906E-14	2.453027E-15	1.408185E-16	3.060768E-17	6.400659E-18	1.297813E-18	2.600298E-19	3.510516E-20	6.426215E-21	1.382604E-21	5.227882E-22	3.796544E-22	3.523616E-22	3.397772E-22	3.259307E-22	3.090766E-22	2.897577E-22	2.688060E-22	2.469995E-22	2.249996E-22	2.033421E-22	1.824421E-22	1.626055E-22	1.440418E-22	1.268797E-22	1.111814E-22	9.695623E-23	8.417338E-23	7.277243E-23	6.267255E-23	5.377998E-23	4.599405E-23	3.921177E-23	3.333143E-23	2.825503E-23	2.389009E-23	2.015070E-23	1.695813E-23	
-7.593516E-13	3.798183E-14	5.715194E-14	2.456662E-15	1.408175E-16	3.060192E-17	6.399188E-18	1.314245E-18	2.573780E-19	3.509885E-20	6.418787E-21	1.374139E-21	5.134150E-22	3.695351E-22	3.416773E-22	3.287169E-22	3.146816E-22	2.978153E-22	2.786443E-22	2.579799E-22	2.365767E-22	2.150723E-22	1.939794E-22	1.736913E-22	1.544942E-22	1.365807E-22	1.200650E-22	1.049978E-22	9.137940E-23	7.917210E-23	6.831085E-23	5.871194E-23	5.028018E-23	4.291468E-23	3.651319E-23	3.097543E-23	2.620538E-23	2.211286E-23	1.861448E-23	1.563413E-23	
-7.371317E-13	3.809191E-14	5.722363E-14	2.459505E-15	1.408092E-16	3.059435E-17	6.396976E-18	1.316245E-18	2.577208E-19	3.509190E-20	6.410609E-21	1.364834E-21	5.031320E-22	3.584546E-22	3.300008E-22	3.166535E-22	3.024369E-22	2.855825E-22	2.665972E-22	2.462685E-22	2.253253E-22	2.043786E-22	1.839152E-22	1.643048E-22	1.458122E-22	1.286116E-22	1.128020E-22	9.842156E-23	8.546104E-23	7.387588E-23	6.359627E-23	5.453567E-23	4.659769E-23	3.968147E-23	3.368583E-23	2.851225E-23	2.406704E-23	2.026266E-23	1.701858E-23	1.426160E-23	
-7.775419E-13	3.811591E-14	5.722246E-14	2.461483E-15	1.407916E-16	3.058364E-17	6.396949E-18	1.301672E-18	2.537384E-19	3.508425E-20	6.401627E-21	1.354636E-21	4.918844E-22	3.463606E-22	3.172842E-22	3.035451E-22	2.891620E-22	2.723511E-22	2.535971E-22	2.336606E-22	2.132414E-22	1.929210E-22	1.731580E-22	1.542961E-22	1.365771E-22	1.201553E-22	1.051135E-22	9.147686E-23	7.922623E-23	6.830996E-23	5.865358E-23	5.016791E-23	4.275563E-23	3.631629E-23	3.075014E-23	2.596085E-23	2.185743E-23	1.835538E-23	1.537738E-23	1.285350E-23	
-9.171821E-13	3.804174E-14	5.713667E-14	2.462404E-15	1.407606E-16	3.056888E-17	6.393418E-18	1.306781E-18	2.541111E-19	3.507586E-20	6.391790E-21	1.343493E-21	4.796235E-22	3.332092E-22	3.034904E-22	2.893625E-22	2.748364E-22	2.581100E-22	2.396421E-22	2.201628E-22	2.003394E-22	1.807208E-22	1.617348E-22	1.436967E-22	1.268235E-22	1.112488E-22	9.703780E-23	8.420234E-23	7.271320E-23	6.251158E-23	5.351852E-23	4.564255E-23	3.878581E-23	3.284870E-23	2.773335E-23	2.334610E-23	1.959911E-23	1.641135E-23	1.370909E-23	1.142601E-23	
-1.319282E-12	3.786169E-14	5.695711E-14	2.462057E-15	1.407111E-16	3.054829E-17	6.389323E-18	1.308921E-18	2.520679E-19	3.506667E-20	6.381053E-21	1.331360E-21	4.663100E-22	3.189681E-22	2.885961E-22	2.740928E-22	2.594581E-22	2.428680E-22	2.247513E-22	2.058036E-22	1.866559E-22	1.678214E-22	1.496940E-22	1.325588E-22	1.166062E-22	1.019475E-22	8.863038E-23	7.665253E-23	6.597463E-23	5.653100E-23	4.823852E-23	4.100387E-23	3.472916E-23	2.931620E-23	2.466958E-23	2.069882E-23	1.731973E-23	1.445521E-23	1.203556E-23	9.998439E-24	
-3.392826E-12	3.758222E-14	5.668590E-14	2.460308E-15	1.406379E-16	3.052017E-17	6.382168E-18	1.306706E-18	2.494003E-19	3.505666E-20	6.369376E-21	1.318205E-21	4.519181E-22	3.036222E-22	2.725981E-22	2.577456E-22	2.430498E-22	2.266602E-22	2.089711E-22	1.906393E-22	1.722553E-22	1.542933E-22	1.371105E-22	1.209596E-22	1.060031E-22	9.232908E-23	7.996678E-23	6.890002E-23	5.907949E-23	5.043296E-23	4.287372E-23	3.630723E-23	3.063624E-23	2.576461E-23	2.160002E-23	1.805579E-23	1.505196E-23	1.251583E-23	1.038214E-23	8.592914E-24	
2.919419E-12	3.717597E-14	5.629388E-14	2.456607E-15	1.405284E-16	3.048008E-17	6.373282E-18	1.298168E-18	2.476454E-19	3.504577E-20	6.356732E-21	1.304008E-21	4.364408E-22	2.871782E-22	2.555185E-22	2.403587E-22	2.256645E-22	2.095536E-22	1.923807E-22	1.747589E-22	1.572343E-22	1.402381E-22	1.240888E-22	1.090043E-22	9.511796E-23	8.249422E-23	7.114364E-23	6.103629E-23	5.211334E-23	4.429672E-23	3.749686E-23	3.161879E-23	2.656672E-23	2.224736E-23	1.857222E-23	1.545907E-23	1.283274E-23	1.062547E-23	8.776885E-24	7.233719E-24	
8.815886E-13	3.666261E-14	5.579277E-14	2.450774E-15	1.403753E-16	3.042535E-17	6.358583E-18	1.297930E-18	2.538995E-19	3.503400E-20	6.343107E-21	1.288769E-21	4.198948E-22	2.696711E-22	2.374112E-22	2.220046E-22	2.073919E-22	1.916530E-22	1.750973E-22	1.582891E-22	1.417257E-22	1.257923E-22	1.107656E-22	9.682763E-23	8.408163E-23	7.256801E-23	6.227899E-23	5.317145E-23	4.517786E-23	3.821522E-23	3.219212E-23	2.701419E-23	2.258807E-23	1.882420E-23	1.563873E-23	1.295457E-23	1.070198E-23	8.818623E-24	7.249431E-24	5.946197E-24	
4.703840E-13	3.602121E-14	5.515376E-14	2.442059E-15	1.401557E-16	3.034781E-17	6.337754E-18	1.288211E-18	2.559292E-19	3.502134E-20	6.328512E-21	1.272517E-21	4.023285E-22	2.511720E-22	2.183701E-22	2.027986E-22	1.883662E-22	1.731083E-22	1.572827E-22	1.413996E-22	1.259034E-22	1.111301E-22	9.731257E-23	8.459579E-23	7.305261E-23	6.269970E-23	5.351165E-23	4.543319E-23	3.838928E-23	3.229329E-23	2.705325E-23	2.257659E-23	1.877347E-23	1.555908E-23	1.285505E-23	1.059018E-23	8.700730E-24	7.130286E-24	5.829459E-24	4.755380E-24	
3.031106E-13	3.527739E-14	5.438970E-14	2.430116E-15	1.398517E-16	3.023968E-17	6.307088E-18	1.276350E-18	2.647263E-19	3.500780E-20	6.312981E-21	1.255310E-21	3.838285E-22	2.317948E-22	1.985354E-22	1.829044E-22	1.687708E-22	1.541182E-22	1.391460E-22	1.243050E-22	1.099827E-22	9.646319E-23	8.393449E-23	7.250382E-23	6.221405E-23	5.305905E-23	4.499713E-23	3.796242E-23	3.187403E-23	2.664330E-23	2.217924E-23	1.839245E-23	1.519789E-23	1.251651E-23	1.027631E-23	8.412684E-24	6.868443E-24	5.593515E-24	4.544492E-24	3.684052E-24	
2.061394E-13	3.432362E-14	5.337834E-14	2.412388E-15	1.394956E-16	3.012622E-17	6.275855E-18	1.267083E-18	2.483168E-19	3.499342E-20	6.296582E-21	1.237249E-21	3.645276E-22	2.117046E-22	1.781012E-22	1.625411E-22	1.488444E-22	1.349344E-22	1.209459E-22	1.072652E-22	9.421933E-23	8.203892E-23	7.086629E-23	6.077155E-23	5.176885E-23	4.383097E-23	3.690199E-23	3.090753E-23	2.576293E-23	2.137947E-23	1.766890E-23	1.454655E-23	1.193340E-23	9.757287E-24	7.953378E-24	6.464306E-24	5.239897E-24	4.236730E-24	3.417570E-24	2.750734E-24	
1.469286E-13	3.317961E-14	5.211232E-14	2.387531E-15	1.390634E-16	3.000472E-17	6.246175E-18	1.257600E-18	2.542841E-19	3.497828E-20	6.279426E-21	1.218482E-21	3.446128E-22	1.911239E-22	1.573211E-22	1.419869E-22	1.288820E-22	1.158615E-22	1.029889E-22	9.058169E-23	7.890424E-23	6.813279E-23	5.836472E-23	4.963470E-23	4.193036E-23	3.520608E-23	2.939443E-23	2.441522E-23	2.018255E-23	1.660984E-23	1.361349E-23	1.111515E-23	9.043140E-24	7.333105E-24	5.928148E-24	4.778622E-24	3.841685E-24	3.080727E-24	2.464725E-24	1.967586E-24	
1.112818E-13	3.198078E-14	5.071842E-14	2.357750E-15	1.385924E-16	2.988548E-17	6.218978E-18	1.251584E-18	2.518839E-19	3.496250E-20	6.261671E-21	1.199212E-21	3.243304E-22	1.703371E-22	1.365101E-22	1.215780E-22	1.092322E-22	9.725098E-23	8.562085E-23	7.458740E-23	6.435148E-23	5.503579E-23	4.669489E-23	3.933096E-23	3.290858E-23	2.736729E-23	2.263160E-23	1.861875E-23	1.524435E-23	1.242641E-23	1.008791E-23	8.158366E-24	6.574584E-24	5.280842E-24	4.228690E-24	3.376498E-24	2.688861E-24	2.135937E-24	1.692771E-24	1.338642E-24	
8.533932E-14	3.058610E-14	4.900825E-14	2.317712E-15	1.379538E-16	2.972671E-17	6.182115E-18	1.241667E-18	2.410375E-19	3.494622E-20	6.243532E-21	1.179706E-21	3.039913E-22	1.496923E-22	1.160431E-22	1.017051E-22	9.028946E-23	7.949042E-23	6.921353E-23	5.963114E-23	5.088159E-23	4.303682E-23	3.611244E-23	3.008260E-23	2.489347E-23	2.047417E-23	1.674524E-23	1.362486E-23	1.103318E-23	8.895128E-24	7.142128E-24	5.712879E-24	4.553562E-24	3.617622E-24	2.865293E-24	2.262972E-24	1.782532E-24	1.400620E-24	1.097994E-24	8.589015E-25	
6.614847E-14	2.900363E-14	4.694203E-14	2.264554E-15	1.370924E-16	2.951744E-17	6.133032E-18	1.227978E-18	2.431021E-19	3.492968E-20	6.225283E-21	1.160290E-21	2.839682E-22	1.295949E-22	9.634438E-23	8.279723E-23	7.247486E-23	6.298179E-23	5.414081E-23	4.605237E-23	3.879578E-23	3.239726E-23	2.683922E-23	2.207370E-23	1.803411E-23	1.464430E-23	1.182527E-23	9.499795E-24	7.595394E-24	6.046097E-24	4.793248E-24	3.785672E-24	2.979419E-24	2.337237E-24	1.827911E-24	1.425539E-24	1.108814E-24	8.603417E-25	6.660215E-25	5.144903E-25	
5.280659E-14	2.740708E-14	4.471542E-14	2.203578E-15	1.361414E-16	2.930616E-17	6.085644E-18	1.215371E-18	2.371787E-19	3.491315E-20	6.207260E-21	1.141352E-21	2.646877E-22	1.104943E-22	7.786918E-23	6.529960E-23	5.620974E-23	4.811200E-23	4.074784E-23	3.415028E-23	2.834601E-23	2.332285E-23	1.903753E-23	1.542716E-23	1.241880E-23	9.936476E-24	7.906041E-24	6.258238E-24	4.930426E-24	3.867340E-24	3.021185E-24	2.351301E-24	1.823569E-24	1.409701E-24	1.086478E-24	8.350173E-25	6.400799E-25	4.894574E-25	3.734306E-25	2.843061E-25	
4.202855E-14	2.561119E-14	4.203281E-14	2.125670E-15	1.349276E-16	2.904994E-17	6.028545E-18	1.201432E-18	2.345661E-19	3.489695E-20	6.189853E-21	1.123330E-21	2.466117E-22	9.285813E-23	6.107190E-23	4.963702E-23	4.187687E-23	3.521335E-23	2.931220E-23	2.414708E-23	1.970132E-23	1.593386E-23	1.278465E-23	1.018375E-23	8.058410E-24	6.338055E-24	4.957277E-24	3.857481E-24	2.987524E-24	2.303682E-24	1.769209E-24	1.353662E-24	1.032128E-24	7.844349E-25	5.944009E-25	4.491509E-25	3.385164E-25	2.545187E-25	1.909347E-25	1.429362E-25	
3.413291E-14	2.383573E-14	3.915429E-14	2.034017E-15	1.334195E-16	2.873016E-17	5.955034E-18	1.182269E-18	2.242434E-19	4.087747E-20	6.173493E-21	1.106680E-21	2.302038E-22	7.713247E-23	4.636169E-23	3.616718E-23	2.977333E-23	2.451843E-23	2.000258E-23	1.615168E-23	1.291748E-23	1.024089E-23	8.054619E-24	6.289389E-24	4.878671E-24	3.761550E-24	2.884168E-24	2.200170E-24	1.670505E-24	1.262851E-24	9.508499E-25	7.132741E-25	5.332167E-25	3.973398E-25	2.952098E-25	2.187265E-25	1.616436E-25	1.191737E-25	8.766782E-26	6.435841E-26	
2.866883E-14	2.227214E-14	3.642395E-14	1.943618E-15	1.320009E-16	2.846447E-17	5.900088E-18	1.170660E-18	2.225154E-19	4.747928E-20	6.158620E-21	1.091847E-21	2.158838E-22	6.369071E-23	3.404926E-23	2.512863E-23	2.006258E-23	1.611828E-23	1.284446E-23	1.013356E-23	7.918846E-24	6.134385E-24	4.714485E-24	3.597172E-24	2.726627E-24	2.054336E-24	1.539271E-24	1.147495E-24	8.514378E-25	6.290411E-25	4.628836E-25	3.393604E-25	2.479509E-25	1.805901E-25	1.311431E-25	9.497574E-26	6.860885E-26	4.944549E-26	3.555704E-26	2.551790E-26	
2.433837E-14	2.076057E-14	3.356827E-14	1.841301E-15	1.303258E-16	2.813870E-17	5.826498E-18	1.151571E-18	2.162156E-19	4.319631E-20	6.145638E-21	1.079203E-21	2.039671E-22	5.277292E-23	2.428996E-23	1.659099E-23	1.273431E-23	9.933215E-24	7.702145E-24	5.915406E-24	4.500468E-24	3.394341E-24	2.539903E-24	1.886912E-24	1.392625E-24	1.021664E-24	7.454035E-25	5.411012E-25	3.909708E-25	2.812852E-25	2.015717E-25	1.439204E-25	1.024106E-25	7.264496E-26	5.138126E-26	3.624391E-26	2.550244E-26	1.790292E-26	1.254109E-26	8.767677E-27	
2.065669E-14	1.923031E-14	3.039725E-14	1.719923E-15	1.284109E-16	2.781342E-17	5.764540E-18	1.139730E-18	2.153327E-19	4.125404E-20	6.134858E-21	1.068988E-21	1.946038E-22	4.443169E-23	1.704095E-23	1.042610E-23	7.590348E-24	5.712949E-24	4.291359E-24	3.195682E-24	2.357880E-24	1.724768E-24	1.251750E-24	9.019637E-25	6.456842E-25	4.594681E-25	3.251718E-25	2.289748E-25	1.604928E-25	1.120147E-25	7.787346E-26	5.394240E-26	3.724060E-26	2.563057E-26	1.758959E-26	1.203932E-26	8.220214E-27	5.599877E-27	3.806821E-27	2.582879E-27	
1.746427E-14	1.770345E-14	2.689403E-14	1.578721E-15	1.261671E-16	2.740406E-17	5.670948E-18	1.115800E-18	2.104085E-19	3.730326E-20	6.126429E-21	1.061248E-21	1.877308E-22	3.850133E-23	1.204967E-23	6.315404E-24	4.268867E-24	3.074078E-24	2.226063E-24	1.600857E-24	1.141129E-24	8.065228E-25	5.655830E-25	3.937996E-25	2.724129E-25	1.873262E-25	1.281168E-25	8.718600E-26	5.906038E-26	3.983950E-26	2.676973E-26	1.792330E-26	1.196068E-26	7.957337E-27	5.279041E-27	3.493101E-27	2.305805E-27	1.518691E-27	9.982209E-28	6.548830E-28	
1.453406E-14	1.610087E-14	2.250917E-14	1.388112E-15	1.233950E-16	2.702859E-17	5.616821E-18	1.109369E-18	2.103158E-19	3.762038E-20	6.123417E-21	1.058553E-21	1.853988E-22	3.654136E-23	1.044309E-23	5.026927E-24	3.255138E-24	2.289923E-24	1.628577E-24	1.151706E-24	8.075581E-25	5.614870E-25	3.873610E-25	2.653378E-25	1.805771E-25	1.221663E-25	8.220230E-26	5.503727E-26	3.668144E-26	2.434512E-26	1.609526E-26	1.060319E-26	6.962219E-27	4.557659E-27	2.975231E-27	1.937215E-27	1.258346E-27	8.155823E-28	5.275411E-28	3.405926E-28	
9.637394E-15	1.204143E-14	1.390517E-14	1.069650E-15	1.198486E-16	2.646835E-17	5.479487E-18	1.072486E-18	2.015790E-19	3.686522E-20	6.123417E-21	1.058553E-21	1.853988E-22	3.654136E-23	1.044309E-23	5.026927E-24	3.255138E-24	2.289923E-24	1.628577E-24	1.151706E-24	8.075581E-25	5.614870E-25	3.873610E-25	2.653378E-25	1.805771E-25	1.221663E-25	8.220230E-26	5.503727E-26	3.668144E-26	2.434512E-26	1.609526E-26	1.060319E-26	6.962219E-27	4.557659E-27	2.975231E-27	1.937215E-27	1.258346E-27	8.155823E-28	5.275411E-28	3.405926E-28	
3.467013E-15	3.512563E-15	1.729406E-15	4.413618E-16	1.104587E-16	2.507575E-17	5.233990E-18	1.027910E-18	1.926820E-19	-9.063986E-20	6.123417E-21	1.058553E-21	1.853988E-22	3.654136E-23	1.044309E-23	5.026927E-24	3.255138E-24	2.289923E-24	1.628577E-24	1.151706E-24	8.075581E-25	5.614870E-25	3.873610E-25	2.653378E-25	1.805771E-25	1.221663E-25	8.220230E-26	5.503727E-26	3.668144E-26	2.434512E-26	1.609526E-26	1.060319E-26	6.962219E-27	4.557659E-27	2.975231E-27	1.937215E-27	1.258346E-27	8.155823E-28	5.275411E-28	3.405926E-28	
3.470541E-15	3.519800E-15	1.729325E-15	4.413582E-16	1.104586E-16	2.507570E-17	5.233990E-18	-3.745383E-19	1.926820E-19	-9.063986E-20	6.123417E-21	1.058553E-21	1.853988E-22	3.654136E-23	1.044309E-23	5.026927E-24	3.255138E-24	2.289923E-24	1.628577E-24	1.151706E-24	8.075581E-25	5.614870E-25	3.873610E-25	2.653378E-25	1.805771E-25	1.221663E-25	8.220230E-26	5.503727E-26	3.668144E-26	2.434512E-26	1.609526E-26	1.060319E-26	6.962219E-27	4.557659E-27	2.975231E-27	1.937215E-27	1.258346E-27	8.155823E-28	5.275411E-28	3.405926E-28	
3.474624E-15	3.528143E-15	1.729136E-15	4.413518E-16	1.104586E-16	2.507585E-17	5.243381E-18	-5.730266E-18	2.092076E-19	3.483128E-20	6.123417E-21	1.058553E-21	1.853988E-22	3.654136E-23	1.044309E-23	5.026927E-24	3.255138E-24	2.289923E-24	1.628577E-24	1.151706E-24	8.075581E-25	5.614870E-25	3.873610E-25	2.653378E-25	1.805771E-25	1.221663E-25	8.220230E-26	5.503727E-26	3.668144E-26	2.434512E-26	1.609526E-26	1.060319E-26	6.962219E-27	4.557659E-27	2.975231E-27	1.937215E-27	1.258346E-27	8.155823E-28	5.275411E-28	3.405926E-28	
3.480102E-15	3.539357E-15	1.728788E-15	4.413407E-16	1.104585E-16	2.507583E-17	5.239653E-18	1.027910E-18	1.926820E-19	-9.071026E-20	6.123417E-21	1.058553E-21	1.853988E-22	3.654136E-23	1.044309E-23	5.026927E-24	3.255138E-24	2.289923E-24	1.628577E-24	1.151706E-24	8.075581E-25	5.614870E-25	3.873610E-25	2.653378E-25	1.805771E-25	1.221663E-25	8.220230E-26	5.503727E-26	3.668144E-26	2.434512E-26	1.609526E-26	1.060319E-26	6.962219E-27	4.557659E-27	2.975231E-27	1.937215E-27	1.258346E-27	8.155823E-28	5.275411E-28	3.405926E-28	
3.492063E-15	3.564285E-15	1.727927E-15	4.413140E-16	1.104583E-16	2.507579E-17	5.241243E-18	-1.559621E-18	1.926820E-19	3.483128E-20	6.123417E-21	1.058553E-21	1.853988E-22	3.654136E-23	1.044309E-23	5.026927E-24	3.255138E-24	2.289923E-24	1.628577E-24	1.151706E-24	8.075581E-25	5.614870E-25	3.873610E-25	2.653378E-25	1.805771E-25	1.221663E-25	8.220230E-26	5.503727E-26	3.668144E-26	2.434512E-26	1.609526E-26	1.060319E-26	6.962219E-27	4.557659E-27	2.975231E-27	1.937215E-27	1.258346E-27	8.155823E-28	5.275411E-28	3.405926E-28	
3.611938E-15	3.997930E-15	1.715919E-15	4.409071E-16	1.104550E-16	2.507577E-17	5.233990E-18	1.027910E-18	1.926820E-19	3.483128E-20	6.123417E-21	1.058553E-21	1.853988E-22	3.654136E-23	1.044309E-23	5.026927E-24	3.255138E-24	2.289923E-24	1.628577E-24	1.151706E-24	8.075581E-25	5.614870E-25	3.873610E-25	2.653378E-25	1.805771E-25	1.221663E-25	8.220230E-26	5.503727E-26	3.668144E-26	2.434512E-26	1.609526E-26	1.060319E-26	6.962219E-27	4.557659E-27	2.975231E-27	1.937215E-27	1.258346E-27	8.155823E-28	5.275411E-28	3.405926E-28	
3.657581E-15	5.393501E-15	1.741430E-15	4.398189E-16	1.104460E-16	2.507608E-17	5.251758E-18	2.110662E-18	5.614269E-18	3.483128E-20	6.123417E-21	1.058553E-21	1.853988E-22	3.654136E-23	1.044309E-23	5.026927E-24	3.255138E-24	2.289923E-24	1.628577E-24	1.151706E-24	8.075581E-25	5.614870E-25	3.873610E-25	2.653378E-25	1.805771E-25	1.221663E-25	8.220230E-26	5.503727E-26	3.668144E-26	2.434512E-26	1.609526E-26	1.060319E-26	6.962219E-27	4.557659E-27	2.975231E-27	1.937215E-27	1.258346E-27	8.155823E-28	5.275411E-28	3.405926E-28	
3.649990E-15	6.122023E-15	1.904903E-15	4.388325E-16	1.104402E-16	2.507607E-17	5.249278E-18	-6.835091E-18	1.104084E-18	8.699386E-20	6.123417E-21	1.058553E-21	1.853988E-22	3.654136E-23	1.044309E-23	5.026927E-24	3.255138E-24	2.289923E-24	1.628577E-24	1.151706E-24	8.075581E-25	5.614870E-25	3.873610E-25	2.653378E-25	1.805771E-25	1.221663E-25	8.220230E-26	5.503727E-26	3.668144E-26	2.434512E-26	1.609526E-26	1.060319E-26	6.962219E-27	4.557659E-27	2.975231E-27	1.937215E-27	1.258346E-27	8.155823E-28	5.275411E-28	3.405926E-28	
3.645429E-15	6.395191E-15	2.140603E-15	4.379653E-16	1.104361E-16	2.507590E-17	5.233990E-18	1.027910E-18	1.926820E-19	-2.934290E-20	6.123417E-21	1.058553E-21	1.853988E-22	3.654136E-23	1.044309E-23	5.026927E-24	3.255138E-24	2.289923E-24	1.628577E-24	1.151706E-24	8.075581E-25	5.614870E-25	3.873610E-25	2.653378E-25	1.805771E-25	1.221663E-25	8.220230E-26	5.503727E-26	3.668144E-26	2.434512E-26	1.609526E-26	1.060319E-26	6.962219E-27	4.557659E-27	2.975231E-27	1.937215E-27	1.258346E-27	8.155823E-28	5.275411E-28	3.405926E-28	
3.643100E-15	6.521251E-15	2.381899E-15	4.372864E-16	1.104329E-16	2.507583E-17	5.240197E-18	1.281097E-18	-1.835846E-19	-5.766344E-18	6.123417E-21	1.058553E-21	1.853988E-22	3.654136E-23	1.044309E-23	5.026927E-24	3.255138E-24	2.289923E-24	1.628577E-24	1.151706E-24	8.075581E-25	5.614870E-25	3.873610E-25	2.653378E-25	1.805771E-25	1.221663E-25	8.220230E-26	5.503727E-26	3.668144E-26	2.434512E-26	1.609526E-26	1.060319E-26	6.962219E-27	4.557659E-27	2.975231E-27	1.937215E-27	1.258346E-27	8.155823E-28	5.275411E-28	3.405926E-28	
3.641860E-15	6.585823E-15	2.578125E-15	4.368304E-16	1.104307E-16	2.507575E-17	5.257426E-18	4.331633E-18	1.174274E-18	8.552252E-20	6.123417E-21	1.058553E-21	1.853988E-22	3.654136E-23	1.044309E-23	5.026927E-24	3.255138E-24	2.289923E-24	1.628577E-24	1.151706E-24	8.075581E-25	5.614870E-25	3.873610E-25	2.653378E-25	1.805771E-25	1.221663E-25	8.220230E-26	5.503727E-26	3.668144E-26	2.434512E-26	1.609526E-26	1.060319E-26	6.962219E-27	4.557659E-27	2.975231E-27	1.937215E-27	1.258346E-27	8.155823E-28	5.275411E-28	3.405926E-28	
3.641286E-15	6.615217E-15	2.687812E-15	4.366031E-16	1.104295E-16	2.507565E-17	5.233990E-18	1.027910E-18	1.926820E-19	3.483128E-20	6.123417E-21	1.058553E-21	1.853988E-22	3.654136E-23	1.044309E-23	5.026927E-24	3.255138E-24	2.289923E-24	1.628577E-24	1.151706E-24	8.075581E-25	5.614870E-25	3.873610E-25	2.653378E-25	1.805771E-25	1.221663E-25	8.220230E-26	5.503727E-26	3.668144E-26	2.434512E-26	1.609526E-26	1.060319E-26	6.962219E-27	4.557659E-27	2.975231E-27	1.937215E-27	1.258346E-27	8.155823E-28	5.275411E-28	3.405926E-28	
3.641300E-15	6.614775E-15	2.670669E-15	4.366333E-16	1.104297E-16	2.507567E-17	5.241952E-18	1.027910E-18	1.926820E-19	3.483128E-20	6.123417E-21	1.058553E-21	1.853988E-22	3.654136E-23	1.044309E-23	5.026927E-24	3.255138E-24	2.289923E-24	1.628577E-24	1.151706E-24	8.075581E-25	5.614870E-25	3.873610E-25	2.653378E-25	1.805771E-25	1.221663E-25	8.220230E-26	5.503727E-26	3.668144E-26	2.434512E-26	1.609526E-26	1.060319E-26	6.962219E-27	4.557659E-27	2.975231E-27	1.937215E-27	1.258346E-27	8.155823E-28	5.275411E-28	3.405926E-28	
3.642190E-15	6.569974E-15	2.473980E-15	4.370494E-16	1.104318E-16	2.507570E-17	5.233990E-18	-3.739001E-19	9.378916E-18	1.386880E-19	6.123417E-21	1.058553E-21	1.853988E-22	3.654136E-23	1.044309E-23	5.026927E-24	3.255138E-24	2.289923E-24	1.628577E-24	1.151706E-24	8.075581E-25	5.614870E-25	3.873610E-25	2.653378E-25	1.805771E-25	1.221663E-25	8.220230E-26	5.503727E-26	3.668144E-26	2.434512E-26	1.609526E-26	1.060319E-26	6.962219E-27	4.557659E-27	2.975231E-27	1.937215E-27	1.258346E-27	8.155823E-28	5.275411E-28	3.405926E-28	
3.645647E-15	6.388632E-15	2.050968E-15	4.382201E-16	1.104372E-16	2.507601E-17	5.243435E-18	-3.315605E-18	-4.757104E-18	1.793797E-19	6.123417E-21	1.058553E-21	1.853988E-22	3.654136E-23	1.044309E-23	5.026927E-24	3.255138E-24	2.289923E-24	1.628577E-24	1.151706E-24	8.075581E-25	5.614870E-25	3.873610E-25	2.653378E-25	1.805771E-25	1.221663E-25	8.220230E-26	5.503727E-26	3.668144E-26	2.434512E-26	1.609526E-26	1.060319E-26	6.962219E-27	4.557659E-27	2.975231E-27	1.937215E-27	1.258346E-27	8.155823E-28	5.275411E-28	3.405926E-28	
3.458645E-15	3.436934E-15	1.717322E-15	4.414844E-16	1.104596E-16	2.507570E-17	5.239263E-18	-6.390549E-19	-4.709957E-18	1.202118E-19	6.123417E-21	1.058553E-21	1.853988E-22	3.654136E-23	1.044309E-23	5.026927E-24	3.255138E-24	2.289923E-24	1.628577E-24	1.151706E-24	8.075581E-25	5.614870E-25	3.873610E-25	2.653378E-25	1.805771E-25	1.221663E-25	8.220230E-26	5.503727E-26	3.668144E-26	2.434512E-26	1.609526E-26	1.060319E-26	6.962219E-27	4.557659E-27	2.975231E-27	1.937215E-27	1.258346E-27	8.155823E-28	5.275411E-28	3.405926E-28	
