1.250809E+02
1.250752E+02
1.250745E+02
1.250737E+02
1.250727E+02
1.250717E+02
1.250706E+02
1.250693E+02
1.250678E+02
1.250661E+02
1.250642E+02
1.250621E+02
1.250596E+02
1.250569E+02
1.250537E+02
1.250502E+02
1.250461E+02
1.250414E+02
1.250360E+02
1.250297E+02
1.250225E+02
1.250141E+02
1.250045E+02
1.249935E+02
1.249827E+02
1.249792E+02
1.250182E+02
2.725000E+00
1.254346E+02
1.269750E+02
1.301437E+02
1.314489E+02
1.303261E+02
1.286219E+02
1.257717E+02
1.245869E+02
1.242311E+02
1.242377E+02
1.244091E+02
1.246401E+02
1.248961E+02
1.251146E+02
1.253393E+02
1.256370E+02
1.259629E+02
1.263040E+02
1.266627E+02
1.270430E+02
1.274485E+02
1.278820E+02
1.283457E+02
1.288411E+02
1.293702E+02
1.299179E+02
1.305106E+02
1.311353E+02
1.317905E+02
1.324741E+02
1.331834E+02
1.338236E+02
1.345796E+02
1.353484E+02
1.361243E+02
1.369010E+02
1.376714E+02
1.384274E+02
1.391598E+02
1.398637E+02
1.406191E+02
1.412539E+02
1.418210E+02
1.423076E+02
1.426996E+02
1.429816E+02
1.430292E+02
1.430543E+02
1.429025E+02
1.425767E+02
1.420390E+02
1.412643E+02
1.402250E+02
1.388916E+02
1.372452E+02
1.352181E+02
1.328179E+02
1.299812E+02
1.266728E+02
1.229447E+02
1.186406E+02
1.139386E+02
1.086680E+02
1.029747E+02
9.666377E+01
8.989006E+01
8.341066E+01
7.642152E+01
6.906566E+01
6.227209E+01
5.518538E+01
4.854779E+01
4.309683E+01
3.790104E+01
3.275570E+01
2.768410E+01
2.231022E+01
1.358531E+01
2.725000E+00
2.725000E+00
2.725000E+00
2.725000E+00
2.725000E+00
2.725000E+00
2.725000E+00
2.725000E+00
2.725000E+00
2.725000E+00
2.725000E+00
2.725000E+00
2.725000E+00
2.725000E+00
2.725000E+00
2.725000E+00
