1.390000E+01
1.361030E+01
1.344790E+01
1.316610E+01
1.304070E+01
1.278760E+01
1.262950E+01
1.244650E+01
1.227160E+01
1.213550E+01
1.199910E+01
1.180180E+01
1.167560E+01
1.160570E+01
1.147290E+01
1.135870E+01
1.130700E+01
1.128450E+01
1.122620E+01
1.110150E+01
1.109880E+01
1.119581E+01
1.129980E+01
1.129260E+01
1.141230E+01
1.140280E+01
1.153480E+01
1.164030E+01
1.173050E+01
1.182410E+01
1.196620E+01
1.211470E+01
1.226860E+01
1.244060E+01
1.263430E+01
1.284920E+01
1.309480E+01
1.339650E+01
1.376880E+01
1.417105E+01
1.458505E+01
1.501115E+01
1.544970E+01
1.590106E+01
1.636560E+01
1.684372E+01
1.733580E+01
1.784226E+01
1.836352E+01
1.890000E+01
