2.997822E-01	1.532216E-04	6.248474E-05	0.000000E+00	2.408127E-19	
2.997822E-01	1.532168E-04	6.248188E-05	0.000000E+00	0.000000E+00	
2.997822E-01	1.532162E-04	6.248153E-05	2.909479E-18	0.000000E+00	
2.997822E-01	1.532154E-04	6.248113E-05	4.652331E-17	1.678478E-19	
2.997822E-01	1.532146E-04	6.248068E-05	4.608489E-17	2.482007E-19	
2.997822E-01	1.532137E-04	6.248018E-05	4.513659E-17	3.194420E-19	
2.997822E-01	1.532127E-04	6.247961E-05	9.431341E-18	8.054413E-20	
2.997822E-01	1.532116E-04	6.247897E-05	4.547646E-17	1.544853E-20	
2.997822E-01	1.532103E-04	6.247825E-05	2.160148E-17	2.101111E-19	
2.997822E-01	1.532088E-04	6.247744E-05	0.000000E+00	0.000000E+00	
2.997822E-01	1.532072E-04	6.247652E-05	6.048239E-18	1.555136E-19	
2.997822E-01	1.532053E-04	6.247549E-05	1.259787E-17	0.000000E+00	
2.997822E-01	1.532032E-04	6.247433E-05	1.860376E-18	0.000000E+00	
2.997822E-01	1.532009E-04	6.247302E-05	4.716920E-17	9.545799E-20	
2.997822E-01	1.531982E-04	6.247153E-05	0.000000E+00	9.999011E-20	
2.997822E-01	1.531952E-04	6.246985E-05	2.700487E-17	2.272594E-19	
2.997822E-01	1.531917E-04	6.246795E-05	0.000000E+00	0.000000E+00	
2.997822E-01	1.531878E-04	6.246580E-05	3.714472E-17	3.839530E-19	
2.997822E-01	1.531834E-04	6.246335E-05	0.000000E+00	0.000000E+00	
2.997822E-01	1.531783E-04	6.246056E-05	0.000000E+00	0.000000E+00	
2.997823E-01	1.531726E-04	6.245739E-05	3.623723E-17	2.594582E-19	
2.997823E-01	1.531660E-04	6.245376E-05	0.000000E+00	0.000000E+00	
2.997823E-01	1.531584E-04	6.244961E-05	2.005033E-17	3.702941E-19	
2.997823E-01	1.531497E-04	6.244484E-05	1.254083E-17	3.425489E-20	
2.997823E-01	1.531396E-04	6.243934E-05	1.910279E-17	0.000000E+00	
2.997823E-01	1.531280E-04	6.243298E-05	2.187166E-17	2.428178E-20	
2.997823E-01	1.531144E-04	6.242560E-05	0.000000E+00	0.000000E+00	
2.997824E-01	1.530986E-04	6.241707E-05	0.000000E+00	0.000000E+00	
2.997824E-01	1.530807E-04	6.240743E-05	0.000000E+00	0.000000E+00	
2.997824E-01	1.530625E-04	6.239771E-05	0.000000E+00	0.000000E+00	
2.997824E-01	1.530544E-04	6.239366E-05	3.245362E-17	1.574832E-19	
2.997823E-01	1.531079E-04	6.242360E-05	1.837892E-17	0.000000E+00	
2.997817E-01	1.534706E-04	6.262363E-05	0.000000E+00	0.000000E+00	
2.997805E-01	1.542723E-04	6.306785E-05	0.000000E+00	1.342225E-20	
2.997690E-01	1.615510E-04	6.707794E-05	0.000000E+00	2.733556E-19	
2.997537E-01	1.710466E-04	7.237560E-05	0.000000E+00	5.518349E-20	
2.997485E-01	1.736996E-04	7.406699E-05	0.000000E+00	0.000000E+00	
2.997649E-01	1.621805E-04	6.814823E-05	4.643858E-18	0.000000E+00	
2.997764E-01	1.532769E-04	6.387523E-05	0.000000E+00	0.000000E+00	
2.997849E-01	1.462917E-04	6.079319E-05	5.441260E-18	1.652951E-19	
2.997913E-01	1.408303E-04	5.855510E-05	1.278570E-17	0.000000E+00	
2.997955E-01	1.371884E-04	5.719810E-05	0.000000E+00	5.601388E-20	
2.997976E-01	1.350279E-04	5.657912E-05	1.886456E-17	1.324095E-19	
2.997992E-01	1.334042E-04	5.617918E-05	0.000000E+00	0.000000E+00	
2.998005E-01	1.321330E-04	5.591472E-05	3.434832E-17	2.186737E-19	
2.998017E-01	1.308950E-04	5.562340E-05	2.011997E-17	6.668927E-20	
2.998026E-01	1.299945E-04	5.549792E-05	0.000000E+00	0.000000E+00	
2.998038E-01	1.288669E-04	5.522610E-05	8.997899E-18	1.975256E-20	
2.998046E-01	1.280480E-04	5.512860E-05	3.245063E-18	0.000000E+00	
2.998054E-01	1.272311E-04	5.503612E-05	5.618293E-17	1.348223E-19	
2.998062E-01	1.263906E-04	5.493959E-05	0.000000E+00	0.000000E+00	
2.998065E-01	1.259411E-04	5.508777E-05	2.497305E-17	2.564103E-19	
2.998073E-01	1.251010E-04	5.502459E-05	1.288856E-17	4.279760E-20	
2.998082E-01	1.242290E-04	5.496295E-05	8.226702E-18	0.000000E+00	
2.998091E-01	1.233235E-04	5.490351E-05	0.000000E+00	7.149808E-20	
2.998101E-01	1.223836E-04	5.484681E-05	2.004236E-17	1.472615E-19	
2.998112E-01	1.214097E-04	5.479335E-05	1.215418E-17	1.954494E-19	
2.998123E-01	1.204027E-04	5.474352E-05	3.534809E-17	1.066759E-19	
2.998135E-01	1.193640E-04	5.469761E-05	0.000000E+00	0.000000E+00	
2.998147E-01	1.182958E-04	5.465575E-05	0.000000E+00	2.433172E-19	
2.998163E-01	1.169844E-04	5.448419E-05	1.364777E-17	2.999175E-19	
2.998175E-01	1.158815E-04	5.445965E-05	0.000000E+00	6.413907E-20	
2.998188E-01	1.147558E-04	5.443780E-05	1.430205E-17	3.122819E-19	
2.998201E-01	1.136098E-04	5.441768E-05	3.031552E-17	2.031727E-19	
2.998215E-01	1.124459E-04	5.439797E-05	1.283670E-17	0.000000E+00	
2.998229E-01	1.112659E-04	5.437696E-05	1.442206E-17	6.490049E-20	
2.998243E-01	1.100714E-04	5.435253E-05	3.191115E-17	0.000000E+00	
2.998258E-01	1.088632E-04	5.432207E-05	1.208292E-17	0.000000E+00	
2.998273E-01	1.076416E-04	5.428248E-05	1.863242E-17	1.357029E-19	
2.998288E-01	1.064058E-04	5.423001E-05	1.063813E-17	2.833813E-19	
2.998304E-01	1.051545E-04	5.416056E-05	0.000000E+00	0.000000E+00	
2.998320E-01	1.038855E-04	5.406926E-05	0.000000E+00	0.000000E+00	
2.998337E-01	1.025951E-04	5.395053E-05	2.044129E-18	0.000000E+00	
2.998355E-01	1.012784E-04	5.379778E-05	0.000000E+00	8.146023E-20	
2.998373E-01	9.992821E-05	5.360284E-05	4.044712E-17	1.264065E-19	
2.998390E-01	9.863188E-05	5.342322E-05	0.000000E+00	0.000000E+00	
2.998410E-01	9.721249E-05	5.313346E-05	0.000000E+00	0.000000E+00	
2.998431E-01	9.574257E-05	5.278030E-05	0.000000E+00	0.000000E+00	
2.998453E-01	9.421270E-05	5.235397E-05	1.320849E-17	2.617921E-19	
2.998477E-01	9.261217E-05	5.184367E-05	0.000000E+00	0.000000E+00	
2.998502E-01	9.092887E-05	5.123755E-05	0.000000E+00	0.000000E+00	
2.998529E-01	8.914923E-05	5.052258E-05	5.525871E-17	1.338632E-19	
2.998559E-01	8.725809E-05	4.968453E-05	0.000000E+00	3.695026E-20	
2.998590E-01	8.523861E-05	4.870789E-05	1.384065E-17	1.618491E-19	
2.998625E-01	8.307218E-05	4.757585E-05	0.000000E+00	1.440937E-19	
2.998663E-01	8.073872E-05	4.627062E-05	0.000000E+00	0.000000E+00	
2.998705E-01	7.821548E-05	4.477269E-05	0.000000E+00	0.000000E+00	
2.998751E-01	7.547717E-05	4.306113E-05	0.000000E+00	0.000000E+00	
2.998801E-01	7.249664E-05	4.111437E-05	0.000000E+00	3.220193E-20	
2.998856E-01	6.924435E-05	3.891023E-05	0.000000E+00	0.000000E+00	
2.998917E-01	6.568860E-05	3.642658E-05	0.000000E+00	0.000000E+00	
2.998984E-01	6.174796E-05	3.360693E-05	0.000000E+00	0.000000E+00	
2.999057E-01	5.747991E-05	3.050088E-05	0.000000E+00	0.000000E+00	
2.999127E-01	5.325257E-05	2.762074E-05	2.687007E-17	1.782492E-19	
2.999200E-01	4.875080E-05	2.457719E-05	0.000000E+00	5.652466E-20	
2.999278E-01	4.390871E-05	2.129908E-05	6.076186E-17	4.422019E-19	
2.999363E-01	3.858424E-05	1.773110E-05	7.797792E-18	0.000000E+00	
2.999443E-01	3.330934E-05	1.436470E-05	0.000000E+00	0.000000E+00	
2.999518E-01	2.808262E-05	1.122128E-05	2.188563E-17	2.137697E-19	
2.999577E-01	2.348373E-05	8.628216E-06	9.904790E-18	7.119708E-20	
2.999625E-01	1.910283E-05	6.382935E-06	9.807682E-18	0.000000E+00	
2.999654E-01	1.523805E-05	4.742883E-06	1.345818E-17	1.388479E-19	
2.999668E-01	1.147993E-05	3.223392E-06	5.371316E-18	0.000000E+00	
2.999653E-01	8.482133E-06	2.154848E-06	0.000000E+00	0.000000E+00	
2.999594E-01	6.656129E-06	1.679821E-06	0.000000E+00	0.000000E+00	
2.999477E-01	5.037167E-06	1.282717E-06	0.000000E+00	1.378616E-21	
2.999237E-01	3.601912E-06	9.523107E-07	0.000000E+00	0.000000E+00	
2.998739E-01	3.406253E-06	9.215408E-07	3.087098E-17	1.755103E-19	
2.997632E-01	3.243779E-06	8.954139E-07	0.000000E+00	0.000000E+00	
2.995209E-01	3.049602E-06	8.665863E-07	0.000000E+00	0.000000E+00	
2.990372E-01	2.920695E-06	8.437780E-07	2.009209E-17	8.490862E-20	
2.997033E-01	3.524188E-06	8.636261E-07	0.000000E+00	0.000000E+00	
2.996761E-01	3.485717E-06	8.580698E-07	0.000000E+00	2.049162E-19	
2.996591E-01	3.459220E-06	8.543639E-07	4.491654E-17	1.078202E-20	
2.995809E-01	3.435241E-06	8.521166E-07	0.000000E+00	1.639082E-19	
2.992533E-01	3.392980E-06	8.503197E-07	0.000000E+00	0.000000E+00	
2.962163E-01	3.275587E-06	8.412723E-07	0.000000E+00	1.203954E-20	
2.446272E-01	2.580620E-06	6.941818E-07	0.000000E+00	0.000000E+00	
2.051650E-01	2.024228E-06	5.818674E-07	1.150661E-17	0.000000E+00	
1.960255E-01	1.755214E-06	5.558844E-07	1.236888E-17	0.000000E+00	
1.871975E-01	1.431689E-06	5.306652E-07	1.151260E-17	0.000000E+00	
1.722999E-01	9.282847E-07	4.880840E-07	0.000000E+00	0.000000E+00	
