2.624462E-08	1.039602E-08	3.059700E-10	1.766946E-12	1.256535E-13	3.240087E-14	8.458943E-15	2.541571E-15	7.072544E-16	2.122708E-16	6.077716E-17	1.839490E-17	5.323757E-18	1.659706E-18	4.652571E-19	1.164169E-19	3.279108E-20	8.173619E-21	1.946562E-21	4.622978E-22	1.062184E-22	2.285793E-23	5.251062E-24	1.762808E-24	6.032198E-25	4.551917E-25	1.012973E-24	4.139942E-26	3.995549E-25	0.000000E+00	1.023878E-25	6.422969E-25	1.559042E-25	9.026083E-25	1.324075E-24	8.174871E-25	4.877054E-26	0.000000E+00	0.000000E+00	3.589835E-24	3.058508E-25	
2.625365E-08	1.040026E-08	3.061781E-10	1.777195E-12	1.271607E-13	3.279033E-14	8.560593E-15	2.572084E-15	7.157428E-16	2.148162E-16	6.150566E-17	1.861524E-17	5.387505E-18	1.679571E-18	4.708242E-19	1.178067E-19	3.318272E-20	8.271380E-21	1.970798E-21	4.689100E-22	1.071130E-22	2.425683E-23	4.958843E-24	4.499410E-25	9.887393E-25	9.683425E-25	0.000000E+00	0.000000E+00	1.642648E-24	1.554195E-24	5.425344E-25	1.805015E-24	6.384598E-25	1.784921E-24	1.399401E-24	0.000000E+00	0.000000E+00	0.000000E+00	0.000000E+00	0.000000E+00	0.000000E+00	
2.625477E-08	1.040079E-08	3.062039E-10	1.778463E-12	1.273471E-13	3.283850E-14	8.573165E-15	2.575857E-15	7.167925E-16	2.151310E-16	6.159576E-17	1.864249E-17	5.395391E-18	1.682029E-18	4.715135E-19	1.179805E-19	3.323173E-20	8.283303E-21	1.971668E-21	4.675909E-22	1.061590E-22	2.192877E-23	4.168619E-24	1.435247E-24	0.000000E+00	0.000000E+00	0.000000E+00	0.000000E+00	0.000000E+00	0.000000E+00	0.000000E+00	0.000000E+00	0.000000E+00	0.000000E+00	0.000000E+00	0.000000E+00	0.000000E+00	0.000000E+00	0.000000E+00	0.000000E+00	0.000000E+00	
2.625604E-08	1.040138E-08	3.062329E-10	1.779890E-12	1.275569E-13	3.289271E-14	8.587315E-15	2.580105E-15	7.179741E-16	2.154853E-16	6.169716E-17	1.867316E-17	5.404262E-18	1.684795E-18	4.722883E-19	1.181762E-19	3.328710E-20	8.297205E-21	1.975689E-21	4.703871E-22	1.078950E-22	2.300818E-23	4.052296E-24	1.116371E-24	0.000000E+00	0.000000E+00	9.033152E-25	1.230472E-24	1.799360E-24	2.501636E-24	3.478460E-24	2.479825E-24	1.443931E-25	0.000000E+00	6.433066E-25	0.000000E+00	1.289844E-24	2.376428E-25	7.751789E-25	0.000000E+00	0.000000E+00	
2.625746E-08	1.040205E-08	3.062657E-10	1.781497E-12	1.277932E-13	3.295376E-14	8.603247E-15	2.584887E-15	7.193046E-16	2.158843E-16	6.181134E-17	1.870770E-17	5.414254E-18	1.687907E-18	4.731605E-19	1.183934E-19	3.334985E-20	8.312355E-21	1.981522E-21	4.724054E-22	1.095235E-22	2.586959E-23	6.391465E-24	2.864436E-24	1.208661E-24	1.044679E-24	2.031601E-24	1.215426E-24	2.111471E-24	1.704747E-24	1.390920E-24	5.451597E-25	2.416010E-24	1.255210E-24	2.945922E-24	1.171856E-24	2.728020E-24	5.737859E-25	4.596345E-24	4.166801E-24	0.000000E+00	
2.625907E-08	1.040280E-08	3.063025E-10	1.783307E-12	1.280593E-13	3.302253E-14	8.621195E-15	2.590275E-15	7.208033E-16	2.163337E-16	6.193996E-17	1.874660E-17	5.425510E-18	1.691414E-18	4.741430E-19	1.186386E-19	3.341857E-20	8.330024E-21	1.984590E-21	4.711286E-22	1.092278E-22	2.397733E-23	6.574430E-24	1.435853E-24	1.085473E-24	2.776790E-25	2.792946E-25	1.178369E-24	1.020243E-24	2.470839E-25	2.673797E-25	2.134595E-25	4.969950E-25	0.000000E+00	1.819353E-24	4.893714E-25	2.179831E-24	0.000000E+00	0.000000E+00	2.189423E-24	2.033974E-24	
2.626088E-08	1.040365E-08	3.063442E-10	1.785347E-12	1.283593E-13	3.310003E-14	8.641424E-15	2.596346E-15	7.224924E-16	2.168402E-16	6.208492E-17	1.879044E-17	5.438193E-18	1.695367E-18	4.752534E-19	1.189178E-19	3.349719E-20	8.350491E-21	1.991651E-21	4.761180E-22	1.100336E-22	2.664325E-23	7.178054E-24	3.540559E-24	1.939108E-24	2.389049E-24	2.004742E-24	2.864032E-24	2.189423E-24	1.640124E-24	1.376278E-24	1.278333E-25	2.690155E-24	1.301456E-24	2.502645E-24	2.541016E-24	2.733725E-24	2.301202E-24	0.000000E+00	3.936580E-24	1.053868E-24	
2.626293E-08	1.040461E-08	3.063911E-10	1.787648E-12	1.286975E-13	3.318743E-14	8.664234E-15	2.603193E-15	7.243971E-16	2.174113E-16	6.224839E-17	1.883989E-17	5.452497E-18	1.699824E-18	4.765003E-19	1.192284E-19	3.358443E-20	8.370492E-21	1.994413E-21	4.748623E-22	1.092141E-22	2.448301E-23	5.450183E-24	1.008934E-24	0.000000E+00	8.491930E-25	7.569026E-25	1.368200E-25	0.000000E+00	0.000000E+00	0.000000E+00	0.000000E+00	0.000000E+00	0.000000E+00	0.000000E+00	1.693337E-24	1.645274E-24	3.177456E-24	2.747255E-24	3.617401E-25	0.000000E+00	
2.626525E-08	1.040570E-08	3.064441E-10	1.790244E-12	1.290792E-13	3.328605E-14	8.689973E-15	2.610919E-15	7.265464E-16	2.180558E-16	6.243284E-17	1.889568E-17	5.468636E-18	1.704854E-18	4.779099E-19	1.195804E-19	3.368366E-20	8.395336E-21	1.999348E-21	4.758950E-22	1.089132E-22	2.429681E-23	5.787033E-24	5.495016E-25	0.000000E+00	0.000000E+00	0.000000E+00	5.378895E-25	0.000000E+00	0.000000E+00	4.129845E-26	0.000000E+00	0.000000E+00	1.167262E-25	0.000000E+00	4.260606E-25	0.000000E+00	0.000000E+00	0.000000E+00	0.000000E+00	0.000000E+00	
2.626787E-08	1.040693E-08	3.065041E-10	1.793176E-12	1.295102E-13	3.339740E-14	8.719037E-15	2.619643E-15	7.289733E-16	2.187835E-16	6.264112E-17	1.895867E-17	5.486860E-18	1.710532E-18	4.795017E-19	1.199803E-19	3.379639E-20	8.424095E-21	2.006848E-21	4.780155E-22	1.105320E-22	2.453188E-23	6.262622E-24	1.467761E-24	1.535010E-24	1.267024E-24	0.000000E+00	1.167565E-24	3.513902E-26	5.014379E-25	0.000000E+00	0.000000E+00	1.038015E-25	1.775631E-24	1.674152E-25	2.395613E-25	0.000000E+00	0.000000E+00	3.690152E-24	1.241831E-24	2.838940E-24	
2.627084E-08	1.040832E-08	3.065719E-10	1.796489E-12	1.299972E-13	3.352325E-14	8.751882E-15	2.629502E-15	7.317159E-16	2.196059E-16	6.287648E-17	1.902986E-17	5.507455E-18	1.716950E-18	4.813017E-19	1.204295E-19	3.392173E-20	8.454501E-21	2.012912E-21	4.794828E-22	1.100873E-22	2.403287E-23	4.905124E-24	5.587912E-25	0.000000E+00	0.000000E+00	0.000000E+00	0.000000E+00	0.000000E+00	0.000000E+00	0.000000E+00	0.000000E+00	0.000000E+00	0.000000E+00	0.000000E+00	3.796630E-25	0.000000E+00	0.000000E+00	0.000000E+00	0.000000E+00	0.000000E+00	
2.627421E-08	1.040989E-08	3.066487E-10	1.800237E-12	1.305481E-13	3.366559E-14	8.789033E-15	2.640653E-15	7.348180E-16	2.205361E-16	6.314270E-17	1.911037E-17	5.530748E-18	1.724208E-18	4.833348E-19	1.209387E-19	3.406512E-20	8.491864E-21	2.024202E-21	4.823000E-22	1.114234E-22	2.561594E-23	6.265045E-24	2.181043E-24	5.119392E-25	8.835242E-25	1.088502E-25	1.216739E-25	1.172613E-24	1.446051E-24	1.258643E-24	1.807438E-26	4.737709E-25	0.000000E+00	0.000000E+00	0.000000E+00	0.000000E+00	0.000000E+00	0.000000E+00	0.000000E+00	1.543088E-24	
2.627803E-08	1.041168E-08	3.067358E-10	1.804482E-12	1.311718E-13	3.382676E-14	8.831098E-15	2.653279E-15	7.383305E-16	2.215893E-16	6.344414E-17	1.920154E-17	5.557124E-18	1.732426E-18	4.856376E-19	1.215135E-19	3.422662E-20	8.529522E-21	2.031189E-21	4.814373E-22	1.097226E-22	2.275433E-23	4.004435E-24	1.916490E-25	0.000000E+00	0.000000E+00	0.000000E+00	0.000000E+00	0.000000E+00	0.000000E+00	0.000000E+00	0.000000E+00	0.000000E+00	0.000000E+00	0.000000E+00	0.000000E+00	0.000000E+00	0.000000E+00	0.000000E+00	0.000000E+00	0.000000E+00	
2.628238E-08	1.041372E-08	3.068347E-10	1.809294E-12	1.318789E-13	3.400946E-14	8.878781E-15	2.667592E-15	7.423120E-16	2.227832E-16	6.378582E-17	1.930489E-17	5.587021E-18	1.741743E-18	4.882487E-19	1.221667E-19	3.440923E-20	8.575729E-21	2.042250E-21	4.852384E-22	1.117057E-22	2.436891E-23	4.737709E-24	4.846761E-25	9.665250E-25	0.000000E+00	0.000000E+00	4.787187E-25	0.000000E+00	6.252322E-25	0.000000E+00	0.000000E+00	8.124384E-25	0.000000E+00	5.743412E-25	7.586191E-25	0.000000E+00	0.000000E+00	0.000000E+00	0.000000E+00	5.631836E-25	
2.628733E-08	1.041603E-08	3.069471E-10	1.814757E-12	1.326815E-13	3.421684E-14	8.932906E-15	2.683838E-15	7.468314E-16	2.241383E-16	6.417366E-17	1.942219E-17	5.620956E-18	1.752317E-18	4.912131E-19	1.229067E-19	3.461875E-20	8.627784E-21	2.053110E-21	4.866706E-22	1.100340E-22	2.278422E-23	4.135903E-24	5.709081E-25	2.952485E-25	8.744365E-26	2.005348E-25	0.000000E+00	6.440134E-25	0.000000E+00	0.000000E+00	0.000000E+00	8.542417E-26	6.651170E-25	1.646081E-24	2.698788E-24	2.752658E-24	3.246068E-24	7.123225E-25	5.972927E-24	6.058805E-24	
2.629299E-08	1.041867E-08	3.070752E-10	1.820967E-12	1.335939E-13	3.445257E-14	8.994433E-15	2.702305E-15	7.519688E-16	2.256788E-16	6.461453E-17	1.955553E-17	5.659533E-18	1.764338E-18	4.945810E-19	1.237516E-19	3.485795E-20	8.688542E-21	2.069725E-21	4.917637E-22	1.121379E-22	2.637527E-23	6.072992E-24	2.268890E-24	1.727870E-24	1.483513E-24	0.000000E+00	1.570250E-24	2.456399E-24	7.083340E-25	1.748873E-24	0.000000E+00	0.000000E+00	0.000000E+00	0.000000E+00	0.000000E+00	2.247181E-25	0.000000E+00	0.000000E+00	0.000000E+00	8.849328E-24	
2.629946E-08	1.042169E-08	3.072214E-10	1.828041E-12	1.346328E-13	3.472101E-14	9.064495E-15	2.723334E-15	7.578187E-16	2.274328E-16	6.511654E-17	1.970736E-17	5.703457E-18	1.778026E-18	4.984184E-19	1.247117E-19	3.512692E-20	8.756182E-21	2.085820E-21	4.952372E-22	1.126577E-22	2.378205E-23	4.663796E-24	0.000000E+00	0.000000E+00	0.000000E+00	2.970661E-25	0.000000E+00	0.000000E+00	2.641485E-25	0.000000E+00	0.000000E+00	0.000000E+00	0.000000E+00	0.000000E+00	0.000000E+00	8.228892E-25	1.192657E-24	1.130810E-24	4.498299E-24	1.673900E-24	
2.630688E-08	1.042515E-08	3.073886E-10	1.836112E-12	1.358182E-13	3.502728E-14	9.144429E-15	2.747326E-15	7.644930E-16	2.294341E-16	6.568928E-17	1.988058E-17	5.753570E-18	1.793640E-18	5.027937E-19	1.258051E-19	3.543605E-20	8.833021E-21	2.104580E-21	5.008942E-22	1.154907E-22	2.663800E-23	6.993271E-24	3.452712E-24	9.962114E-25	1.833893E-24	1.448980E-24	1.159285E-24	3.227135E-25	8.490920E-25	1.419192E-24	1.306606E-24	0.000000E+00	2.414192E-24	0.000000E+00	2.673241E-24	2.489014E-25	8.858466E-25	1.527588E-24	0.000000E+00	7.826005E-24	
2.631541E-08	1.042913E-08	3.075804E-10	1.845344E-12	1.371736E-13	3.537748E-14	9.235829E-15	2.774759E-15	7.721244E-16	2.317222E-16	6.634415E-17	2.007864E-17	5.810867E-18	1.811496E-18	5.077978E-19	1.270576E-19	3.578993E-20	8.921494E-21	2.127046E-21	5.075145E-22	1.174697E-22	2.752536E-23	8.558977E-24	3.030640E-24	1.955870E-24	1.372643E-24	6.842012E-25	1.723529E-24	1.116674E-24	9.901530E-25	0.000000E+00	0.000000E+00	2.453673E-26	0.000000E+00	0.000000E+00	0.000000E+00	0.000000E+00	1.141715E-24	0.000000E+00	0.000000E+00	0.000000E+00	
2.632526E-08	1.043372E-08	3.078010E-10	1.855929E-12	1.387273E-13	3.577892E-14	9.340604E-15	2.806206E-15	7.808724E-16	2.343452E-16	6.709483E-17	2.030567E-17	5.876547E-18	1.831959E-18	5.135318E-19	1.284902E-19	3.619153E-20	9.020526E-21	2.148003E-21	5.094225E-22	1.157544E-22	2.549417E-23	4.213653E-24	4.253033E-25	2.209315E-25	0.000000E+00	0.000000E+00	0.000000E+00	5.418275E-25	1.110817E-24	7.276201E-25	7.895172E-25	0.000000E+00	1.456048E-25	4.885132E-25	0.000000E+00	0.000000E+00	0.000000E+00	0.000000E+00	2.063256E-24	0.000000E+00	
2.633668E-08	1.043902E-08	3.080556E-10	1.868101E-12	1.405137E-13	3.624045E-14	9.461060E-15	2.842358E-15	7.909295E-16	2.373606E-16	6.795782E-17	2.056667E-17	5.952049E-18	1.855486E-18	5.201259E-19	1.301387E-19	3.665695E-20	9.137022E-21	2.176668E-21	5.172839E-22	1.189028E-22	2.678199E-23	6.535858E-24	2.302212E-24	1.016204E-24	7.728565E-25	5.020437E-25	8.716093E-25	6.926830E-26	0.000000E+00	0.000000E+00	0.000000E+00	0.000000E+00	0.000000E+00	0.000000E+00	0.000000E+00	0.000000E+00	3.811271E-25	0.000000E+00	0.000000E+00	0.000000E+00	
2.634996E-08	1.044519E-08	3.083507E-10	1.882147E-12	1.425743E-13	3.677284E-14	9.600009E-15	2.884060E-15	8.025304E-16	2.408388E-16	6.895326E-17	2.086772E-17	6.039143E-18	1.882625E-18	5.277322E-19	1.320420E-19	3.719288E-20	9.270199E-21	2.207083E-21	5.246886E-22	1.201233E-22	2.577407E-23	5.382732E-24	1.904979E-24	1.680413E-24	0.000000E+00	1.087694E-24	0.000000E+00	0.000000E+00	0.000000E+00	0.000000E+00	0.000000E+00	0.000000E+00	0.000000E+00	0.000000E+00	0.000000E+00	0.000000E+00	0.000000E+00	0.000000E+00	8.536359E-25	0.000000E+00	
2.636550E-08	1.045240E-08	3.086942E-10	1.898418E-12	1.449604E-13	3.738933E-14	9.760908E-15	2.932349E-15	8.159636E-16	2.448664E-16	7.010590E-17	2.121630E-17	6.139985E-18	1.914045E-18	5.365393E-19	1.342452E-19	3.781159E-20	9.423178E-21	2.243782E-21	5.327584E-22	1.197174E-22	2.549962E-23	5.931830E-24	2.986817E-25	3.857214E-25	0.000000E+00	0.000000E+00	0.000000E+00	0.000000E+00	0.000000E+00	0.000000E+00	0.000000E+00	0.000000E+00	0.000000E+00	0.000000E+00	0.000000E+00	0.000000E+00	0.000000E+00	0.000000E+00	0.000000E+00	0.000000E+00	
2.638378E-08	1.046086E-08	3.090961E-10	1.917353E-12	1.477360E-13	3.810641E-14	9.948062E-15	2.988516E-15	8.315883E-16	2.495508E-16	7.144653E-17	2.162174E-17	6.257271E-18	1.950588E-18	5.467788E-19	1.368052E-19	3.853204E-20	9.602583E-21	2.286492E-21	5.423995E-22	1.235637E-22	2.712167E-23	5.754317E-24	2.048363E-24	9.376464E-25	1.276516E-24	2.540713E-24	8.525251E-25	0.000000E+00	1.092541E-25	4.311598E-25	0.000000E+00	0.000000E+00	4.179322E-25	0.000000E+00	1.068055E-24	1.174532E-24	1.278131E-24	3.340428E-24	4.258435E-24	1.226024E-23	
2.640545E-08	1.047087E-08	3.095692E-10	1.939503E-12	1.509816E-13	3.894489E-14	1.016690E-14	3.054189E-15	8.498573E-16	2.550279E-16	7.301401E-17	2.209577E-17	6.394403E-18	1.993316E-18	5.587553E-19	1.398023E-19	3.938000E-20	9.816367E-21	2.338862E-21	5.559926E-22	1.270999E-22	2.668930E-23	5.810459E-24	2.756596E-25	2.691972E-25	0.000000E+00	7.748760E-25	0.000000E+00	0.000000E+00	1.642345E-24	1.165848E-24	1.114149E-24	1.513906E-24	2.631388E-25	0.000000E+00	7.498849E-25	0.000000E+00	0.000000E+00	0.000000E+00	0.000000E+00	0.000000E+00	
2.643134E-08	1.048279E-08	3.101303E-10	1.965578E-12	1.547999E-13	3.993134E-14	1.042435E-14	3.131449E-15	8.713496E-16	2.614711E-16	7.485796E-17	2.265339E-17	6.555712E-18	2.043577E-18	5.728412E-19	1.433243E-19	4.036979E-20	1.006205E-20	2.396282E-21	5.697622E-22	1.298419E-22	2.881905E-23	5.761790E-24	1.013579E-24	3.695656E-26	0.000000E+00	5.862562E-25	0.000000E+00	0.000000E+00	0.000000E+00	0.000000E+00	0.000000E+00	0.000000E+00	1.848838E-24	2.807083E-25	0.000000E+00	0.000000E+00	1.402128E-24	0.000000E+00	7.448362E-25	1.937796E-24	
2.646256E-08	1.049714E-08	3.108015E-10	1.996501E-12	1.593254E-13	4.110041E-14	1.072947E-14	3.223008E-15	8.968196E-16	2.691066E-16	7.704311E-17	2.331418E-17	6.746866E-18	2.103137E-18	5.895324E-19	1.475016E-19	4.154703E-20	1.035639E-20	2.467505E-21	5.867360E-22	1.353523E-22	2.924334E-23	7.382425E-24	2.619473E-24	1.315088E-24	9.103833E-25	1.154337E-24	8.628245E-25	2.153275E-24	1.416365E-24	1.809155E-24	2.297567E-24	2.102081E-24	2.302818E-24	1.854795E-24	1.570502E-24	3.568327E-24	2.025744E-24	4.937133E-24	6.731849E-24	3.899321E-24	
2.650065E-08	1.051460E-08	3.116126E-10	2.033507E-12	1.647369E-13	4.249836E-14	1.109432E-14	3.332489E-15	9.272754E-16	2.782364E-16	7.965589E-17	2.410426E-17	6.975422E-18	2.174349E-18	6.094905E-19	1.524917E-19	4.295309E-20	1.070555E-20	2.549930E-21	6.062733E-22	1.394151E-22	3.157766E-23	6.880988E-24	2.017868E-24	1.070730E-24	6.498699E-25	1.809256E-24	1.235823E-24	6.784456E-25	1.144744E-24	1.198665E-24	9.721796E-25	8.206173E-25	3.023167E-25	1.997270E-24	2.250917E-24	1.441912E-24	2.697071E-24	8.269787E-25	0.000000E+00	2.718629E-24	
2.654781E-08	1.053615E-08	3.126060E-10	2.078315E-12	1.712837E-13	4.418955E-14	1.153572E-14	3.464934E-15	9.641205E-16	2.892814E-16	8.281682E-17	2.506009E-17	7.251927E-18	2.260498E-18	6.336328E-19	1.585309E-19	4.465348E-20	1.112981E-20	2.651414E-21	6.315257E-22	1.454477E-22	3.336490E-23	7.761684E-24	1.262985E-24	2.762654E-25	1.861964E-25	4.868976E-25	1.385871E-24	6.924810E-25	6.418930E-25	3.097888E-25	0.000000E+00	3.823893E-25	0.000000E+00	0.000000E+00	4.876044E-25	0.000000E+00	7.968379E-25	2.265760E-24	1.738978E-24	0.000000E+00	
2.660737E-08	1.056326E-08	3.138458E-10	2.133521E-12	1.793422E-13	4.627136E-14	1.207912E-14	3.627995E-15	1.009488E-15	3.028818E-16	8.670946E-17	2.623725E-17	7.592481E-18	2.366607E-18	6.633736E-19	1.659690E-19	4.675022E-20	1.165348E-20	2.775872E-21	6.613935E-22	1.529169E-22	3.342064E-23	7.086571E-24	2.341188E-24	7.256006E-25	1.358103E-24	3.247330E-25	0.000000E+00	0.000000E+00	0.000000E+00	0.000000E+00	0.000000E+00	0.000000E+00	0.000000E+00	0.000000E+00	0.000000E+00	4.623104E-25	2.399753E-24	8.522626E-24	6.530557E-24	4.261313E-24	
2.668523E-08	1.059858E-08	3.154467E-10	2.203841E-12	1.895992E-13	4.892197E-14	1.277123E-14	3.835755E-15	1.067315E-15	3.202239E-16	9.167497E-17	2.773930E-17	8.027162E-18	2.502073E-18	7.013441E-19	1.754683E-19	4.942413E-20	1.231933E-20	2.933762E-21	6.974894E-22	1.588094E-22	3.499483E-23	6.997714E-24	1.148682E-24	2.550608E-25	5.131509E-25	0.000000E+00	0.000000E+00	0.000000E+00	0.000000E+00	0.000000E+00	8.741336E-25	6.192747E-25	2.000198E-24	0.000000E+00	1.841769E-25	1.779165E-24	0.000000E+00	0.000000E+00	1.771744E-24	4.590539E-24	
2.679578E-08	1.064855E-08	3.176943E-10	2.301405E-12	2.038323E-13	5.260470E-14	1.373403E-14	4.125182E-15	1.147990E-15	3.444529E-16	9.862199E-17	2.984320E-17	8.636681E-18	2.692193E-18	7.546683E-19	1.888194E-19	5.318545E-20	1.325581E-20	3.156557E-21	7.500860E-22	1.709449E-22	3.577233E-23	6.667528E-24	1.982527E-24	1.462106E-25	7.365058E-25	1.657996E-25	0.000000E+00	1.189981E-24	9.387571E-25	1.121823E-25	0.000000E+00	0.000000E+00	0.000000E+00	0.000000E+00	1.445547E-24	0.000000E+00	3.053460E-25	1.128286E-24	7.919255E-24	6.688531E-24	
2.699403E-08	1.073787E-08	3.216800E-10	2.472536E-12	2.288554E-13	5.910260E-14	1.543873E-14	4.639705E-15	1.291980E-15	3.878734E-16	1.111190E-16	3.364014E-17	9.739980E-18	3.037137E-18	8.515706E-19	2.131346E-19	6.003910E-20	1.496674E-20	3.566101E-21	8.491550E-22	1.949824E-22	4.266846E-23	7.722910E-24	2.220019E-24	0.000000E+00	0.000000E+00	0.000000E+00	0.000000E+00	4.356027E-25	1.193919E-24	8.894817E-25	0.000000E+00	9.039210E-25	0.000000E+00	7.352941E-25	2.374206E-24	2.522840E-25	0.000000E+00	0.000000E+00	0.000000E+00	0.000000E+00	
2.761523E-08	1.101344E-08	3.335037E-10	2.946613E-12	2.978256E-13	7.702388E-14	2.014425E-14	6.060890E-15	1.690087E-15	5.080065E-16	1.457248E-16	4.416031E-17	1.279889E-17	3.993915E-18	1.120441E-18	2.806301E-19	7.905922E-20	1.971547E-20	4.697220E-21	1.115989E-21	2.549304E-22	5.630503E-23	1.233077E-23	2.256975E-24	1.449384E-24	8.108228E-25	5.612146E-25	4.432767E-25	1.476344E-24	1.310241E-24	0.000000E+00	0.000000E+00	0.000000E+00	1.191697E-24	1.299538E-24	2.488004E-25	1.824503E-24	0.000000E+00	0.000000E+00	2.936834E-25	0.000000E+00	
3.128835E-08	1.260477E-08	3.976240E-10	5.227868E-12	6.304378E-13	1.647158E-13	4.349714E-14	1.322520E-14	3.728622E-15	1.132524E-15	3.281997E-16	1.002761E-16	2.929404E-17	9.196929E-18	2.590805E-18	6.526558E-19	1.839952E-19	4.600346E-20	1.099197E-20	2.615587E-21	6.000408E-22	1.310912E-22	2.583708E-23	5.475427E-24	1.075779E-24	5.646477E-25	0.000000E+00	0.000000E+00	0.000000E+00	6.088744E-26	0.000000E+00	0.000000E+00	0.000000E+00	0.000000E+00	0.000000E+00	1.909321E-24	5.841256E-24	4.538891E-24	5.916078E-24	6.148268E-24	7.264336E-24	
5.472524E-08	2.278820E-08	8.128795E-10	2.053828E-11	2.883483E-12	7.623081E-13	2.039121E-13	6.270663E-14	1.793056E-14	5.506685E-15	1.615412E-15	4.977237E-16	1.467296E-16	4.636373E-17	1.312080E-17	3.326464E-18	9.381648E-19	2.352271E-19	5.637357E-20	1.344029E-20	3.091130E-21	6.801529E-22	1.450539E-22	3.024379E-23	8.979433E-24	3.277622E-24	3.347900E-24	1.960515E-24	0.000000E+00	0.000000E+00	0.000000E+00	0.000000E+00	0.000000E+00	2.711965E-24	0.000000E+00	0.000000E+00	5.100308E-24	3.864081E-24	1.064359E-23	6.177197E-24	0.000000E+00	
1.375206E-07	6.197091E-08	2.810061E-09	1.279145E-10	1.915315E-11	5.074210E-12	1.368021E-12	4.206979E-13	1.213630E-13	3.730310E-14	1.101561E-14	3.397765E-15	1.005995E-15	3.183033E-16	9.027330E-17	2.294209E-17	6.472332E-18	1.624784E-18	3.899931E-19	9.300852E-20	2.141342E-20	4.728386E-21	1.004438E-21	2.051448E-22	4.120959E-23	1.034864E-23	9.124836E-24	1.077031E-23	7.001147E-24	1.463884E-23	6.415093E-24	4.925925E-24	1.853280E-23	1.479514E-23	0.000000E+00	7.105756E-24	7.516115E-24	1.121662E-23	1.449989E-24	1.813658E-23	2.726505E-24	
2.677597E-07	1.369663E-07	8.275034E-09	5.367152E-10	8.108925E-11	2.115187E-11	5.676956E-12	1.711847E-12	4.919645E-13	1.486997E-13	4.368307E-14	1.332219E-14	3.924232E-15	1.232181E-15	3.485812E-16	8.814809E-17	2.487756E-17	6.234405E-18	1.494611E-18	3.562212E-19	8.195393E-20	1.808201E-20	3.849973E-21	7.976961E-22	1.632308E-22	4.101814E-23	2.151477E-23	9.743606E-24	8.570690E-24	1.305718E-23	1.002391E-23	1.239640E-23	0.000000E+00	0.000000E+00	0.000000E+00	2.037417E-23	1.057644E-23	0.000000E+00	5.119796E-24	5.569333E-23	0.000000E+00	
4.090168E-07	2.468320E-07	1.968931E-08	1.588827E-09	2.401976E-10	6.184712E-11	1.660737E-11	4.918085E-12	1.415498E-12	4.213827E-13	1.236102E-13	3.731025E-14	1.096092E-14	3.418818E-15	9.658281E-16	2.434091E-16	6.871148E-17	1.720199E-17	4.122926E-18	9.823366E-19	2.260706E-19	4.989237E-20	1.058908E-20	2.182639E-21	4.328416E-22	6.007076E-23	7.916377E-25	0.000000E+00	0.000000E+00	0.000000E+00	0.000000E+00	0.000000E+00	0.000000E+00	0.000000E+00	7.383233E-25	3.256539E-23	8.385867E-23	6.585537E-23	1.147996E-22	9.838441E-23	1.370438E-22	
5.159205E-07	3.687432E-07	3.681284E-08	3.407271E-09	5.150575E-10	1.312881E-10	3.536641E-11	1.031984E-11	2.982767E-12	8.772945E-13	2.575784E-13	7.711329E-14	2.263432E-14	7.023737E-15	1.983221E-15	4.988880E-16	1.408551E-16	3.525091E-17	8.452711E-18	2.013748E-18	4.636666E-19	1.024620E-19	2.187578E-20	4.513188E-21	9.057434E-22	1.804062E-22	6.553145E-23	2.089924E-23	2.120297E-23	4.661292E-23	2.412072E-23	3.226004E-23	3.884033E-23	2.488489E-23	6.898719E-23	9.445530E-23	8.954069E-23	0.000000E+00	0.000000E+00	0.000000E+00	0.000000E+00	
5.767259E-07	4.757548E-07	5.593646E-08	5.659974E-09	8.564864E-10	2.167353E-10	5.859158E-11	1.691501E-11	4.910214E-12	1.432035E-12	4.210784E-13	1.253396E-13	3.678652E-14	1.137454E-14	3.211453E-15	8.071906E-16	2.279326E-16	5.704521E-17	1.368851E-17	3.261244E-18	7.513151E-19	1.660541E-19	3.537593E-20	7.288450E-21	1.451004E-21	3.137341E-22	1.974247E-23	0.000000E+00	0.000000E+00	0.000000E+00	0.000000E+00	0.000000E+00	0.000000E+00	0.000000E+00	0.000000E+00	0.000000E+00	0.000000E+00	0.000000E+00	0.000000E+00	0.000000E+00	0.000000E+00	
6.043969E-07	5.534605E-07	7.262788E-08	7.782181E-09	1.180319E-09	2.974000E-10	8.066407E-11	2.314053E-11	6.743267E-12	1.957479E-12	5.766245E-13	1.711108E-13	5.025009E-14	1.550826E-14	4.379962E-15	1.100983E-15	3.109461E-16	7.784789E-17	1.869573E-17	4.454976E-18	1.026936E-18	2.271532E-19	4.845909E-20	1.004341E-20	2.053560E-21	4.303730E-22	1.559106E-22	8.229801E-23	9.661211E-23	9.486728E-23	1.169653E-22	1.019371E-22	1.095982E-22	8.844693E-23	1.430182E-22	1.580820E-22	2.382991E-23	2.946346E-23	1.918203E-22	1.223856E-22	2.288415E-22	
6.168239E-07	6.126259E-07	8.726127E-08	9.754086E-09	1.484755E-09	3.733577E-10	1.016505E-10	2.907063E-11	8.507732E-12	2.465400E-12	7.282379E-13	2.159084E-13	6.350716E-14	1.959167E-14	5.538234E-15	1.393586E-15	3.937054E-16	9.863931E-17	2.371432E-17	5.652774E-18	1.304002E-18	2.886029E-19	6.160707E-20	1.278474E-20	2.564893E-21	5.223387E-22	1.448988E-22	5.615781E-23	0.000000E+00	2.671212E-23	2.872514E-24	6.572208E-24	0.000000E+00	0.000000E+00	0.000000E+00	0.000000E+00	0.000000E+00	0.000000E+00	0.000000E+00	0.000000E+00	0.000000E+00	
6.209725E-07	6.573934E-07	9.972185E-08	1.151180E-08	1.758658E-09	4.417141E-10	1.206548E-10	3.444287E-11	1.011669E-11	2.929551E-12	8.674724E-13	2.571355E-13	7.575067E-14	2.336894E-14	6.611887E-15	1.665618E-15	4.706954E-16	1.180134E-16	2.839974E-17	6.771937E-18	1.562990E-18	3.460326E-19	7.385162E-20	1.525022E-20	3.074262E-21	6.301501E-22	1.427468E-22	3.432800E-23	3.478682E-23	2.901594E-23	4.250287E-23	2.507714E-23	1.992665E-23	0.000000E+00	0.000000E+00	0.000000E+00	0.000000E+00	6.844596E-23	1.270659E-23	2.628673E-22	2.608333E-22	
6.208149E-07	6.922502E-07	1.104523E-07	1.308328E-08	2.005748E-09	5.034384E-10	1.379098E-10	3.932765E-11	1.158794E-11	3.355162E-12	9.957091E-13	2.952007E-13	8.709175E-14	2.687411E-14	7.610097E-15	1.919242E-15	5.425170E-16	1.361144E-16	3.278479E-17	7.820192E-18	1.805911E-18	4.000674E-19	8.544574E-20	1.769487E-20	3.560948E-21	7.367853E-22	1.981227E-22	5.935667E-23	6.210317E-23	1.750327E-23	2.746821E-23	8.258881E-24	0.000000E+00	1.222676E-23	0.000000E+00	7.697626E-23	1.319612E-22	8.106047E-23	0.000000E+00	0.000000E+00	0.000000E+00	
6.181870E-07	7.201497E-07	1.198607E-07	1.450483E-08	2.230561E-09	5.595168E-10	1.536193E-10	4.376872E-11	1.292821E-11	3.742758E-12	1.112624E-12	3.298999E-13	9.743759E-14	3.007121E-14	8.521067E-15	2.150935E-15	6.081421E-16	1.526651E-16	3.679796E-17	8.779764E-18	2.028326E-18	4.495202E-19	9.605133E-20	1.980697E-20	4.014392E-21	8.031988E-22	1.201221E-22	0.000000E+00	0.000000E+00	0.000000E+00	0.000000E+00	0.000000E+00	0.000000E+00	0.000000E+00	0.000000E+00	0.000000E+00	0.000000E+00	0.000000E+00	0.000000E+00	0.000000E+00	3.008546E-23	
6.141664E-07	7.438148E-07	1.285148E-07	1.585071E-08	2.445693E-09	6.133983E-10	1.688190E-10	4.808805E-11	1.424092E-11	4.124710E-12	1.228534E-12	3.644723E-13	1.077933E-13	3.328267E-14	9.438545E-15	2.385161E-15	6.745329E-16	1.694400E-16	4.087309E-17	9.755029E-18	2.254578E-18	4.997956E-19	1.067938E-19	2.204655E-20	4.368554E-21	8.220883E-22	9.303843E-23	0.000000E+00	0.000000E+00	0.000000E+00	0.000000E+00	0.000000E+00	0.000000E+00	0.000000E+00	0.000000E+00	9.137761E-24	7.204872E-23	0.000000E+00	3.470281E-24	0.000000E+00	0.000000E+00	
6.089507E-07	7.638714E-07	1.365010E-07	1.712409E-08	2.649682E-09	6.642736E-10	1.831452E-10	5.214055E-11	1.547000E-11	4.480990E-12	1.336390E-12	3.965466E-13	1.173822E-13	3.624971E-14	1.028544E-14	2.601190E-15	7.357558E-16	1.849070E-16	4.463109E-17	1.065448E-17	2.463395E-18	5.462963E-19	1.167566E-19	2.411584E-20	4.810320E-21	9.053298E-22	1.874081E-22	3.730068E-23	4.566295E-23	5.337900E-24	1.002633E-23	0.000000E+00	7.205519E-25	4.033798E-23	0.000000E+00	3.469312E-23	0.000000E+00	4.935942E-23	0.000000E+00	9.619206E-24	0.000000E+00	
6.028980E-07	7.819935E-07	1.442941E-07	1.839919E-08	2.856463E-09	7.161572E-10	1.978763E-10	5.633900E-11	1.675383E-11	4.856187E-12	1.450796E-12	4.307904E-13	1.276769E-13	3.944975E-14	1.120169E-14	2.835938E-15	8.023387E-16	2.017631E-16	4.873479E-17	1.163759E-17	2.691802E-18	5.971840E-19	1.276897E-19	2.642159E-20	5.318093E-21	1.035578E-21	2.292906E-22	6.520510E-24	0.000000E+00	8.149022E-24	0.000000E+00	2.656995E-23	0.000000E+00	1.207490E-23	3.062830E-23	1.120571E-23	7.315055E-23	0.000000E+00	0.000000E+00	0.000000E+00	0.000000E+00	
5.959563E-07	7.982645E-07	1.519162E-07	1.967743E-08	3.065326E-09	7.686274E-10	2.128221E-10	6.060654E-11	1.806272E-11	5.239660E-12	1.568005E-12	4.659414E-13	1.382638E-13	4.274487E-14	1.214624E-14	3.078375E-15	8.711248E-16	2.191939E-16	5.298282E-17	1.265573E-17	2.928525E-18	6.499282E-19	1.390472E-19	2.879194E-20	5.770910E-21	1.116597E-21	2.047272E-22	0.000000E+00	0.000000E+00	0.000000E+00	0.000000E+00	0.000000E+00	0.000000E+00	0.000000E+00	0.000000E+00	3.377870E-23	0.000000E+00	0.000000E+00	0.000000E+00	1.275441E-22	0.000000E+00	
5.881308E-07	8.129333E-07	1.594535E-07	2.097317E-08	3.278662E-09	8.222813E-10	2.281503E-10	6.499092E-11	1.941106E-11	5.635620E-12	1.689289E-12	5.023792E-13	1.492564E-13	4.617029E-14	1.312916E-14	3.331094E-15	9.428497E-16	2.373865E-16	5.742114E-17	1.372001E-17	3.176120E-18	7.051272E-19	1.508918E-19	3.123068E-20	6.242487E-21	1.196904E-21	1.952469E-22	1.954214E-23	0.000000E+00	0.000000E+00	0.000000E+00	1.665024E-23	0.000000E+00	0.000000E+00	4.963084E-24	5.554712E-23	0.000000E+00	0.000000E+00	1.660500E-23	2.092638E-22	0.000000E+00	
5.794522E-07	8.266805E-07	1.671810E-07	2.233789E-08	3.507302E-09	8.803901E-10	2.449544E-10	6.985594E-11	2.092464E-11	6.085441E-12	1.828447E-12	5.445679E-13	1.620791E-13	5.019111E-14	1.428759E-14	3.630583E-15	1.027928E-15	2.590201E-16	6.271085E-17	1.499004E-17	3.471865E-18	7.711254E-19	1.650324E-19	3.407754E-20	6.766984E-21	1.225772E-21	1.864452E-22	0.000000E+00	0.000000E+00	0.000000E+00	0.000000E+00	0.000000E+00	0.000000E+00	0.000000E+00	0.000000E+00	9.751684E-24	0.000000E+00	0.000000E+00	0.000000E+00	0.000000E+00	5.382975E-23	
5.698229E-07	8.384580E-07	1.747106E-07	2.370232E-08	3.736273E-09	9.382694E-10	2.616305E-10	7.465798E-11	2.241289E-11	6.525862E-12	1.964209E-12	5.855929E-13	1.745168E-13	5.408192E-14	1.540734E-14	3.919829E-15	1.110081E-15	2.799076E-16	6.781936E-17	1.621658E-17	3.757598E-18	8.350056E-19	1.788190E-19	3.708504E-20	7.452703E-21	1.495620E-21	2.945021E-22	6.402249E-23	4.448681E-23	4.144950E-23	4.657738E-23	1.719631E-23	0.000000E+00	0.000000E+00	0.000000E+00	0.000000E+00	0.000000E+00	0.000000E+00	0.000000E+00	0.000000E+00	0.000000E+00	
5.593012E-07	8.487045E-07	1.822188E-07	2.510117E-08	3.973284E-09	9.983085E-10	2.789912E-10	7.967163E-11	2.397159E-11	6.988671E-12	2.107233E-12	6.289178E-13	1.876778E-13	5.820554E-14	1.659556E-14	4.227385E-15	1.197463E-15	3.021482E-16	7.326503E-17	1.752482E-17	4.062535E-18	9.030222E-19	1.934263E-19	4.003213E-20	7.995063E-21	1.543584E-21	3.293665E-22	6.101103E-23	1.235601E-23	2.201076E-23	1.226231E-23	0.000000E+00	1.835630E-23	4.038968E-24	7.312147E-23	3.091264E-23	5.236764E-23	3.082540E-24	7.380971E-23	3.017271E-23	1.689581E-23	
5.479113E-07	8.573259E-07	1.896751E-07	2.653176E-08	4.218193E-09	1.060500E-09	2.970423E-10	8.490146E-11	2.560276E-11	7.474750E-12	2.257841E-12	6.746591E-13	2.016014E-13	6.257548E-14	1.785635E-14	4.554422E-15	1.290410E-15	3.258313E-16	7.907064E-17	1.892039E-17	4.388052E-18	9.758112E-19	2.090746E-19	4.328270E-20	8.649117E-21	1.691643E-21	3.083897E-22	7.600368E-23	4.701359E-23	0.000000E+00	0.000000E+00	2.601418E-23	0.000000E+00	0.000000E+00	0.000000E+00	0.000000E+00	6.775772E-24	0.000000E+00	0.000000E+00	0.000000E+00	0.000000E+00	
5.356970E-07	8.642126E-07	1.970332E-07	2.798830E-08	4.470344E-09	1.124707E-09	3.157528E-10	9.034174E-11	2.730526E-11	7.984061E-12	2.416075E-12	7.228500E-13	2.163021E-13	6.719755E-14	1.919165E-14	4.901553E-15	1.389099E-15	3.510065E-16	8.524958E-17	2.040655E-17	4.735018E-18	1.053521E-18	2.258364E-19	4.683795E-20	9.410931E-21	1.815099E-21	3.543500E-22	2.177811E-23	0.000000E+00	0.000000E+00	0.000000E+00	0.000000E+00	0.000000E+00	0.000000E+00	0.000000E+00	0.000000E+00	0.000000E+00	0.000000E+00	0.000000E+00	0.000000E+00	0.000000E+00	
5.227211E-07	8.692569E-07	2.042347E-07	2.946239E-08	4.728632E-09	1.190684E-09	3.350596E-10	9.597746E-11	2.907504E-11	8.515719E-12	2.581714E-12	7.734452E-13	2.317703E-13	7.207015E-14	2.060124E-14	5.268845E-15	1.493554E-15	3.776844E-16	9.180554E-17	2.198449E-17	5.103676E-18	1.135958E-18	2.435844E-19	5.051817E-20	1.010579E-20	1.925250E-21	3.621694E-22	2.540995E-23	0.000000E+00	1.777146E-24	7.683732E-23	7.049776E-23	7.340259E-23	8.403961E-23	7.353183E-23	4.000517E-23	4.280337E-23	1.118116E-22	2.515469E-23	1.989111E-23	0.000000E+00	
5.090645E-07	8.723668E-07	2.112139E-07	3.094350E-08	4.991560E-09	1.258082E-09	3.548701E-10	1.017851E-10	3.090539E-11	9.068028E-12	2.754286E-12	8.263223E-13	2.479732E-13	7.718432E-14	2.208281E-14	5.655814E-15	1.603641E-15	4.058350E-16	9.873243E-17	2.365293E-17	5.493756E-18	1.223414E-18	2.625209E-19	5.449564E-20	1.100775E-20	2.198614E-21	4.207764E-22	1.051101E-22	4.758873E-23	0.000000E+00	0.000000E+00	0.000000E+00	0.000000E+00	0.000000E+00	0.000000E+00	0.000000E+00	0.000000E+00	0.000000E+00	0.000000E+00	0.000000E+00	0.000000E+00	
4.948233E-07	8.734770E-07	2.179013E-07	3.241952E-08	5.257307E-09	1.326473E-09	3.750664E-10	1.077336E-10	3.278715E-11	9.638552E-12	2.933084E-12	8.812863E-13	2.648553E-13	8.252399E-14	2.363195E-14	6.061435E-15	1.719071E-15	4.353895E-16	1.060144E-16	2.540807E-17	5.904427E-18	1.315417E-18	2.823444E-19	5.858804E-20	1.179553E-20	2.280382E-21	4.744656E-22	7.199703E-23	1.874081E-23	0.000000E+00	0.000000E+00	0.000000E+00	0.000000E+00	0.000000E+00	0.000000E+00	0.000000E+00	0.000000E+00	2.229187E-23	9.058920E-23	1.013135E-22	5.424851E-22	
4.801057E-07	8.725557E-07	2.242278E-07	3.387726E-08	5.523806E-09	1.395358E-09	3.955099E-10	1.137855E-10	3.470905E-11	1.022418E-11	3.117185E-12	9.380741E-13	2.823400E-13	8.806623E-14	2.524227E-14	6.484151E-15	1.839405E-15	4.662394E-16	1.136258E-16	2.724403E-17	6.334386E-18	1.411877E-18	3.031692E-19	6.295398E-20	1.264895E-20	2.454807E-21	4.631501E-22	4.157875E-23	4.113931E-23	3.470281E-23	0.000000E+00	3.630224E-23	0.000000E+00	0.000000E+00	7.539299E-23	8.689920E-23	7.398420E-23	4.936265E-23	2.261757E-22	2.396917E-22	4.088146E-22	
4.731861E-07	8.845518E-07	2.339927E-07	3.588587E-08	5.882026E-09	1.487283E-09	4.224466E-10	1.216977E-10	3.719395E-11	1.097535E-11	3.351400E-12	1.009909E-12	3.043350E-13	9.501149E-14	2.725436E-14	7.010252E-15	1.989076E-15	5.045399E-16	1.230582E-16	2.951728E-17	6.866306E-18	1.531096E-18	3.288546E-19	6.827271E-20	1.370914E-20	2.654843E-21	4.598801E-22	4.055124E-23	0.000000E+00	0.000000E+00	0.000000E+00	0.000000E+00	0.000000E+00	0.000000E+00	0.000000E+00	0.000000E+00	4.192772E-23	2.311259E-23	8.599770E-23	0.000000E+00	0.000000E+00	
4.657850E-07	8.952968E-07	2.437946E-07	3.795857E-08	6.258007E-09	1.584608E-09	4.512210E-10	1.302278E-10	3.989365E-11	1.179839E-11	3.609649E-12	1.089589E-12	3.288461E-13	1.027826E-13	2.951147E-14	7.602625E-15	2.157674E-15	5.477575E-16	1.337190E-16	3.208893E-17	7.468555E-18	1.666313E-18	3.580848E-19	7.435839E-20	1.497129E-20	2.875422E-21	5.107517E-22	1.337383E-22	4.523644E-25	1.597493E-23	4.826082E-23	1.984587E-23	0.000000E+00	1.760344E-23	0.000000E+00	1.418001E-22	1.113366E-22	1.655234E-22	6.703071E-23	2.673764E-22	3.194985E-22	
4.576727E-07	9.038144E-07	2.532171E-07	4.001797E-08	6.636744E-09	1.683075E-09	4.804650E-10	1.389391E-10	4.266039E-11	1.264582E-11	3.876309E-12	1.172125E-12	3.542929E-13	1.108668E-13	3.186276E-14	8.221194E-15	2.333777E-15	5.929538E-16	1.448822E-16	3.478374E-17	8.100141E-18	1.808007E-18	3.887437E-19	8.080218E-20	1.625239E-20	3.166971E-21	6.178781E-22	1.295701E-22	2.643747E-23	0.000000E+00	8.497988E-24	2.656025E-24	0.000000E+00	0.000000E+00	0.000000E+00	0.000000E+00	0.000000E+00	0.000000E+00	0.000000E+00	6.444254E-23	3.002730E-23	
4.489198E-07	9.100273E-07	2.621600E-07	4.204334E-08	7.014696E-09	1.781804E-09	5.099246E-10	1.477591E-10	4.547178E-11	1.351111E-11	4.149367E-12	1.256915E-12	3.804943E-13	1.192079E-13	3.429220E-14	8.861875E-15	2.516223E-15	6.398363E-16	1.564770E-16	3.758487E-17	8.757232E-18	1.955654E-18	4.206176E-19	8.749816E-20	1.761508E-20	3.391848E-21	6.210963E-22	1.489054E-22	7.151881E-23	0.000000E+00	0.000000E+00	0.000000E+00	4.685203E-25	5.761184E-24	0.000000E+00	5.085222E-23	2.226925E-23	6.045527E-23	5.352440E-23	2.908121E-22	2.613858E-22	
4.396046E-07	9.139041E-07	2.705319E-07	4.401415E-08	7.388221E-09	1.879873E-09	5.393303E-10	1.566098E-10	4.830332E-11	1.438695E-11	4.426560E-12	1.343274E-12	4.072413E-13	1.277405E-13	3.678094E-14	9.519812E-15	2.703633E-15	6.880545E-16	1.684179E-16	4.047176E-17	9.434908E-18	2.108049E-18	4.535920E-19	9.431603E-20	1.896299E-20	3.608420E-21	6.530397E-22	1.210204E-22	3.730068E-23	0.000000E+00	8.594924E-25	0.000000E+00	0.000000E+00	0.000000E+00	0.000000E+00	0.000000E+00	0.000000E+00	0.000000E+00	0.000000E+00	0.000000E+00	0.000000E+00	
4.298114E-07	9.154583E-07	2.782529E-07	4.591078E-08	7.753686E-09	1.976350E-09	5.684050E-10	1.654095E-10	5.112905E-11	1.526547E-11	4.705413E-12	1.430441E-12	4.343006E-13	1.363910E-13	3.930768E-14	1.018945E-14	2.894426E-15	7.372051E-16	1.806058E-16	4.342069E-17	1.012775E-17	2.263925E-18	4.872979E-19	1.014041E-19	2.036443E-20	3.864930E-21	6.736998E-22	9.378806E-23	0.000000E+00	0.000000E+00	0.000000E+00	0.000000E+00	0.000000E+00	0.000000E+00	0.000000E+00	0.000000E+00	0.000000E+00	0.000000E+00	5.594455E-23	0.000000E+00	0.000000E+00	
4.196276E-07	9.147461E-07	2.852575E-07	4.771516E-08	8.107587E-09	2.070318E-09	5.968722E-10	1.740751E-10	5.392223E-11	1.613843E-11	4.983309E-12	1.517603E-12	4.614206E-13	1.450793E-13	4.184911E-14	1.086467E-14	3.086858E-15	7.868409E-16	1.929306E-16	4.640520E-17	1.082967E-17	2.422005E-18	5.216289E-19	1.086312E-19	2.188169E-20	4.232237E-21	7.509249E-22	1.417775E-22	2.445353E-23	8.504451E-24	0.000000E+00	1.530607E-23	1.075981E-23	6.648464E-23	9.467341E-23	5.467147E-24	1.047547E-23	1.922872E-23	1.245941E-23	1.925812E-22	6.864953E-23	
4.091419E-07	9.118626E-07	2.914955E-07	4.941124E-08	8.446641E-09	2.160903E-09	6.244630E-10	1.825242E-10	5.665602E-11	1.699739E-11	5.257551E-12	1.603912E-12	4.883367E-13	1.537206E-13	4.438043E-14	1.153890E-14	3.279055E-15	8.364800E-16	2.052731E-16	4.939636E-17	1.153374E-17	2.580693E-18	5.560770E-19	1.158034E-19	2.339169E-20	4.560189E-21	8.940982E-22	1.038629E-22	6.418405E-23	2.132575E-23	0.000000E+00	0.000000E+00	1.666640E-23	1.252403E-23	1.916409E-23	7.047191E-23	6.326639E-24	6.002876E-23	1.381392E-22	2.530236E-22	3.777954E-22	
3.984424E-07	9.069374E-07	2.969334E-07	5.098544E-08	8.767881E-09	2.247294E-09	6.509231E-10	1.906772E-10	5.930410E-11	1.783395E-11	5.525416E-12	1.688504E-12	5.147772E-13	1.622272E-13	4.687587E-14	1.220526E-14	3.469056E-15	8.856153E-16	2.175070E-16	5.236374E-17	1.223286E-17	2.738412E-18	5.902536E-19	1.229451E-19	2.477606E-20	4.745225E-21	8.611403E-22	1.215051E-22	0.000000E+00	9.693523E-26	0.000000E+00	0.000000E+00	0.000000E+00	1.156437E-23	5.413509E-23	3.851560E-24	0.000000E+00	0.000000E+00	0.000000E+00	0.000000E+00	0.000000E+00	
3.876149E-07	9.001286E-07	3.015540E-07	5.242696E-08	9.068726E-09	2.328763E-09	6.760186E-10	1.984590E-10	6.184127E-11	1.863990E-11	5.784219E-12	1.770514E-12	5.404686E-13	1.705102E-13	4.930919E-14	1.285668E-14	3.654846E-15	9.337247E-16	2.295022E-16	5.527560E-17	1.291941E-17	2.893332E-18	6.238655E-19	1.300275E-19	2.615126E-20	4.968292E-21	8.335008E-22	7.399389E-23	0.000000E+00	0.000000E+00	0.000000E+00	0.000000E+00	0.000000E+00	0.000000E+00	0.000000E+00	0.000000E+00	0.000000E+00	0.000000E+00	1.347400E-23	0.000000E+00	8.115094E-23	
3.767520E-07	8.916407E-07	3.053646E-07	5.372930E-08	9.347275E-09	2.404746E-09	6.995599E-10	2.058064E-10	6.424578E-11	1.940797E-11	6.031541E-12	1.849155E-12	5.651583E-13	1.784867E-13	5.165579E-14	1.348649E-14	3.834518E-15	9.803116E-16	2.411341E-16	5.810192E-17	1.358659E-17	3.044191E-18	6.566765E-19	1.369337E-19	2.765061E-20	5.381773E-21	1.041996E-21	2.335428E-22	1.797179E-23	3.131654E-23	6.956072E-23	0.000000E+00	2.809506E-23	1.456290E-23	0.000000E+00	0.000000E+00	0.000000E+00	0.000000E+00	0.000000E+00	0.000000E+00	0.000000E+00	
3.660401E-07	8.819336E-07	3.084713E-07	5.490398E-08	9.604734E-09	2.475464E-09	7.215839E-10	2.127218E-10	6.651616E-11	2.013693E-11	6.266825E-12	1.924201E-12	5.887647E-13	1.861273E-13	5.390647E-14	1.409198E-14	4.007296E-15	1.025166E-15	2.523486E-16	6.082899E-17	1.423091E-17	3.189877E-18	6.884359E-19	1.436478E-19	2.898801E-20	5.614172E-21	1.066152E-21	1.921321E-22	4.221206E-23	6.050697E-23	6.336979E-23	3.485791E-23	6.430360E-23	8.275684E-23	7.764189E-23	1.126323E-22	1.520591E-23	0.000000E+00	0.000000E+00	0.000000E+00	0.000000E+00	
3.554598E-07	8.710025E-07	3.108314E-07	5.593682E-08	9.837810E-09	2.539973E-09	7.417856E-10	2.191063E-10	6.861907E-11	2.081581E-11	6.486474E-12	1.994489E-12	6.109178E-13	1.933111E-13	5.602544E-14	1.466346E-14	4.170418E-15	1.067571E-15	2.629657E-16	6.341313E-17	1.484203E-17	3.328184E-18	7.184837E-19	1.498762E-19	3.024844E-20	5.917786E-21	1.104603E-21	2.364056E-22	5.502690E-23	0.000000E+00	0.000000E+00	1.413962E-23	2.763946E-23	0.000000E+00	0.000000E+00	0.000000E+00	7.229752E-23	0.000000E+00	0.000000E+00	0.000000E+00	3.485468E-23	
3.450844E-07	8.590771E-07	3.124903E-07	5.682958E-08	1.004597E-08	2.598026E-09	7.600606E-10	2.249187E-10	7.053905E-11	2.143899E-11	6.688521E-12	2.059349E-12	6.313970E-13	1.999639E-13	5.799033E-14	1.519471E-14	4.322104E-15	1.107056E-15	2.728665E-16	6.582517E-17	1.541302E-17	3.457572E-18	7.466880E-19	1.558675E-19	3.147257E-20	6.144039E-21	1.101682E-21	1.808876E-22	5.838732E-23	0.000000E+00	0.000000E+00	0.000000E+00	0.000000E+00	0.000000E+00	0.000000E+00	0.000000E+00	0.000000E+00	0.000000E+00	0.000000E+00	0.000000E+00	0.000000E+00	
3.349847E-07	8.463942E-07	3.135046E-07	5.758667E-08	1.022910E-08	2.649476E-09	7.763303E-10	2.301246E-10	7.226238E-11	2.200126E-11	6.871111E-12	2.118139E-12	6.499877E-13	2.060127E-13	5.977904E-14	1.567952E-14	4.460583E-15	1.143154E-15	2.819318E-16	6.803576E-17	1.593689E-17	3.576331E-18	7.725725E-19	1.612932E-19	3.255373E-20	6.342239E-21	1.158454E-21	2.054122E-22	4.690373E-23	0.000000E+00	6.976105E-23	3.209202E-23	0.000000E+00	1.680211E-24	0.000000E+00	2.314813E-23	0.000000E+00	1.759698E-23	5.816114E-26	0.000000E+00	1.277962E-22	
3.252266E-07	8.333433E-07	3.140644E-07	5.824651E-08	1.039540E-08	2.696763E-09	7.914154E-10	2.349957E-10	7.388353E-11	2.253384E-11	7.044707E-12	2.174258E-12	6.677818E-13	2.118164E-13	6.149803E-14	1.614666E-14	4.594050E-15	1.177991E-15	2.906924E-16	7.017408E-17	1.644419E-17	3.691593E-18	7.977637E-19	1.666387E-19	3.361746E-20	6.536304E-21	1.184975E-21	1.868782E-22	0.000000E+00	0.000000E+00	0.000000E+00	0.000000E+00	0.000000E+00	0.000000E+00	0.000000E+00	0.000000E+00	0.000000E+00	0.000000E+00	0.000000E+00	0.000000E+00	0.000000E+00	
3.160712E-07	8.204077E-07	3.142247E-07	5.880037E-08	1.053874E-08	2.737409E-09	8.043096E-10	2.391536E-10	7.525985E-11	2.298620E-11	7.191650E-12	2.221764E-12	6.828239E-13	2.167193E-13	6.295040E-14	1.654188E-14	4.707033E-15	1.207515E-15	2.981279E-16	7.199051E-17	1.687565E-17	3.789644E-18	8.191343E-19	1.711960E-19	3.461370E-20	6.731428E-21	1.263008E-21	2.454465E-22	4.008595E-23	2.834386E-23	1.669548E-23	0.000000E+00	0.000000E+00	1.937412E-23	0.000000E+00	0.000000E+00	0.000000E+00	4.349161E-24	8.741619E-23	0.000000E+00	0.000000E+00	
3.076391E-07	8.081348E-07	3.142515E-07	5.930202E-08	1.066986E-08	2.774445E-09	8.159858E-10	2.429092E-10	7.649621E-11	2.339218E-11	7.323078E-12	2.264226E-12	6.962470E-13	2.210905E-13	6.424499E-14	1.689437E-14	4.807844E-15	1.233877E-15	3.047728E-16	7.361471E-17	1.726174E-17	3.877394E-18	8.383875E-19	1.752032E-19	3.543321E-20	6.885387E-21	1.268966E-21	2.417565E-22	0.000000E+00	0.000000E+00	0.000000E+00	0.000000E+00	0.000000E+00	0.000000E+00	0.000000E+00	0.000000E+00	1.223969E-23	8.764237E-23	9.418227E-23	9.342294E-23	0.000000E+00	
3.000760E-07	7.970159E-07	3.143457E-07	5.978743E-08	1.079459E-08	2.809274E-09	8.268223E-10	2.463642E-10	7.762188E-11	2.375978E-11	7.441258E-12	2.302277E-12	7.082286E-13	2.249814E-13	6.539582E-14	1.720740E-14	4.897413E-15	1.257301E-15	3.106791E-16	7.505875E-17	1.760522E-17	3.955615E-18	8.554885E-19	1.788533E-19	3.621008E-20	7.073293E-21	1.399325E-21	3.373281E-22	5.018660E-23	5.570544E-23	6.844920E-23	7.605538E-23	1.409406E-22	8.226893E-23	6.794190E-23	9.375898E-23	4.911708E-23	8.154514E-23	0.000000E+00	1.869040E-22	0.000000E+00	
2.935171E-07	7.875211E-07	3.147088E-07	6.029376E-08	1.091906E-08	2.843359E-09	8.372140E-10	2.496250E-10	7.866729E-11	2.409728E-11	7.548541E-12	2.336572E-12	7.189519E-13	2.284451E-13	6.641732E-14	1.748438E-14	4.976696E-15	1.278018E-15	3.159002E-16	7.633495E-17	1.790879E-17	4.024728E-18	8.706280E-19	1.819990E-19	3.679838E-20	7.182319E-21	1.373863E-21	2.433850E-22	3.638948E-23	4.723977E-24	0.000000E+00	1.909624E-23	2.059874E-23	0.000000E+00	0.000000E+00	9.386561E-24	1.109585E-23	0.000000E+00	0.000000E+00	0.000000E+00	0.000000E+00	
2.880942E-07	7.801125E-07	3.155456E-07	6.085961E-08	1.104964E-08	2.878224E-09	8.475687E-10	2.528010E-10	7.966342E-11	2.441307E-11	7.647273E-12	2.367758E-12	7.285963E-13	2.315329E-13	6.732335E-14	1.772850E-14	5.046596E-15	1.296245E-15	3.204856E-16	7.745451E-17	1.817497E-17	4.085269E-18	8.838788E-19	1.848184E-19	3.739622E-20	7.295843E-21	1.350631E-21	2.891061E-22	6.351196E-23	5.106548E-23	0.000000E+00	6.634247E-23	3.354928E-23	1.148295E-22	1.108293E-22	8.401053E-23	8.629497E-23	2.347771E-23	7.917993E-23	0.000000E+00	0.000000E+00	
2.839432E-07	7.752598E-07	3.170681E-07	6.152552E-08	1.119303E-08	2.915456E-09	8.583068E-10	2.560032E-10	8.064128E-11	2.471538E-11	7.739716E-12	2.396447E-12	7.373262E-13	2.342908E-13	6.812602E-14	1.794247E-14	5.107874E-15	1.312159E-15	3.244754E-16	7.842659E-17	1.840575E-17	4.137749E-18	8.953778E-19	1.872537E-19	3.787018E-20	7.402756E-21	1.402349E-21	2.923631E-22	5.785741E-23	4.655476E-23	2.286379E-23	4.200527E-24	0.000000E+00	1.746773E-23	8.972002E-23	7.365462E-23	1.365236E-22	2.195324E-22	2.114577E-22	3.506696E-22	6.771895E-23	
2.812125E-07	7.734601E-07	3.195013E-07	6.233481E-08	1.135636E-08	2.956720E-09	8.698615E-10	2.593442E-10	8.163140E-11	2.501209E-11	7.827941E-12	2.423173E-12	7.452790E-13	2.367547E-13	6.883439E-14	1.812813E-14	5.161036E-15	1.325872E-15	3.278923E-16	7.925592E-17	1.860208E-17	4.182286E-18	9.050833E-19	1.892997E-19	3.832126E-20	7.446752E-21	1.389424E-21	1.971210E-22	1.001664E-23	0.000000E+00	0.000000E+00	0.000000E+00	0.000000E+00	0.000000E+00	0.000000E+00	0.000000E+00	0.000000E+00	1.672650E-22	1.942517E-22	2.674540E-22	5.291048E-23	
2.800731E-07	7.752619E-07	3.230908E-07	6.333477E-08	1.154730E-08	3.003783E-09	8.826819E-10	2.629371E-10	8.266332E-11	2.531042E-11	7.913729E-12	2.448357E-12	7.525499E-13	2.389461E-13	6.945288E-14	1.828598E-14	5.206205E-15	1.337393E-15	3.307333E-16	7.994079E-17	1.876341E-17	4.218758E-18	9.130236E-19	1.910103E-19	3.865312E-20	7.558150E-21	1.414815E-21	3.006672E-22	8.265990E-23	1.874081E-23	4.427355E-23	8.996882E-23	1.984264E-23	2.475726E-23	0.000000E+00	0.000000E+00	0.000000E+00	3.676107E-23	0.000000E+00	0.000000E+00	0.000000E+00	
2.807312E-07	7.812958E-07	3.281133E-07	6.457837E-08	1.177432E-08	3.058554E-09	8.972386E-10	2.668962E-10	8.376512E-11	2.561669E-11	7.998430E-12	2.472254E-12	7.591743E-13	2.408648E-13	6.997929E-14	1.841467E-14	5.242959E-15	1.346587E-15	3.329584E-16	8.047080E-17	1.888710E-17	4.246494E-18	9.190140E-19	1.922632E-19	3.889856E-20	7.587838E-21	1.409542E-21	2.633989E-22	2.112542E-23	0.000000E+00	1.496034E-24	0.000000E+00	0.000000E+00	0.000000E+00	0.000000E+00	0.000000E+00	0.000000E+00	0.000000E+00	0.000000E+00	0.000000E+00	0.000000E+00	
2.834433E-07	7.923129E-07	3.348900E-07	6.612651E-08	1.204698E-08	3.123140E-09	9.140330E-10	2.713373E-10	8.496304E-11	2.593599E-11	8.082838E-12	2.494898E-12	7.651079E-13	2.424826E-13	7.040263E-14	1.851034E-14	5.270148E-15	1.353124E-15	3.344788E-16	8.082308E-17	1.896750E-17	4.264133E-18	9.227854E-19	1.930168E-19	3.907124E-20	7.654691E-21	1.449931E-21	2.112994E-22	5.538233E-23	5.947299E-23	2.793673E-23	5.515291E-23	8.314781E-23	5.088130E-23	4.699097E-23	2.267638E-23	0.000000E+00	1.412346E-23	6.146017E-23	2.342601E-22	0.000000E+00	
2.885376E-07	8.092369E-07	3.438046E-07	6.805083E-08	1.237623E-08	3.199884E-09	9.335960E-10	2.763736E-10	8.627914E-11	2.627116E-11	8.166771E-12	2.515951E-12	7.701749E-13	2.437255E-13	7.069768E-14	1.856513E-14	5.285455E-15	1.356368E-15	3.351273E-16	8.095602E-17	1.899452E-17	4.269447E-18	9.238227E-19	1.932016E-19	3.908269E-20	7.596219E-21	1.430887E-21	2.827277E-22	4.738194E-23	7.761281E-24	4.069341E-23	6.092379E-23	7.535098E-24	0.000000E+00	0.000000E+00	0.000000E+00	0.000000E+00	0.000000E+00	0.000000E+00	0.000000E+00	0.000000E+00	
2.964416E-07	8.332312E-07	3.553262E-07	7.043757E-08	1.277491E-08	3.291443E-09	9.564950E-10	2.821140E-10	8.772921E-11	2.662181E-11	8.248663E-12	2.534555E-12	7.740145E-13	2.444546E-13	7.081928E-14	1.856560E-14	5.284928E-15	1.355248E-15	3.346272E-16	8.080109E-17	1.895191E-17	4.258729E-18	9.213714E-19	1.927105E-19	3.903074E-20	7.619949E-21	1.529127E-21	3.010033E-22	1.214405E-22	9.933922E-23	6.688531E-23	5.141121E-23	9.030486E-23	4.340113E-23	9.834079E-23	6.313068E-23	5.148553E-23	1.690550E-22	0.000000E+00	9.363943E-23	2.814837E-22	
3.077201E-07	8.657933E-07	3.700437E-07	7.339327E-08	1.325849E-08	3.400913E-09	9.833503E-10	2.886618E-10	8.932090E-11	2.698323E-11	8.325096E-12	2.549145E-12	7.760172E-13	2.444452E-13	7.069556E-14	1.849085E-14	5.262427E-15	1.348116E-15	3.325562E-16	8.025399E-17	1.881452E-17	4.226079E-18	9.138772E-19	1.910319E-19	3.866656E-20	7.582164E-21	1.435650E-21	2.581514E-22	4.547555E-23	0.000000E+00	7.067871E-23	1.693135E-24	6.325347E-23	8.911256E-23	8.540317E-23	1.313699E-22	1.889623E-22	2.352101E-22	4.773414E-23	1.290111E-22	0.000000E+00	
3.231302E-07	9.088867E-07	3.887106E-07	7.705203E-08	1.384589E-08	3.531942E-09	1.014835E-09	2.961057E-10	9.104792E-11	2.734385E-11	8.389786E-12	2.557081E-12	7.751979E-13	2.433427E-13	7.021478E-14	1.830897E-14	5.208549E-15	1.332465E-15	3.282757E-16	7.915821E-17	1.854547E-17	4.163334E-18	8.999845E-19	1.881078E-19	3.807891E-20	7.418983E-21	1.411493E-21	2.998982E-22	1.069906E-22	7.261741E-23	8.943890E-24	5.479425E-23	9.329369E-23	1.363782E-22	3.871593E-23	0.000000E+00	0.000000E+00	1.207813E-23	1.291500E-23	2.196100E-22	1.740181E-22	
3.436991E-07	9.651249E-07	4.123077E-07	8.158548E-08	1.456062E-08	3.688871E-09	1.051671E-09	3.045053E-10	9.288154E-11	2.768158E-11	8.432119E-12	2.554117E-12	7.700136E-13	2.406024E-13	6.920659E-14	1.797192E-14	5.109117E-15	1.304532E-15	3.208316E-16	7.728017E-17	1.808922E-17	4.057935E-18	8.766764E-19	1.831326E-19	3.702091E-20	7.177207E-21	1.367995E-21	2.695252E-22	9.345202E-23	4.490040E-23	3.434092E-23	0.000000E+00	0.000000E+00	4.811218E-24	0.000000E+00	0.000000E+00	0.000000E+00	0.000000E+00	0.000000E+00	0.000000E+00	0.000000E+00	
3.708702E-07	1.038010E-06	4.420587E-07	8.719362E-08	1.542593E-08	3.874814E-09	1.093857E-09	3.136046E-10	9.466317E-11	2.792591E-11	8.423976E-12	2.529964E-12	7.569147E-13	2.350089E-13	6.729819E-14	1.737661E-14	4.933858E-15	1.256345E-15	3.082161E-16	7.413020E-17	1.733001E-17	3.883457E-18	8.382957E-19	1.749223E-19	3.531821E-20	6.824085E-21	1.263906E-21	1.965071E-22	0.000000E+00	0.000000E+00	0.000000E+00	0.000000E+00	0.000000E+00	0.000000E+00	0.000000E+00	0.000000E+00	4.810895E-23	6.984829E-23	2.310354E-22	3.366399E-22	2.015897E-22	
4.064578E-07	1.132170E-06	4.797291E-07	9.419150E-08	1.648751E-08	4.098944E-09	1.143241E-09	3.237197E-10	9.641984E-11	2.806544E-11	8.356186E-12	2.480328E-12	7.342470E-13	2.259705E-13	6.430053E-14	1.647046E-14	4.666538E-15	1.183592E-15	2.893453E-16	6.944530E-17	1.620616E-17	3.626326E-18	7.818933E-19	1.629328E-19	3.279386E-20	6.345341E-21	1.186772E-21	2.273260E-22	0.000000E+00	0.000000E+00	0.000000E+00	0.000000E+00	1.692489E-23	0.000000E+00	0.000000E+00	0.000000E+00	0.000000E+00	3.637979E-23	7.042667E-23	0.000000E+00	2.468520E-22	
4.530108E-07	1.253899E-06	5.276121E-07	1.029720E-07	1.779773E-08	4.370546E-09	1.201195E-09	3.348848E-10	9.804696E-11	2.803661E-11	8.199941E-12	2.393959E-12	6.980195E-13	2.121159E-13	5.978763E-14	1.513701E-14	4.271863E-15	1.076981E-15	2.618914E-16	6.266062E-17	1.458471E-17	3.256517E-18	7.010124E-19	1.458608E-19	2.934596E-20	5.593163E-21	9.304102E-22	7.970661E-23	0.000000E+00	0.000000E+00	0.000000E+00	0.000000E+00	0.000000E+00	0.000000E+00	5.686867E-25	4.881658E-23	7.832366E-24	1.462429E-23	1.064413E-22	2.573953E-23	6.617768E-23	
5.139577E-07	1.411131E-06	5.883113E-07	1.139341E-07	1.939640E-08	4.692773E-09	1.266410E-09	3.460904E-10	9.903748E-11	2.763212E-11	7.875721E-12	2.242373E-12	6.386151E-13	1.902306E-13	5.278016E-14	1.311233E-14	3.670789E-15	9.158407E-16	2.207009E-16	5.252829E-17	1.217297E-17	2.708521E-18	5.816092E-19	1.208627E-19	2.426157E-20	4.760644E-21	9.606798E-22	2.399470E-22	2.842141E-23	0.000000E+00	0.000000E+00	0.000000E+00	0.000000E+00	0.000000E+00	0.000000E+00	0.000000E+00	3.478036E-23	0.000000E+00	0.000000E+00	9.754915E-24	0.000000E+00	
5.917879E-07	1.608486E-06	6.627217E-07	1.271020E-07	2.125087E-08	5.049427E-09	1.331751E-09	3.545570E-10	9.831821E-11	2.646955E-11	7.248577E-12	1.979673E-12	5.411132E-13	1.554719E-13	4.182573E-14	1.001468E-14	2.748440E-15	6.703946E-16	1.584188E-16	3.727683E-17	8.556768E-18	1.889433E-18	4.034052E-19	8.344841E-20	1.664623E-20	3.125321E-21	5.218605E-22	7.993925E-23	1.456613E-23	6.428744E-23	0.000000E+00	0.000000E+00	1.867619E-24	0.000000E+00	0.000000E+00	0.000000E+00	0.000000E+00	1.311857E-24	0.000000E+00	0.000000E+00	0.000000E+00	
6.974440E-07	1.872467E-06	7.603330E-07	1.440804E-07	2.357242E-08	5.477197E-09	1.402310E-09	3.602372E-10	9.539137E-11	2.426642E-11	6.192749E-12	1.556983E-12	3.884166E-13	1.020894E-13	2.514037E-14	5.368325E-15	1.356413E-15	3.017241E-16	6.538032E-17	1.457338E-17	3.190905E-18	6.778642E-19	1.407141E-19	2.870257E-20	5.725305E-21	1.106561E-21	2.376852E-22	1.513870E-22	3.489668E-23	3.333279E-23	0.000000E+00	0.000000E+00	3.140701E-23	0.000000E+00	0.000000E+00	0.000000E+00	0.000000E+00	0.000000E+00	0.000000E+00	0.000000E+00	0.000000E+00	
8.448227E-07	2.231242E-06	8.884610E-07	1.656739E-07	2.639069E-08	5.977681E-09	1.482764E-09	3.674766E-10	9.313719E-11	2.247513E-11	5.372504E-12	1.246713E-12	2.825998E-13	6.686940E-14	1.464712E-14	2.595730E-15	5.532564E-16	9.663703E-17	1.527546E-17	2.603574E-18	4.117744E-19	5.940046E-20	8.206692E-21	1.162292E-21	1.456613E-22	0.000000E+00	0.000000E+00	0.000000E+00	0.000000E+00	0.000000E+00	0.000000E+00	0.000000E+00	0.000000E+00	0.000000E+00	0.000000E+00	0.000000E+00	0.000000E+00	0.000000E+00	7.383879E-23	2.472559E-22	0.000000E+00	
1.053154E-06	2.726620E-06	1.060133E-06	1.937956E-07	2.990386E-08	6.574635E-09	1.573030E-09	3.747900E-10	9.077519E-11	2.081091E-11	4.695265E-12	1.021815E-12	2.162118E-13	4.767484E-14	9.793370E-15	1.569321E-15	3.122418E-16	4.954573E-17	6.932225E-18	1.088583E-18	1.553509E-19	1.990957E-20	2.393034E-21	4.585166E-22	1.447566E-22	7.211981E-24	1.793431E-22	2.644393E-23	1.443172E-22	0.000000E+00	4.036383E-23	1.058016E-22	2.248897E-22	4.047886E-22	4.288156E-22	4.215648E-22	4.602485E-22	9.358127E-22	1.109863E-21	2.136259E-22	8.569268E-22	
1.353608E-06	3.427658E-06	1.297776E-06	2.319423E-07	3.457569E-08	7.367335E-09	1.699550E-09	3.897048E-10	9.053788E-11	1.984750E-11	4.272743E-12	8.855580E-13	1.783697E-13	3.743467E-14	7.411746E-15	1.115901E-15	2.163138E-16	3.286163E-17	4.350847E-18	6.666212E-19	9.185944E-20	1.128797E-20	1.347477E-21	4.373717E-23	0.000000E+00	0.000000E+00	0.000000E+00	0.000000E+00	0.000000E+00	0.000000E+00	0.000000E+00	0.000000E+00	0.000000E+00	0.000000E+00	0.000000E+00	0.000000E+00	2.762008E-23	0.000000E+00	0.000000E+00	1.698305E-22	8.359048E-22	
1.798028E-06	4.433987E-06	1.626449E-06	2.827604E-07	4.044381E-08	8.293729E-09	1.827780E-09	3.989747E-10	8.770214E-11	1.807648E-11	3.635846E-12	6.987943E-13	1.298563E-13	2.501674E-14	4.606697E-15	6.146429E-16	1.105168E-16	1.504113E-17	1.719214E-18	2.420688E-19	2.981862E-20	3.200155E-21	3.035753E-22	3.078663E-22	3.398678E-22	1.285749E-22	2.443285E-22	2.794320E-22	1.401296E-22	3.603406E-23	1.720794E-22	0.000000E+00	3.153626E-24	0.000000E+00	0.000000E+00	0.000000E+00	3.069616E-23	0.000000E+00	8.693410E-22	1.368118E-21	8.505614E-22	
2.469692E-06	5.889161E-06	2.075578E-06	3.480631E-07	4.723089E-08	9.214915E-09	1.911614E-09	3.906167E-10	7.963597E-11	1.507923E-11	2.760159E-12	4.769553E-13	7.906364E-14	1.344585E-14	2.227765E-15	2.512585E-16	4.051212E-17	4.753266E-18	4.470021E-19	5.669465E-20	5.877945E-21	5.548314E-22	2.530139E-22	1.006575E-22	1.124449E-22	2.588041E-22	2.189961E-22	0.000000E+00	0.000000E+00	0.000000E+00	0.000000E+00	0.000000E+00	0.000000E+00	0.000000E+00	0.000000E+00	0.000000E+00	0.000000E+00	0.000000E+00	1.014149E-21	3.724898E-23	0.000000E+00	
3.508156E-06	8.064710E-06	2.722189E-06	4.384306E-07	5.627007E-08	1.042995E-08	2.039445E-09	3.916836E-10	7.474133E-11	1.319878E-11	2.251077E-12	3.616061E-13	5.573809E-14	8.768078E-15	1.383153E-15	1.421916E-16	2.235020E-17	2.477234E-18	2.136928E-19	2.688316E-20	2.904541E-21	6.892482E-22	2.367805E-22	0.000000E+00	1.654361E-23	5.118180E-23	0.000000E+00	0.000000E+00	0.000000E+00	0.000000E+00	0.000000E+00	0.000000E+00	0.000000E+00	0.000000E+00	0.000000E+00	0.000000E+00	0.000000E+00	0.000000E+00	0.000000E+00	3.664669E-22	0.000000E+00	
5.127427E-06	1.128544E-05	3.620415E-06	5.547481E-07	6.657799E-08	1.157589E-08	2.098808E-09	3.713253E-10	6.464995E-11	1.031510E-11	1.574641E-12	2.231431E-13	3.000362E-14	4.025494E-15	5.546426E-16	4.626212E-17	6.258694E-18	5.694915E-19	3.702605E-20	4.491798E-21	1.006265E-21	1.222987E-21	9.566344E-22	1.217300E-21	1.041524E-21	8.747435E-22	1.470624E-21	1.376429E-21	3.750230E-22	6.463383E-22	0.000000E+00	0.000000E+00	0.000000E+00	0.000000E+00	0.000000E+00	1.814627E-23	1.846629E-21	2.230648E-21	1.078023E-21	0.000000E+00	0.000000E+00	
7.654784E-06	1.601155E-05	4.841899E-06	6.976246E-07	7.710996E-08	1.234140E-08	2.022763E-09	3.195138E-10	4.881656E-11	6.720543E-12	8.709658E-13	1.025395E-13	1.126785E-14	1.194365E-15	1.329663E-16	8.565662E-18	9.313888E-19	6.602845E-20	3.016314E-21	0.000000E+00	0.000000E+00	0.000000E+00	0.000000E+00	0.000000E+00	0.000000E+00	0.000000E+00	1.660565E-22	5.866778E-22	7.894405E-22	4.935166E-22	1.077403E-22	0.000000E+00	0.000000E+00	0.000000E+00	0.000000E+00	1.312736E-21	0.000000E+00	1.288954E-21	5.296024E-22	1.097152E-21	0.000000E+00	
1.197499E-05	2.379438E-05	6.784393E-06	9.167249E-07	9.362203E-08	1.390464E-08	2.101133E-09	3.057517E-10	4.305679E-11	5.473413E-12	6.592593E-13	7.249593E-14	7.467287E-15	7.334081E-16	7.827501E-17	4.586431E-18	4.834085E-19	3.313603E-20	3.285148E-21	1.262278E-21	1.538970E-21	3.019209E-22	3.345946E-22	4.768696E-22	1.876459E-21	2.868249E-22	5.872982E-22	5.324975E-22	3.761604E-22	0.000000E+00	0.000000E+00	0.000000E+00	1.968690E-22	0.000000E+00	0.000000E+00	0.000000E+00	2.065987E-21	3.593376E-21	6.349335E-21	3.535163E-21	6.226085E-22	
2.004153E-05	3.800901E-05	1.027490E-05	1.302568E-06	1.222035E-07	1.654356E-08	2.224316E-09	2.820456E-10	3.362830E-11	3.514829E-12	3.366105E-13	2.831873E-14	2.150839E-15	1.462459E-16	1.030055E-17	4.185815E-19	2.592219E-20	0.000000E+00	0.000000E+00	0.000000E+00	0.000000E+00	0.000000E+00	0.000000E+00	0.000000E+00	0.000000E+00	3.259092E-22	0.000000E+00	0.000000E+00	0.000000E+00	0.000000E+00	0.000000E+00	0.000000E+00	0.000000E+00	0.000000E+00	0.000000E+00	0.000000E+00	0.000000E+00	0.000000E+00	0.000000E+00	0.000000E+00	0.000000E+00	
3.664236E-05	6.516166E-05	1.637508E-05	1.897216E-06	1.600636E-07	1.960118E-08	2.382827E-09	2.751962E-10	3.023895E-11	2.949613E-12	2.682181E-13	2.173961E-14	1.607901E-15	1.061638E-16	7.527310E-18	3.048127E-19	2.419503E-20	8.526578E-21	8.931896E-21	3.227659E-21	0.000000E+00	2.764438E-21	1.806562E-21	4.837352E-21	3.050642E-21	2.332649E-22	6.927224E-21	3.229313E-21	1.871496E-21	1.912442E-21	3.415429E-21	1.512500E-21	3.271086E-21	0.000000E+00	5.215374E-22	0.000000E+00	6.855259E-22	0.000000E+00	1.288334E-21	2.032135E-20	1.758731E-20	
7.413328E-05	1.244887E-04	2.931510E-05	3.091649E-06	2.293317E-07	2.408818E-08	2.400338E-09	2.174252E-10	1.770217E-11	1.209205E-12	7.234381E-14	3.629364E-15	1.566505E-16	5.577672E-18	1.854671E-19	5.320426E-21	0.000000E+00	0.000000E+00	8.371068E-22	2.481542E-22	4.554456E-21	4.441960E-21	4.504826E-21	1.587360E-20	0.000000E+00	0.000000E+00	0.000000E+00	0.000000E+00	6.228670E-22	0.000000E+00	4.144175E-22	0.000000E+00	2.197819E-21	0.000000E+00	1.914551E-20	5.320012E-21	2.152820E-20	9.137451E-21	0.000000E+00	0.000000E+00	0.000000E+00	
1.644801E-04	2.509733E-04	5.306126E-05	4.787513E-06	2.994406E-07	2.716458E-08	2.403422E-09	1.998345E-10	1.541064E-11	1.016766E-12	5.972307E-14	2.963579E-15	1.269887E-16	4.476066E-18	1.607907E-19	0.000000E+00	0.000000E+00	0.000000E+00	6.048345E-21	0.000000E+00	0.000000E+00	9.575443E-21	1.118348E-21	3.130051E-21	1.793989E-20	1.673883E-20	3.403352E-20	3.741172E-20	2.099550E-20	2.707528E-20	2.604461E-20	1.078478E-20	3.130548E-20	1.917239E-20	2.284673E-21	2.018982E-20	1.287424E-20	1.614326E-20	2.480218E-20	3.475068E-20	1.812105E-20	
3.683637E-04	4.924854E-04	8.945991E-05	6.290532E-06	2.906037E-07	1.844367E-08	1.034106E-09	4.884056E-11	1.894192E-12	5.637863E-14	1.335707E-15	2.415468E-17	3.746533E-19	4.973672E-20	6.802733E-20	4.798971E-20	7.545211E-20	2.073907E-20	3.181668E-20	1.029674E-20	3.323281E-20	0.000000E+00	1.775460E-20	1.023057E-20	4.966392E-20	3.855323E-20	3.326590E-20	3.553568E-20	2.518600E-20	3.947968E-20	4.770516E-20	2.177801E-20	2.490145E-20	2.328348E-20	6.188634E-20	1.060115E-20	4.834209E-20	5.099568E-20	1.457674E-19	1.400566E-19	1.974315E-19	
2.017441E-04	8.116779E-05	2.696900E-06	1.203955E-08	1.066798E-11	6.708569E-15	2.588321E-18	4.870439E-21	0.000000E+00	0.000000E+00	0.000000E+00	0.000000E+00	1.852885E-22	0.000000E+00	0.000000E+00	1.852885E-21	0.000000E+00	5.016023E-21	5.211238E-21	8.516652E-21	7.011183E-21	1.353267E-21	3.675991E-21	0.000000E+00	0.000000E+00	0.000000E+00	0.000000E+00	0.000000E+00	0.000000E+00	0.000000E+00	3.644558E-21	0.000000E+00	2.378144E-21	0.000000E+00	0.000000E+00	0.000000E+00	0.000000E+00	0.000000E+00	2.284507E-20	4.388193E-21	0.000000E+00	
2.173868E-04	8.750675E-05	2.910964E-06	1.299443E-08	1.151387E-11	7.239396E-15	2.827502E-18	0.000000E+00	7.782115E-21	2.646978E-21	0.000000E+00	0.000000E+00	0.000000E+00	2.911676E-22	0.000000E+00	0.000000E+00	5.254251E-21	0.000000E+00	0.000000E+00	0.000000E+00	0.000000E+00	0.000000E+00	0.000000E+00	6.220398E-22	0.000000E+00	9.926167E-24	0.000000E+00	0.000000E+00	0.000000E+00	0.000000E+00	0.000000E+00	0.000000E+00	0.000000E+00	0.000000E+00	0.000000E+00	0.000000E+00	0.000000E+00	0.000000E+00	0.000000E+00	0.000000E+00	1.711106E-20	
2.210871E-04	8.904867E-05	2.966234E-06	1.323912E-08	1.172882E-11	7.372413E-15	2.843490E-18	0.000000E+00	0.000000E+00	0.000000E+00	0.000000E+00	0.000000E+00	0.000000E+00	0.000000E+00	0.000000E+00	6.253485E-21	0.000000E+00	0.000000E+00	0.000000E+00	0.000000E+00	0.000000E+00	0.000000E+00	5.535493E-21	0.000000E+00	1.237131E-20	1.033645E-20	1.098827E-20	6.645569E-21	0.000000E+00	2.001777E-22	0.000000E+00	0.000000E+00	0.000000E+00	1.730462E-21	0.000000E+00	0.000000E+00	0.000000E+00	1.264511E-20	1.131914E-20	3.613580E-20	1.109249E-20	
2.567573E-04	1.034874E-04	3.452692E-06	1.540625E-08	1.364446E-11	8.572784E-15	3.315499E-18	4.870439E-21	0.000000E+00	1.588187E-21	9.317362E-21	0.000000E+00	0.000000E+00	1.072026E-21	0.000000E+00	1.303637E-21	9.542356E-21	0.000000E+00	0.000000E+00	0.000000E+00	0.000000E+00	0.000000E+00	0.000000E+00	0.000000E+00	0.000000E+00	0.000000E+00	0.000000E+00	0.000000E+00	0.000000E+00	0.000000E+00	0.000000E+00	0.000000E+00	0.000000E+00	3.943170E-21	0.000000E+00	2.507184E-21	5.721608E-21	1.740884E-20	0.000000E+00	0.000000E+00	0.000000E+00	
4.512050E-04	1.820587E-04	6.089837E-06	2.715964E-08	2.403853E-11	1.509108E-14	5.882856E-18	0.000000E+00	0.000000E+00	6.352747E-22	0.000000E+00	3.411955E-20	0.000000E+00	0.000000E+00	1.451867E-20	1.958764E-21	0.000000E+00	0.000000E+00	5.379983E-21	2.745578E-20	1.210331E-20	3.090347E-21	4.883674E-21	0.000000E+00	1.368818E-20	0.000000E+00	1.938911E-21	0.000000E+00	2.613229E-20	3.882289E-20	4.162538E-20	2.628780E-20	2.102859E-20	1.446243E-20	4.008517E-21	4.203236E-20	5.671316E-20	0.000000E+00	0.000000E+00	0.000000E+00	0.000000E+00	
2.541056E-03	1.029642E-03	3.484982E-05	1.550585E-07	1.368291E-10	8.556951E-14	3.329263E-17	0.000000E+00	8.512681E-20	2.922264E-20	0.000000E+00	0.000000E+00	5.293956E-22	2.191698E-19	2.523099E-19	1.551658E-19	2.012762E-19	2.086877E-19	2.207580E-19	1.957440E-19	2.046379E-19	1.267902E-20	1.418780E-19	1.416133E-19	9.740879E-20	1.642053E-19	1.005190E-19	1.077585E-19	0.000000E+00	8.204308E-20	0.000000E+00	0.000000E+00	0.000000E+00	0.000000E+00	0.000000E+00	2.494777E-21	0.000000E+00	0.000000E+00	0.000000E+00	0.000000E+00	0.000000E+00	
3.858517E-02	1.580028E-02	5.878857E-04	2.585967E-06	2.228093E-09	1.348558E-12	5.283859E-16	2.710505E-19	1.477225E-18	0.000000E+00	0.000000E+00	0.000000E+00	7.826584E-19	2.867207E-18	2.312400E-18	0.000000E+00	2.443690E-18	6.509448E-19	1.354829E-18	1.782157E-18	1.863896E-18	3.117293E-18	1.342335E-18	1.954317E-18	1.918106E-18	1.596022E-18	2.017209E-18	1.327936E-18	1.653197E-18	6.169576E-19	0.000000E+00	8.085988E-19	2.115465E-18	0.000000E+00	1.229257E-19	0.000000E+00	0.000000E+00	1.391781E-19	0.000000E+00	0.000000E+00	0.000000E+00	
6.528866E-02	2.676054E-02	1.036358E-03	4.637814E-06	3.914309E-09	2.320364E-12	9.106892E-16	5.068645E-18	1.301043E-18	0.000000E+00	0.000000E+00	0.000000E+00	0.000000E+00	0.000000E+00	0.000000E+00	0.000000E+00	0.000000E+00	0.000000E+00	0.000000E+00	4.112345E-19	1.997304E-18	1.567434E-18	0.000000E+00	0.000000E+00	0.000000E+00	0.000000E+00	0.000000E+00	0.000000E+00	1.920224E-18	3.117717E-18	2.818926E-18	2.498959E-18	0.000000E+00	0.000000E+00	1.772311E-18	0.000000E+00	0.000000E+00	0.000000E+00	0.000000E+00	0.000000E+00	0.000000E+00	
6.909039E-02	2.832268E-02	1.105981E-03	5.040767E-06	4.204387E-09	2.469678E-12	9.705371E-16	3.645630E-18	5.549760E-18	0.000000E+00	1.717783E-18	0.000000E+00	0.000000E+00	0.000000E+00	1.424709E-18	4.590919E-19	1.942247E-18	1.922765E-18	1.888883E-18	0.000000E+00	0.000000E+00	0.000000E+00	1.310360E-18	2.128170E-18	0.000000E+00	0.000000E+00	0.000000E+00	0.000000E+00	9.425359E-19	1.216763E-18	2.793515E-18	2.877371E-18	0.000000E+00	0.000000E+00	0.000000E+00	4.001490E-18	1.444191E-19	0.000000E+00	0.000000E+00	0.000000E+00	7.846596E-18	
6.978389E-02	2.860653E-02	1.115652E-03	5.056621E-06	4.231319E-09	2.491263E-12	9.683552E-16	0.000000E+00	0.000000E+00	0.000000E+00	0.000000E+00	1.168905E-18	4.431676E-18	4.584142E-18	6.996492E-18	3.984443E-18	3.361874E-18	2.255649E-18	5.517573E-18	1.276479E-18	1.147730E-18	2.483077E-18	8.936198E-19	3.051013E-18	6.983787E-19	0.000000E+00	0.000000E+00	0.000000E+00	1.435721E-19	0.000000E+00	6.365453E-19	0.000000E+00	0.000000E+00	2.024091E-18	0.000000E+00	0.000000E+00	0.000000E+00	0.000000E+00	0.000000E+00	0.000000E+00	0.000000E+00	
7.049796E-02	2.833714E-02	9.320975E-04	4.141977E-06	3.694915E-09	2.338093E-12	9.106214E-16	3.469447E-18	3.835365E-18	1.666961E-18	0.000000E+00	0.000000E+00	0.000000E+00	0.000000E+00	0.000000E+00	0.000000E+00	8.470329E-20	0.000000E+00	1.333230E-18	1.536518E-18	0.000000E+00	1.824509E-18	2.462325E-18	4.922108E-18	3.761673E-18	1.426827E-18	3.275476E-18	1.793592E-18	1.462402E-18	4.117427E-18	1.830438E-18	0.000000E+00	1.397604E-18	1.621433E-18	2.368516E-18	1.555788E-18	0.000000E+00	4.221400E-18	0.000000E+00	2.675777E-18	0.000000E+00	
