1.347052E-12	1.586334E-19	3.240031E-13	6.009566E-26	7.113471E-26	6.325787E-25	0.000000E+00	
1.347036E-12	1.545599E-19	3.240019E-13	3.452242E-27	4.086921E-27	3.570430E-26	0.000000E+00	
1.347035E-12	1.534153E-19	3.240018E-13	1.001883E-25	1.185978E-25	1.967442E-25	0.000000E+00	
1.347032E-12	1.523981E-19	3.240016E-13	6.727939E-26	7.963650E-26	0.000000E+00	0.000000E+00	
1.347030E-12	1.569633E-19	3.240014E-13	2.076640E-25	2.458865E-25	0.000000E+00	0.000000E+00	
1.347027E-12	1.581220E-19	3.240012E-13	5.756933E-26	6.815064E-26	3.253751E-25	0.000000E+00	
1.347024E-12	1.550152E-19	3.240010E-13	2.175347E-25	2.575620E-25	0.000000E+00	0.000000E+00	
1.347021E-12	1.592247E-19	3.240007E-13	7.509960E-26	8.891252E-26	4.020930E-25	0.000000E+00	
1.347017E-12	1.591677E-19	3.240004E-13	5.976939E-318	9.238731E-319	3.595182E-25	0.000000E+00	
1.347012E-12	1.541215E-19	3.240001E-13	5.973298E-318	9.233099E-319	1.307586E-25	0.000000E+00	
1.347008E-12	1.567162E-19	3.239997E-13	5.969212E-318	9.226775E-319	1.214256E-24	0.000000E+00	
1.347002E-12	1.589892E-19	3.239992E-13	5.866275E-26	6.945044E-26	0.000000E+00	0.000000E+00	
1.346996E-12	1.566659E-19	3.239988E-13	2.184196E-25	2.585865E-25	0.000000E+00	0.000000E+00	
1.346989E-12	1.539121E-19	3.239982E-13	3.514593E-26	4.160267E-26	0.000000E+00	0.000000E+00	
1.346981E-12	1.565420E-19	3.239976E-13	5.947281E-318	9.192783E-319	0.000000E+00	0.000000E+00	
1.346971E-12	1.526334E-19	3.239969E-13	6.563951E-26	7.771627E-26	0.000000E+00	0.000000E+00	
1.346961E-12	1.510451E-19	3.239960E-13	1.662624E-25	1.968414E-25	0.000000E+00	0.000000E+00	
1.346949E-12	1.588187E-19	3.239951E-13	5.922859E-318	9.154938E-319	1.432703E-25	0.000000E+00	
1.346936E-12	1.540740E-19	3.239941E-13	2.003314E-25	2.371538E-25	0.000000E+00	0.000000E+00	
1.346921E-12	1.546351E-19	3.239929E-13	1.478997E-27	1.751221E-27	0.000000E+00	0.000000E+00	
1.346904E-12	1.569302E-19	3.239915E-13	5.888536E-318	9.101727E-319	5.163130E-25	0.000000E+00	
1.346884E-12	1.544748E-19	3.239899E-13	4.157277E-25	4.920786E-25	0.000000E+00	0.000000E+00	
1.346861E-12	1.571087E-19	3.239881E-13	5.858275E-318	9.054840E-319	1.985724E-25	0.000000E+00	
1.346835E-12	1.542451E-19	3.239859E-13	2.960198E-26	3.504613E-26	0.000000E+00	0.000000E+00	
1.346805E-12	1.523873E-19	3.239835E-13	7.032112E-26	8.323237E-26	0.000000E+00	0.000000E+00	
1.346770E-12	1.546109E-19	3.239806E-13	2.788810E-25	3.301375E-25	3.478643E-25	0.000000E+00	
1.346730E-12	1.590564E-19	3.239772E-13	8.162855E-26	9.661243E-26	3.301010E-25	0.000000E+00	
1.346683E-12	1.536134E-19	3.239732E-13	1.192796E-25	1.412020E-25	4.974141E-26	0.000000E+00	
1.346629E-12	1.552953E-19	3.239684E-13	2.856971E-25	3.381882E-25	0.000000E+00	0.000000E+00	
1.346573E-12	1.575000E-19	3.239628E-13	3.545593E-25	4.196805E-25	0.000000E+00	0.000000E+00	
1.346542E-12	1.547338E-19	3.239565E-13	5.640525E-318	8.717393E-319	0.000000E+00	0.000000E+00	
1.346666E-12	1.513467E-19	3.239514E-13	2.318149E-25	2.744206E-25	0.000000E+00	0.000000E+00	
1.347585E-12	1.589922E-19	3.239575E-13	5.549360E-318	8.576140E-319	7.790002E-25	0.000000E+00	
1.349619E-12	1.549256E-19	3.239656E-13	1.041481E-25	1.233594E-25	0.000000E+00	0.000000E+00	
1.368763E-12	1.529753E-19	3.242460E-13	5.436674E-318	8.401537E-319	6.520616E-26	0.000000E+00	
1.394590E-12	1.591283E-19	3.243869E-13	5.370909E-318	8.299611E-319	2.897218E-25	0.000000E+00	
1.401157E-12	1.549123E-19	3.234775E-13	2.521883E-26	3.023806E-26	0.000000E+00	0.000000E+00	
1.366835E-12	1.541983E-19	3.208775E-13	3.010012E-25	3.570068E-25	0.000000E+00	0.000000E+00	
1.339660E-12	1.483564E-19	3.175426E-13	5.128560E-318	7.924121E-319	9.502754E-26	0.000000E+00	
1.316978E-12	1.482361E-19	3.136659E-13	1.053520E-26	1.224761E-26	2.652080E-25	0.000000E+00	
1.298009E-12	1.499314E-19	3.097964E-13	4.922845E-318	7.605449E-319	3.325612E-25	0.000000E+00	
1.284287E-12	1.421173E-19	3.065665E-13	1.578257E-25	1.805228E-25	0.000000E+00	0.000000E+00	
1.274811E-12	1.453829E-19	3.038117E-13	4.675551E-318	7.222400E-319	0.000000E+00	0.000000E+00	
1.267144E-12	1.432089E-19	3.014510E-13	4.534742E-318	7.004319E-319	0.000000E+00	0.000000E+00	
1.260732E-12	1.443731E-19	2.993910E-13	4.381784E-318	6.767464E-319	1.839400E-25	0.000000E+00	
1.254631E-12	1.455726E-19	2.975303E-13	4.216292E-318	6.511192E-319	9.563035E-26	0.000000E+00	
1.249551E-12	1.384253E-19	2.958075E-13	4.038028E-318	6.235207E-319	6.649208E-25	0.000000E+00	
1.243912E-12	1.400007E-19	2.941403E-13	3.846953E-318	5.939410E-319	1.319211E-24	0.000000E+00	
1.239075E-12	1.380413E-19	2.925081E-13	4.143990E-26	4.614097E-26	7.000686E-25	0.000000E+00	
1.234169E-12	1.415895E-19	2.908647E-13	3.427575E-318	5.290257E-319	0.000000E+00	0.000000E+00	
1.229084E-12	1.393195E-19	2.891852E-13	3.200686E-318	4.939174E-319	5.218948E-25	0.000000E+00	
1.224916E-12	1.371864E-19	2.874707E-13	2.755305E-27	3.039647E-27	1.670692E-25	0.000000E+00	
1.219510E-12	1.329148E-19	2.856736E-13	2.719021E-318	4.194074E-319	7.171419E-25	0.000000E+00	
1.213818E-12	1.305336E-19	2.838021E-13	1.181113E-25	1.294326E-25	0.000000E+00	0.000000E+00	
1.207817E-12	1.299450E-19	2.818513E-13	1.565329E-25	1.709379E-25	0.000000E+00	0.000000E+00	
1.201493E-12	1.326377E-19	2.798195E-13	1.960166E-318	3.020915E-319	4.618886E-25	0.000000E+00	
1.194835E-12	1.333908E-19	2.777076E-13	1.709610E-318	2.633815E-319	3.848041E-25	0.000000E+00	
1.187842E-12	1.326971E-19	2.755187E-13	1.466362E-318	2.258127E-319	0.000000E+00	0.000000E+00	
1.180515E-12	1.310962E-19	2.732582E-13	1.234339E-318	1.899979E-319	4.407922E-25	0.000000E+00	
1.172863E-12	1.256117E-19	2.709329E-13	1.017370E-318	1.565200E-319	0.000000E+00	0.000000E+00	
1.164267E-12	1.255642E-19	2.685387E-13	2.924554E-25	3.111318E-25	0.000000E+00	0.000000E+00	
1.156050E-12	1.197823E-19	2.661110E-13	6.419444E-319	0.000000E+00	3.808499E-25	0.000000E+00	
1.147554E-12	1.234700E-19	2.636467E-13	4.884234E-319	0.000000E+00	8.797999E-25	0.000000E+00	
1.138803E-12	1.201887E-19	2.611567E-13	3.593834E-319	0.000000E+00	9.182367E-26	0.000000E+00	
1.129818E-12	1.213780E-19	2.586521E-13	2.546810E-319	0.000000E+00	8.204125E-25	0.000000E+00	
1.120625E-12	1.222632E-19	2.561436E-13	1.008959E-26	1.047021E-26	0.000000E+00	0.000000E+00	
1.111248E-12	1.172153E-19	2.536419E-13	1.182211E-25	1.220374E-25	0.000000E+00	0.000000E+00	
1.101709E-12	1.194380E-19	2.511567E-13	0.000000E+00	0.000000E+00	0.000000E+00	0.000000E+00	
1.092028E-12	1.137575E-19	2.486969E-13	7.083218E-27	7.235635E-27	0.000000E+00	0.000000E+00	
1.082223E-12	1.155697E-19	2.462705E-13	1.238712E-25	1.258663E-25	0.000000E+00	0.000000E+00	
1.072307E-12	1.110163E-19	2.438843E-13	0.000000E+00	0.000000E+00	1.396391E-25	0.000000E+00	
1.062288E-12	1.082350E-19	2.415439E-13	8.719962E-26	8.766108E-26	8.602430E-26	0.000000E+00	
1.052168E-12	1.122883E-19	2.392536E-13	1.249041E-25	1.249146E-25	0.000000E+00	0.000000E+00	
1.041942E-12	1.073565E-19	2.370165E-13	0.000000E+00	0.000000E+00	6.617858E-25	0.000000E+00	
1.031595E-12	1.051139E-19	2.348342E-13	3.671856E-25	3.634046E-25	0.000000E+00	0.000000E+00	
1.021431E-12	1.100710E-19	2.327182E-13	0.000000E+00	0.000000E+00	1.530608E-25	0.000000E+00	
1.010854E-12	1.047811E-19	2.306495E-13	0.000000E+00	0.000000E+00	2.968087E-25	0.000000E+00	
1.000111E-12	1.040914E-19	2.286357E-13	1.750213E-25	1.705055E-25	5.614377E-25	0.000000E+00	
9.891698E-13	1.018216E-19	2.266747E-13	1.437972E-25	1.393556E-25	0.000000E+00	0.000000E+00	
9.779930E-13	1.044908E-19	2.247638E-13	4.091426E-26	3.943277E-26	0.000000E+00	0.000000E+00	
9.665375E-13	9.938122E-20	2.228995E-13	4.630582E-27	4.438323E-27	0.000000E+00	0.000000E+00	
9.547557E-13	9.735395E-20	2.210777E-13	0.000000E+00	0.000000E+00	7.612787E-25	0.000000E+00	
9.425962E-13	9.895535E-20	2.192941E-13	2.842575E-25	2.692810E-25	0.000000E+00	0.000000E+00	
9.300051E-13	9.825667E-20	2.175439E-13	0.000000E+00	0.000000E+00	8.212044E-25	0.000000E+00	
9.169272E-13	9.655267E-20	2.158222E-13	7.902519E-26	7.389489E-26	0.000000E+00	0.000000E+00	
9.033099E-13	9.449783E-20	2.141244E-13	0.000000E+00	0.000000E+00	3.891912E-25	0.000000E+00	
8.891013E-13	9.178019E-20	2.124458E-13	0.000000E+00	0.000000E+00	3.954176E-25	0.000000E+00	
8.742542E-13	9.247517E-20	2.107824E-13	0.000000E+00	0.000000E+00	1.143155E-25	0.000000E+00	
8.587324E-13	9.101437E-20	2.091313E-13	3.275300E-26	2.969072E-26	7.572073E-25	0.000000E+00	
8.425128E-13	9.122207E-20	2.074908E-13	3.646309E-25	3.274260E-25	7.456235E-26	0.000000E+00	
8.255918E-13	8.659808E-20	2.058617E-13	1.767183E-25	1.571433E-25	0.000000E+00	0.000000E+00	
8.078478E-13	8.818715E-20	2.042415E-13	1.651047E-25	1.452230E-25	0.000000E+00	0.000000E+00	
7.896187E-13	8.526121E-20	2.026511E-13	0.000000E+00	0.000000E+00	1.837827E-25	0.000000E+00	
7.660594E-13	8.354033E-20	2.007754E-13	0.000000E+00	0.000000E+00	3.884061E-25	0.000000E+00	
7.413079E-13	8.167862E-20	1.988778E-13	0.000000E+00	0.000000E+00	9.395867E-25	0.000000E+00	
7.164704E-13	7.982616E-20	1.970528E-13	0.000000E+00	0.000000E+00	5.840032E-25	0.000000E+00	
6.912542E-13	7.944461E-20	1.952737E-13	0.000000E+00	0.000000E+00	0.000000E+00	0.000000E+00	
6.606628E-13	7.707066E-20	1.929141E-13	0.000000E+00	0.000000E+00	8.815293E-25	0.000000E+00	
6.276120E-13	7.375776E-20	1.902855E-13	0.000000E+00	0.000000E+00	1.228104E-24	0.000000E+00	
5.950691E-13	7.028305E-20	1.874504E-13	0.000000E+00	0.000000E+00	0.000000E+00	0.000000E+00	
5.599128E-13	6.772793E-20	1.843808E-13	0.000000E+00	0.000000E+00	5.654478E-26	0.000000E+00	
5.198278E-13	6.370359E-20	1.808647E-13	1.005008E-25	7.198642E-26	0.000000E+00	0.000000E+00	
4.819705E-13	6.028532E-20	1.767922E-13	1.675007E-25	1.161264E-25	3.279669E-25	0.000000E+00	
4.419604E-13	5.657529E-20	1.719103E-13	0.000000E+00	0.000000E+00	2.914762E-25	0.000000E+00	
4.003192E-13	5.089456E-20	1.658704E-13	8.680788E-25	5.434032E-25	0.000000E+00	0.000000E+00	
3.582552E-13	4.656549E-20	1.581202E-13	4.278976E-25	2.509526E-25	2.736017E-26	0.000000E+00	
3.254385E-13	4.201148E-20	1.507932E-13	1.646929E-26	9.126239E-27	1.795889E-25	0.000000E+00	
2.792024E-13	3.585084E-20	1.390704E-13	8.246787E-26	4.169370E-26	0.000000E+00	0.000000E+00	
2.445672E-13	2.998882E-20	1.276302E-13	6.718518E-26	3.075580E-26	3.507070E-25	0.000000E+00	
1.937494E-13	2.232809E-20	1.116529E-13	4.194227E-26	1.652145E-26	4.694630E-26	0.000000E+00	
1.445118E-13	1.549062E-20	9.521905E-14	0.000000E+00	0.000000E+00	2.380848E-25	0.000000E+00	
7.654887E-14	1.030906E-20	1.056696E-13	3.211783E-24	1.024983E-24	0.000000E+00	0.000000E+00	
8.624482E-14	1.079785E-20	1.047207E-13	6.939866E-26	2.168511E-26	7.805277E-26	0.000000E+00	
9.506094E-14	1.095050E-20	1.038778E-13	2.805897E-25	8.605622E-26	0.000000E+00	0.000000E+00	
1.004958E-13	1.089562E-20	1.031115E-13	0.000000E+00	0.000000E+00	0.000000E+00	0.000000E+00	
9.951112E-14	1.071912E-20	1.023281E-13	2.392927E-25	7.264122E-26	0.000000E+00	0.000000E+00	
8.840681E-14	1.077282E-20	1.017066E-13	2.308223E-24	7.154574E-25	0.000000E+00	0.000000E+00	
7.058112E-14	1.036371E-20	1.019376E-13	0.000000E+00	0.000000E+00	1.258757E-24	0.000000E+00	
6.079999E-14	1.051177E-20	1.024769E-13	0.000000E+00	0.000000E+00	5.296454E-26	0.000000E+00	
5.902459E-14	1.058635E-20	1.026106E-13	2.606764E-24	8.616345E-25	0.000000E+00	0.000000E+00	
5.861460E-14	1.056036E-20	1.026477E-13	0.000000E+00	0.000000E+00	1.321059E-24	0.000000E+00	
5.840614E-14	1.053287E-20	1.026612E-13	0.000000E+00	0.000000E+00	0.000000E+00	0.000000E+00	
