1.212442E+02
1.212423E+02
1.212420E+02
1.212418E+02
1.212415E+02
1.212411E+02
1.212407E+02
1.212403E+02
1.212398E+02
1.212393E+02
1.212386E+02
1.212380E+02
1.212372E+02
1.212363E+02
1.212353E+02
1.212341E+02
1.212329E+02
1.212314E+02
1.212297E+02
1.212279E+02
1.212257E+02
1.212233E+02
1.212205E+02
1.212173E+02
1.212136E+02
1.212093E+02
1.212044E+02
1.211987E+02
1.211923E+02
1.211860E+02
1.211840E+02
1.212073E+02
1.213562E+02
1.219851E+02
1.251270E+02
1.293729E+02
1.305963E+02
1.266472E+02
1.236183E+02
1.219592E+02
1.211511E+02
1.207686E+02
1.208676E+02
1.210589E+02
1.212968E+02
1.214706E+02
1.217531E+02
1.220841E+02
1.223427E+02
1.226324E+02
1.229208E+02
1.233350E+02
1.237097E+02
1.241086E+02
1.245344E+02
1.249889E+02
1.254735E+02
1.259890E+02
1.265355E+02
1.271127E+02
1.277212E+02
1.283549E+02
1.290148E+02
1.296982E+02
1.303114E+02
1.310382E+02
1.317759E+02
1.325193E+02
1.332622E+02
1.339980E+02
1.347196E+02
1.354188E+02
1.360868E+02
1.367136E+02
1.372874E+02
1.378673E+02
1.383150E+02
1.386773E+02
1.389401E+02
1.390881E+02
1.391045E+02
1.389708E+02
1.386668E+02
1.381707E+02
1.374585E+02
1.365047E+02
1.352814E+02
1.337585E+02
1.319047E+02
1.296877E+02
1.270749E+02
1.239914E+02
1.204931E+02
1.166037E+02
1.122665E+02
1.074728E+02
1.021519E+02
9.624727E+01
8.994879E+01
8.383226E+01
7.734270E+01
7.019269E+01
6.365206E+01
5.695356E+01
5.018071E+01
4.468586E+01
3.980407E+01
3.449728E+01
2.989672E+01
2.436860E+01
1.831558E+01
2.725000E+00
2.725000E+00
2.725000E+00
2.725000E+00
2.725000E+00
2.725000E+00
2.725000E+00
2.725000E+00
2.725000E+00
2.725000E+00
2.725000E+00
