2.068675E+01
2.068669E+01
2.068668E+01
2.068667E+01
2.068666E+01
2.068665E+01
2.068664E+01
2.068662E+01
2.068661E+01
2.068659E+01
2.068657E+01
2.068655E+01
2.068652E+01
2.068649E+01
2.068646E+01
2.068643E+01
2.068639E+01
2.068634E+01
2.068629E+01
2.068623E+01
2.068617E+01
2.068610E+01
2.068602E+01
2.068593E+01
2.068583E+01
2.068572E+01
2.068559E+01
2.068545E+01
2.068529E+01
2.068511E+01
2.068491E+01
2.068469E+01
2.068443E+01
2.068415E+01
2.068383E+01
2.068348E+01
2.068307E+01
2.068263E+01
2.068212E+01
2.068156E+01
2.068092E+01
2.068021E+01
2.067941E+01
2.067852E+01
2.067751E+01
2.067639E+01
2.067512E+01
2.067370E+01
2.067211E+01
2.067032E+01
2.066832E+01
2.066607E+01
2.066355E+01
2.066072E+01
2.065755E+01
2.065399E+01
2.064999E+01
2.064551E+01
2.064048E+01
2.063485E+01
2.062852E+01
2.062143E+01
2.061347E+01
2.060455E+01
2.059454E+01
2.058332E+01
2.057073E+01
2.055662E+01
2.054080E+01
2.052307E+01
2.050319E+01
2.048090E+01
2.045593E+01
2.042795E+01
2.039660E+01
2.036148E+01
2.032216E+01
2.027813E+01
2.022884E+01
2.017369E+01
2.011200E+01
2.004301E+01
1.996589E+01
1.987973E+01
1.978352E+01
1.967615E+01
1.955639E+01
1.942293E+01
1.927431E+01
1.910898E+01
1.892524E+01
1.872129E+01
1.849521E+01
1.824497E+01
1.796847E+01
1.766353E+01
1.732799E+01
1.695966E+01
1.655652E+01
1.611668E+01
1.563863E+01
1.512128E+01
1.456428E+01
1.396823E+01
1.333508E+01
1.266868E+01
1.197551E+01
1.126570E+01
1.055441E+01
1.000000E+01
1.000000E+01
1.000000E+01
1.000000E+01
1.000000E+01
1.000000E+01
1.000000E+01
1.000000E+01
1.000000E+01
1.000000E+01
1.000000E+01
1.000000E+01
1.000000E+01
