   0.1157807314530839E-31
   0.1181898963391975E-31
   0.1184907469361829E-31
   0.1188301387448585E-31
   0.1192132766943043E-31
   0.1196461238203002E-31
   0.1201355620792093E-31
   0.1206895279070984E-31
   0.1213172210174100E-31
   0.1220293632022875E-31
   0.1228384486342219E-31
   0.1237591971845785E-31
   0.1248089351941488E-31
   0.1260082512209460E-31
   0.1273817925206697E-31
   0.1289591895144129E-31
   0.1307764831307040E-31
   0.1328778284379549E-31
   0.1353179149522392E-31
   0.1381653823027206E-31
   0.1415073829083618E-31
   0.1454565290653182E-31
   0.1501606354724821E-31
   0.1558179860827475E-31
   0.1627009199117237E-31
   0.1711940522554224E-31
   0.1818595645882345E-31
   0.1955537673113801E-31
   0.2136501920150114E-31
   0.2385056981868357E-31
   0.2745430599277515E-31
   0.3312023401242081E-31
   0.4330743893074045E-31
   0.6076906641345814E-31
   0.9841252122171007E-31
   0.1015782535340380E-30
   0.1781230783411698E-30
   0.1471994001651329E-29
   0.5748804981709779E-29
   0.2035293473800557E-28
   0.5149540738481823E-28
   0.8792860462023399E-28
   0.6503305224719353E-28
   0.1509115733888652E-27
   0.1738599015940815E-27
   0.1939264724909059E-27
   0.2129249719089367E-27
   0.2339467380082994E-27
   0.2602287063298735E-27
   0.2764585403106252E-27
   0.2981354019924900E-27
   0.3174480089942254E-27
   0.3368133966005691E-27
   0.3617099885009254E-27
   0.3967987736692955E-27
   0.4087787851564676E-27
   0.4383097907233428E-27
   0.4709887790759011E-27
   0.4983071136375230E-27
   0.5267731964639335E-27
   0.5613694338371712E-27
   0.5852525098775019E-27
   0.6151096556353931E-27
   0.6589102925989119E-27
   0.6673107387646934E-27
   0.6904988037001303E-27
   0.7075916145128896E-27
   0.7310831828643132E-27
   0.7484186119502229E-27
   0.7641570273661286E-27
   0.7702565635938395E-27
   0.7909690999162161E-27
   0.8030521540685223E-27
   0.8117113833418891E-27
   0.8208441438326788E-27
   0.8378259074702220E-27
   0.8499653586329612E-27
   0.8678301956745608E-27
   0.8850044791238367E-27
   0.8711410974994598E-27
   0.8924136770316974E-27
   0.9194442694922942E-27
   0.9536160443665191E-27
   0.9966695684099137E-27
   0.1050845820646786E-26
   0.1163304680167978E-26
   0.1248701762893498E-26
   0.1343771840250012E-26
   0.1467196357165981E-26
   0.1609365011718803E-26
   0.1774332659166342E-26
   0.1993882415321165E-26
   0.2284598309430903E-26
   0.2637457407105921E-26
   0.3158488545111125E-26
   0.3848635589509345E-26
   0.4744200253632002E-26
   0.6049858897116654E-26
   0.7737417631333340E-26
   0.9790912077063400E-26
   0.1368463698636822E-25
   0.1996202803800659E-25
   0.3064148539215063E-25
   0.5338416570051987E-25
   0.9295531947888414E-25
   0.1580051828721549E-24
   0.1702927617418899E-24
   0.1441382555555339E-24
   0.1236459649336037E-24
   0.2116328455460310E-26
   0.3157771972753932E-26
   0.6061392511581146E-26
   0.1274852600205998E-25
   0.5108501392725967E-24
   0.7727264385843260E-24
   0.7386625940815138E-24
   0.7795438014226833E-24
   0.7801621014801926E-24
   0.7526759888865869E-24
   0.7517501219267121E-24
   0.6941609625843318E-24
   0.7704978409670792E-24
