4.733000E-07 4.401000E-07 1.488000E-07 5.132000E-26 2.506000E-29
4.734000E-07 4.401000E-07 1.488000E-07 0.000000E+00 0.000000E+00
4.734000E-07 4.401000E-07 1.488000E-07 5.132000E-26 1.253000E-29
4.734000E-07 4.401000E-07 1.488000E-07 0.000000E+00 0.000000E+00
4.734000E-07 4.401000E-07 1.488000E-07 0.000000E+00 0.000000E+00
4.734000E-07 4.402000E-07 1.488000E-07 5.132000E-26 0.000000E+00
4.734000E-07 4.402000E-07 1.488000E-07 2.566000E-26 2.506000E-29
4.734000E-07 4.402000E-07 1.488000E-07 0.000000E+00 0.000000E+00
4.734000E-07 4.402000E-07 1.488000E-07 5.132000E-26 1.253000E-29
4.734000E-07 4.402000E-07 1.488000E-07 0.000000E+00 0.000000E+00
4.734000E-07 4.402000E-07 1.488000E-07 0.000000E+00 0.000000E+00
4.734000E-07 4.402000E-07 1.488000E-07 0.000000E+00 0.000000E+00
4.734000E-07 4.402000E-07 1.488000E-07 7.698000E-26 2.506000E-29
4.734000E-07 4.402000E-07 1.488000E-07 5.132000E-26 1.253000E-29
4.734000E-07 4.402000E-07 1.488000E-07 0.000000E+00 1.253000E-29
4.734000E-07 4.402000E-07 1.488000E-07 2.566000E-26 0.000000E+00
4.734000E-07 4.402000E-07 1.488000E-07 2.566000E-26 1.253000E-29
4.734000E-07 4.402000E-07 1.488000E-07 0.000000E+00 1.253000E-29
4.734000E-07 4.402000E-07 1.488000E-07 7.699000E-26 3.759000E-29
4.734000E-07 4.402000E-07 1.488000E-07 0.000000E+00 0.000000E+00
4.734000E-07 4.402000E-07 1.488000E-07 2.566000E-26 3.759000E-29
4.734000E-07 4.402000E-07 1.488000E-07 0.000000E+00 0.000000E+00
4.734000E-07 4.402000E-07 1.488000E-07 0.000000E+00 0.000000E+00
4.734000E-07 4.402000E-07 1.488000E-07 2.566000E-26 1.253000E-29
4.734000E-07 4.402000E-07 1.488000E-07 0.000000E+00 0.000000E+00
4.734000E-07 4.402000E-07 1.488000E-07 2.566000E-26 0.000000E+00
4.734000E-07 4.402000E-07 1.488000E-07 0.000000E+00 0.000000E+00
4.734000E-07 4.402000E-07 1.488000E-07 0.000000E+00 0.000000E+00
4.734000E-07 4.402000E-07 1.488000E-07 5.133000E-26 2.506000E-29
4.734000E-07 4.402000E-07 1.488000E-07 2.566000E-26 0.000000E+00
4.734000E-07 4.402000E-07 1.488000E-07 0.000000E+00 0.000000E+00
4.734000E-07 4.402000E-07 1.488000E-07 0.000000E+00 0.000000E+00
4.734000E-07 4.402000E-07 1.488000E-07 0.000000E+00 0.000000E+00
4.734000E-07 4.402000E-07 1.488000E-07 0.000000E+00 1.253000E-29
4.734000E-07 4.402000E-07 1.488000E-07 0.000000E+00 0.000000E+00
4.734000E-07 4.402000E-07 1.488000E-07 0.000000E+00 0.000000E+00
4.734000E-07 4.402000E-07 1.488000E-07 0.000000E+00 1.253000E-29
4.734000E-07 4.402000E-07 1.488000E-07 0.000000E+00 0.000000E+00
4.734000E-07 4.402000E-07 1.488000E-07 0.000000E+00 0.000000E+00
4.734000E-07 4.402000E-07 1.488000E-07 2.566000E-26 2.506000E-29
4.734000E-07 4.402000E-07 1.488000E-07 0.000000E+00 0.000000E+00
4.734000E-07 4.402000E-07 1.488000E-07 0.000000E+00 1.253000E-29
4.734000E-07 4.402000E-07 1.488000E-07 0.000000E+00 0.000000E+00
4.734000E-07 4.402000E-07 1.488000E-07 0.000000E+00 0.000000E+00
4.734000E-07 4.402000E-07 1.488000E-07 2.567000E-26 0.000000E+00
4.734000E-07 4.402000E-07 1.488000E-07 0.000000E+00 1.253000E-29
4.734000E-07 4.402000E-07 1.488000E-07 2.567000E-26 1.253000E-29
4.735000E-07 4.402000E-07 1.488000E-07 2.567000E-26 1.253000E-29
4.735000E-07 4.402000E-07 1.488000E-07 0.000000E+00 0.000000E+00
4.735000E-07 4.402000E-07 1.488000E-07 0.000000E+00 0.000000E+00
4.735000E-07 4.402000E-07 1.488000E-07 2.567000E-26 2.506000E-29
4.735000E-07 4.402000E-07 1.488000E-07 5.133000E-26 0.000000E+00
4.735000E-07 4.403000E-07 1.488000E-07 2.567000E-26 2.507000E-29
4.735000E-07 4.403000E-07 1.488000E-07 0.000000E+00 0.000000E+00
4.735000E-07 4.403000E-07 1.488000E-07 0.000000E+00 0.000000E+00
4.735000E-07 4.403000E-07 1.488000E-07 2.567000E-26 2.507000E-29
4.735000E-07 4.403000E-07 1.488000E-07 0.000000E+00 0.000000E+00
4.735000E-07 4.403000E-07 1.489000E-07 0.000000E+00 0.000000E+00
4.735000E-07 4.403000E-07 1.489000E-07 0.000000E+00 0.000000E+00
4.735000E-07 4.403000E-07 1.489000E-07 2.567000E-26 2.507000E-29
4.735000E-07 4.403000E-07 1.489000E-07 0.000000E+00 0.000000E+00
4.735000E-07 4.403000E-07 1.489000E-07 2.567000E-26 0.000000E+00
4.735000E-07 4.403000E-07 1.489000E-07 0.000000E+00 0.000000E+00
4.735000E-07 4.403000E-07 1.489000E-07 5.134000E-26 1.253000E-29
4.735000E-07 4.403000E-07 1.489000E-07 2.567000E-26 1.253000E-29
4.736000E-07 4.403000E-07 1.489000E-07 0.000000E+00 0.000000E+00
4.736000E-07 4.403000E-07 1.489000E-07 2.567000E-26 1.254000E-29
4.736000E-07 4.403000E-07 1.489000E-07 7.702000E-26 3.761000E-29
4.736000E-07 4.403000E-07 1.489000E-07 2.567000E-26 2.507000E-29
4.736000E-07 4.404000E-07 1.489000E-07 0.000000E+00 1.254000E-29
4.736000E-07 4.404000E-07 1.489000E-07 0.000000E+00 0.000000E+00
4.736000E-07 4.404000E-07 1.489000E-07 0.000000E+00 1.254000E-29
4.736000E-07 4.404000E-07 1.489000E-07 0.000000E+00 0.000000E+00
4.736000E-07 4.404000E-07 1.489000E-07 5.135000E-26 0.000000E+00
4.736000E-07 4.404000E-07 1.489000E-07 2.568000E-26 1.254000E-29
4.736000E-07 4.404000E-07 1.489000E-07 0.000000E+00 0.000000E+00
4.737000E-07 4.404000E-07 1.489000E-07 0.000000E+00 0.000000E+00
4.737000E-07 4.404000E-07 1.489000E-07 0.000000E+00 0.000000E+00
4.737000E-07 4.404000E-07 1.489000E-07 2.568000E-26 0.000000E+00
4.737000E-07 4.404000E-07 1.489000E-07 2.568000E-26 0.000000E+00
4.737000E-07 4.405000E-07 1.489000E-07 0.000000E+00 0.000000E+00
4.737000E-07 4.405000E-07 1.489000E-07 5.136000E-26 2.508000E-29
4.737000E-07 4.405000E-07 1.489000E-07 0.000000E+00 2.508000E-29
4.738000E-07 4.405000E-07 1.489000E-07 5.136000E-26 1.254000E-29
4.738000E-07 4.405000E-07 1.489000E-07 0.000000E+00 0.000000E+00
4.738000E-07 4.405000E-07 1.489000E-07 0.000000E+00 0.000000E+00
4.738000E-07 4.405000E-07 1.489000E-07 0.000000E+00 0.000000E+00
4.738000E-07 4.406000E-07 1.489000E-07 0.000000E+00 0.000000E+00
4.738000E-07 4.406000E-07 1.490000E-07 0.000000E+00 0.000000E+00
4.739000E-07 4.406000E-07 1.490000E-07 2.569000E-26 0.000000E+00
4.739000E-07 4.406000E-07 1.490000E-07 5.138000E-26 2.509000E-29
4.739000E-07 4.406000E-07 1.490000E-07 0.000000E+00 0.000000E+00
4.739000E-07 4.407000E-07 1.490000E-07 2.569000E-26 0.000000E+00
4.740000E-07 4.407000E-07 1.490000E-07 0.000000E+00 0.000000E+00
4.740000E-07 4.407000E-07 1.490000E-07 0.000000E+00 1.255000E-29
4.740000E-07 4.407000E-07 1.490000E-07 0.000000E+00 0.000000E+00
4.740000E-07 4.408000E-07 1.490000E-07 5.140000E-26 3.764000E-29
4.741000E-07 4.408000E-07 1.490000E-07 0.000000E+00 0.000000E+00
4.741000E-07 4.408000E-07 1.490000E-07 2.570000E-26 1.255000E-29
4.741000E-07 4.408000E-07 1.490000E-07 0.000000E+00 1.255000E-29
4.742000E-07 4.409000E-07 1.490000E-07 2.570000E-26 3.765000E-29
4.742000E-07 4.409000E-07 1.491000E-07 0.000000E+00 0.000000E+00
4.742000E-07 4.409000E-07 1.491000E-07 0.000000E+00 0.000000E+00
4.743000E-07 4.410000E-07 1.491000E-07 0.000000E+00 0.000000E+00
4.743000E-07 4.410000E-07 1.491000E-07 0.000000E+00 0.000000E+00
4.744000E-07 4.410000E-07 1.491000E-07 0.000000E+00 0.000000E+00
4.744000E-07 4.411000E-07 1.491000E-07 0.000000E+00 0.000000E+00
4.745000E-07 4.411000E-07 1.491000E-07 2.572000E-26 0.000000E+00
4.745000E-07 4.412000E-07 1.491000E-07 0.000000E+00 0.000000E+00
4.746000E-07 4.412000E-07 1.492000E-07 0.000000E+00 0.000000E+00
4.746000E-07 4.413000E-07 1.492000E-07 5.146000E-26 2.513000E-29
4.747000E-07 4.413000E-07 1.492000E-07 0.000000E+00 0.000000E+00
4.747000E-07 4.414000E-07 1.492000E-07 7.721000E-26 3.770000E-29
4.748000E-07 4.414000E-07 1.492000E-07 2.574000E-26 1.257000E-29
4.749000E-07 4.415000E-07 1.492000E-07 0.000000E+00 0.000000E+00
4.749000E-07 4.415000E-07 1.493000E-07 0.000000E+00 1.257000E-29
4.750000E-07 4.416000E-07 1.493000E-07 7.725000E-26 3.772000E-29
4.751000E-07 4.417000E-07 1.493000E-07 0.000000E+00 0.000000E+00
4.752000E-07 4.417000E-07 1.493000E-07 2.576000E-26 1.258000E-29
4.753000E-07 4.418000E-07 1.493000E-07 0.000000E+00 0.000000E+00
4.753000E-07 4.419000E-07 1.494000E-07 0.000000E+00 2.516000E-29
4.754000E-07 4.420000E-07 1.494000E-07 0.000000E+00 0.000000E+00
4.755000E-07 4.420000E-07 1.494000E-07 0.000000E+00 0.000000E+00
4.756000E-07 4.421000E-07 1.494000E-07 2.578000E-26 1.259000E-29
4.757000E-07 4.422000E-07 1.495000E-07 0.000000E+00 0.000000E+00
4.759000E-07 4.423000E-07 1.495000E-07 0.000000E+00 0.000000E+00
4.760000E-07 4.424000E-07 1.495000E-07 2.580000E-26 0.000000E+00
4.761000E-07 4.425000E-07 1.496000E-07 2.581000E-26 3.781000E-29
4.762000E-07 4.426000E-07 1.496000E-07 2.582000E-26 0.000000E+00
4.764000E-07 4.428000E-07 1.496000E-07 0.000000E+00 0.000000E+00
4.765000E-07 4.429000E-07 1.497000E-07 0.000000E+00 1.261000E-29
4.766000E-07 4.430000E-07 1.497000E-07 0.000000E+00 0.000000E+00
4.768000E-07 4.431000E-07 1.498000E-07 0.000000E+00 0.000000E+00
4.770000E-07 4.432000E-07 1.498000E-07 2.586000E-26 2.525000E-29
4.771000E-07 4.434000E-07 1.498000E-07 0.000000E+00 0.000000E+00
4.773000E-07 4.435000E-07 1.499000E-07 0.000000E+00 1.263000E-29
4.774000E-07 4.436000E-07 1.499000E-07 0.000000E+00 0.000000E+00
4.776000E-07 4.438000E-07 1.500000E-07 0.000000E+00 0.000000E+00
4.777000E-07 4.439000E-07 1.500000E-07 2.590000E-26 1.265000E-29
4.779000E-07 4.440000E-07 1.500000E-07 0.000000E+00 1.265000E-29
4.780000E-07 4.441000E-07 1.501000E-07 5.183000E-26 3.796000E-29
4.781000E-07 4.442000E-07 1.501000E-07 0.000000E+00 0.000000E+00
4.781000E-07 4.442000E-07 1.501000E-07 0.000000E+00 1.266000E-29
4.781000E-07 4.441000E-07 1.500000E-07 2.592000E-26 0.000000E+00
4.764000E-07 4.412000E-07 1.488000E-07 0.000000E+00 0.000000E+00
4.761000E-07 4.409000E-07 1.486000E-07 0.000000E+00 0.000000E+00
4.757000E-07 4.404000E-07 1.485000E-07 0.000000E+00 0.000000E+00
4.749000E-07 4.397000E-07 1.482000E-07 0.000000E+00 0.000000E+00
4.738000E-07 4.386000E-07 1.478000E-07 0.000000E+00 0.000000E+00
4.721000E-07 4.370000E-07 1.473000E-07 0.000000E+00 1.250000E-29
4.731000E-07 4.365000E-07 1.468000E-07 7.695000E-26 7.514000E-29
4.693000E-07 4.329000E-07 1.456000E-07 0.000000E+00 1.242000E-29
4.587000E-07 4.216000E-07 1.415000E-07 0.000000E+00 0.000000E+00
4.634000E-07 4.242000E-07 1.419000E-07 0.000000E+00 1.227000E-29
4.563000E-07 4.159000E-07 1.387000E-07 7.420000E-26 2.416000E-29
4.383000E-07 3.962000E-07 1.314000E-07 0.000000E+00 0.000000E+00
4.910000E-07 4.363000E-07 1.430000E-07 0.000000E+00 0.000000E+00
4.180000E-07 3.689000E-07 1.204000E-07 0.000000E+00 0.000000E+00
3.967000E-07 3.453000E-07 1.116000E-07 0.000000E+00 0.000000E+00
3.980000E-07 3.435000E-07 1.104000E-07 0.000000E+00 0.000000E+00
3.735000E-07 3.189000E-07 1.018000E-07 0.000000E+00 0.000000E+00
3.712000E-07 3.145000E-07 9.985000E-08 2.013000E-26 1.965000E-29
3.587000E-07 3.025000E-07 9.577000E-08 0.000000E+00 0.000000E+00
3.278000E-07 2.743000E-07 8.637000E-08 0.000000E+00 0.000000E+00
3.583000E-07 2.989000E-07 9.397000E-08 1.943000E-26 0.000000E+00
3.566000E-07 2.967000E-07 9.309000E-08 3.867000E-26 9.440000E-30
3.587000E-07 2.970000E-07 9.294000E-08 0.000000E+00 0.000000E+00
3.516000E-07 2.896000E-07 9.029000E-08 1.906000E-26 1.861000E-29
3.490000E-07 2.871000E-07 8.945000E-08 0.000000E+00 0.000000E+00
3.626000E-07 2.964000E-07 9.197000E-08 0.000000E+00 0.000000E+00
3.536000E-07 2.880000E-07 8.912000E-08 0.000000E+00 0.000000E+00
3.550000E-07 2.879000E-07 8.889000E-08 3.849000E-26 0.000000E+00
3.517000E-07 2.841000E-07 8.748000E-08 0.000000E+00 0.000000E+00
3.488000E-07 2.806000E-07 8.618000E-08 1.891000E-26 9.232000E-30
3.556000E-07 2.849000E-07 8.726000E-08 0.000000E+00 0.000000E+00
3.531000E-07 2.816000E-07 8.602000E-08 1.914000E-26 9.346000E-30
3.527000E-07 2.808000E-07 8.567000E-08 3.824000E-26 0.000000E+00
3.399000E-07 2.687000E-07 8.160000E-08 1.843000E-26 8.997000E-30
3.402000E-07 2.683000E-07 8.139000E-08 0.000000E+00 0.000000E+00
3.622000E-07 2.843000E-07 8.598000E-08 0.000000E+00 0.000000E+00
3.661000E-07 2.859000E-07 8.619000E-08 0.000000E+00 0.000000E+00
3.672000E-07 2.860000E-07 8.610000E-08 1.991000E-26 0.000000E+00
3.667000E-07 2.841000E-07 8.524000E-08 1.988000E-26 9.707000E-30
3.769000E-07 2.904000E-07 8.684000E-08 0.000000E+00 0.000000E+00
3.793000E-07 2.913000E-07 8.694000E-08 0.000000E+00 0.000000E+00
3.821000E-07 2.924000E-07 8.711000E-08 2.071000E-26 0.000000E+00
3.833000E-07 2.915000E-07 8.653000E-08 2.078000E-26 0.000000E+00
3.852000E-07 2.910000E-07 8.605000E-08 4.176000E-26 1.019000E-29
3.896000E-07 2.932000E-07 8.649000E-08 0.000000E+00 0.000000E+00
3.947000E-07 2.957000E-07 8.702000E-08 2.140000E-26 1.045000E-29
4.005000E-07 2.986000E-07 8.765000E-08 0.000000E+00 0.000000E+00
4.071000E-07 3.019000E-07 8.838000E-08 0.000000E+00 5.388000E-30
4.145000E-07 3.057000E-07 8.923000E-08 0.000000E+00 5.486000E-30
4.260000E-07 3.116000E-07 9.051000E-08 0.000000E+00 0.000000E+00
4.321000E-07 3.148000E-07 9.130000E-08 1.171000E-26 1.716000E-29
4.425000E-07 3.202000E-07 9.254000E-08 2.399000E-26 0.000000E+00
4.540000E-07 3.262000E-07 9.392000E-08 0.000000E+00 0.000000E+00
4.670000E-07 3.329000E-07 9.547000E-08 0.000000E+00 0.000000E+00
4.814000E-07 3.403000E-07 9.719000E-08 0.000000E+00 0.000000E+00
4.974000E-07 3.485000E-07 9.909000E-08 0.000000E+00 0.000000E+00
5.198000E-07 3.625000E-07 1.029000E-07 2.818000E-26 6.879000E-30
5.398000E-07 3.727000E-07 1.053000E-07 7.316000E-26 1.429000E-29
5.524000E-07 3.781000E-07 1.064000E-07 0.000000E+00 0.000000E+00
5.794000E-07 3.930000E-07 1.101000E-07 0.000000E+00 0.000000E+00
6.033000E-07 4.050000E-07 1.130000E-07 0.000000E+00 0.000000E+00
6.061000E-07 4.027000E-07 1.119000E-07 0.000000E+00 0.000000E+00
6.399000E-07 4.191000E-07 1.156000E-07 0.000000E+00 0.000000E+00
6.956000E-07 4.505000E-07 1.238000E-07 1.885000E-26 9.206000E-30
7.309000E-07 4.679000E-07 1.280000E-07 3.962000E-26 1.935000E-29
7.849000E-07 4.960000E-07 1.350000E-07 2.127000E-26 0.000000E+00
8.460000E-07 5.272000E-07 1.427000E-07 0.000000E+00 2.239000E-29
8.851000E-07 5.432000E-07 1.462000E-07 2.399000E-26 1.171000E-29
9.495000E-07 5.744000E-07 1.539000E-07 0.000000E+00 0.000000E+00
1.028000E-06 6.110000E-07 1.626000E-07 0.000000E+00 0.000000E+00
1.106000E-06 6.458000E-07 1.709000E-07 0.000000E+00 0.000000E+00
1.201000E-06 6.872000E-07 1.805000E-07 3.255000E-26 3.178000E-29
1.300000E-06 7.312000E-07 1.910000E-07 0.000000E+00 0.000000E+00
1.451000E-06 8.010000E-07 2.081000E-07 0.000000E+00 0.000000E+00
1.601000E-06 8.626000E-07 2.223000E-07 0.000000E+00 0.000000E+00
1.764000E-06 9.299000E-07 2.382000E-07 0.000000E+00 0.000000E+00
1.976000E-06 1.018000E-06 2.591000E-07 5.355000E-26 0.000000E+00
2.204000E-06 1.108000E-06 2.802000E-07 0.000000E+00 5.833000E-29
2.497000E-06 1.224000E-06 3.072000E-07 0.000000E+00 0.000000E+00
3.067000E-06 1.461000E-06 3.637000E-07 0.000000E+00 0.000000E+00
3.217000E-06 1.491000E-06 3.687000E-07 0.000000E+00 0.000000E+00
8.065000E-07 2.126000E-06 2.864000E-06 5.413000E-41 6.952000E-81
4.285000E-06 1.873000E-06 4.566000E-07 0.000000E+00 0.000000E+00
5.020000E-06 2.126000E-06 5.138000E-07 0.000000E+00 0.000000E+00
5.871000E-06 2.407000E-06 5.774000E-07 7.956000E-26 3.885000E-29
1.444000E-06 3.792000E-06 5.076000E-06 8.377000E-42 6.865000E-83
8.133000E-06 3.119000E-06 7.357000E-07 0.000000E+00 0.000000E+00
9.732000E-06 3.606000E-06 8.430000E-07 1.319000E-25 0.000000E+00
1.171000E-05 4.197000E-06 9.729000E-07 0.000000E+00 0.000000E+00
1.428000E-05 4.941000E-06 1.134000E-06 0.000000E+00 0.000000E+00
1.740000E-05 5.815000E-06 1.323000E-06 2.358000E-25 1.151000E-28
2.128000E-05 6.849000E-06 1.541000E-06 0.000000E+00 2.816000E-28
5.340000E-06 1.361000E-05 1.735000E-05 2.806000E-49 2.101000E-99
3.269000E-05 9.785000E-06 2.154000E-06 0.000000E+00 0.000000E+00
4.095000E-05 1.176000E-05 2.543000E-06 5.550000E-25 2.710000E-28
5.157000E-05 1.427000E-05 3.040000E-06 6.989000E-25 3.413000E-28
6.553000E-05 1.744000E-05 3.657000E-06 1.776000E-24 8.672000E-28
8.387000E-05 2.134000E-05 4.390000E-06 0.000000E+00 0.000000E+00
1.086000E-04 2.632000E-05 5.300000E-06 0.000000E+00 0.000000E+00
1.415000E-04 3.271000E-05 6.437000E-06 0.000000E+00 0.000000E+00
1.859000E-04 4.110000E-05 7.883000E-06 0.000000E+00 1.230000E-27
2.469000E-04 5.183000E-05 9.674000E-06 0.000000E+00 8.170000E-28
3.310000E-04 6.581000E-05 1.188000E-05 0.000000E+00 0.000000E+00
4.477000E-04 8.437000E-05 1.466000E-05 0.000000E+00 0.000000E+00
6.121000E-04 1.083000E-04 1.789000E-05 1.244000E-23 8.101000E-27
8.321000E-04 1.386000E-04 2.165000E-05 5.639000E-24 5.506000E-27
1.129000E-03 1.781000E-04 2.614000E-05 0.000000E+00 0.000000E+00
1.525000E-03 2.231000E-04 3.002000E-05 0.000000E+00 5.045000E-27
2.032000E-03 2.763000E-04 3.345000E-05 0.000000E+00 0.000000E+00
2.651000E-03 3.374000E-04 3.596000E-05 1.796000E-23 8.771000E-27
3.392000E-03 3.839000E-04 3.462000E-05 0.000000E+00 0.000000E+00
4.188000E-03 4.328000E-04 3.189000E-05 0.000000E+00 0.000000E+00
4.967000E-03 4.795000E-04 2.749000E-05 0.000000E+00 0.000000E+00
5.709000E-03 4.907000E-04 2.291000E-05 1.934000E-23 0.000000E+00
6.297000E-03 4.937000E-04 1.906000E-05 0.000000E+00 0.000000E+00
6.678000E-03 5.118000E-04 1.663000E-05 2.263000E-23 2.210000E-26
6.885000E-03 5.403000E-04 1.514000E-05 0.000000E+00 0.000000E+00
6.961000E-03 5.816000E-04 1.451000E-05 0.000000E+00 0.000000E+00
6.962000E-03 6.286000E-04 1.415000E-05 0.000000E+00 0.000000E+00
6.902000E-03 6.815000E-04 1.380000E-05 0.000000E+00 0.000000E+00
6.847000E-03 7.454000E-04 1.445000E-05 4.639000E-23 0.000000E+00
6.879000E-03 8.292000E-04 1.521000E-05 4.661000E-23 0.000000E+00
6.665000E-03 8.842000E-04 1.526000E-05 4.516000E-23 0.000000E+00
6.577000E-03 9.522000E-04 1.632000E-05 0.000000E+00 0.000000E+00
6.471000E-03 1.030000E-03 1.704000E-05 0.000000E+00 0.000000E+00
6.383000E-03 1.099000E-03 1.835000E-05 0.000000E+00 0.000000E+00
6.304000E-03 1.162000E-03 1.881000E-05 4.272000E-23 0.000000E+00
6.203000E-03 1.248000E-03 1.995000E-05 0.000000E+00 0.000000E+00
6.126000E-03 1.321000E-03 2.176000E-05 0.000000E+00 4.054000E-26
6.018000E-03 1.393000E-03 2.283000E-05 0.000000E+00 0.000000E+00
5.950000E-03 1.455000E-03 2.459000E-05 0.000000E+00 0.000000E+00
5.866000E-03 1.526000E-03 2.597000E-05 0.000000E+00 0.000000E+00
5.805000E-03 1.583000E-03 2.706000E-05 7.867000E-23 3.841000E-26
5.644000E-03 1.669000E-03 2.856000E-05 0.000000E+00 0.000000E+00
5.602000E-03 1.761000E-03 3.094000E-05 0.000000E+00 0.000000E+00
5.553000E-03 1.809000E-03 3.361000E-05 1.505000E-22 3.675000E-26
5.470000E-03 1.869000E-03 3.573000E-05 0.000000E+00 0.000000E+00
5.412000E-03 1.932000E-03 3.968000E-05 7.335000E-23 3.582000E-26
5.302000E-03 2.030000E-03 4.321000E-05 0.000000E+00 0.000000E+00
5.254000E-03 2.072000E-03 4.610000E-05 0.000000E+00 0.000000E+00
5.202000E-03 2.104000E-03 5.059000E-05 0.000000E+00 0.000000E+00
5.103000E-03 2.198000E-03 5.579000E-05 0.000000E+00 0.000000E+00
5.093000E-03 2.203000E-03 6.074000E-05 0.000000E+00 0.000000E+00
4.851000E-03 2.419000E-03 6.866000E-05 0.000000E+00 0.000000E+00
4.813000E-03 2.452000E-03 7.373000E-05 0.000000E+00 1.274000E-25
4.776000E-03 2.484000E-03 7.921000E-05 0.000000E+00 0.000000E+00
4.740000E-03 2.514000E-03 8.511000E-05 0.000000E+00 0.000000E+00
4.671000E-03 2.570000E-03 9.325000E-05 0.000000E+00 0.000000E+00
4.580000E-03 2.626000E-03 1.125000E-04 0.000000E+00 1.212000E-25
4.615000E-03 2.611000E-03 1.019000E-04 0.000000E+00 0.000000E+00
