9.500000E-03 4.990000E-04 0.000000E+00 0.000000E+00 0.000000E+00
9.500000E-03 4.990000E-04 0.000000E+00 0.000000E+00 0.000000E+00
9.500000E-03 4.990000E-04 0.000000E+00 0.000000E+00 0.000000E+00
9.500000E-03 4.990000E-04 0.000000E+00 0.000000E+00 0.000000E+00
9.500000E-03 4.990000E-04 5.718000E-38 2.342000E-34 3.929000E-27
9.500000E-03 4.990000E-04 0.000000E+00 0.000000E+00 0.000000E+00
9.500000E-03 4.990000E-04 0.000000E+00 0.000000E+00 0.000000E+00
9.500000E-03 4.990000E-04 0.000000E+00 0.000000E+00 0.000000E+00
9.500000E-03 4.990000E-04 0.000000E+00 2.342000E-34 3.929000E-27
9.500000E-03 4.990000E-04 0.000000E+00 0.000000E+00 0.000000E+00
9.500000E-03 4.990000E-04 0.000000E+00 0.000000E+00 0.000000E+00
9.500000E-03 4.990000E-04 0.000000E+00 2.342000E-34 0.000000E+00
9.500000E-03 4.990000E-04 0.000000E+00 0.000000E+00 0.000000E+00
9.500000E-03 4.990000E-04 0.000000E+00 0.000000E+00 3.929000E-27
9.500000E-03 4.990000E-04 0.000000E+00 0.000000E+00 3.929000E-27
9.500000E-03 4.990000E-04 0.000000E+00 0.000000E+00 0.000000E+00
9.500000E-03 4.990000E-04 0.000000E+00 0.000000E+00 3.929000E-27
9.500000E-03 4.990000E-04 0.000000E+00 2.342000E-34 3.929000E-27
9.500000E-03 4.990000E-04 0.000000E+00 0.000000E+00 0.000000E+00
9.500000E-03 4.990000E-04 0.000000E+00 0.000000E+00 0.000000E+00
9.500000E-03 4.990000E-04 0.000000E+00 0.000000E+00 3.929000E-27
9.500000E-03 4.990000E-04 0.000000E+00 0.000000E+00 0.000000E+00
9.500000E-03 4.990000E-04 0.000000E+00 0.000000E+00 0.000000E+00
9.500000E-03 4.990000E-04 5.718000E-38 2.342000E-34 3.929000E-27
9.500000E-03 4.990000E-04 0.000000E+00 0.000000E+00 0.000000E+00
9.500000E-03 4.990000E-04 5.718000E-38 2.342000E-34 0.000000E+00
9.500000E-03 4.990000E-04 0.000000E+00 0.000000E+00 0.000000E+00
9.500000E-03 4.990000E-04 5.718000E-38 2.342000E-34 3.929000E-27
9.500000E-03 4.990000E-04 0.000000E+00 2.342000E-34 3.929000E-27
9.500000E-03 4.990000E-04 0.000000E+00 0.000000E+00 0.000000E+00
9.500000E-03 4.990000E-04 0.000000E+00 0.000000E+00 0.000000E+00
9.500000E-03 4.990000E-04 0.000000E+00 0.000000E+00 0.000000E+00
9.500000E-03 4.990000E-04 0.000000E+00 2.342000E-34 0.000000E+00
9.500000E-03 4.990000E-04 0.000000E+00 0.000000E+00 0.000000E+00
9.500000E-03 4.990000E-04 0.000000E+00 0.000000E+00 0.000000E+00
9.500000E-03 4.990000E-04 5.718000E-38 0.000000E+00 3.929000E-27
9.500000E-03 4.990000E-04 0.000000E+00 0.000000E+00 0.000000E+00
9.500000E-03 4.990000E-04 0.000000E+00 2.342000E-34 3.929000E-27
9.500000E-03 4.990000E-04 0.000000E+00 0.000000E+00 3.929000E-27
9.500000E-03 4.990000E-04 0.000000E+00 0.000000E+00 0.000000E+00
9.500000E-03 4.990000E-04 0.000000E+00 2.342000E-34 3.929000E-27
9.500000E-03 4.990000E-04 1.144000E-37 0.000000E+00 3.929000E-27
9.500000E-03 4.990000E-04 1.144000E-37 2.342000E-34 7.858000E-27
9.500000E-03 4.990000E-04 0.000000E+00 0.000000E+00 0.000000E+00
9.500000E-03 4.990000E-04 0.000000E+00 0.000000E+00 0.000000E+00
9.500000E-03 4.990000E-04 0.000000E+00 0.000000E+00 3.929000E-27
9.500000E-03 4.990000E-04 5.718000E-38 0.000000E+00 3.929000E-27
9.500000E-03 4.990000E-04 0.000000E+00 0.000000E+00 0.000000E+00
9.500000E-03 4.990000E-04 0.000000E+00 0.000000E+00 0.000000E+00
9.500000E-03 4.990000E-04 5.718000E-38 0.000000E+00 3.929000E-27
9.500000E-03 4.990000E-04 0.000000E+00 2.342000E-34 3.929000E-27
9.500000E-03 4.990000E-04 0.000000E+00 0.000000E+00 0.000000E+00
9.500000E-03 4.990000E-04 1.144000E-37 2.342000E-34 0.000000E+00
9.500000E-03 4.990000E-04 5.718000E-38 2.342000E-34 3.929000E-27
9.500000E-03 4.990000E-04 0.000000E+00 0.000000E+00 0.000000E+00
9.500000E-03 4.990000E-04 0.000000E+00 0.000000E+00 0.000000E+00
9.500000E-03 4.990000E-04 1.144000E-37 2.342000E-34 3.929000E-27
9.500000E-03 4.990000E-04 0.000000E+00 2.342000E-34 3.929000E-27
9.500000E-03 4.990000E-04 1.144000E-37 2.342000E-34 3.929000E-27
9.500000E-03 4.990000E-04 5.718000E-38 4.684000E-34 3.929000E-27
9.500000E-03 4.990000E-04 0.000000E+00 0.000000E+00 0.000000E+00
9.500000E-03 4.990000E-04 0.000000E+00 0.000000E+00 0.000000E+00
9.500000E-03 4.990000E-04 5.718000E-38 0.000000E+00 0.000000E+00
9.500000E-03 4.990000E-04 0.000000E+00 0.000000E+00 0.000000E+00
9.500000E-03 4.990000E-04 0.000000E+00 0.000000E+00 0.000000E+00
9.500000E-03 4.990000E-04 0.000000E+00 0.000000E+00 0.000000E+00
9.500000E-03 4.990000E-04 0.000000E+00 0.000000E+00 0.000000E+00
9.500000E-03 4.990000E-04 5.718000E-38 4.684000E-34 0.000000E+00
9.500000E-03 4.990000E-04 0.000000E+00 0.000000E+00 0.000000E+00
9.500000E-03 4.990000E-04 0.000000E+00 0.000000E+00 0.000000E+00
9.500000E-03 4.990000E-04 0.000000E+00 0.000000E+00 0.000000E+00
9.500000E-03 4.990000E-04 0.000000E+00 2.342000E-34 0.000000E+00
9.500000E-03 4.990000E-04 0.000000E+00 0.000000E+00 0.000000E+00
9.500000E-03 4.990000E-04 5.718000E-38 4.684000E-34 3.929000E-27
9.500000E-03 4.990000E-04 0.000000E+00 0.000000E+00 0.000000E+00
9.500000E-03 4.990000E-04 0.000000E+00 0.000000E+00 0.000000E+00
9.500000E-03 4.990000E-04 0.000000E+00 0.000000E+00 0.000000E+00
9.500000E-03 4.990000E-04 0.000000E+00 0.000000E+00 0.000000E+00
9.500000E-03 4.990000E-04 0.000000E+00 0.000000E+00 0.000000E+00
9.500000E-03 4.990000E-04 5.718000E-38 2.342000E-34 3.929000E-27
9.500000E-03 4.990000E-04 5.718000E-38 2.342000E-34 3.929000E-27
9.500000E-03 4.990000E-04 5.718000E-38 2.342000E-34 3.929000E-27
9.500000E-03 4.990000E-04 0.000000E+00 4.684000E-34 3.929000E-27
9.500000E-03 4.990000E-04 1.144000E-37 2.342000E-34 0.000000E+00
9.500000E-03 4.990000E-04 0.000000E+00 0.000000E+00 0.000000E+00
9.500000E-03 4.990000E-04 5.718000E-38 4.684000E-34 3.929000E-27
9.500000E-03 4.990000E-04 1.144000E-37 2.342000E-34 3.929000E-27
9.500000E-03 4.990000E-04 5.718000E-38 0.000000E+00 0.000000E+00
9.500000E-03 4.990000E-04 0.000000E+00 0.000000E+00 0.000000E+00
9.500000E-03 4.990000E-04 0.000000E+00 2.342000E-34 0.000000E+00
9.500000E-03 4.990000E-04 0.000000E+00 0.000000E+00 0.000000E+00
9.500000E-03 4.990000E-04 5.718000E-38 4.684000E-34 3.929000E-27
9.500000E-03 4.990000E-04 5.718000E-38 0.000000E+00 0.000000E+00
9.500000E-03 4.990000E-04 0.000000E+00 0.000000E+00 0.000000E+00
9.500000E-03 4.990000E-04 1.144000E-37 0.000000E+00 3.929000E-27
9.500000E-03 4.990000E-04 0.000000E+00 0.000000E+00 0.000000E+00
9.500000E-03 4.990000E-04 0.000000E+00 0.000000E+00 0.000000E+00
9.500000E-03 4.990000E-04 1.144000E-37 0.000000E+00 3.929000E-27
9.500000E-03 4.990000E-04 0.000000E+00 0.000000E+00 0.000000E+00
9.500000E-03 4.990000E-04 0.000000E+00 0.000000E+00 0.000000E+00
9.500000E-03 4.990000E-04 5.718000E-38 2.342000E-34 3.929000E-27
9.500000E-03 4.990000E-04 0.000000E+00 0.000000E+00 0.000000E+00
9.500000E-03 4.990000E-04 0.000000E+00 2.342000E-34 3.929000E-27
9.500000E-03 4.990000E-04 0.000000E+00 0.000000E+00 0.000000E+00
9.500000E-03 4.990000E-04 0.000000E+00 0.000000E+00 3.929000E-27
9.500000E-03 4.990000E-04 5.718000E-38 0.000000E+00 0.000000E+00
9.500000E-03 4.990000E-04 5.718000E-38 0.000000E+00 0.000000E+00
9.500000E-03 4.990000E-04 0.000000E+00 0.000000E+00 0.000000E+00
9.500000E-03 4.990000E-04 0.000000E+00 0.000000E+00 0.000000E+00
9.500000E-03 4.990000E-04 0.000000E+00 0.000000E+00 3.929000E-27
9.500000E-03 4.990000E-04 0.000000E+00 0.000000E+00 0.000000E+00
9.500000E-03 4.990000E-04 0.000000E+00 0.000000E+00 0.000000E+00
9.500000E-03 4.990000E-04 5.718000E-38 0.000000E+00 3.929000E-27
9.500000E-03 4.990000E-04 0.000000E+00 0.000000E+00 0.000000E+00
9.500000E-03 4.990000E-04 5.718000E-38 0.000000E+00 3.929000E-27
9.500000E-03 4.990000E-04 0.000000E+00 0.000000E+00 0.000000E+00
9.500000E-03 4.990000E-04 1.144000E-37 2.342000E-34 3.929000E-27
9.500000E-03 4.990000E-04 5.718000E-38 0.000000E+00 3.929000E-27
9.500000E-03 4.990000E-04 0.000000E+00 0.000000E+00 0.000000E+00
9.500000E-03 4.990000E-04 0.000000E+00 2.342000E-34 0.000000E+00
9.500000E-03 4.989000E-04 1.715000E-37 4.684000E-34 7.858000E-27
9.500000E-03 4.989000E-04 5.718000E-38 2.342000E-34 3.929000E-27
9.500000E-03 4.989000E-04 5.718000E-38 0.000000E+00 0.000000E+00
9.500000E-03 4.989000E-04 0.000000E+00 0.000000E+00 0.000000E+00
9.500000E-03 4.989000E-04 5.718000E-38 0.000000E+00 0.000000E+00
9.500000E-03 4.989000E-04 0.000000E+00 0.000000E+00 0.000000E+00
9.500000E-03 4.989000E-04 0.000000E+00 0.000000E+00 0.000000E+00
9.500000E-03 4.989000E-04 0.000000E+00 0.000000E+00 0.000000E+00
9.500000E-03 4.989000E-04 0.000000E+00 0.000000E+00 0.000000E+00
9.500000E-03 4.989000E-04 0.000000E+00 0.000000E+00 3.929000E-27
9.500000E-03 4.989000E-04 5.718000E-38 0.000000E+00 0.000000E+00
9.500000E-03 4.989000E-04 0.000000E+00 0.000000E+00 0.000000E+00
9.500000E-03 4.988000E-04 1.144000E-37 4.684000E-34 3.929000E-27
9.500000E-03 4.988000E-04 0.000000E+00 0.000000E+00 0.000000E+00
9.500000E-03 4.988000E-04 0.000000E+00 0.000000E+00 0.000000E+00
9.500000E-03 4.988000E-04 5.718000E-38 4.684000E-34 3.929000E-27
9.500000E-03 4.988000E-04 0.000000E+00 2.342000E-34 3.929000E-27
9.500000E-03 4.987000E-04 0.000000E+00 0.000000E+00 0.000000E+00
9.500000E-03 4.987000E-04 1.144000E-37 4.684000E-34 7.858000E-27
9.500000E-03 4.987000E-04 0.000000E+00 0.000000E+00 0.000000E+00
9.500000E-03 4.987000E-04 0.000000E+00 0.000000E+00 0.000000E+00
9.500000E-03 4.986000E-04 0.000000E+00 0.000000E+00 0.000000E+00
9.500000E-03 4.986000E-04 0.000000E+00 0.000000E+00 0.000000E+00
9.500000E-03 4.985000E-04 0.000000E+00 0.000000E+00 0.000000E+00
9.502000E-03 4.967000E-04 0.000000E+00 0.000000E+00 0.000000E+00
9.502000E-03 4.966000E-04 5.719000E-38 2.343000E-34 3.930000E-27
9.502000E-03 4.965000E-04 5.719000E-38 2.343000E-34 3.930000E-27
9.503000E-03 4.964000E-04 0.000000E+00 0.000000E+00 0.000000E+00
9.503000E-03 4.962000E-04 0.000000E+00 0.000000E+00 0.000000E+00
9.503000E-03 4.960000E-04 0.000000E+00 0.000000E+00 0.000000E+00
9.505000E-03 4.936000E-04 0.000000E+00 0.000000E+00 0.000000E+00
9.506000E-03 4.932000E-04 0.000000E+00 0.000000E+00 0.000000E+00
9.508000E-03 4.913000E-04 0.000000E+00 0.000000E+00 0.000000E+00
9.511000E-03 4.876000E-04 0.000000E+00 0.000000E+00 0.000000E+00
9.515000E-03 4.844000E-04 0.000000E+00 2.346000E-34 0.000000E+00
9.520000E-03 4.795000E-04 0.000000E+00 2.347000E-34 3.937000E-27
9.531000E-03 4.681000E-04 0.000000E+00 0.000000E+00 0.000000E+00
9.535000E-03 4.639000E-04 0.000000E+00 2.351000E-34 3.944000E-27
9.544000E-03 4.555000E-04 0.000000E+00 2.353000E-34 0.000000E+00
9.549000E-03 4.500000E-04 0.000000E+00 0.000000E+00 0.000000E+00
9.555000E-03 4.439000E-04 0.000000E+00 0.000000E+00 0.000000E+00
9.560000E-03 4.394000E-04 0.000000E+00 0.000000E+00 0.000000E+00
9.563000E-03 4.366000E-04 0.000000E+00 0.000000E+00 3.955000E-27
9.567000E-03 4.320000E-04 0.000000E+00 2.359000E-34 0.000000E+00
9.568000E-03 4.308000E-04 2.879000E-38 0.000000E+00 0.000000E+00
9.570000E-03 4.292000E-04 0.000000E+00 0.000000E+00 0.000000E+00
9.572000E-03 4.269000E-04 5.761000E-38 0.000000E+00 3.959000E-27
9.575000E-03 4.242000E-04 0.000000E+00 0.000000E+00 0.000000E+00
9.576000E-03 4.234000E-04 2.882000E-38 2.361000E-34 0.000000E+00
9.578000E-03 4.208000E-04 2.882000E-38 0.000000E+00 0.000000E+00
9.580000E-03 4.189000E-04 0.000000E+00 0.000000E+00 0.000000E+00
9.582000E-03 4.171000E-04 2.884000E-38 0.000000E+00 3.963000E-27
9.584000E-03 4.152000E-04 0.000000E+00 0.000000E+00 0.000000E+00
9.586000E-03 4.133000E-04 5.769000E-38 0.000000E+00 3.965000E-27
9.588000E-03 4.115000E-04 0.000000E+00 0.000000E+00 0.000000E+00
9.590000E-03 4.096000E-04 0.000000E+00 0.000000E+00 0.000000E+00
9.591000E-03 4.086000E-04 0.000000E+00 0.000000E+00 0.000000E+00
9.594000E-03 4.054000E-04 0.000000E+00 0.000000E+00 0.000000E+00
9.595000E-03 4.044000E-04 2.887000E-38 0.000000E+00 3.968000E-27
9.597000E-03 4.026000E-04 2.888000E-38 4.732000E-34 3.969000E-27
9.599000E-03 4.005000E-04 0.000000E+00 0.000000E+00 3.970000E-27
9.600000E-03 3.993000E-04 0.000000E+00 0.000000E+00 0.000000E+00
9.602000E-03 3.971000E-04 2.890000E-38 0.000000E+00 0.000000E+00
9.604000E-03 3.949000E-04 0.000000E+00 0.000000E+00 0.000000E+00
9.606000E-03 3.935000E-04 0.000000E+00 0.000000E+00 0.000000E+00
9.607000E-03 3.921000E-04 2.891000E-38 2.368000E-34 3.973000E-27
9.610000E-03 3.896000E-04 0.000000E+00 0.000000E+00 0.000000E+00
9.612000E-03 3.870000E-04 0.000000E+00 0.000000E+00 0.000000E+00
9.614000E-03 3.853000E-04 0.000000E+00 0.000000E+00 0.000000E+00
9.616000E-03 3.836000E-04 0.000000E+00 0.000000E+00 0.000000E+00
9.617000E-03 3.817000E-04 0.000000E+00 0.000000E+00 0.000000E+00
9.619000E-03 3.797000E-04 0.000000E+00 0.000000E+00 0.000000E+00
9.622000E-03 3.776000E-04 0.000000E+00 2.372000E-34 0.000000E+00
9.625000E-03 3.743000E-04 4.345000E-38 2.373000E-34 7.961000E-27
9.626000E-03 3.729000E-04 0.000000E+00 0.000000E+00 0.000000E+00
9.629000E-03 3.704000E-04 2.898000E-38 0.000000E+00 0.000000E+00
9.631000E-03 3.677000E-04 0.000000E+00 0.000000E+00 0.000000E+00
9.634000E-03 3.648000E-04 0.000000E+00 0.000000E+00 0.000000E+00
9.637000E-03 3.618000E-04 0.000000E+00 0.000000E+00 0.000000E+00
9.640000E-03 3.586000E-04 0.000000E+00 0.000000E+00 0.000000E+00
9.642000E-03 3.571000E-04 0.000000E+00 0.000000E+00 0.000000E+00
9.645000E-03 3.535000E-04 2.903000E-38 1.189000E-34 3.989000E-27
9.648000E-03 3.505000E-04 0.000000E+00 1.189000E-34 0.000000E+00
9.651000E-03 3.474000E-04 2.904000E-38 1.190000E-34 3.992000E-27
9.655000E-03 3.440000E-04 0.000000E+00 0.000000E+00 0.000000E+00
9.658000E-03 3.405000E-04 0.000000E+00 0.000000E+00 0.000000E+00
9.663000E-03 3.358000E-04 0.000000E+00 1.191000E-34 3.997000E-27
9.666000E-03 3.323000E-04 0.000000E+00 0.000000E+00 0.000000E+00
9.670000E-03 3.287000E-04 0.000000E+00 0.000000E+00 3.999000E-27
9.674000E-03 3.248000E-04 0.000000E+00 0.000000E+00 0.000000E+00
9.678000E-03 3.205000E-04 1.456000E-38 1.193000E-34 2.001000E-27
9.682000E-03 3.160000E-04 0.000000E+00 0.000000E+00 0.000000E+00
9.686000E-03 3.118000E-04 0.000000E+00 0.000000E+00 0.000000E+00
9.691000E-03 3.067000E-04 1.458000E-38 0.000000E+00 0.000000E+00
9.696000E-03 3.019000E-04 1.459000E-38 1.195000E-34 0.000000E+00
9.702000E-03 2.962000E-04 1.460000E-38 0.000000E+00 0.000000E+00
9.706000E-03 2.917000E-04 0.000000E+00 0.000000E+00 0.000000E+00
9.711000E-03 2.869000E-04 0.000000E+00 0.000000E+00 0.000000E+00
9.717000E-03 2.806000E-04 0.000000E+00 0.000000E+00 0.000000E+00
9.722000E-03 2.754000E-04 0.000000E+00 1.198000E-34 2.010000E-27
9.727000E-03 2.699000E-04 0.000000E+00 0.000000E+00 0.000000E+00
9.732000E-03 2.642000E-04 1.464000E-38 1.200000E-34 2.013000E-27
9.737000E-03 2.584000E-04 0.000000E+00 0.000000E+00 0.000000E+00
9.743000E-03 2.522000E-04 0.000000E+00 0.000000E+00 0.000000E+00
9.748000E-03 2.463000E-04 1.467000E-38 0.000000E+00 2.016000E-27
4.514000E-03 5.480000E-03 0.000000E+00 0.000000E+00 0.000000E+00
9.759000E-03 2.345000E-04 0.000000E+00 1.203000E-34 2.018000E-27
9.764000E-03 2.282000E-04 0.000000E+00 0.000000E+00 0.000000E+00
9.769000E-03 2.222000E-04 0.000000E+00 0.000000E+00 0.000000E+00
4.550000E-03 5.439000E-03 0.000000E+00 0.000000E+00 0.000000E+00
9.778000E-03 2.100000E-04 7.356000E-39 0.000000E+00 0.000000E+00
9.782000E-03 2.039000E-04 7.359000E-39 1.206000E-34 2.023000E-27
9.784000E-03 1.983000E-04 0.000000E+00 0.000000E+00 0.000000E+00
9.787000E-03 1.923000E-04 2.209000E-38 1.206000E-34 2.024000E-27
9.789000E-03 1.865000E-04 0.000000E+00 0.000000E+00 0.000000E+00
9.790000E-03 1.796000E-04 0.000000E+00 0.000000E+00 2.025000E-27
4.824000E-03 5.139000E-03 0.000000E+00 0.000000E+00 0.000000E+00
9.788000E-03 1.667000E-04 0.000000E+00 0.000000E+00 0.000000E+00
9.785000E-03 1.586000E-04 0.000000E+00 0.000000E+00 0.000000E+00
9.778000E-03 1.518000E-04 0.000000E+00 6.026000E-35 1.011000E-27
9.768000E-03 1.442000E-04 7.349000E-39 6.020000E-35 0.000000E+00
9.754000E-03 1.350000E-04 7.338000E-39 0.000000E+00 0.000000E+00
9.732000E-03 1.257000E-04 0.000000E+00 0.000000E+00 0.000000E+00
9.701000E-03 1.154000E-04 0.000000E+00 0.000000E+00 0.000000E+00
9.657000E-03 1.042000E-04 0.000000E+00 0.000000E+00 0.000000E+00
9.594000E-03 9.271000E-05 7.218000E-39 0.000000E+00 0.000000E+00
9.504000E-03 8.118000E-05 0.000000E+00 2.929000E-35 4.913000E-28
9.375000E-03 7.011000E-05 0.000000E+00 0.000000E+00 0.000000E+00
9.193000E-03 5.848000E-05 0.000000E+00 0.000000E+00 4.753000E-28
8.947000E-03 4.775000E-05 0.000000E+00 0.000000E+00 0.000000E+00
8.614000E-03 3.797000E-05 0.000000E+00 0.000000E+00 0.000000E+00
8.178000E-03 2.877000E-05 0.000000E+00 0.000000E+00 0.000000E+00
7.622000E-03 2.070000E-05 0.000000E+00 0.000000E+00 0.000000E+00
6.945000E-03 1.387000E-05 3.918000E-39 1.070000E-35 2.693000E-28
6.162000E-03 8.754000E-06 0.000000E+00 0.000000E+00 0.000000E+00
5.323000E-03 4.969000E-06 0.000000E+00 0.000000E+00 0.000000E+00
4.503000E-03 2.432000E-06 0.000000E+00 0.000000E+00 0.000000E+00
3.755000E-03 1.346000E-06 0.000000E+00 0.000000E+00 0.000000E+00
3.167000E-03 8.630000E-07 3.723000E-41 3.050000E-37 0.000000E+00
2.768000E-03 6.184000E-07 0.000000E+00 0.000000E+00 4.472000E-30
2.531000E-03 4.907000E-07 0.000000E+00 0.000000E+00 0.000000E+00
2.408000E-03 4.349000E-07 0.000000E+00 0.000000E+00 0.000000E+00
2.355000E-03 4.098000E-07 1.384000E-41 4.535000E-37 3.804000E-30
2.353000E-03 4.102000E-07 0.000000E+00 2.265000E-37 0.000000E+00
2.335000E-03 4.127000E-07 0.000000E+00 0.000000E+00 0.000000E+00
2.217000E-03 4.028000E-07 0.000000E+00 0.000000E+00 0.000000E+00
2.357000E-03 4.455000E-07 0.000000E+00 0.000000E+00 0.000000E+00
2.366000E-03 4.682000E-07 0.000000E+00 0.000000E+00 0.000000E+00
2.384000E-03 4.992000E-07 0.000000E+00 0.000000E+00 0.000000E+00
2.393000E-03 5.284000E-07 2.813000E-41 2.305000E-37 7.733000E-30
2.402000E-03 5.455000E-07 0.000000E+00 0.000000E+00 0.000000E+00
2.410000E-03 5.801000E-07 5.667000E-41 6.964000E-37 1.168000E-29
2.409000E-03 6.193000E-07 0.000000E+00 0.000000E+00 0.000000E+00
2.438000E-03 6.651000E-07 5.731000E-41 2.347000E-37 0.000000E+00
2.440000E-03 6.964000E-07 0.000000E+00 2.349000E-37 0.000000E+00
2.448000E-03 7.356000E-07 5.756000E-41 2.357000E-37 7.910000E-30
2.450000E-03 7.597000E-07 5.760000E-41 4.718000E-37 7.916000E-30
2.512000E-03 8.412000E-07 2.953000E-41 0.000000E+00 8.117000E-30
2.467000E-03 8.708000E-07 0.000000E+00 4.751000E-37 0.000000E+00
2.465000E-03 9.040000E-07 0.000000E+00 0.000000E+00 0.000000E+00
2.483000E-03 9.776000E-07 0.000000E+00 4.782000E-37 0.000000E+00
2.475000E-03 1.025000E-06 0.000000E+00 0.000000E+00 0.000000E+00
2.483000E-03 1.111000E-06 0.000000E+00 0.000000E+00 0.000000E+00
2.485000E-03 1.162000E-06 0.000000E+00 0.000000E+00 8.028000E-30
2.498000E-03 1.240000E-06 5.872000E-41 9.621000E-37 2.421000E-29
2.498000E-03 1.331000E-06 5.873000E-41 4.811000E-37 1.614000E-29
2.498000E-03 1.379000E-06 0.000000E+00 0.000000E+00 0.000000E+00
2.512000E-03 1.565000E-06 0.000000E+00 0.000000E+00 0.000000E+00
2.512000E-03 1.629000E-06 0.000000E+00 0.000000E+00 0.000000E+00
2.512000E-03 1.696000E-06 0.000000E+00 0.000000E+00 0.000000E+00
2.512000E-03 1.768000E-06 0.000000E+00 0.000000E+00 0.000000E+00
2.516000E-03 1.896000E-06 0.000000E+00 0.000000E+00 0.000000E+00
2.530000E-03 2.136000E-06 0.000000E+00 0.000000E+00 0.000000E+00
2.521000E-03 2.020000E-06 0.000000E+00 0.000000E+00 0.000000E+00
