2.097000E+01
2.097000E+01
2.097000E+01
2.097000E+01
2.097000E+01
2.097000E+01
2.097000E+01
2.097000E+01
2.097000E+01
2.097000E+01
2.097000E+01
2.097000E+01
2.097000E+01
2.097000E+01
2.097000E+01
2.097000E+01
2.097000E+01
2.097000E+01
2.097000E+01
2.097000E+01
2.097000E+01
2.097000E+01
2.097000E+01
2.097000E+01
2.097000E+01
2.097000E+01
2.097000E+01
2.097000E+01
2.097000E+01
2.097000E+01
2.097000E+01
2.097000E+01
2.097000E+01
2.097000E+01
2.097000E+01
2.097000E+01
2.097000E+01
2.097000E+01
2.097000E+01
2.097000E+01
2.097000E+01
2.097000E+01
2.097000E+01
2.097000E+01
2.097000E+01
2.097000E+01
2.097000E+01
2.097000E+01
2.097000E+01
2.097000E+01
2.097000E+01
2.097000E+01
2.097000E+01
2.097000E+01
2.097000E+01
2.097000E+01
2.097000E+01
2.097000E+01
2.097000E+01
2.097000E+01
2.097000E+01
2.097000E+01
2.097000E+01
2.097000E+01
2.097000E+01
2.097000E+01
2.097000E+01
2.097000E+01
2.097000E+01
2.097000E+01
2.097000E+01
2.097000E+01
2.097000E+01
2.097000E+01
2.097000E+01
2.097000E+01
2.097000E+01
2.097000E+01
2.097000E+01
2.097000E+01
2.097000E+01
2.097000E+01
2.097000E+01
2.097000E+01
2.097000E+01
2.097000E+01
2.097000E+01
2.097000E+01
2.097000E+01
2.097000E+01
2.097000E+01
2.097000E+01
2.097000E+01
2.097000E+01
2.097000E+01
2.097000E+01
2.097000E+01
2.097000E+01
2.097000E+01
2.097000E+01
2.097000E+01
2.097000E+01
2.097000E+01
2.097000E+01
2.097000E+01
2.097000E+01
2.097000E+01
2.097000E+01
2.097000E+01
2.097000E+01
2.097000E+01
2.097000E+01
2.097000E+01
2.097000E+01
2.097000E+01
2.097000E+01
2.097000E+01
2.096000E+01
2.096000E+01
2.096000E+01
2.096000E+01
2.096000E+01
2.096000E+01
2.096000E+01
2.096000E+01
2.096000E+01
2.096000E+01
2.096000E+01
2.096000E+01
2.095000E+01
2.095000E+01
2.095000E+01
2.095000E+01
2.095000E+01
2.095000E+01
2.095000E+01
2.094000E+01
2.094000E+01
2.094000E+01
2.094000E+01
2.094000E+01
2.093000E+01
2.093000E+01
2.093000E+01
2.093000E+01
2.092000E+01
2.092000E+01
2.092000E+01
2.092000E+01
2.091000E+01
2.091000E+01
2.090000E+01
2.090000E+01
2.090000E+01
2.089000E+01
2.089000E+01
2.088000E+01
2.087000E+01
2.087000E+01
2.086000E+01
2.086000E+01
2.085000E+01
2.084000E+01
2.083000E+01
2.083000E+01
2.082000E+01
2.081000E+01
2.080000E+01
2.079000E+01
2.078000E+01
2.076000E+01
2.075000E+01
2.074000E+01
2.072000E+01
2.071000E+01
2.069000E+01
2.068000E+01
2.066000E+01
2.064000E+01
2.062000E+01
2.060000E+01
2.058000E+01
2.056000E+01
2.053000E+01
2.051000E+01
2.048000E+01
2.045000E+01
2.042000E+01
2.039000E+01
2.035000E+01
2.032000E+01
2.028000E+01
2.024000E+01
2.020000E+01
2.015000E+01
2.010000E+01
2.005000E+01
2.000000E+01
1.994000E+01
1.988000E+01
1.982000E+01
1.975000E+01
1.968000E+01
1.961000E+01
1.953000E+01
1.945000E+01
1.936000E+01
1.927000E+01
1.918000E+01
1.907000E+01
1.897000E+01
1.886000E+01
1.874000E+01
1.861000E+01
1.848000E+01
1.834000E+01
1.820000E+01
1.805000E+01
1.789000E+01
1.772000E+01
1.755000E+01
1.736000E+01
1.717000E+01
1.697000E+01
1.676000E+01
1.654000E+01
1.631000E+01
1.607000E+01
1.583000E+01
1.557000E+01
1.530000E+01
1.502000E+01
1.473000E+01
1.443000E+01
1.412000E+01
1.381000E+01
1.348000E+01
1.315000E+01
1.280000E+01
1.245000E+01
1.210000E+01
1.174000E+01
1.138000E+01
1.102000E+01
1.066000E+01
1.031000E+01
1.000000E+01
1.000000E+01
1.000000E+01
1.000000E+01
1.000000E+01
1.000000E+01
1.000000E+01
1.000000E+01
1.000000E+01
1.000000E+01
1.000000E+01
1.000000E+01
1.000000E+01
1.000000E+01
1.000000E+01
1.000000E+01
1.000000E+01
1.000000E+01
1.000000E+01
1.000000E+01
1.000000E+01
1.000000E+01
1.000000E+01
1.000000E+01
1.000000E+01
1.000000E+01
1.000000E+01
1.000000E+01
1.000000E+01
1.000000E+01
1.000000E+01
1.000000E+01
1.000000E+01
1.000000E+01
1.000000E+01
1.000000E+01
1.000000E+01
1.000000E+01
1.000000E+01
1.000000E+01
1.000000E+01
1.000000E+01
1.000000E+01
1.000000E+01
1.000000E+01
1.000000E+01
1.000000E+01
1.000000E+01
