2.571000E+02
2.571000E+02
2.571000E+02
2.571000E+02
2.571000E+02
2.571000E+02
2.571000E+02
2.571000E+02
2.571000E+02
2.571000E+02
2.571000E+02
2.571000E+02
2.571000E+02
2.571000E+02
2.571000E+02
2.571000E+02
2.571000E+02
2.571000E+02
2.571000E+02
2.571000E+02
2.571000E+02
2.571000E+02
2.571000E+02
2.571000E+02
2.571000E+02
2.571000E+02
2.571000E+02
2.571000E+02
2.571000E+02
2.571000E+02
2.571000E+02
2.571000E+02
2.571000E+02
2.571000E+02
2.571000E+02
2.571000E+02
2.571000E+02
2.571000E+02
2.571000E+02
2.571000E+02
2.571000E+02
2.571000E+02
2.571000E+02
2.571000E+02
2.571000E+02
2.571000E+02
2.571000E+02
2.571000E+02
2.571000E+02
2.571000E+02
2.571000E+02
2.571000E+02
2.571000E+02
2.571000E+02
2.571000E+02
2.571000E+02
2.571000E+02
2.571000E+02
2.571000E+02
2.571000E+02
2.571000E+02
2.571000E+02
2.571000E+02
2.571000E+02
2.571000E+02
2.571000E+02
2.571000E+02
2.571000E+02
2.571000E+02
2.571000E+02
2.571000E+02
2.571000E+02
2.571000E+02
2.571000E+02
2.571000E+02
2.571000E+02
2.571000E+02
2.571000E+02
2.571000E+02
2.571000E+02
2.571000E+02
2.571000E+02
2.571000E+02
2.571000E+02
2.571000E+02
2.571000E+02
2.571000E+02
2.571000E+02
2.571000E+02
2.571000E+02
2.571000E+02
2.571000E+02
2.571000E+02
2.571000E+02
2.571000E+02
2.571000E+02
2.571000E+02
2.571000E+02
2.571000E+02
2.571000E+02
2.571000E+02
2.571000E+02
2.570000E+02
2.570000E+02
2.570000E+02
2.570000E+02
2.570000E+02
2.570000E+02
2.570000E+02
2.570000E+02
2.570000E+02
2.570000E+02
2.570000E+02
2.570000E+02
2.570000E+02
2.570000E+02
2.570000E+02
2.570000E+02
2.570000E+02
2.569000E+02
2.569000E+02
2.569000E+02
2.569000E+02
2.569000E+02
2.569000E+02
2.569000E+02
2.569000E+02
2.568000E+02
2.568000E+02
2.568000E+02
2.568000E+02
2.568000E+02
2.568000E+02
2.567000E+02
2.567000E+02
2.567000E+02
2.567000E+02
2.566000E+02
2.566000E+02
2.566000E+02
2.565000E+02
2.565000E+02
2.565000E+02
2.564000E+02
2.542000E+02
2.542000E+02
2.541000E+02
2.541000E+02
2.540000E+02
2.540000E+02
2.518000E+02
2.517000E+02
2.495000E+02
2.472000E+02
2.450000E+02
2.406000E+02
2.318000E+02
2.284000E+02
2.216000E+02
2.182000E+02
2.131000E+02
2.097000E+02
2.079000E+02
2.045000E+02
2.036000E+02
2.026000E+02
2.008000E+02
1.991000E+02
1.989000E+02
1.972000E+02
1.962000E+02
1.952000E+02
1.942000E+02
1.932000E+02
1.923000E+02
1.912000E+02
1.911000E+02
1.892000E+02
1.890000E+02
1.880000E+02
1.869000E+02
1.867000E+02
1.856000E+02
1.845000E+02
1.842000E+02
1.839000E+02
1.828000E+02
1.817000E+02
1.813000E+02
1.809000E+02
1.806000E+02
1.801000E+02
1.797000E+02
1.784000E+02
1.788000E+02
1.783000E+02
1.777000E+02
1.772000E+02
1.766000E+02
1.759000E+02
1.768000E+02
1.761000E+02
1.762000E+02
1.761000E+02
1.761000E+02
1.760000E+02
1.750000E+02
1.756000E+02
1.761000E+02
1.765000E+02
1.768000E+02
1.770000E+02
1.780000E+02
1.780000E+02
1.787000E+02
1.786000E+02
1.799000E+02
1.810000E+02
1.805000E+02
1.814000E+02
1.821000E+02
1.826000E+02
1.830000E+02
1.819000E+02
1.828000E+02
1.826000E+02
1.823000E+02
1.810000E+02
1.796000E+02
1.772000E+02
1.748000E+02
1.714000E+02
1.680000E+02
1.630000E+02
1.581000E+02
1.517000E+02
1.448000E+02
1.383000E+02
1.289000E+02
1.208000E+02
1.128000E+02
1.034000E+02
9.425000E+01
8.604000E+01
7.837000E+01
7.073000E+01
6.375000E+01
5.745000E+01
5.090000E+01
4.584000E+01
4.147000E+01
3.701000E+01
3.317000E+01
2.976000E+01
2.593000E+01
2.294000E+01
2.051000E+01
1.789000E+01
1.593000E+01
1.480000E+01
1.414000E+01
1.382000E+01
1.362000E+01
1.345000E+01
1.356000E+01
1.364000E+01
1.363000E+01
1.383000E+01
1.392000E+01
1.416000E+01
1.415000E+01
1.429000E+01
1.456000E+01
1.465000E+01
1.488000E+01
1.497000E+01
1.497000E+01
1.496000E+01
1.520000E+01
1.541000E+01
1.544000E+01
1.580000E+01
1.593000E+01
1.596000E+01
1.617000E+01
1.642000E+01
1.666000E+01
1.690000E+01
1.690000E+01
1.690000E+01
1.690000E+01
1.698000E+01
1.706000E+01
1.753000E+01
