3.414018E-15	3.170307E-15	1.384155E-15	4.301400E-16	1.103597E-16	2.506547E-17	5.234174E-18	1.028143E-18	1.929653E-19	3.516075E-20	6.492200E-21	1.458375E-21	6.073423E-22	4.716830E-22	4.503451E-22	4.420814E-22	4.308962E-22	4.150948E-22	3.953319E-22	3.725956E-22	3.478483E-22	3.219503E-22	2.956388E-22	2.695233E-22	2.440898E-22	2.197101E-22	1.966537E-22	1.751015E-22	1.551598E-22	1.368739E-22	1.202404E-22	1.052187E-22	9.174070E-23	7.971896E-23	6.905376E-23	5.963858E-23	5.136448E-23	4.412343E-23	3.781085E-23	3.232728E-23	
3.414018E-15	3.170307E-15	1.384155E-15	4.301400E-16	1.103597E-16	2.506547E-17	5.234174E-18	1.028143E-18	1.929653E-19	3.516074E-20	6.492193E-21	1.458367E-21	6.073331E-22	4.716730E-22	4.503344E-22	4.420701E-22	4.308845E-22	4.150829E-22	3.953200E-22	3.725838E-22	3.478367E-22	3.219391E-22	2.956281E-22	2.695130E-22	2.440801E-22	2.197011E-22	1.966453E-22	1.750938E-22	1.551527E-22	1.368674E-22	1.202345E-22	1.052134E-22	9.173594E-23	7.971470E-23	6.904996E-23	5.963521E-23	5.136150E-23	4.412080E-23	3.780854E-23	3.232525E-23	
3.414018E-15	3.170307E-15	1.384155E-15	4.301400E-16	1.103597E-16	2.506547E-17	5.234174E-18	1.028143E-18	1.929653E-19	3.516074E-20	6.492192E-21	1.458366E-21	6.073320E-22	4.716718E-22	4.503331E-22	4.420687E-22	4.308831E-22	4.150815E-22	3.953185E-22	3.725823E-22	3.478353E-22	3.219378E-22	2.956267E-22	2.695118E-22	2.440790E-22	2.197000E-22	1.966443E-22	1.750928E-22	1.551519E-22	1.368666E-22	1.202338E-22	1.052128E-22	9.173536E-23	7.971418E-23	6.904950E-23	5.963480E-23	5.136113E-23	4.412048E-23	3.780826E-23	3.232500E-23	
3.414018E-15	3.170307E-15	1.384155E-15	4.301400E-16	1.103597E-16	2.506547E-17	5.234174E-18	1.028143E-18	1.929653E-19	3.516074E-20	6.492191E-21	1.458365E-21	6.073307E-22	4.716704E-22	4.503316E-22	4.420672E-22	4.308815E-22	4.150798E-22	3.953169E-22	3.725807E-22	3.478337E-22	3.219362E-22	2.956253E-22	2.695104E-22	2.440776E-22	2.196987E-22	1.966431E-22	1.750918E-22	1.551509E-22	1.368658E-22	1.202330E-22	1.052121E-22	9.173471E-23	7.971360E-23	6.904898E-23	5.963434E-23	5.136072E-23	4.412012E-23	3.780794E-23	3.232473E-23	
3.414018E-15	3.170307E-15	1.384155E-15	4.301400E-16	1.103597E-16	2.506547E-17	5.234174E-18	1.028143E-18	1.929653E-19	3.516074E-20	6.492190E-21	1.458363E-21	6.073293E-22	4.716688E-22	4.503299E-22	4.420654E-22	4.308797E-22	4.150780E-22	3.953151E-22	3.725789E-22	3.478319E-22	3.219345E-22	2.956236E-22	2.695088E-22	2.440762E-22	2.196973E-22	1.966418E-22	1.750906E-22	1.551498E-22	1.368648E-22	1.202321E-22	1.052112E-22	9.173398E-23	7.971294E-23	6.904840E-23	5.963382E-23	5.136027E-23	4.411972E-23	3.780759E-23	3.232442E-23	
3.414018E-15	3.170307E-15	1.384155E-15	4.301400E-16	1.103597E-16	2.506547E-17	5.234174E-18	1.028143E-18	1.929653E-19	3.516074E-20	6.492189E-21	1.458362E-21	6.073277E-22	4.716671E-22	4.503281E-22	4.420635E-22	4.308776E-22	4.150759E-22	3.953130E-22	3.725768E-22	3.478299E-22	3.219326E-22	2.956218E-22	2.695071E-22	2.440745E-22	2.196958E-22	1.966404E-22	1.750892E-22	1.551486E-22	1.368637E-22	1.202311E-22	1.052103E-22	9.173316E-23	7.971221E-23	6.904774E-23	5.963324E-23	5.135975E-23	4.411927E-23	3.780719E-23	3.232407E-23	
3.414018E-15	3.170307E-15	1.384155E-15	4.301400E-16	1.103597E-16	2.506547E-17	5.234174E-18	1.028143E-18	1.929653E-19	3.516074E-20	6.492188E-21	1.458360E-21	6.073260E-22	4.716652E-22	4.503260E-22	4.420613E-22	4.308754E-22	4.150736E-22	3.953107E-22	3.725746E-22	3.478277E-22	3.219304E-22	2.956197E-22	2.695051E-22	2.440726E-22	2.196940E-22	1.966388E-22	1.750877E-22	1.551472E-22	1.368624E-22	1.202300E-22	1.052093E-22	9.173224E-23	7.971138E-23	6.904701E-23	5.963259E-23	5.135918E-23	4.411876E-23	3.780674E-23	3.232368E-23	
3.414018E-15	3.170307E-15	1.384155E-15	4.301400E-16	1.103597E-16	2.506547E-17	5.234174E-18	1.028143E-18	1.929653E-19	3.516074E-20	6.492186E-21	1.458359E-21	6.073240E-22	4.716630E-22	4.503237E-22	4.420588E-22	4.308728E-22	4.150711E-22	3.953081E-22	3.725720E-22	3.478252E-22	3.219280E-22	2.956174E-22	2.695029E-22	2.440705E-22	2.196921E-22	1.966370E-22	1.750861E-22	1.551457E-22	1.368610E-22	1.202287E-22	1.052082E-22	9.173121E-23	7.971046E-23	6.904618E-23	5.963186E-23	5.135853E-23	4.411819E-23	3.780624E-23	3.232324E-23	
3.414018E-15	3.170307E-15	1.384155E-15	4.301400E-16	1.103597E-16	2.506547E-17	5.234174E-18	1.028143E-18	1.929653E-19	3.516074E-20	6.492185E-21	1.458357E-21	6.073217E-22	4.716605E-22	4.503210E-22	4.420561E-22	4.308700E-22	4.150682E-22	3.953052E-22	3.725691E-22	3.478224E-22	3.219252E-22	2.956147E-22	2.695004E-22	2.440682E-22	2.196899E-22	1.966349E-22	1.750842E-22	1.551440E-22	1.368594E-22	1.202273E-22	1.052069E-22	9.173005E-23	7.970942E-23	6.904526E-23	5.963104E-23	5.135780E-23	4.411755E-23	3.780568E-23	3.232274E-23	
3.414018E-15	3.170307E-15	1.384155E-15	4.301400E-16	1.103597E-16	2.506547E-17	5.234174E-18	1.028143E-18	1.929653E-19	3.516073E-20	6.492183E-21	1.458354E-21	6.073192E-22	4.716578E-22	4.503181E-22	4.420530E-22	4.308668E-22	4.150649E-22	3.953019E-22	3.725659E-22	3.478192E-22	3.219222E-22	2.956118E-22	2.694976E-22	2.440656E-22	2.196874E-22	1.966326E-22	1.750821E-22	1.551420E-22	1.368577E-22	1.202257E-22	1.052054E-22	9.172875E-23	7.970826E-23	6.904422E-23	5.963011E-23	5.135699E-23	4.411683E-23	3.780504E-23	3.232219E-23	
3.414018E-15	3.170307E-15	1.384155E-15	4.301400E-16	1.103597E-16	2.506547E-17	5.234174E-18	1.028143E-18	1.929653E-19	3.516073E-20	6.492180E-21	1.458352E-21	6.073164E-22	4.716547E-22	4.503148E-22	4.420495E-22	4.308632E-22	4.150613E-22	3.952983E-22	3.725623E-22	3.478157E-22	3.219187E-22	2.956085E-22	2.694945E-22	2.440626E-22	2.196847E-22	1.966301E-22	1.750797E-22	1.551398E-22	1.368557E-22	1.202239E-22	1.052038E-22	9.172729E-23	7.970695E-23	6.904306E-23	5.962908E-23	5.135607E-23	4.411602E-23	3.780434E-23	3.232157E-23	
3.414018E-15	3.170307E-15	1.384155E-15	4.301400E-16	1.103597E-16	2.506547E-17	5.234174E-18	1.028143E-18	1.929653E-19	3.516073E-20	6.492178E-21	1.458349E-21	6.073133E-22	4.716513E-22	4.503111E-22	4.420456E-22	4.308592E-22	4.150572E-22	3.952942E-22	3.725582E-22	3.478117E-22	3.219149E-22	2.956048E-22	2.694909E-22	2.440593E-22	2.196816E-22	1.966272E-22	1.750771E-22	1.551374E-22	1.368535E-22	1.202219E-22	1.052020E-22	9.172565E-23	7.970549E-23	6.904175E-23	5.962792E-23	5.135505E-23	4.411512E-23	3.780354E-23	3.232087E-23	
3.414018E-15	3.170307E-15	1.384155E-15	4.301400E-16	1.103597E-16	2.506547E-17	5.234174E-18	1.028143E-18	1.929653E-19	3.516073E-20	6.492175E-21	1.458346E-21	6.073097E-22	4.716474E-22	4.503069E-22	4.420412E-22	4.308547E-22	4.150526E-22	3.952896E-22	3.725536E-22	3.478072E-22	3.219106E-22	2.956007E-22	2.694870E-22	2.440556E-22	2.196781E-22	1.966240E-22	1.750741E-22	1.551347E-22	1.368510E-22	1.202196E-22	1.051999E-22	9.172382E-23	7.970385E-23	6.904029E-23	5.962662E-23	5.135390E-23	4.411410E-23	3.780265E-23	3.232009E-23	
3.414018E-15	3.170307E-15	1.384155E-15	4.301400E-16	1.103597E-16	2.506547E-17	5.234174E-18	1.028143E-18	1.929653E-19	3.516073E-20	6.492172E-21	1.458342E-21	6.073058E-22	4.716430E-22	4.503023E-22	4.420363E-22	4.308496E-22	4.150474E-22	3.952844E-22	3.725485E-22	3.478022E-22	3.219057E-22	2.955960E-22	2.694826E-22	2.440514E-22	2.196742E-22	1.966203E-22	1.750707E-22	1.551316E-22	1.368482E-22	1.202171E-22	1.051976E-22	9.172176E-23	7.970200E-23	6.903865E-23	5.962516E-23	5.135261E-23	4.411297E-23	3.780165E-23	3.231921E-23	
3.414018E-15	3.170307E-15	1.384155E-15	4.301400E-16	1.103597E-16	2.506547E-17	5.234174E-18	1.028143E-18	1.929653E-19	3.516072E-20	6.492169E-21	1.458339E-21	6.073013E-22	4.716382E-22	4.502970E-22	4.420308E-22	4.308439E-22	4.150416E-22	3.952786E-22	3.725428E-22	3.477966E-22	3.219003E-22	2.955908E-22	2.694776E-22	2.440467E-22	2.196698E-22	1.966163E-22	1.750670E-22	1.551282E-22	1.368450E-22	1.202142E-22	1.051951E-22	9.171945E-23	7.969993E-23	6.903680E-23	5.962353E-23	5.135116E-23	4.411169E-23	3.780053E-23	3.231823E-23	
3.414018E-15	3.170307E-15	1.384155E-15	4.301400E-16	1.103597E-16	2.506547E-17	5.234174E-18	1.028143E-18	1.929653E-19	3.516072E-20	6.492165E-21	1.458334E-21	6.072963E-22	4.716327E-22	4.502912E-22	4.420247E-22	4.308375E-22	4.150352E-22	3.952721E-22	3.725363E-22	3.477903E-22	3.218942E-22	2.955849E-22	2.694720E-22	2.440415E-22	2.196649E-22	1.966117E-22	1.750628E-22	1.551243E-22	1.368415E-22	1.202110E-22	1.051922E-22	9.171685E-23	7.969761E-23	6.903473E-23	5.962169E-23	5.134953E-23	4.411026E-23	3.779927E-23	3.231713E-23	
3.414018E-15	3.170307E-15	1.384155E-15	4.301400E-16	1.103597E-16	2.506547E-17	5.234174E-18	1.028143E-18	1.929653E-19	3.516072E-20	6.492161E-21	1.458329E-21	6.072907E-22	4.716265E-22	4.502846E-22	4.420177E-22	4.308304E-22	4.150279E-22	3.952648E-22	3.725291E-22	3.477832E-22	3.218873E-22	2.955784E-22	2.694658E-22	2.440356E-22	2.196594E-22	1.966066E-22	1.750580E-22	1.551200E-22	1.368375E-22	1.202074E-22	1.051889E-22	9.171394E-23	7.969501E-23	6.903241E-23	5.961963E-23	5.134771E-23	4.410865E-23	3.779785E-23	3.231589E-23	
3.414018E-15	3.170307E-15	1.384155E-15	4.301400E-16	1.103597E-16	2.506547E-17	5.234174E-18	1.028143E-18	1.929653E-19	3.516071E-20	6.492156E-21	1.458323E-21	6.072844E-22	4.716196E-22	4.502772E-22	4.420100E-22	4.308223E-22	4.150197E-22	3.952566E-22	3.725210E-22	3.477753E-22	3.218796E-22	2.955710E-22	2.694588E-22	2.440290E-22	2.196532E-22	1.966009E-22	1.750527E-22	1.551151E-22	1.368331E-22	1.202034E-22	1.051853E-22	9.171068E-23	7.969209E-23	6.902981E-23	5.961732E-23	5.134567E-23	4.410684E-23	3.779627E-23	3.231450E-23	
3.414018E-15	3.170307E-15	1.384155E-15	4.301400E-16	1.103597E-16	2.506547E-17	5.234174E-18	1.028143E-18	1.929653E-19	3.516071E-20	6.492150E-21	1.458317E-21	6.072774E-22	4.716119E-22	4.502689E-22	4.420013E-22	4.308133E-22	4.150105E-22	3.952474E-22	3.725119E-22	3.477663E-22	3.218710E-22	2.955627E-22	2.694509E-22	2.440216E-22	2.196463E-22	1.965944E-22	1.750468E-22	1.551097E-22	1.368281E-22	1.201989E-22	1.051812E-22	9.170701E-23	7.968881E-23	6.902689E-23	5.961472E-23	5.134337E-23	4.410482E-23	3.779449E-23	3.231294E-23	
3.414018E-15	3.170307E-15	1.384155E-15	4.301400E-16	1.103597E-16	2.506547E-17	5.234174E-18	1.028143E-18	1.929653E-19	3.516070E-20	6.492144E-21	1.458310E-21	6.072694E-22	4.716032E-22	4.502596E-22	4.419915E-22	4.308032E-22	4.150003E-22	3.952371E-22	3.725017E-22	3.477564E-22	3.218613E-22	2.955534E-22	2.694421E-22	2.440133E-22	2.196385E-22	1.965872E-22	1.750401E-22	1.551035E-22	1.368226E-22	1.201938E-22	1.051767E-22	9.170290E-23	7.968513E-23	6.902361E-23	5.961181E-23	5.134080E-23	4.410255E-23	3.779249E-23	3.231119E-23	
3.414018E-15	3.170307E-15	1.384155E-15	4.301400E-16	1.103597E-16	2.506547E-17	5.234174E-18	1.028143E-18	1.929653E-19	3.516070E-20	6.492137E-21	1.458302E-21	6.072605E-22	4.715935E-22	4.502491E-22	4.419805E-22	4.307919E-22	4.149887E-22	3.952255E-22	3.724902E-22	3.477451E-22	3.218504E-22	2.955430E-22	2.694322E-22	2.440039E-22	2.196298E-22	1.965791E-22	1.750326E-22	1.550967E-22	1.368163E-22	1.201881E-22	1.051715E-22	9.169829E-23	7.968101E-23	6.901993E-23	5.960855E-23	5.133791E-23	4.410000E-23	3.779025E-23	3.230923E-23	
3.414018E-15	3.170307E-15	1.384155E-15	4.301400E-16	1.103597E-16	2.506547E-17	5.234174E-18	1.028143E-18	1.929653E-19	3.516069E-20	6.492130E-21	1.458293E-21	6.072506E-22	4.715826E-22	4.502374E-22	4.419682E-22	4.307792E-22	4.149758E-22	3.952125E-22	3.724773E-22	3.477325E-22	3.218383E-22	2.955313E-22	2.694211E-22	2.439934E-22	2.196200E-22	1.965700E-22	1.750242E-22	1.550890E-22	1.368093E-22	1.201818E-22	1.051658E-22	9.169312E-23	7.967638E-23	6.901581E-23	5.960488E-23	5.133467E-23	4.409714E-23	3.778774E-23	3.230702E-23	
3.414018E-15	3.170307E-15	1.384155E-15	4.301400E-16	1.103597E-16	2.506547E-17	5.234174E-18	1.028143E-18	1.929653E-19	3.516068E-20	6.492121E-21	1.458283E-21	6.072394E-22	4.715703E-22	4.502243E-22	4.419544E-22	4.307649E-22	4.149613E-22	3.951980E-22	3.724629E-22	3.477184E-22	3.218246E-22	2.955182E-22	2.694086E-22	2.439817E-22	2.196090E-22	1.965598E-22	1.750148E-22	1.550803E-22	1.368014E-22	1.201746E-22	1.051593E-22	9.168732E-23	7.967118E-23	6.901118E-23	5.960077E-23	5.133103E-23	4.409394E-23	3.778492E-23	3.230455E-23	
3.414018E-15	3.170307E-15	1.384155E-15	4.301400E-16	1.103597E-16	2.506547E-17	5.234174E-18	1.028143E-18	1.929653E-19	3.516067E-20	6.492111E-21	1.458272E-21	6.072268E-22	4.715565E-22	4.502095E-22	4.419389E-22	4.307489E-22	4.149450E-22	3.951816E-22	3.724467E-22	3.477026E-22	3.218092E-22	2.955035E-22	2.693946E-22	2.439685E-22	2.195966E-22	1.965483E-22	1.750042E-22	1.550706E-22	1.367925E-22	1.201666E-22	1.051521E-22	9.168080E-23	7.966535E-23	6.900598E-23	5.959616E-23	5.132695E-23	4.409034E-23	3.778176E-23	3.230178E-23	
3.414018E-15	3.170307E-15	1.384155E-15	4.301400E-16	1.103597E-16	2.506547E-17	5.234174E-18	1.028143E-18	1.929653E-19	3.516067E-20	6.492100E-21	1.458260E-21	6.072127E-22	4.715411E-22	4.501930E-22	4.419215E-22	4.307309E-22	4.149267E-22	3.951633E-22	3.724286E-22	3.476848E-22	3.217920E-22	2.954870E-22	2.693789E-22	2.439537E-22	2.195828E-22	1.965354E-22	1.749924E-22	1.550597E-22	1.367826E-22	1.201576E-22	1.051439E-22	9.167350E-23	7.965882E-23	6.900016E-23	5.959099E-23	5.132237E-23	4.408630E-23	3.777821E-23	3.229867E-23	
3.414018E-15	3.170307E-15	1.384155E-15	4.301400E-16	1.103597E-16	2.506547E-17	5.234174E-18	1.028143E-18	1.929653E-19	3.516066E-20	6.492088E-21	1.458246E-21	6.071969E-22	4.715238E-22	4.501744E-22	4.419020E-22	4.307107E-22	4.149062E-22	3.951427E-22	3.724082E-22	3.476649E-22	3.217727E-22	2.954684E-22	2.693613E-22	2.439371E-22	2.195673E-22	1.965210E-22	1.749791E-22	1.550475E-22	1.367715E-22	1.201475E-22	1.051348E-22	9.166530E-23	7.965148E-23	6.899362E-23	5.958518E-23	5.131724E-23	4.408177E-23	3.777423E-23	3.229518E-23	
3.414018E-15	3.170307E-15	1.384155E-15	4.301400E-16	1.103597E-16	2.506547E-17	5.234174E-18	1.028143E-18	1.929652E-19	3.516064E-20	6.492075E-21	1.458230E-21	6.071792E-22	4.715044E-22	4.501536E-22	4.418801E-22	4.306881E-22	4.148831E-22	3.951196E-22	3.723853E-22	3.476425E-22	3.217510E-22	2.954477E-22	2.693416E-22	2.439185E-22	2.195498E-22	1.965048E-22	1.749641E-22	1.550338E-22	1.367590E-22	1.201361E-22	1.051246E-22	9.165610E-23	7.964325E-23	6.898628E-23	5.957867E-23	5.131147E-23	4.407669E-23	3.776977E-23	3.229127E-23	
3.414018E-15	3.170307E-15	1.384155E-15	4.301400E-16	1.103597E-16	2.506547E-17	5.234174E-18	1.028143E-18	1.929652E-19	3.516063E-20	6.492059E-21	1.458212E-21	6.071593E-22	4.714826E-22	4.501302E-22	4.418555E-22	4.306627E-22	4.148573E-22	3.950937E-22	3.723597E-22	3.476174E-22	3.217267E-22	2.954243E-22	2.693194E-22	2.438976E-22	2.195303E-22	1.964867E-22	1.749474E-22	1.550185E-22	1.367450E-22	1.201234E-22	1.051131E-22	9.164578E-23	7.963402E-23	6.897805E-23	5.957136E-23	5.130501E-23	4.407099E-23	3.776475E-23	3.228688E-23	
3.414018E-15	3.170307E-15	1.384155E-15	4.301400E-16	1.103597E-16	2.506547E-17	5.234174E-18	1.028143E-18	1.929652E-19	3.516062E-20	6.492042E-21	1.458192E-21	6.071370E-22	4.714581E-22	4.501040E-22	4.418279E-22	4.306343E-22	4.148284E-22	3.950647E-22	3.723309E-22	3.475892E-22	3.216994E-22	2.953982E-22	2.692945E-22	2.438742E-22	2.195084E-22	1.964663E-22	1.749286E-22	1.550012E-22	1.367292E-22	1.201092E-22	1.051002E-22	9.163421E-23	7.962366E-23	6.896882E-23	5.956317E-23	5.129776E-23	4.406460E-23	3.775913E-23	3.228195E-23	
3.414018E-15	3.170307E-15	1.384155E-15	4.301400E-16	1.103597E-16	2.506547E-17	5.234174E-18	1.028143E-18	1.929652E-19	3.516060E-20	6.492023E-21	1.458170E-21	6.071119E-22	4.714307E-22	4.500746E-22	4.417970E-22	4.306023E-22	4.147958E-22	3.950321E-22	3.722986E-22	3.475576E-22	3.216688E-22	2.953688E-22	2.692667E-22	2.438479E-22	2.194838E-22	1.964435E-22	1.749075E-22	1.549819E-22	1.367116E-22	1.200932E-22	1.050858E-22	9.162122E-23	7.961204E-23	6.895846E-23	5.955397E-23	5.128962E-23	4.405742E-23	3.775283E-23	3.227642E-23	
3.414018E-15	3.170307E-15	1.384155E-15	4.301400E-16	1.103597E-16	2.506547E-17	5.234174E-18	1.028143E-18	1.929652E-19	3.516058E-20	6.492001E-21	1.458145E-21	6.070839E-22	4.713999E-22	4.500416E-22	4.417623E-22	4.305664E-22	4.147594E-22	3.949955E-22	3.722624E-22	3.475222E-22	3.216345E-22	2.953359E-22	2.692354E-22	2.438184E-22	2.194562E-22	1.964178E-22	1.748838E-22	1.549602E-22	1.366918E-22	1.200752E-22	1.050696E-22	9.160665E-23	7.959900E-23	6.894684E-23	5.954365E-23	5.128049E-23	4.404938E-23	3.774575E-23	3.227022E-23	
3.414018E-15	3.170307E-15	1.384155E-15	4.301400E-16	1.103597E-16	2.506547E-17	5.234174E-18	1.028143E-18	1.929652E-19	3.516056E-20	6.491977E-21	1.458117E-21	6.070523E-22	4.713654E-22	4.500046E-22	4.417234E-22	4.305262E-22	4.147185E-22	3.949544E-22	3.722218E-22	3.474824E-22	3.215960E-22	2.952990E-22	2.692002E-22	2.437853E-22	2.194252E-22	1.963891E-22	1.748573E-22	1.549358E-22	1.366696E-22	1.200550E-22	1.050514E-22	9.159030E-23	7.958437E-23	6.893381E-23	5.953208E-23	5.127025E-23	4.404035E-23	3.773782E-23	3.226327E-23	
3.414018E-15	3.170307E-15	1.384155E-15	4.301400E-16	1.103597E-16	2.506547E-17	5.234174E-18	1.028143E-18	1.929652E-19	3.516054E-20	6.491950E-21	1.458085E-21	6.070170E-22	4.713266E-22	4.499631E-22	4.416797E-22	4.304811E-22	4.146726E-22	3.949084E-22	3.721762E-22	3.474378E-22	3.215528E-22	2.952575E-22	2.691609E-22	2.437481E-22	2.193905E-22	1.963568E-22	1.748275E-22	1.549085E-22	1.366447E-22	1.200324E-22	1.050310E-22	9.157197E-23	7.956796E-23	6.891919E-23	5.951910E-23	5.125877E-23	4.403022E-23	3.772891E-23	3.225547E-23	
3.414018E-15	3.170307E-15	1.384155E-15	4.301400E-16	1.103597E-16	2.506547E-17	5.234174E-18	1.028143E-18	1.929651E-19	3.516051E-20	6.491919E-21	1.458050E-21	6.069773E-22	4.712831E-22	4.499165E-22	4.416307E-22	4.304305E-22	4.146211E-22	3.948567E-22	3.721250E-22	3.473877E-22	3.215043E-22	2.952110E-22	2.691167E-22	2.437065E-22	2.193515E-22	1.963206E-22	1.747941E-22	1.548779E-22	1.366167E-22	1.200071E-22	1.050081E-22	9.155140E-23	7.954956E-23	6.890278E-23	5.950453E-23	5.124588E-23	4.401886E-23	3.771893E-23	3.224671E-23	
3.414018E-15	3.170307E-15	1.384155E-15	4.301400E-16	1.103597E-16	2.506547E-17	5.234174E-18	1.028143E-18	1.929651E-19	3.516048E-20	6.491885E-21	1.458010E-21	6.069328E-22	4.712344E-22	4.498642E-22	4.415758E-22	4.303737E-22	4.145633E-22	3.947988E-22	3.720676E-22	3.473315E-22	3.214499E-22	2.951589E-22	2.690671E-22	2.436598E-22	2.193078E-22	1.962800E-22	1.747567E-22	1.548435E-22	1.365854E-22	1.199787E-22	1.049824E-22	9.152832E-23	7.952891E-23	6.888438E-23	5.948819E-23	5.123143E-23	4.400611E-23	3.770772E-23	3.223690E-23	
3.414018E-15	3.170307E-15	1.384155E-15	4.301400E-16	1.103597E-16	2.506547E-17	5.234174E-18	1.028143E-18	1.929651E-19	3.516045E-20	6.491846E-21	1.457966E-21	6.068828E-22	4.711796E-22	4.498055E-22	4.415141E-22	4.303100E-22	4.144985E-22	3.947338E-22	3.720033E-22	3.472685E-22	3.213889E-22	2.951004E-22	2.690115E-22	2.436073E-22	2.192588E-22	1.962345E-22	1.747146E-22	1.548050E-22	1.365502E-22	1.199468E-22	1.049536E-22	9.150244E-23	7.950575E-23	6.886374E-23	5.946987E-23	5.121521E-23	4.399182E-23	3.769516E-23	3.222588E-23	
3.414018E-15	3.170307E-15	1.384155E-15	4.301400E-16	1.103597E-16	2.506547E-17	5.234174E-18	1.028143E-18	1.929651E-19	3.516042E-20	6.491803E-21	1.457916E-21	6.068268E-22	4.711182E-22	4.497397E-22	4.414449E-22	4.302385E-22	4.144258E-22	3.946608E-22	3.719310E-22	3.471978E-22	3.213204E-22	2.950347E-22	2.689491E-22	2.435485E-22	2.192038E-22	1.961834E-22	1.746675E-22	1.547617E-22	1.365108E-22	1.199110E-22	1.049213E-22	9.147340E-23	7.947977E-23	6.884058E-23	5.944931E-23	5.119703E-23	4.397578E-23	3.768106E-23	3.221353E-23	
3.414018E-15	3.170307E-15	1.384155E-15	4.301400E-16	1.103597E-16	2.506547E-17	5.234174E-18	1.028143E-18	1.929650E-19	3.516038E-20	6.491755E-21	1.457860E-21	6.067639E-22	4.710494E-22	4.496659E-22	4.413673E-22	4.301583E-22	4.143442E-22	3.945790E-22	3.718500E-22	3.471185E-22	3.212436E-22	2.949611E-22	2.688791E-22	2.434826E-22	2.191420E-22	1.961260E-22	1.746146E-22	1.547132E-22	1.364665E-22	1.198708E-22	1.048851E-22	9.144084E-23	7.945063E-23	6.881461E-23	5.942625E-23	5.117663E-23	4.395780E-23	3.766526E-23	3.219968E-23	
3.414018E-15	3.170307E-15	1.384155E-15	4.301400E-16	1.103597E-16	2.506547E-17	5.234174E-18	1.028143E-18	1.929650E-19	3.516033E-20	6.491700E-21	1.457797E-21	6.066934E-22	4.709721E-22	4.495830E-22	4.412802E-22	4.300683E-22	4.142527E-22	3.944872E-22	3.717591E-22	3.470296E-22	3.211575E-22	2.948785E-22	2.688006E-22	2.434086E-22	2.190728E-22	1.960617E-22	1.745552E-22	1.546588E-22	1.364169E-22	1.198258E-22	1.048444E-22	9.140431E-23	7.941794E-23	6.878548E-23	5.940039E-23	5.115375E-23	4.393762E-23	3.764752E-23	3.218414E-23	
3.414018E-15	3.170307E-15	1.384155E-15	4.301400E-16	1.103597E-16	2.506547E-17	5.234174E-18	1.028143E-18	1.929650E-19	3.516028E-20	6.491639E-21	1.457727E-21	6.066142E-22	4.708854E-22	4.494901E-22	4.411825E-22	4.299674E-22	4.141500E-22	3.943843E-22	3.716572E-22	3.469298E-22	3.210609E-22	2.947858E-22	2.687125E-22	2.433255E-22	2.189952E-22	1.959896E-22	1.744887E-22	1.545977E-22	1.363612E-22	1.197753E-22	1.047988E-22	9.136333E-23	7.938128E-23	6.875281E-23	5.937139E-23	5.112809E-23	4.391500E-23	3.762764E-23	3.216671E-23	
3.414019E-15	3.170307E-15	1.384155E-15	4.301400E-16	1.103597E-16	2.506547E-17	5.234174E-18	1.028143E-18	1.929649E-19	3.516022E-20	6.491571E-21	1.457648E-21	6.065255E-22	4.707881E-22	4.493859E-22	4.410729E-22	4.298542E-22	4.140348E-22	3.942688E-22	3.715428E-22	3.468179E-22	3.209525E-22	2.946819E-22	2.686137E-22	2.432324E-22	2.189081E-22	1.959087E-22	1.744140E-22	1.545293E-22	1.362988E-22	1.197186E-22	1.047477E-22	9.131738E-23	7.934016E-23	6.871617E-23	5.933886E-23	5.109932E-23	4.388963E-23	3.760534E-23	3.214717E-23	
3.414019E-15	3.170307E-15	1.384155E-15	4.301400E-16	1.103597E-16	2.506547E-17	5.234174E-18	1.028143E-18	1.929649E-19	3.516016E-20	6.491494E-21	1.457559E-21	6.064259E-22	4.706790E-22	4.492689E-22	4.409500E-22	4.297271E-22	4.139056E-22	3.941392E-22	3.714145E-22	3.466923E-22	3.208309E-22	2.945653E-22	2.685029E-22	2.431280E-22	2.188104E-22	1.958180E-22	1.743303E-22	1.544525E-22	1.362288E-22	1.196551E-22	1.046903E-22	9.126585E-23	7.929405E-23	6.867508E-23	5.930238E-23	5.106705E-23	4.386118E-23	3.758033E-23	3.212526E-23	
3.414019E-15	3.170307E-15	1.384155E-15	4.301400E-16	1.103597E-16	2.506547E-17	5.234174E-18	1.028143E-18	1.929648E-19	3.516009E-20	6.491408E-21	1.457460E-21	6.063142E-22	4.705567E-22	4.491378E-22	4.408121E-22	4.295847E-22	4.137607E-22	3.939939E-22	3.712706E-22	3.465515E-22	3.206945E-22	2.944345E-22	2.683787E-22	2.430109E-22	2.187008E-22	1.957162E-22	1.742364E-22	1.543664E-22	1.361502E-22	1.195839E-22	1.046260E-22	9.120806E-23	7.924235E-23	6.862901E-23	5.926147E-23	5.103086E-23	4.382927E-23	3.755229E-23	3.210068E-23	
3.414019E-15	3.170308E-15	1.384156E-15	4.301400E-16	1.103597E-16	2.506547E-17	5.234174E-18	1.028142E-18	1.929647E-19	3.516000E-20	6.491311E-21	1.457348E-21	6.061888E-22	4.704194E-22	4.489906E-22	4.406574E-22	4.294249E-22	4.135982E-22	3.938308E-22	3.711092E-22	3.463935E-22	3.205416E-22	2.942878E-22	2.682393E-22	2.428795E-22	2.185780E-22	1.956021E-22	1.741311E-22	1.542698E-22	1.360622E-22	1.195040E-22	1.045539E-22	9.114325E-23	7.918437E-23	6.857734E-23	5.921561E-23	5.099029E-23	4.379350E-23	3.752085E-23	3.207314E-23	
3.414020E-15	3.170308E-15	1.384156E-15	4.301400E-16	1.103597E-16	2.506547E-17	5.234174E-18	1.028142E-18	1.929647E-19	3.515991E-20	6.491203E-21	1.457223E-21	6.060482E-22	4.702654E-22	4.488256E-22	4.404839E-22	4.292456E-22	4.134159E-22	3.936480E-22	3.709282E-22	3.462163E-22	3.203700E-22	2.941234E-22	2.680830E-22	2.427322E-22	2.184402E-22	1.954741E-22	1.740130E-22	1.541615E-22	1.359634E-22	1.194144E-22	1.044730E-22	9.107059E-23	7.911936E-23	6.851941E-23	5.916418E-23	5.094480E-23	4.375339E-23	3.748561E-23	3.204225E-23	
3.414020E-15	3.170309E-15	1.384156E-15	4.301400E-16	1.103597E-16	2.506547E-17	5.234174E-18	1.028142E-18	1.929646E-19	3.515981E-20	6.491081E-21	1.457082E-21	6.058906E-22	4.700926E-22	4.486404E-22	4.402893E-22	4.290446E-22	4.132114E-22	3.934429E-22	3.707251E-22	3.460177E-22	3.201776E-22	2.939389E-22	2.679077E-22	2.425670E-22	2.182857E-22	1.953306E-22	1.738806E-22	1.540401E-22	1.358527E-22	1.193139E-22	1.043824E-22	9.098912E-23	7.904647E-23	6.845446E-23	5.910653E-23	5.089380E-23	4.370843E-23	3.744609E-23	3.200763E-23	
3.414021E-15	3.170309E-15	1.384157E-15	4.301400E-16	1.103597E-16	2.506547E-17	5.234174E-18	1.028142E-18	1.929645E-19	3.515970E-20	6.490945E-21	1.456925E-21	6.057137E-22	4.698989E-22	4.484328E-22	4.400710E-22	4.288191E-22	4.129820E-22	3.932129E-22	3.704974E-22	3.457948E-22	3.199619E-22	2.937320E-22	2.677111E-22	2.423817E-22	2.181124E-22	1.951697E-22	1.737322E-22	1.539039E-22	1.357285E-22	1.192013E-22	1.042807E-22	9.089779E-23	7.896476E-23	6.838166E-23	5.904190E-23	5.083663E-23	4.365804E-23	3.740181E-23	3.196882E-23	
3.414021E-15	3.170310E-15	1.384157E-15	4.301400E-16	1.103597E-16	2.506547E-17	5.234173E-18	1.028142E-18	1.929644E-19	3.515957E-20	6.490792E-21	1.456748E-21	6.055153E-22	4.696815E-22	4.481998E-22	4.398262E-22	4.285662E-22	4.127248E-22	3.929550E-22	3.702421E-22	3.455450E-22	3.197200E-22	2.935001E-22	2.674907E-22	2.421740E-22	2.179181E-22	1.949893E-22	1.735657E-22	1.537513E-22	1.355894E-22	1.190751E-22	1.041668E-22	9.079541E-23	7.887317E-23	6.830005E-23	5.896946E-23	5.077256E-23	4.360156E-23	3.735217E-23	3.192533E-23	
3.414022E-15	3.170311E-15	1.384158E-15	4.301400E-16	1.103597E-16	2.506547E-17	5.234173E-18	1.028142E-18	1.929643E-19	3.515943E-20	6.490620E-21	1.456550E-21	6.052927E-22	4.694378E-22	4.479386E-22	4.395516E-22	4.282825E-22	4.124364E-22	3.926658E-22	3.699558E-22	3.452648E-22	3.194487E-22	2.932400E-22	2.672436E-22	2.419412E-22	2.177003E-22	1.947871E-22	1.733791E-22	1.535802E-22	1.354333E-22	1.189336E-22	1.040390E-22	9.068066E-23	7.877052E-23	6.820859E-23	5.888828E-23	5.070076E-23	4.353826E-23	3.729655E-23	3.187660E-23	
3.414023E-15	3.170312E-15	1.384158E-15	4.301407E-16	1.103597E-16	2.506547E-17	5.234173E-18	1.028142E-18	1.929641E-19	3.515926E-20	6.490428E-21	1.456328E-21	6.050432E-22	4.691644E-22	4.476457E-22	4.392437E-22	4.279645E-22	4.121129E-22	3.923415E-22	3.696347E-22	3.449506E-22	3.191446E-22	2.929485E-22	2.669666E-22	2.416801E-22	2.174562E-22	1.945604E-22	1.731700E-22	1.533884E-22	1.352585E-22	1.187750E-22	1.038959E-22	9.055207E-23	7.865548E-23	6.810610E-23	5.879731E-23	5.062030E-23	4.346734E-23	3.723423E-23	3.182200E-23	
3.414024E-15	3.170314E-15	1.384159E-15	4.301421E-16	1.103597E-16	2.506547E-17	5.234173E-18	1.028142E-18	1.929640E-19	3.515908E-20	6.490212E-21	1.456078E-21	6.047633E-22	4.688579E-22	4.473172E-22	4.388985E-22	4.276079E-22	4.117503E-22	3.919779E-22	3.692747E-22	3.445984E-22	3.188037E-22	2.926216E-22	2.666560E-22	2.413875E-22	2.171826E-22	1.943063E-22	1.729356E-22	1.531735E-22	1.350625E-22	1.185973E-22	1.037355E-22	9.040797E-23	7.852659E-23	6.799127E-23	5.869539E-23	5.053017E-23	4.338789E-23	3.716442E-23	3.176084E-23	
3.414025E-15	3.170316E-15	1.384160E-15	4.301423E-16	1.103597E-16	2.506547E-17	5.234173E-18	1.028142E-18	1.929638E-19	3.515888E-20	6.489970E-21	1.455799E-21	6.044494E-22	4.685141E-22	4.469488E-22	4.385113E-22	4.272080E-22	4.113437E-22	3.915702E-22	3.688712E-22	3.442036E-22	3.184215E-22	2.922552E-22	2.663079E-22	2.410595E-22	2.168759E-22	1.940215E-22	1.726729E-22	1.529327E-22	1.348430E-22	1.183981E-22	1.035558E-22	9.024653E-23	7.838219E-23	6.786263E-23	5.858123E-23	5.042921E-23	4.329890E-23	3.708623E-23	3.169234E-23	
3.414027E-15	3.170318E-15	1.384161E-15	4.301424E-16	1.103597E-16	2.506547E-17	5.234173E-18	1.028142E-18	1.929636E-19	3.515865E-20	6.489699E-21	1.455485E-21	6.040974E-22	4.681286E-22	4.465358E-22	4.380773E-22	4.267597E-22	4.108879E-22	3.911132E-22	3.684189E-22	3.437611E-22	3.179931E-22	2.918446E-22	2.659178E-22	2.406919E-22	2.165322E-22	1.937024E-22	1.723786E-22	1.526628E-22	1.345970E-22	1.181750E-22	1.033545E-22	9.006571E-23	7.822046E-23	6.771855E-23	5.845337E-23	5.031614E-23	4.319925E-23	3.699868E-23	3.161565E-23	
3.414028E-15	3.170320E-15	1.384163E-15	4.301431E-16	1.103597E-16	2.506547E-17	5.234173E-18	1.028141E-18	1.929634E-19	3.515840E-20	6.489394E-21	1.455134E-21	6.037028E-22	4.676964E-22	4.460727E-22	4.375907E-22	4.262572E-22	4.103769E-22	3.906010E-22	3.679119E-22	3.432651E-22	3.175130E-22	2.913845E-22	2.654807E-22	2.402801E-22	2.161472E-22	1.933450E-22	1.720489E-22	1.523606E-22	1.343214E-22	1.179252E-22	1.031290E-22	8.986320E-23	7.803935E-23	6.755723E-23	5.831021E-23	5.018955E-23	4.308769E-23	3.690067E-23	3.152980E-23	
3.414030E-15	3.170323E-15	1.384164E-15	4.301440E-16	1.103597E-16	2.506547E-17	5.234173E-18	1.028141E-18	1.929632E-19	3.515811E-20	6.489053E-21	1.454739E-21	6.032603E-22	4.672119E-22	4.455536E-22	4.370452E-22	4.256939E-22	4.098042E-22	3.900269E-22	3.673437E-22	3.427093E-22	3.169751E-22	2.908689E-22	2.649910E-22	2.398188E-22	2.157159E-22	1.929446E-22	1.716796E-22	1.520220E-22	1.340128E-22	1.176454E-22	1.028766E-22	8.963646E-23	7.783658E-23	6.737662E-23	5.814995E-23	5.004786E-23	4.296283E-23	3.679098E-23	3.143372E-23	
3.414033E-15	3.170326E-15	1.384166E-15	4.301453E-16	1.103597E-16	2.506547E-17	5.234173E-18	1.028141E-18	1.929629E-19	3.515779E-20	6.488670E-21	1.454297E-21	6.027642E-22	4.666687E-22	4.449717E-22	4.364338E-22	4.250625E-22	4.091624E-22	3.893835E-22	3.667071E-22	3.420866E-22	3.163725E-22	2.902914E-22	2.644425E-22	2.393020E-22	2.152328E-22	1.924962E-22	1.712661E-22	1.516430E-22	1.336674E-22	1.173322E-22	1.025940E-22	8.938266E-23	7.760963E-23	6.717450E-23	5.797062E-23	4.988930E-23	4.282311E-23	3.666826E-23	3.132624E-23	
3.414036E-15	3.170330E-15	1.384169E-15	4.301467E-16	1.103597E-16	2.506547E-17	5.234173E-18	1.028141E-18	1.929627E-19	3.515743E-20	6.488241E-21	1.453802E-21	6.022081E-22	4.660599E-22	4.443195E-22	4.357486E-22	4.243551E-22	4.084432E-22	3.886628E-22	3.659938E-22	3.413890E-22	3.156975E-22	2.896445E-22	2.638281E-22	2.387234E-22	2.146919E-22	1.919941E-22	1.708031E-22	1.512187E-22	1.332807E-22	1.169816E-22	1.022777E-22	8.909866E-23	7.735569E-23	6.694836E-23	5.776999E-23	4.971194E-23	4.266684E-23	3.653100E-23	3.120604E-23	
3.414039E-15	3.170335E-15	1.384172E-15	4.301479E-16	1.103615E-16	2.506547E-17	5.234172E-18	1.028141E-18	1.929623E-19	3.515703E-20	6.487760E-21	1.453247E-21	6.015849E-22	4.653776E-22	4.435886E-22	4.349808E-22	4.235624E-22	4.076375E-22	3.878553E-22	3.651949E-22	3.406078E-22	3.149415E-22	2.889201E-22	2.631403E-22	2.380756E-22	2.140864E-22	1.914321E-22	1.702850E-22	1.507438E-22	1.328479E-22	1.165893E-22	1.019239E-22	8.878096E-23	7.707165E-23	6.669543E-23	5.754562E-23	4.951362E-23	4.249212E-23	3.637755E-23	3.107167E-23	
3.414042E-15	3.170341E-15	1.384175E-15	4.301495E-16	1.103644E-16	2.506547E-17	5.234172E-18	1.028140E-18	1.929620E-19	3.515658E-20	6.487221E-21	1.452624E-21	6.008864E-22	4.646129E-22	4.427697E-22	4.341206E-22	4.226744E-22	4.067350E-22	3.869510E-22	3.643003E-22	3.397329E-22	3.140951E-22	2.881092E-22	2.623703E-22	2.373505E-22	2.134087E-22	1.908033E-22	1.697052E-22	1.502126E-22	1.323639E-22	1.161506E-22	1.015282E-22	8.842568E-23	7.675405E-23	6.641266E-23	5.729481E-23	4.929194E-23	4.229684E-23	3.620607E-23	3.092154E-23	
3.414047E-15	3.170347E-15	1.384179E-15	4.301514E-16	1.103668E-16	2.506547E-17	5.234172E-18	1.028140E-18	1.929616E-19	3.515607E-20	6.486617E-21	1.451927E-21	6.001037E-22	4.637562E-22	4.418523E-22	4.331571E-22	4.216798E-22	4.057244E-22	3.859383E-22	3.632986E-22	3.387535E-22	3.131477E-22	2.872016E-22	2.615086E-22	2.365391E-22	2.126506E-22	1.900999E-22	1.690568E-22	1.496185E-22	1.318226E-22	1.156601E-22	1.010858E-22	8.802857E-23	7.639910E-23	6.609667E-23	5.701456E-23	4.904427E-23	4.207870E-23	3.601454E-23	3.075386E-23	
3.414052E-15	3.170355E-15	1.384184E-15	4.301539E-16	1.103653E-16	2.506547E-17	5.234172E-18	1.028140E-18	1.929611E-19	3.515550E-20	6.485939E-21	1.451145E-21	5.992268E-22	4.627965E-22	4.408247E-22	4.320779E-22	4.205661E-22	4.045928E-22	3.848047E-22	3.621773E-22	3.376574E-22	3.120875E-22	2.861862E-22	2.605447E-22	2.356316E-22	2.118027E-22	1.893133E-22	1.683318E-22	1.489543E-22	1.312176E-22	1.151118E-22	1.005915E-22	8.758488E-23	7.600257E-23	6.574372E-23	5.670159E-23	4.876773E-23	4.183516E-23	3.580073E-23	3.056671E-23	
3.414057E-15	3.170364E-15	1.384189E-15	4.301565E-16	1.103694E-16	2.506547E-17	5.234171E-18	1.028139E-18	1.929606E-19	3.515487E-20	6.485181E-21	1.450269E-21	5.982445E-22	4.617217E-22	4.396740E-22	4.308697E-22	4.193193E-22	4.033262E-22	3.835360E-22	3.609227E-22	3.364311E-22	3.109016E-22	2.850505E-22	2.594667E-22	2.346169E-22	2.108549E-22	1.884340E-22	1.675216E-22	1.482122E-22	1.305417E-22	1.144995E-22	1.000394E-22	8.708943E-23	7.555986E-23	6.534972E-23	5.635226E-23	4.845911E-23	4.156341E-23	3.556220E-23	3.035796E-23	
3.414063E-15	3.170374E-15	1.384196E-15	4.301598E-16	1.103698E-16	2.506546E-17	5.234171E-18	1.028139E-18	1.929600E-19	3.515415E-20	6.484331E-21	1.449289E-21	5.971445E-22	4.605182E-22	4.383857E-22	4.295172E-22	4.179239E-22	4.019088E-22	3.821165E-22	3.595193E-22	3.350596E-22	3.095754E-22	2.837807E-22	2.582618E-22	2.334829E-22	2.097957E-22	1.874518E-22	1.666165E-22	1.473833E-22	1.297869E-22	1.138158E-22	9.942311E-23	8.653649E-23	7.506586E-23	6.491015E-23	5.596261E-23	4.811493E-23	4.126041E-23	3.529629E-23	3.012528E-23	
3.414070E-15	3.170386E-15	1.384203E-15	4.301636E-16	1.103711E-16	2.506546E-17	5.234171E-18	1.028138E-18	1.929594E-19	3.515335E-20	6.483379E-21	1.448190E-21	5.959128E-22	4.591708E-22	4.369437E-22	4.280037E-22	4.163626E-22	4.003233E-22	3.805290E-22	3.579499E-22	3.335262E-22	3.080931E-22	2.823616E-22	2.569154E-22	2.322161E-22	2.086127E-22	1.863549E-22	1.656061E-22	1.464582E-22	1.289447E-22	1.130530E-22	9.873566E-23	8.591980E-23	7.451502E-23	6.442011E-23	5.552830E-23	4.773137E-23	4.092281E-23	3.500007E-23	2.986614E-23	
3.414079E-15	3.170399E-15	1.384212E-15	4.301682E-16	1.103733E-16	2.506546E-17	5.234170E-18	1.028138E-18	1.929586E-19	3.515246E-20	6.482313E-21	1.446961E-21	5.945342E-22	4.576630E-22	4.353303E-22	4.263105E-22	4.146164E-22	3.985503E-22	3.787541E-22	3.561958E-22	3.318127E-22	3.064370E-22	2.807766E-22	2.554119E-22	2.308017E-22	2.072923E-22	1.851308E-22	1.644787E-22	1.454262E-22	1.280053E-22	1.122025E-22	9.796935E-23	8.523251E-23	7.390126E-23	6.387421E-23	5.504459E-23	4.730430E-23	4.054699E-23	3.467038E-23	2.957778E-23	
3.414088E-15	3.170415E-15	1.384222E-15	4.301734E-16	1.103775E-16	2.506687E-17	5.234170E-18	1.028137E-18	1.929578E-19	3.515146E-20	6.481119E-21	1.445584E-21	5.929913E-22	4.559760E-22	4.335255E-22	4.244170E-22	4.126641E-22	3.965686E-22	3.767708E-22	3.542360E-22	3.298988E-22	3.045877E-22	2.790071E-22	2.537339E-22	2.292235E-22	2.058193E-22	1.837656E-22	1.632218E-22	1.442759E-22	1.269586E-22	1.112549E-22	9.711581E-23	8.446719E-23	7.321799E-23	6.326665E-23	5.450638E-23	4.682921E-23	4.012902E-23	3.430383E-23	2.925725E-23	
3.414098E-15	3.170432E-15	1.384234E-15	4.301793E-16	1.103798E-16	2.507690E-17	5.234169E-18	1.028136E-18	1.929569E-19	3.515034E-20	6.479783E-21	1.444044E-21	5.912654E-22	4.540892E-22	4.315076E-22	4.223005E-22	4.104824E-22	3.943546E-22	3.745555E-22	3.520478E-22	3.277623E-22	3.025239E-22	2.770328E-22	2.518623E-22	2.274637E-22	2.041772E-22	1.822443E-22	1.618214E-22	1.429947E-22	1.257930E-22	1.102001E-22	9.616597E-23	8.361577E-23	7.245806E-23	6.259111E-23	5.390813E-23	4.630128E-23	3.966470E-23	3.389672E-23	2.890138E-23	
3.414109E-15	3.170452E-15	1.384247E-15	4.301862E-16	1.103836E-16	2.507202E-17	5.234169E-18	1.028136E-18	1.929559E-19	3.514908E-20	6.478289E-21	1.442321E-21	5.893354E-22	4.519799E-22	4.292524E-22	4.199356E-22	4.080454E-22	3.918823E-22	3.720826E-22	3.496058E-22	3.253788E-22	3.002222E-22	2.748318E-22	2.497762E-22	2.255030E-22	2.023483E-22	1.805503E-22	1.602626E-22	1.415691E-22	1.244964E-22	1.090272E-22	9.511004E-23	8.266956E-23	7.161380E-23	6.184084E-23	5.324391E-23	4.571533E-23	3.914951E-23	3.344516E-23	2.850676E-23	
3.414121E-15	3.170474E-15	1.384263E-15	4.301942E-16	1.103879E-16	2.508215E-17	5.234168E-18	1.028135E-18	1.929548E-19	3.514768E-20	6.476617E-21	1.440395E-21	5.871780E-22	4.496229E-22	4.267330E-22	4.172947E-22	4.053249E-22	3.891233E-22	3.693238E-22	3.468825E-22	3.227217E-22	2.976573E-22	2.723798E-22	2.474532E-22	2.233203E-22	2.003131E-22	1.786658E-22	1.585292E-22	1.399843E-22	1.230557E-22	1.077242E-22	9.393753E-23	8.161925E-23	7.067699E-23	6.100864E-23	5.250742E-23	4.506584E-23	3.857866E-23	3.294501E-23	2.806983E-23	
3.414135E-15	3.170499E-15	1.384280E-15	4.302033E-16	1.103920E-16	2.508009E-17	5.234167E-18	1.028134E-18	1.929535E-19	3.514611E-20	6.474749E-21	1.438242E-21	5.847676E-22	4.469903E-22	4.239202E-22	4.143472E-22	4.022897E-22	3.860463E-22	3.662484E-22	3.438477E-22	3.197619E-22	2.948012E-22	2.696506E-22	2.448686E-22	2.208928E-22	1.980504E-22	1.765718E-22	1.566038E-22	1.382246E-22	1.214566E-22	1.062787E-22	9.263720E-23	8.045492E-23	6.963891E-23	6.008684E-23	5.169196E-23	4.434701E-23	3.794712E-23	3.239189E-23	2.758683E-23	
3.414150E-15	3.170527E-15	1.384300E-15	4.302138E-16	1.103972E-16	2.508795E-17	5.234167E-18	1.028133E-18	1.929521E-19	3.514436E-20	6.472660E-21	1.435838E-21	5.820758E-22	4.440516E-22	4.207816E-22	4.110598E-22	3.989058E-22	3.826174E-22	3.628226E-22	3.404688E-22	3.164679E-22	2.916240E-22	2.666160E-22	2.419961E-22	2.181961E-22	1.955380E-22	1.742476E-22	1.544677E-22	1.362733E-22	1.196842E-22	1.046772E-22	9.119725E-23	7.916615E-23	6.849041E-23	5.906744E-23	5.079057E-23	4.355280E-23	3.724967E-23	3.178133E-23	2.705391E-23	
3.414167E-15	3.170559E-15	1.384322E-15	4.302256E-16	1.104037E-16	2.508604E-17	5.234166E-18	1.028132E-18	1.929505E-19	3.514240E-20	6.470328E-21	1.433152E-21	5.790718E-22	4.407735E-22	4.172820E-22	4.073959E-22	3.951363E-22	3.787995E-22	3.590101E-22	3.367102E-22	3.128056E-22	2.880934E-22	2.632455E-22	2.388072E-22	2.152039E-22	1.927518E-22	1.716713E-22	1.521012E-22	1.341127E-22	1.177226E-22	1.029057E-22	8.960526E-23	7.774204E-23	6.722193E-23	5.794214E-23	4.979605E-23	4.267697E-23	3.648093E-23	3.110870E-23	2.646711E-23	
3.414186E-15	3.170594E-15	1.384347E-15	4.302391E-16	1.104106E-16	2.509052E-17	5.234165E-18	1.028130E-18	1.929487E-19	3.514021E-20	6.467724E-21	1.430156E-21	5.757214E-22	4.371191E-22	4.133828E-22	4.033159E-22	3.909409E-22	3.745525E-22	3.547714E-22	3.325339E-22	3.087385E-22	2.841748E-22	2.595068E-22	2.352720E-22	2.118886E-22	1.896665E-22	1.688202E-22	1.494837E-22	1.317242E-22	1.155554E-22	1.009496E-22	8.784843E-23	7.617137E-23	6.582372E-23	5.670246E-23	4.870106E-23	4.171321E-23	3.563550E-23	3.036940E-23	2.582251E-23	
3.414206E-15	3.170634E-15	1.384376E-15	4.302545E-16	1.104184E-16	2.509474E-17	5.247750E-18	1.028129E-18	1.929468E-19	3.513776E-20	6.464818E-21	1.426815E-21	5.719875E-22	4.330489E-22	4.090423E-22	3.987767E-22	3.862761E-22	3.698334E-22	3.500645E-22	3.278990E-22	3.042278E-22	2.798315E-22	2.553655E-22	2.313586E-22	2.082211E-22	1.862555E-22	1.656702E-22	1.465937E-22	1.290888E-22	1.131657E-22	9.879413E-23	8.591369E-23	7.444276E-23	6.428591E-23	5.533988E-23	4.749831E-23	4.065529E-23	3.470806E-23	2.955889E-23	2.511628E-23	
3.414228E-15	3.170678E-15	1.384409E-15	4.302719E-16	1.104275E-16	2.509970E-17	5.256181E-18	1.028127E-18	1.929446E-19	3.513504E-20	6.461579E-21	1.423093E-21	5.678297E-22	4.285193E-22	4.042152E-22	3.937321E-22	3.810954E-22	3.645959E-22	3.448441E-22	3.227623E-22	2.992321E-22	2.750248E-22	2.507855E-22	2.270338E-22	2.041710E-22	1.824914E-22	1.621966E-22	1.434091E-22	1.261869E-22	1.105363E-22	9.642412E-23	8.378799E-23	7.254492E-23	6.259876E-23	5.384607E-23	4.618066E-23	3.949715E-23	3.369350E-23	2.867290E-23	2.434484E-23	
3.414253E-15	3.170728E-15	1.384445E-15	4.302917E-16	1.104378E-16	2.510378E-17	5.258363E-18	1.028125E-18	1.929421E-19	3.513200E-20	6.457971E-21	1.418949E-21	5.632043E-22	4.234841E-22	3.988531E-22	3.881325E-22	3.753492E-22	3.587912E-22	3.390630E-22	3.170783E-22	2.937086E-22	2.697144E-22	2.457298E-22	2.222637E-22	1.997074E-22	1.783465E-22	1.583747E-22	1.399081E-22	1.229992E-22	1.076502E-22	9.382497E-23	8.145867E-23	7.046698E-23	6.075303E-23	5.221318E-23	4.474152E-23	3.823324E-23	3.258719E-23	2.770756E-23	2.350498E-23	
3.414279E-15	3.170784E-15	1.384487E-15	4.303142E-16	1.104497E-16	2.511028E-17	5.262484E-18	1.028123E-18	1.929394E-19	3.512861E-20	6.453956E-21	1.414340E-21	5.580644E-22	4.178931E-22	3.929041E-22	3.819253E-22	3.689850E-22	3.523678E-22	3.326713E-22	3.107996E-22	2.876128E-22	2.638591E-22	2.401604E-22	2.170136E-22	1.947992E-22	1.737929E-22	1.541799E-22	1.360689E-22	1.195068E-22	1.044914E-22	9.098269E-23	7.891380E-23	6.819885E-23	5.874021E-23	5.043411E-23	4.317497E-23	3.685871E-23	3.138515E-23	2.665964E-23	2.259412E-23	
3.414309E-15	3.170847E-15	1.384534E-15	4.303399E-16	1.104629E-16	2.511854E-17	5.254372E-18	1.028121E-18	1.929363E-19	3.512485E-20	6.449492E-21	1.409221E-21	5.523597E-22	4.116934E-22	3.863134E-22	3.750551E-22	3.619478E-22	3.452722E-22	3.256178E-22	3.038777E-22	2.808993E-22	2.574171E-22	2.340392E-22	2.112495E-22	1.894160E-22	1.688038E-22	1.495885E-22	1.318712E-22	1.156924E-22	1.010446E-22	8.788463E-23	7.614280E-23	6.573173E-23	5.655307E-23	4.850296E-23	4.147627E-23	3.536976E-23	3.008439E-23	2.552684E-23	2.161049E-23	
3.414341E-15	3.170919E-15	1.384588E-15	4.303692E-16	1.104783E-16	2.512582E-17	5.265759E-18	1.028118E-18	1.929329E-19	3.512066E-20	6.444534E-21	1.403541E-21	5.460367E-22	4.048287E-22	3.790237E-22	3.674643E-22	3.541810E-22	3.374496E-22	3.178504E-22	2.962639E-22	2.735232E-22	2.503474E-22	2.273294E-22	2.049382E-22	1.835287E-22	1.633538E-22	1.445790E-22	1.272966E-22	1.115402E-22	9.729714E-23	8.452018E-23	7.313704E-23	6.305872E-23	5.418616E-23	4.641552E-23	3.964223E-23	3.376406E-23	2.868326E-23	2.430804E-23	2.055341E-23	
3.414376E-15	3.170999E-15	1.384650E-15	4.304028E-16	1.104956E-16	2.513625E-17	5.263646E-18	1.028115E-18	1.929291E-19	3.511601E-20	6.439035E-21	1.397248E-21	5.390394E-22	3.972408E-22	3.709754E-22	3.590939E-22	3.456271E-22	3.288451E-22	3.093173E-22	2.879103E-22	2.654408E-22	2.426108E-22	2.199961E-22	1.980497E-22	1.771114E-22	1.574210E-22	1.391327E-22	1.223297E-22	1.070379E-22	9.323902E-23	8.088165E-23	6.989070E-23	6.017556E-23	5.163653E-23	4.416988E-23	3.767178E-23	3.204118E-23	2.718186E-23	2.300372E-23	1.942363E-23	
3.414415E-15	3.171092E-15	1.384721E-15	4.304414E-16	1.105157E-16	2.514633E-17	5.272102E-18	1.028112E-18	1.929249E-19	3.511086E-20	6.432946E-21	1.390288E-21	5.313097E-22	3.888696E-22	3.621081E-22	3.498843E-22	3.362287E-22	3.194044E-22	2.999685E-22	2.787714E-22	2.566115E-22	2.341716E-22	2.120087E-22	1.905577E-22	1.701421E-22	1.509875E-22	1.332356E-22	1.169596E-22	1.021774E-22	8.886454E-23	7.696527E-23	6.640165E-23	5.708145E-23	4.890440E-23	4.176706E-23	3.556653E-23	3.020317E-23	2.558247E-23	2.161632E-23	1.822366E-23	
3.414457E-15	3.171197E-15	1.384803E-15	4.304859E-16	1.105389E-16	2.515719E-17	5.275524E-18	1.028108E-18	1.929203E-19	3.510516E-20	6.426215E-21	1.382604E-21	5.227882E-22	3.796544E-22	3.523616E-22	3.397772E-22	3.259307E-22	3.090766E-22	2.897577E-22	2.688060E-22	2.469995E-22	2.249996E-22	2.033421E-22	1.824421E-22	1.626055E-22	1.440418E-22	1.268797E-22	1.111814E-22	9.695622E-23	8.417337E-23	7.277242E-23	6.267254E-23	5.377998E-23	4.599404E-23	3.921177E-23	3.333143E-23	2.825503E-23	2.389009E-23	2.015070E-23	1.695813E-23	
3.414503E-15	3.171318E-15	1.384898E-15	4.305372E-16	1.105654E-16	2.517071E-17	5.284381E-18	1.057172E-18	1.929151E-19	3.509885E-20	6.418787E-21	1.374139E-21	5.134149E-22	3.695350E-22	3.416772E-22	3.287169E-22	3.146815E-22	2.978153E-22	2.786443E-22	2.579798E-22	2.365766E-22	2.150723E-22	1.939794E-22	1.736913E-22	1.544942E-22	1.365807E-22	1.200650E-22	1.049978E-22	9.137938E-23	7.917208E-23	6.831084E-23	5.871193E-23	5.028018E-23	4.291467E-23	3.651319E-23	3.097543E-23	2.620538E-23	2.211286E-23	1.861448E-23	1.563413E-23	
3.414559E-15	3.171461E-15	1.385009E-15	4.305975E-16	1.105964E-16	2.518586E-17	5.289055E-18	1.049073E-18	1.929095E-19	3.509190E-20	6.410609E-21	1.364834E-21	5.031320E-22	3.584546E-22	3.300007E-22	3.166535E-22	3.024369E-22	2.855825E-22	2.665972E-22	2.462685E-22	2.253253E-22	2.043786E-22	1.839152E-22	1.643048E-22	1.458122E-22	1.286116E-22	1.128020E-22	9.842156E-23	8.546104E-23	7.387588E-23	6.359627E-23	5.453567E-23	4.659769E-23	3.968147E-23	3.368582E-23	2.851225E-23	2.406704E-23	2.026266E-23	1.701858E-23	1.426160E-23	
3.414619E-15	3.171627E-15	1.385140E-15	4.306682E-16	1.106327E-16	2.520470E-17	5.300601E-18	1.050320E-18	1.929032E-19	3.508425E-20	6.401627E-21	1.354636E-21	4.918844E-22	3.463605E-22	3.172842E-22	3.035451E-22	2.891620E-22	2.723511E-22	2.535971E-22	2.336606E-22	2.132413E-22	1.929209E-22	1.731580E-22	1.542961E-22	1.365770E-22	1.201553E-22	1.051135E-22	9.147684E-23	7.922622E-23	6.830996E-23	5.865357E-23	5.016790E-23	4.275562E-23	3.631629E-23	3.075014E-23	2.596085E-23	2.185743E-23	1.835538E-23	1.537738E-23	1.285349E-23	
3.414688E-15	3.171824E-15	1.385297E-15	4.307516E-16	1.106751E-16	2.522545E-17	5.307305E-18	1.071064E-18	1.928963E-19	3.507586E-20	6.391790E-21	1.343493E-21	4.796235E-22	3.332091E-22	3.034904E-22	2.893625E-22	2.748364E-22	2.581100E-22	2.396421E-22	2.201628E-22	2.003394E-22	1.807208E-22	1.617348E-22	1.436967E-22	1.268235E-22	1.112487E-22	9.703779E-23	8.420233E-23	7.271319E-23	6.251157E-23	5.351851E-23	4.564255E-23	3.878581E-23	3.284870E-23	2.773335E-23	2.334610E-23	1.959911E-23	1.641135E-23	1.370909E-23	1.142601E-23	
3.414769E-15	3.172062E-15	1.385484E-15	4.308511E-16	1.107252E-16	2.524964E-17	5.319786E-18	1.066161E-18	1.928888E-19	3.506667E-20	6.381053E-21	1.331360E-21	4.663100E-22	3.189681E-22	2.885961E-22	2.740928E-22	2.594581E-22	2.428680E-22	2.247513E-22	2.058036E-22	1.866559E-22	1.678214E-22	1.496940E-22	1.325588E-22	1.166062E-22	1.019475E-22	8.863037E-23	7.665252E-23	6.597462E-23	5.653099E-23	4.823851E-23	4.100386E-23	3.472916E-23	2.931620E-23	2.466958E-23	2.069881E-23	1.731973E-23	1.445521E-23	1.203556E-23	9.998437E-24	
3.414862E-15	3.172349E-15	1.385712E-15	4.309700E-16	1.107842E-16	2.527696E-17	5.332721E-18	1.075839E-18	1.928805E-19	3.505666E-20	6.369376E-21	1.318205E-21	4.519181E-22	3.036222E-22	2.725981E-22	2.577455E-22	2.430498E-22	2.266602E-22	2.089711E-22	1.906392E-22	1.722553E-22	1.542933E-22	1.371105E-22	1.209596E-22	1.060031E-22	9.232906E-23	7.996677E-23	6.890001E-23	5.907947E-23	5.043295E-23	4.287372E-23	3.630723E-23	3.063623E-23	2.576460E-23	2.160002E-23	1.805579E-23	1.505195E-23	1.251582E-23	1.038214E-23	8.592912E-24	
3.414963E-15	3.172698E-15	1.385989E-15	4.311099E-16	1.108514E-16	2.530657E-17	5.344435E-18	1.072554E-18	1.928715E-19	3.504577E-20	6.356732E-21	1.304008E-21	4.364408E-22	2.871782E-22	2.555185E-22	2.403587E-22	2.256645E-22	2.095536E-22	1.923807E-22	1.747588E-22	1.572342E-22	1.402381E-22	1.240888E-22	1.090043E-22	9.511794E-23	8.249421E-23	7.114362E-23	6.103628E-23	5.211333E-23	4.429671E-23	3.749685E-23	3.161878E-23	2.656671E-23	2.224736E-23	1.857222E-23	1.545907E-23	1.283274E-23	1.062547E-23	8.776883E-24	7.233717E-24	
3.415109E-15	3.173142E-15	1.386332E-15	4.312816E-16	1.109320E-16	2.534159E-17	5.358916E-18	1.079015E-18	1.928617E-19	3.503400E-20	6.343107E-21	1.288769E-21	4.198947E-22	2.696710E-22	2.374112E-22	2.220046E-22	2.073919E-22	1.916530E-22	1.750973E-22	1.582891E-22	1.417257E-22	1.257923E-22	1.107656E-22	9.682763E-23	8.408162E-23	7.256801E-23	6.227899E-23	5.317145E-23	4.517786E-23	3.821521E-23	3.219212E-23	2.701419E-23	2.258807E-23	1.882420E-23	1.563872E-23	1.295457E-23	1.070198E-23	8.818622E-24	7.249431E-24	5.946196E-24	
3.415293E-15	3.173704E-15	1.386763E-15	4.314922E-16	1.110281E-16	2.538085E-17	5.373496E-18	1.092130E-18	2.200083E-19	3.502134E-20	6.328512E-21	1.272517E-21	4.023285E-22	2.511720E-22	2.183701E-22	2.027986E-22	1.883662E-22	1.731083E-22	1.572827E-22	1.413996E-22	1.259034E-22	1.111300E-22	9.731256E-23	8.459578E-23	7.305261E-23	6.269970E-23	5.351165E-23	4.543319E-23	3.838928E-23	3.229329E-23	2.705325E-23	2.257659E-23	1.877347E-23	1.555908E-23	1.285504E-23	1.059018E-23	8.700729E-24	7.130285E-24	5.829458E-24	4.755380E-24	
3.415526E-15	3.174421E-15	1.387307E-15	4.317525E-16	1.111463E-16	2.542955E-17	5.392523E-18	1.098489E-18	2.357344E-19	3.500780E-20	6.312981E-21	1.255310E-21	3.838284E-22	2.317948E-22	1.985353E-22	1.829044E-22	1.687708E-22	1.541181E-22	1.391459E-22	1.243050E-22	1.099826E-22	9.646316E-23	8.393447E-23	7.250380E-23	6.221403E-23	5.305903E-23	4.499712E-23	3.796241E-23	3.187402E-23	2.664329E-23	2.217923E-23	1.839245E-23	1.519788E-23	1.251650E-23	1.027630E-23	8.412680E-24	6.868440E-24	5.593513E-24	4.544490E-24	3.684050E-24	
3.415835E-15	3.175359E-15	1.388005E-15	4.320756E-16	1.112883E-16	2.548504E-17	5.412021E-18	1.101016E-18	2.096515E-19	3.499342E-20	6.296582E-21	1.237249E-21	3.645276E-22	2.117046E-22	1.781012E-22	1.625412E-22	1.488444E-22	1.349344E-22	1.209459E-22	1.072652E-22	9.421934E-23	8.203893E-23	7.086629E-23	6.077156E-23	5.176885E-23	4.383098E-23	3.690199E-23	3.090753E-23	2.576293E-23	2.137948E-23	1.766890E-23	1.454655E-23	1.193341E-23	9.757288E-24	7.953380E-24	6.464307E-24	5.239898E-24	4.236731E-24	3.417571E-24	2.750734E-24	
3.416276E-15	3.176631E-15	1.388926E-15	4.324900E-16	1.114641E-16	2.555101E-17	5.434599E-18	1.105305E-18	2.128114E-19	3.497828E-20	6.279426E-21	1.218482E-21	3.446128E-22	1.911239E-22	1.573212E-22	1.419869E-22	1.288821E-22	1.158616E-22	1.029890E-22	9.058172E-23	7.890427E-23	6.813282E-23	5.836475E-23	4.963472E-23	4.193038E-23	3.520610E-23	2.939444E-23	2.441524E-23	2.018256E-23	1.660985E-23	1.361350E-23	1.111515E-23	9.043145E-24	7.333110E-24	5.928152E-24	4.778625E-24	3.841688E-24	3.080729E-24	2.464727E-24	1.967587E-24	
3.416861E-15	3.178336E-15	1.390124E-15	4.330033E-16	1.116726E-16	2.562368E-17	5.458063E-18	1.114914E-18	2.289844E-19	3.496250E-20	6.261671E-21	1.199212E-21	3.243304E-22	1.703371E-22	1.365101E-22	1.215780E-22	1.092322E-22	9.725097E-23	8.562084E-23	7.458739E-23	6.435147E-23	5.503578E-23	4.669489E-23	3.933095E-23	3.290858E-23	2.736729E-23	2.263160E-23	1.861875E-23	1.524435E-23	1.242641E-23	1.008791E-23	8.158364E-24	6.574582E-24	5.280841E-24	4.228689E-24	3.376497E-24	2.688860E-24	2.135936E-24	1.692771E-24	1.338641E-24	
3.417723E-15	3.180710E-15	1.391719E-15	4.336518E-16	1.119203E-16	2.570308E-17	5.481221E-18	1.120628E-18	2.255453E-19	3.494622E-20	6.243532E-21	1.179706E-21	3.039913E-22	1.496923E-22	1.160431E-22	1.017050E-22	9.028945E-23	7.949041E-23	6.921352E-23	5.963114E-23	5.088158E-23	4.303681E-23	3.611244E-23	3.008260E-23	2.489347E-23	2.047416E-23	1.674524E-23	1.362486E-23	1.103318E-23	8.895126E-24	7.142126E-24	5.712878E-24	4.553561E-24	3.617621E-24	2.865292E-24	2.262972E-24	1.782531E-24	1.400620E-24	1.097994E-24	8.589013E-25	
3.419055E-15	3.184137E-15	1.393911E-15	4.344968E-16	1.122213E-16	2.579093E-17	5.503129E-18	1.123131E-18	2.233279E-19	3.492968E-20	6.225283E-21	1.160290E-21	2.839681E-22	1.295949E-22	9.634436E-23	8.279722E-23	7.247485E-23	6.298178E-23	5.414080E-23	4.605236E-23	3.879577E-23	3.239726E-23	2.683922E-23	2.207370E-23	1.803410E-23	1.464430E-23	1.182527E-23	9.499792E-24	7.595391E-24	6.046095E-24	4.793246E-24	3.785671E-24	2.979418E-24	2.337236E-24	1.827910E-24	1.425538E-24	1.108813E-24	8.603413E-25	6.660212E-25	5.144900E-25	
3.420940E-15	3.188881E-15	1.396755E-15	4.355175E-16	1.125572E-16	2.587900E-17	5.522313E-18	1.126947E-18	2.220404E-19	3.491315E-20	6.207260E-21	1.141352E-21	2.646877E-22	1.104943E-22	7.786917E-23	6.529958E-23	5.620973E-23	4.811199E-23	4.074783E-23	3.415027E-23	2.834600E-23	2.332284E-23	1.903752E-23	1.542716E-23	1.241880E-23	9.936473E-24	7.906038E-24	6.258235E-24	4.930424E-24	3.867338E-24	3.021184E-24	2.351300E-24	1.823568E-24	1.409700E-24	1.086478E-24	8.350168E-25	6.400796E-25	4.894572E-25	3.734304E-25	2.843060E-25	
3.423893E-15	3.195753E-15	1.400565E-15	4.367757E-16	1.129268E-16	2.596010E-17	5.534242E-18	1.125138E-18	2.225136E-19	3.489695E-20	6.189853E-21	1.123330E-21	2.466117E-22	9.285812E-23	6.107189E-23	4.963701E-23	4.187686E-23	3.521334E-23	2.931219E-23	2.414707E-23	1.970132E-23	1.593385E-23	1.278465E-23	1.018374E-23	8.058406E-24	6.338052E-24	4.957275E-24	3.857480E-24	2.987523E-24	2.303681E-24	1.769208E-24	1.353661E-24	1.032127E-24	7.844345E-25	5.944005E-25	4.491506E-25	3.385162E-25	2.545185E-25	1.909346E-25	1.429361E-25	
3.428813E-15	3.206350E-15	1.406029E-15	4.384344E-16	1.133641E-16	2.604312E-17	5.543040E-18	1.122254E-18	2.186454E-19	3.488146E-20	6.173493E-21	1.106680E-21	2.302038E-22	7.713246E-23	4.636168E-23	3.616718E-23	2.977332E-23	2.451843E-23	2.000258E-23	1.615168E-23	1.291748E-23	1.024089E-23	8.054617E-24	6.289387E-24	4.878669E-24	3.761548E-24	2.884167E-24	2.200169E-24	1.670504E-24	1.262851E-24	9.508495E-25	7.132738E-25	5.332165E-25	3.973396E-25	2.952097E-25	2.187264E-25	1.616435E-25	1.191737E-25	8.766778E-26	6.435838E-26	
3.436918E-15	3.222895E-15	1.413803E-15	4.405901E-16	1.138761E-16	2.612780E-17	5.548010E-18	1.118983E-18	2.183659E-19	3.486711E-20	6.158620E-21	1.091847E-21	2.158838E-22	6.369070E-23	3.404925E-23	2.512863E-23	2.006258E-23	1.611828E-23	1.284445E-23	1.013356E-23	7.918845E-24	6.134384E-24	4.714484E-24	3.597171E-24	2.726627E-24	2.054336E-24	1.539271E-24	1.147495E-24	8.514376E-25	6.290409E-25	4.628835E-25	3.393603E-25	2.479508E-25	1.805900E-25	1.311431E-25	9.497570E-26	6.860883E-26	4.944547E-26	3.555703E-26	2.551789E-26	
3.452463E-15	3.252218E-15	1.426240E-15	4.435422E-16	1.144307E-16	2.617846E-17	5.537854E-18	1.110706E-18	2.140391E-19	3.485428E-20	6.145638E-21	1.079203E-21	2.039670E-22	5.277291E-23	2.428995E-23	1.659098E-23	1.273430E-23	9.933211E-24	7.702142E-24	5.915403E-24	4.500466E-24	3.394339E-24	2.539902E-24	1.886912E-24	1.392624E-24	1.021664E-24	7.454031E-25	5.411009E-25	3.909705E-25	2.812850E-25	2.015715E-25	1.439203E-25	1.024105E-25	7.264491E-26	5.138123E-26	3.624388E-26	2.550242E-26	1.790291E-26	1.254108E-26	8.767670E-27	
3.482779E-15	3.305374E-15	1.446017E-15	4.477537E-16	1.151663E-16	2.625023E-17	5.527982E-18	1.101336E-18	2.101833E-19	3.484334E-20	6.134858E-21	1.068988E-21	1.946038E-22	4.443169E-23	1.704095E-23	1.042609E-23	7.590345E-24	5.712946E-24	4.291357E-24	3.195681E-24	2.357879E-24	1.724768E-24	1.251749E-24	9.019632E-25	6.456838E-25	4.594679E-25	3.251716E-25	2.289747E-25	1.604927E-25	1.120146E-25	7.787340E-26	5.394236E-26	3.724057E-26	2.563055E-26	1.758958E-26	1.203931E-26	8.220207E-27	5.599872E-27	3.806818E-27	2.582876E-27	
3.550120E-15	3.412042E-15	1.478888E-15	4.527590E-16	1.156059E-16	2.621099E-17	5.502946E-18	1.095058E-18	2.108540E-19	3.483451E-20	6.126429E-21	1.061248E-21	1.877308E-22	3.850133E-23	1.204967E-23	6.315406E-24	4.268869E-24	3.074079E-24	2.226064E-24	1.600858E-24	1.141130E-24	8.065231E-25	5.655832E-25	3.937998E-25	2.724130E-25	1.873262E-25	1.281169E-25	8.718604E-26	5.906041E-26	3.983952E-26	2.676974E-26	1.792331E-26	1.196069E-26	7.957342E-27	5.279044E-27	3.493103E-27	2.305806E-27	1.518692E-27	9.982216E-28	6.548834E-28	
3.415809E-15	3.179431E-15	1.385930E-15	4.303859E-16	1.104122E-16	2.507260E-17	5.250354E-18	1.027910E-18	1.926820E-19	3.483128E-20	6.123417E-21	1.058553E-21	1.853988E-22	3.654136E-23	1.044309E-23	5.026927E-24	3.255138E-24	2.289923E-24	1.628577E-24	1.151706E-24	8.075581E-25	5.614870E-25	3.873610E-25	2.653378E-25	1.805771E-25	1.221663E-25	8.220230E-26	5.503727E-26	3.668144E-26	2.434512E-26	1.609526E-26	1.060319E-26	6.962219E-27	4.557659E-27	2.975231E-27	1.937215E-27	1.258346E-27	8.155823E-28	5.275411E-28	3.405926E-28	
3.417191E-15	3.181724E-15	1.386023E-15	4.303865E-16	1.104122E-16	2.507257E-17	5.233991E-18	-2.315056E-19	1.926820E-19	3.483128E-20	6.123417E-21	1.058553E-21	1.853988E-22	3.654136E-23	1.044309E-23	5.026927E-24	3.255138E-24	2.289923E-24	1.628577E-24	1.151706E-24	8.075581E-25	5.614870E-25	3.873610E-25	2.653378E-25	1.805771E-25	1.221663E-25	8.220230E-26	5.503727E-26	3.668144E-26	2.434512E-26	1.609526E-26	1.060319E-26	6.962219E-27	4.557659E-27	2.975231E-27	1.937215E-27	1.258346E-27	8.155823E-28	5.275411E-28	3.405926E-28	
3.419124E-15	3.184913E-15	1.386151E-15	4.303874E-16	1.104122E-16	2.507256E-17	5.239286E-18	-1.724612E-18	3.105396E-18	3.483128E-20	6.123417E-21	1.058553E-21	1.853988E-22	3.654136E-23	1.044309E-23	5.026927E-24	3.255138E-24	2.289923E-24	1.628577E-24	1.151706E-24	8.075581E-25	5.614870E-25	3.873610E-25	2.653378E-25	1.805771E-25	1.221663E-25	8.220230E-26	5.503727E-26	3.668144E-26	2.434512E-26	1.609526E-26	1.060319E-26	6.962219E-27	4.557659E-27	2.975231E-27	1.937215E-27	1.258346E-27	8.155823E-28	5.275411E-28	3.405926E-28	
3.421543E-15	3.188879E-15	1.386309E-15	4.303883E-16	1.104122E-16	2.507256E-17	5.259584E-18	1.420857E-18	1.926820E-19	3.483128E-20	6.123417E-21	1.058553E-21	1.853988E-22	3.654136E-23	1.044309E-23	5.026927E-24	3.255138E-24	2.289923E-24	1.628577E-24	1.151706E-24	8.075581E-25	5.614870E-25	3.873610E-25	2.653378E-25	1.805771E-25	1.221663E-25	8.220230E-26	5.503727E-26	3.668144E-26	2.434512E-26	1.609526E-26	1.060319E-26	6.962219E-27	4.557659E-27	2.975231E-27	1.937215E-27	1.258346E-27	8.155823E-28	5.275411E-28	3.405926E-28	
3.424430E-15	3.193584E-15	1.386494E-15	4.303893E-16	1.104121E-16	2.507255E-17	5.233991E-18	1.027910E-18	-1.785100E-19	3.483128E-20	6.123417E-21	1.058553E-21	1.853988E-22	3.654136E-23	1.044309E-23	5.026927E-24	3.255138E-24	2.289923E-24	1.628577E-24	1.151706E-24	8.075581E-25	5.614870E-25	3.873610E-25	2.653378E-25	1.805771E-25	1.221663E-25	8.220230E-26	5.503727E-26	3.668144E-26	2.434512E-26	1.609526E-26	1.060319E-26	6.962219E-27	4.557659E-27	2.975231E-27	1.937215E-27	1.258346E-27	8.155823E-28	5.275411E-28	3.405926E-28	
3.428425E-15	3.200059E-15	1.386746E-15	4.303906E-16	1.104121E-16	2.507254E-17	5.252033E-18	1.027910E-18	-1.785100E-19	3.483128E-20	6.123417E-21	1.058553E-21	1.853988E-22	3.654136E-23	1.044309E-23	5.026927E-24	3.255138E-24	2.289923E-24	1.628577E-24	1.151706E-24	8.075581E-25	5.614870E-25	3.873610E-25	2.653378E-25	1.805771E-25	1.221663E-25	8.220230E-26	5.503727E-26	3.668144E-26	2.434512E-26	1.609526E-26	1.060319E-26	6.962219E-27	4.557659E-27	2.975231E-27	1.937215E-27	1.258346E-27	8.155823E-28	5.275411E-28	3.405926E-28	
3.437510E-15	3.214723E-15	1.387308E-15	4.303935E-16	1.104121E-16	2.507253E-17	5.273328E-18	2.496590E-18	1.926820E-19	3.483128E-20	6.123417E-21	1.058553E-21	1.853988E-22	3.654136E-23	1.044309E-23	5.026927E-24	3.255138E-24	2.289923E-24	1.628577E-24	1.151706E-24	8.075581E-25	5.614870E-25	3.873610E-25	2.653378E-25	1.805771E-25	1.221663E-25	8.220230E-26	5.503727E-26	3.668144E-26	2.434512E-26	1.609526E-26	1.060319E-26	6.962219E-27	4.557659E-27	2.975231E-27	1.937215E-27	1.258346E-27	8.155823E-28	5.275411E-28	3.405926E-28	
3.558591E-15	3.491267E-15	1.396819E-15	4.304431E-16	1.104109E-16	2.507257E-17	5.233991E-18	1.027910E-18	1.926820E-19	3.483128E-20	6.123417E-21	1.058553E-21	1.853988E-22	3.654136E-23	1.044309E-23	5.026927E-24	3.255138E-24	2.289923E-24	1.628577E-24	1.151706E-24	8.075581E-25	5.614870E-25	3.873610E-25	2.653378E-25	1.805771E-25	1.221663E-25	8.220230E-26	5.503727E-26	3.668144E-26	2.434512E-26	1.609526E-26	1.060319E-26	6.962219E-27	4.557659E-27	2.975231E-27	1.937215E-27	1.258346E-27	8.155823E-28	5.275411E-28	3.405926E-28	
3.654416E-15	4.660484E-15	1.448665E-15	4.307449E-16	1.104068E-16	2.507269E-17	5.233991E-18	-2.327575E-19	1.926820E-19	3.483128E-20	6.123417E-21	1.058553E-21	1.853988E-22	3.654136E-23	1.044309E-23	5.026927E-24	3.255138E-24	2.289923E-24	1.628577E-24	1.151706E-24	8.075581E-25	5.614870E-25	3.873610E-25	2.653378E-25	1.805771E-25	1.221663E-25	8.220230E-26	5.503727E-26	3.668144E-26	2.434512E-26	1.609526E-26	1.060319E-26	6.962219E-27	4.557659E-27	2.975231E-27	1.937215E-27	1.258346E-27	8.155823E-28	5.275411E-28	3.405926E-28	
3.665179E-15	5.348798E-15	1.567028E-15	4.313777E-16	1.104052E-16	2.507275E-17	5.233991E-18	-2.327575E-19	2.160559E-19	3.483128E-20	6.123417E-21	1.058553E-21	1.853988E-22	3.654136E-23	1.044309E-23	5.026927E-24	3.255138E-24	2.289923E-24	1.628577E-24	1.151706E-24	8.075581E-25	5.614870E-25	3.873610E-25	2.653378E-25	1.805771E-25	1.221663E-25	8.220230E-26	5.503727E-26	3.668144E-26	2.434512E-26	1.609526E-26	1.060319E-26	6.962219E-27	4.557659E-27	2.975231E-27	1.937215E-27	1.258346E-27	8.155823E-28	5.275411E-28	3.405926E-28	
3.667124E-15	5.606116E-15	1.746667E-15	4.321546E-16	1.104048E-16	2.507266E-17	5.233991E-18	-2.327575E-19	1.926820E-19	3.483128E-20	6.123417E-21	1.058553E-21	1.853988E-22	3.654136E-23	1.044309E-23	5.026927E-24	3.255138E-24	2.289923E-24	1.628577E-24	1.151706E-24	8.075581E-25	5.614870E-25	3.873610E-25	2.653378E-25	1.805771E-25	1.221663E-25	8.220230E-26	5.503727E-26	3.668144E-26	2.434512E-26	1.609526E-26	1.060319E-26	6.962219E-27	4.557659E-27	2.975231E-27	1.937215E-27	1.258346E-27	8.155823E-28	5.275411E-28	3.405926E-28	
3.667789E-15	5.728986E-15	1.974894E-15	4.329912E-16	1.104047E-16	2.507263E-17	5.233991E-18	-2.327575E-19	2.628915E-19	3.483128E-20	6.123417E-21	1.058553E-21	1.853988E-22	3.654136E-23	1.044309E-23	5.026927E-24	3.255138E-24	2.289923E-24	1.628577E-24	1.151706E-24	8.075581E-25	5.614870E-25	3.873610E-25	2.653378E-25	1.805771E-25	1.221663E-25	8.220230E-26	5.503727E-26	3.668144E-26	2.434512E-26	1.609526E-26	1.060319E-26	6.962219E-27	4.557659E-27	2.975231E-27	1.937215E-27	1.258346E-27	8.155823E-28	5.275411E-28	3.405926E-28	
3.668107E-15	5.799568E-15	2.238529E-15	4.338927E-16	1.104050E-16	2.507254E-17	5.233991E-18	-2.327575E-19	1.926820E-19	3.483128E-20	6.123417E-21	1.058553E-21	1.853988E-22	3.654136E-23	1.044309E-23	5.026927E-24	3.255138E-24	2.289923E-24	1.628577E-24	1.151706E-24	8.075581E-25	5.614870E-25	3.873610E-25	2.653378E-25	1.805771E-25	1.221663E-25	8.220230E-26	5.503727E-26	3.668144E-26	2.434512E-26	1.609526E-26	1.060319E-26	6.962219E-27	4.557659E-27	2.975231E-27	1.937215E-27	1.258346E-27	8.155823E-28	5.275411E-28	3.405926E-28	
3.668288E-15	5.844852E-15	2.520939E-15	4.348934E-16	1.104057E-16	2.507244E-17	5.237692E-18	-5.166165E-19	2.207589E-19	3.483128E-20	6.123417E-21	1.058553E-21	1.853988E-22	3.654136E-23	1.044309E-23	5.026927E-24	3.255138E-24	2.289923E-24	1.628577E-24	1.151706E-24	8.075581E-25	5.614870E-25	3.873610E-25	2.653378E-25	1.805771E-25	1.221663E-25	8.220230E-26	5.503727E-26	3.668144E-26	2.434512E-26	1.609526E-26	1.060319E-26	6.962219E-27	4.557659E-27	2.975231E-27	1.937215E-27	1.258346E-27	8.155823E-28	5.275411E-28	3.405926E-28	
3.668403E-15	5.876054E-15	2.806175E-15	4.360368E-16	1.104069E-16	2.507233E-17	5.233991E-18	1.027910E-18	1.926820E-19	3.483128E-20	6.123417E-21	1.058553E-21	1.853988E-22	3.654136E-23	1.044309E-23	5.026927E-24	3.255138E-24	2.289923E-24	1.628577E-24	1.151706E-24	8.075581E-25	5.614870E-25	3.873610E-25	2.653378E-25	1.805771E-25	1.221663E-25	8.220230E-26	5.503727E-26	3.668144E-26	2.434512E-26	1.609526E-26	1.060319E-26	6.962219E-27	4.557659E-27	2.975231E-27	1.937215E-27	1.258346E-27	8.155823E-28	5.275411E-28	3.405926E-28	
3.668482E-15	5.898662E-15	3.082503E-15	4.373656E-16	1.104087E-16	2.507226E-17	5.242437E-18	-4.710951E-18	-6.371801E-19	3.483128E-20	6.123417E-21	1.058553E-21	1.853988E-22	3.654136E-23	1.044309E-23	5.026927E-24	3.255138E-24	2.289923E-24	1.628577E-24	1.151706E-24	8.075581E-25	5.614870E-25	3.873610E-25	2.653378E-25	1.805771E-25	1.221663E-25	8.220230E-26	5.503727E-26	3.668144E-26	2.434512E-26	1.609526E-26	1.060319E-26	6.962219E-27	4.557659E-27	2.975231E-27	1.937215E-27	1.258346E-27	8.155823E-28	5.275411E-28	3.405926E-28	
3.668539E-15	5.915671E-15	3.342885E-15	4.389201E-16	1.104112E-16	2.507216E-17	5.233991E-18	1.027910E-18	1.926820E-19	3.483128E-20	6.123417E-21	1.058553E-21	1.853988E-22	3.654136E-23	1.044309E-23	5.026927E-24	3.255138E-24	2.289923E-24	1.628577E-24	1.151706E-24	8.075581E-25	5.614870E-25	3.873610E-25	2.653378E-25	1.805771E-25	1.221663E-25	8.220230E-26	5.503727E-26	3.668144E-26	2.434512E-26	1.609526E-26	1.060319E-26	6.962219E-27	4.557659E-27	2.975231E-27	1.937215E-27	1.258346E-27	8.155823E-28	5.275411E-28	3.405926E-28	
3.668582E-15	5.928842E-15	3.583825E-15	4.407407E-16	1.104144E-16	2.507207E-17	5.233991E-18	1.027910E-18	-1.617425E-19	3.483128E-20	6.123417E-21	1.058553E-21	1.853988E-22	3.654136E-23	1.044309E-23	5.026927E-24	3.255138E-24	2.289923E-24	1.628577E-24	1.151706E-24	8.075581E-25	5.614870E-25	3.873610E-25	2.653378E-25	1.805771E-25	1.221663E-25	8.220230E-26	5.503727E-26	3.668144E-26	2.434512E-26	1.609526E-26	1.060319E-26	6.962219E-27	4.557659E-27	2.975231E-27	1.937215E-27	1.258346E-27	8.155823E-28	5.275411E-28	3.405926E-28	
