3.024336E-16	4.000037E-21	5.042087E-18	9.642741E-314	1.529422E-314	0.000000E+00	0.000000E+00	
3.024336E-16	4.000029E-21	5.042087E-18	9.602539E-314	1.523028E-314	0.000000E+00	0.000000E+00	
3.024336E-16	4.000028E-21	5.042087E-18	9.597645E-314	1.522250E-314	0.000000E+00	0.000000E+00	
3.024336E-16	4.000027E-21	5.042087E-18	9.592156E-314	1.521377E-314	0.000000E+00	0.000000E+00	
3.024336E-16	4.000026E-21	5.042087E-18	9.586002E-314	1.520399E-314	0.000000E+00	0.000000E+00	
3.024336E-16	4.000025E-21	5.042087E-18	9.579102E-314	1.519301E-314	0.000000E+00	0.000000E+00	
3.024336E-16	4.000024E-21	5.042087E-18	9.571366E-314	1.518071E-314	0.000000E+00	0.000000E+00	
3.024336E-16	4.000022E-21	5.042087E-18	9.562693E-314	1.516692E-314	0.000000E+00	0.000000E+00	
3.024336E-16	4.000020E-21	5.042087E-18	9.552971E-314	1.515146E-314	0.000000E+00	0.000000E+00	
3.024336E-16	4.000018E-21	5.042087E-18	9.542075E-314	1.513413E-314	0.000000E+00	0.000000E+00	
3.024336E-16	4.000016E-21	5.042087E-18	9.529864E-314	1.511471E-314	0.000000E+00	0.000000E+00	
3.024336E-16	4.000013E-21	5.042087E-18	9.516181E-314	1.509295E-314	0.000000E+00	0.000000E+00	
3.024336E-16	4.000011E-21	5.042087E-18	9.500852E-314	1.506857E-314	0.000000E+00	0.000000E+00	
3.024336E-16	4.000007E-21	5.042087E-18	9.483683E-314	1.504127E-314	0.000000E+00	0.000000E+00	
3.024336E-16	4.000004E-21	5.042087E-18	9.464455E-314	1.501069E-314	0.000000E+00	0.000000E+00	
3.024336E-16	4.000000E-21	5.042087E-18	9.442927E-314	1.497646E-314	0.000000E+00	0.000000E+00	
3.024336E-16	3.999995E-21	5.042087E-18	9.418831E-314	1.493814E-314	0.000000E+00	0.000000E+00	
3.024336E-16	3.999990E-21	5.042087E-18	9.391868E-314	1.489527E-314	0.000000E+00	0.000000E+00	
3.024336E-16	3.999984E-21	5.091901E-18	9.361706E-314	1.484730E-314	0.000000E+00	0.000000E+00	
3.024336E-16	3.999978E-21	5.056285E-18	9.327979E-314	1.479367E-314	0.000000E+00	0.000000E+00	
3.024336E-16	3.999971E-21	5.090655E-18	9.290282E-314	1.473373E-314	0.000000E+00	0.000000E+00	
3.024336E-16	3.999963E-21	5.080445E-18	9.248166E-314	1.466676E-314	0.000000E+00	0.000000E+00	
3.024336E-16	3.999954E-21	5.087171E-18	9.201137E-314	1.459198E-314	0.000000E+00	0.000000E+00	
3.024656E-16	3.999944E-21	5.080310E-18	9.148655E-314	1.450852E-314	0.000000E+00	0.000000E+00	
3.024383E-16	3.999932E-21	5.095627E-18	9.090125E-314	1.441546E-314	0.000000E+00	0.000000E+00	
3.024567E-16	3.999919E-21	5.096314E-18	9.024897E-314	1.431174E-314	0.000000E+00	0.000000E+00	
3.024738E-16	3.999905E-21	5.100117E-18	8.952268E-314	1.419626E-314	0.000000E+00	0.000000E+00	
3.024654E-16	3.999889E-21	5.113547E-18	8.871470E-314	1.406779E-314	0.000000E+00	0.000000E+00	
3.024827E-16	3.999871E-21	5.127899E-18	8.781681E-314	1.392504E-314	0.000000E+00	0.000000E+00	
3.024661E-16	3.999851E-21	5.133673E-18	8.682015E-314	1.376658E-314	0.000000E+00	0.000000E+00	
3.024902E-16	3.999828E-21	5.143427E-18	8.571533E-314	1.359093E-314	0.000000E+00	0.000000E+00	
3.024815E-16	3.999803E-21	5.157002E-18	8.449240E-314	1.339651E-314	0.000000E+00	0.000000E+00	
3.024993E-16	3.999774E-21	5.170288E-18	8.314099E-314	1.318168E-314	0.000000E+00	0.000000E+00	
3.025011E-16	3.999742E-21	5.191100E-18	8.165036E-314	1.294472E-314	0.000000E+00	0.000000E+00	
3.025120E-16	3.999706E-21	5.210192E-18	8.000958E-314	1.268391E-314	0.000000E+00	0.000000E+00	
3.025198E-16	3.999666E-21	5.228839E-18	7.820778E-314	1.239752E-314	0.000000E+00	0.000000E+00	
3.025312E-16	3.999621E-21	5.247949E-18	7.623432E-314	1.208386E-314	0.000000E+00	0.000000E+00	
3.025346E-16	3.999570E-21	5.271868E-18	7.407920E-314	1.174136E-314	0.000000E+00	0.000000E+00	
3.025527E-16	3.999513E-21	5.296299E-18	7.173345E-314	1.136859E-314	0.000000E+00	0.000000E+00	
3.025609E-16	3.999449E-21	5.321041E-18	6.918968E-314	1.096439E-314	0.000000E+00	0.000000E+00	
3.025717E-16	3.999377E-21	5.349304E-18	6.644261E-314	1.052793E-314	0.000000E+00	0.000000E+00	
3.025864E-16	3.999297E-21	5.380325E-18	6.348981E-314	1.005884E-314	0.000000E+00	0.000000E+00	
3.026073E-16	3.999207E-21	5.415871E-18	6.033245E-314	9.557316E-315	0.000000E+00	0.000000E+00	
3.026259E-16	3.999105E-21	5.457291E-18	5.697612E-314	9.024264E-315	0.000000E+00	0.000000E+00	
3.026455E-16	3.998992E-21	5.502566E-18	5.343172E-314	8.461432E-315	0.000000E+00	0.000000E+00	
3.026718E-16	3.998865E-21	5.555052E-18	4.971634E-314	7.871556E-315	0.000000E+00	0.000000E+00	
3.026999E-16	3.998722E-21	5.612858E-18	4.585389E-314	7.258455E-315	0.000000E+00	0.000000E+00	
3.027325E-16	3.998561E-21	5.678982E-18	4.187576E-314	6.627136E-315	0.000000E+00	0.000000E+00	
3.027687E-16	3.998382E-21	5.755025E-18	3.782114E-314	5.983842E-315	0.000000E+00	0.000000E+00	
3.028091E-16	3.998180E-21	5.839256E-18	3.373664E-314	5.335993E-315	0.000000E+00	0.000000E+00	
3.028555E-16	3.997954E-21	5.933845E-18	2.967591E-314	4.692122E-315	0.000000E+00	0.000000E+00	
3.029073E-16	3.997700E-21	6.040357E-18	2.569791E-314	4.061597E-315	0.000000E+00	0.000000E+00	
3.029661E-16	3.997416E-21	6.159411E-18	2.186503E-314	3.454320E-315	0.000000E+00	0.000000E+00	
3.030329E-16	3.997097E-21	6.294543E-18	1.824000E-314	2.880235E-315	0.000000E+00	0.000000E+00	
3.031079E-16	3.996740E-21	6.446336E-18	1.488227E-314	2.348752E-315	0.000000E+00	0.000000E+00	
3.031930E-16	3.996339E-21	6.617677E-18	1.184414E-314	1.868132E-315	0.000000E+00	0.000000E+00	
3.032884E-16	3.995889E-21	6.811241E-18	9.166432E-315	1.444802E-315	0.000000E+00	0.000000E+00	
3.033974E-16	3.995385E-21	7.030030E-18	6.874946E-315	1.082792E-315	0.000000E+00	0.000000E+00	
3.035225E-16	3.994821E-21	7.277100E-18	4.977767E-315	7.833166E-316	0.000000E+00	0.000000E+00	
3.036617E-16	3.994188E-21	7.556419E-18	3.464288E-315	5.446255E-316	0.000000E+00	0.000000E+00	
3.038225E-16	3.993479E-21	7.873744E-18	2.306172E-315	3.621642E-316	0.000000E+00	0.000000E+00	
3.040036E-16	3.992684E-21	8.234143E-18	1.460455E-315	2.290732E-316	0.000000E+00	0.000000E+00	
3.042127E-16	3.991794E-21	8.644414E-18	8.744327E-316	1.369683E-316	0.000000E+00	0.000000E+00	
3.044495E-16	3.990797E-21	9.111549E-18	4.915823E-316	7.688198E-317	0.000000E+00	0.000000E+00	
3.047237E-16	3.989681E-21	9.645564E-18	2.574587E-316	4.019654E-317	0.000000E+00	0.000000E+00	
3.050383E-16	3.988431E-21	1.025586E-17	1.245229E-316	1.940399E-317	0.000000E+00	0.000000E+00	
3.053957E-16	3.987033E-21	1.095442E-17	5.507104E-317	8.562933E-318	0.000000E+00	0.000000E+00	
3.058141E-16	3.985468E-21	1.175836E-17	2.202368E-317	3.416098E-318	0.000000E+00	0.000000E+00	
3.062867E-16	3.983718E-21	1.268211E-17	7.864962E-318	1.216597E-318	0.000000E+00	0.000000E+00	
3.068507E-16	3.981762E-21	1.375296E-17	2.472754E-318	3.813248E-319	0.000000E+00	0.000000E+00	
3.074878E-16	3.979576E-21	1.498768E-17	6.736091E-319	0.000000E+00	0.000000E+00	0.000000E+00	
3.082478E-16	3.977135E-21	1.642702E-17	1.561445E-319	0.000000E+00	0.000000E+00	0.000000E+00	
3.091256E-16	3.974410E-21	1.809939E-17	0.000000E+00	0.000000E+00	0.000000E+00	0.000000E+00	
3.101670E-16	3.971371E-21	2.005623E-17	0.000000E+00	0.000000E+00	0.000000E+00	0.000000E+00	
3.113694E-16	3.967983E-21	2.234360E-17	0.000000E+00	0.000000E+00	0.000000E+00	0.000000E+00	
3.128210E-16	3.964210E-21	2.504609E-17	0.000000E+00	0.000000E+00	0.000000E+00	0.000000E+00	
3.145111E-16	3.960011E-21	2.822873E-17	0.000000E+00	0.000000E+00	0.000000E+00	0.000000E+00	
3.165491E-16	3.955345E-21	3.201695E-17	0.000000E+00	0.000000E+00	0.000000E+00	0.000000E+00	
3.189765E-16	3.950164E-21	3.653237E-17	0.000000E+00	0.000000E+00	0.000000E+00	0.000000E+00	
3.219118E-16	3.944419E-21	4.195453E-17	0.000000E+00	0.000000E+00	0.000000E+00	0.000000E+00	
3.254804E-16	3.938060E-21	4.850019E-17	0.000000E+00	0.000000E+00	0.000000E+00	0.000000E+00	
3.298202E-16	3.931033E-21	5.644390E-17	0.000000E+00	0.000000E+00	0.000000E+00	0.000000E+00	
3.351454E-16	3.923283E-21	6.616157E-17	0.000000E+00	0.000000E+00	0.000000E+00	0.000000E+00	
3.418698E-16	3.914754E-21	7.817152E-17	0.000000E+00	0.000000E+00	0.000000E+00	0.000000E+00	
3.501835E-16	3.905393E-21	9.304710E-17	0.000000E+00	0.000000E+00	0.000000E+00	0.000000E+00	
3.606933E-16	3.895147E-21	1.116995E-16	0.000000E+00	0.000000E+00	0.000000E+00	0.000000E+00	
3.741888E-16	3.883972E-21	1.353335E-16	0.000000E+00	0.000000E+00	0.000000E+00	0.000000E+00	
3.911679E-16	4.368854E-22	0.000000E+00	0.000000E+00	0.000000E+00	0.000000E+00	3.825783E-17	
0.000000E+00	5.824793E-22	2.939844E-18	2.817495E-17	0.000000E+00	0.000000E+00	0.000000E+00	
0.000000E+00	3.825783E-17	0.000000E+00	5.824701E-22	2.939844E-18	3.161278E-17	0.000000E+00	
0.000000E+00	0.000000E+00	0.000000E+00	3.825783E-17	2.620158E-32	5.824689E-22	2.939844E-18	
3.546975E-17	0.000000E+00	0.000000E+00	0.000000E+00	0.000000E+00	3.825783E-17	3.055030E-32	
5.824677E-22	2.939844E-18	3.979763E-17	0.000000E+00	0.000000E+00	0.000000E+00	0.000000E+00	
3.825783E-17	0.000000E+00	5.824663E-22	2.939844E-18	4.465355E-17	0.000000E+00	0.000000E+00	
0.000000E+00	0.000000E+00	3.825783E-17	0.000000E+00	5.824647E-22	2.939844E-18	5.010196E-17	
0.000000E+00	0.000000E+00	0.000000E+00	0.000000E+00	3.825783E-17	0.000000E+00	5.824629E-22	
2.939844E-18	5.621514E-17	0.000000E+00	0.000000E+00	0.000000E+00	0.000000E+00	3.825783E-17	
0.000000E+00	5.824609E-22	2.939844E-18	6.307406E-17	0.000000E+00	0.000000E+00	0.000000E+00	
0.000000E+00	3.825783E-17	0.000000E+00	5.824586E-22	2.939844E-18	7.077002E-17	0.000000E+00	
0.000000E+00	0.000000E+00	0.000000E+00	3.825783E-17	0.000000E+00	5.824561E-22	2.939844E-18	
7.940469E-17	0.000000E+00	0.000000E+00	0.000000E+00	0.000000E+00	3.825783E-17	6.756821E-32	
5.824532E-22	2.939844E-18	8.909323E-17	0.000000E+00	0.000000E+00	0.000000E+00	0.000000E+00	
3.825783E-17	0.000000E+00	5.824501E-22	2.939844E-18	9.996364E-17	0.000000E+00	0.000000E+00	
0.000000E+00	0.000000E+00	3.825783E-17	0.000000E+00	5.824465E-22	2.939844E-18	1.121601E-16	
0.000000E+00	0.000000E+00	0.000000E+00	0.000000E+00	3.825783E-17	0.000000E+00	5.824425E-22	
2.939844E-18	1.258449E-16	0.000000E+00	0.000000E+00	0.000000E+00	0.000000E+00	3.825783E-17	
1.067063E-31	5.824380E-22	2.939844E-18	1.411989E-16	0.000000E+00	0.000000E+00	0.000000E+00	
0.000000E+00	3.825783E-17	1.198127E-31	5.824329E-22	2.939844E-18	1.584263E-16	0.000000E+00	
0.000000E+00	0.000000E+00	0.000000E+00	3.825783E-17	1.343016E-31	5.824273E-22	2.939844E-18	
1.777553E-16	0.000000E+00	0.000000E+00	0.000000E+00	0.000000E+00	3.825783E-17	0.000000E+00	
5.824209E-22	2.939844E-18	1.994422E-16	0.000000E+00	0.000000E+00	0.000000E+00	0.000000E+00	
3.825783E-17	0.000000E+00	5.824138E-22	2.939844E-18	2.237746E-16	0.000000E+00	0.000000E+00	
0.000000E+00	0.000000E+00	3.825783E-17	3.799265E-31	5.824058E-22	2.939844E-18	2.510747E-16	
0.000000E+00	0.000000E+00	0.000000E+00	0.000000E+00	3.825783E-17	0.000000E+00	5.823968E-22	
2.939844E-18	2.817050E-16	0.000000E+00	0.000000E+00	0.000000E+00	0.000000E+00	3.825783E-17	
7.172656E-31	5.823868E-22	2.939844E-18	3.160709E-16	0.000000E+00	0.000000E+00	0.000000E+00	
0.000000E+00	3.825783E-17	2.682468E-31	5.823755E-22	2.939844E-18	3.546275E-16	0.000000E+00	
0.000000E+00	0.000000E+00	0.000000E+00	3.825783E-17	0.000000E+00	5.823628E-22	2.939844E-18	
3.978857E-16	0.000000E+00	0.000000E+00	0.000000E+00	0.000000E+00	3.825783E-17	0.000000E+00	
5.823486E-22	2.939844E-18	4.464172E-16	0.000000E+00	0.000000E+00	0.000000E+00	0.000000E+00	
3.825783E-17	0.000000E+00	5.823326E-22	2.939844E-18	5.008637E-16	0.000000E+00	0.000000E+00	
0.000000E+00	0.000000E+00	3.825783E-17	0.000000E+00	5.823148E-22	2.939844E-18	5.619437E-16	
