2.496931E-23	9.477009E-25	4.167295E-22	0.000000E+00	0.000000E+00	0.000000E+00	0.000000E+00	
5.791322E-18	9.476123E-25	4.167176E-22	0.000000E+00	0.000000E+00	0.000000E+00	0.000000E+00	
6.497959E-18	9.476015E-25	4.167161E-22	0.000000E+00	0.000000E+00	0.000000E+00	0.000000E+00	
7.290801E-18	9.475894E-25	4.167145E-22	0.000000E+00	0.000000E+00	0.000000E+00	0.000000E+00	
8.180395E-18	9.475758E-25	4.167127E-22	0.000000E+00	0.000000E+00	0.000000E+00	0.000000E+00	
9.178518E-18	9.475605E-25	4.167106E-22	0.000000E+00	0.000000E+00	0.000000E+00	0.000000E+00	
1.029843E-17	9.475434E-25	4.167083E-22	0.000000E+00	0.000000E+00	0.000000E+00	0.000000E+00	
1.155498E-17	9.475242E-25	4.167058E-22	0.000000E+00	0.000000E+00	0.000000E+00	0.000000E+00	
1.296484E-17	9.475026E-25	4.167029E-22	0.000000E+00	0.000000E+00	0.000000E+00	0.000000E+00	
1.454672E-17	9.474785E-25	4.166996E-22	0.000000E+00	0.000000E+00	0.000000E+00	0.000000E+00	
1.632158E-17	9.474513E-25	4.166960E-22	0.000000E+00	0.000000E+00	0.000000E+00	0.000000E+00	
1.831302E-17	9.474209E-25	4.166919E-22	0.000000E+00	0.000000E+00	0.000000E+00	0.000000E+00	
2.054740E-17	9.473867E-25	4.166873E-22	0.000000E+00	0.000000E+00	0.000000E+00	0.000000E+00	
2.305435E-17	9.473484E-25	4.166821E-22	0.000000E+00	0.000000E+00	0.000000E+00	0.000000E+00	
2.586719E-17	9.473054E-25	4.166764E-22	0.000000E+00	0.000000E+00	0.000000E+00	0.000000E+00	
2.902314E-17	9.472572E-25	4.166699E-22	0.000000E+00	0.000000E+00	0.000000E+00	0.000000E+00	
3.256412E-17	9.472030E-25	4.166626E-22	0.000000E+00	0.000000E+00	0.000000E+00	0.000000E+00	
3.653707E-17	9.471423E-25	4.166544E-22	0.000000E+00	0.000000E+00	0.000000E+00	0.000000E+00	
4.099463E-17	9.470742E-25	4.166453E-22	0.000000E+00	0.000000E+00	0.000000E+00	0.000000E+00	
4.599594E-17	9.469977E-25	4.166350E-22	4.380403E-28	0.000000E+00	0.000000E+00	0.000000E+00	
5.160722E-17	9.469120E-25	4.166235E-22	2.619988E-28	0.000000E+00	0.000000E+00	0.000000E+00	
5.790294E-17	9.468157E-25	4.166106E-22	0.000000E+00	0.000000E+00	0.000000E+00	0.000000E+00	
6.496643E-17	9.467078E-25	4.165960E-22	7.346002E-28	0.000000E+00	0.000000E+00	0.000000E+00	
7.289126E-17	9.465867E-25	4.165798E-22	0.000000E+00	0.000000E+00	0.000000E+00	0.000000E+00	
8.178239E-17	9.464508E-25	4.165615E-22	8.934670E-28	0.000000E+00	0.000000E+00	0.000000E+00	
9.175738E-17	9.462984E-25	4.165410E-22	9.661463E-28	0.000000E+00	0.000000E+00	0.000000E+00	
1.029481E-16	9.461274E-25	4.165180E-22	3.512872E-27	0.000000E+00	0.000000E+00	0.000000E+00	
1.155024E-16	9.459356E-25	4.164922E-22	5.505466E-28	0.000000E+00	0.000000E+00	0.000000E+00	
1.295855E-16	9.457204E-25	4.164633E-22	0.000000E+00	0.000000E+00	0.000000E+00	0.000000E+00	
1.453827E-16	9.454790E-25	4.164308E-22	6.838139E-27	0.000000E+00	0.000000E+00	0.000000E+00	
1.630996E-16	9.452082E-25	4.163944E-22	0.000000E+00	0.000000E+00	0.000000E+00	0.000000E+00	
1.829646E-16	9.449045E-25	4.163535E-22	0.000000E+00	0.000000E+00	0.000000E+00	0.000000E+00	
2.052236E-16	9.445638E-25	4.163076E-22	2.549498E-27	0.000000E+00	0.000000E+00	0.000000E+00	
2.301513E-16	9.441817E-25	4.162562E-22	8.246686E-28	0.000000E+00	0.000000E+00	0.000000E+00	
2.562576E-16	9.437532E-25	4.161985E-22	0.000000E+00	0.000000E+00	0.000000E+00	0.000000E+00	
2.845762E-16	9.432725E-25	4.161337E-22	0.000000E+00	0.000000E+00	0.000000E+00	0.000000E+00	
3.183461E-16	9.427335E-25	4.160611E-22	0.000000E+00	0.000000E+00	0.000000E+00	0.000000E+00	
3.525315E-16	9.421291E-25	4.159796E-22	8.418048E-27	0.000000E+00	0.000000E+00	0.000000E+00	
3.879339E-16	9.414513E-25	4.158881E-22	3.047427E-27	0.000000E+00	0.000000E+00	0.000000E+00	
4.255162E-16	9.406914E-25	4.157856E-22	0.000000E+00	0.000000E+00	0.000000E+00	0.000000E+00	
4.663257E-16	9.398395E-25	4.156705E-22	0.000000E+00	0.000000E+00	0.000000E+00	0.000000E+00	
5.125128E-16	9.388845E-25	4.155414E-22	2.810288E-27	0.000000E+00	0.000000E+00	0.000000E+00	
5.670788E-16	9.378140E-25	4.153967E-22	0.000000E+00	0.000000E+00	0.000000E+00	0.000000E+00	
6.288445E-16	9.366142E-25	4.152343E-22	5.736818E-27	0.000000E+00	0.000000E+00	0.000000E+00	
6.943011E-16	9.352698E-25	4.150521E-22	0.000000E+00	0.000000E+00	0.000000E+00	0.000000E+00	
7.796103E-16	9.337635E-25	4.148478E-22	5.760888E-27	0.000000E+00	0.000000E+00	0.000000E+00	
8.680833E-16	9.320761E-25	4.146187E-22	0.000000E+00	0.000000E+00	0.000000E+00	0.000000E+00	
9.599677E-16	9.301862E-25	4.143617E-22	1.533829E-26	0.000000E+00	0.000000E+00	0.000000E+00	
1.070414E-15	9.280701E-25	4.140736E-22	0.000000E+00	0.000000E+00	0.000000E+00	0.000000E+00	
1.190582E-15	9.257010E-25	4.137504E-22	0.000000E+00	0.000000E+00	0.000000E+00	0.000000E+00	
1.314399E-15	9.230497E-25	4.133881E-22	0.000000E+00	0.000000E+00	0.000000E+00	0.000000E+00	
1.472338E-15	9.200833E-25	4.129819E-22	0.000000E+00	0.000000E+00	0.000000E+00	0.000000E+00	
1.622867E-15	9.167656E-25	4.125265E-22	3.340943E-26	0.000000E+00	0.000000E+00	0.000000E+00	
1.814664E-15	9.130564E-25	4.120160E-22	1.197993E-26	0.000000E+00	0.000000E+00	0.000000E+00	
2.010173E-15	9.089114E-25	4.114438E-22	1.227411E-27	0.000000E+00	0.000000E+00	0.000000E+00	
2.238443E-15	9.042817E-25	4.108026E-22	8.353272E-26	0.000000E+00	0.000000E+00	0.000000E+00	
2.474854E-15	8.991134E-25	4.100841E-22	5.000031E-26	0.000000E+00	0.000000E+00	0.000000E+00	
2.734157E-15	8.933475E-25	4.092791E-22	1.746492E-26	0.000000E+00	0.000000E+00	0.000000E+00	
3.060338E-15	8.869193E-25	4.083774E-22	0.000000E+00	0.000000E+00	0.000000E+00	0.000000E+00	
3.371053E-15	8.797584E-25	4.073676E-22	0.000000E+00	0.000000E+00	0.000000E+00	0.000000E+00	
3.744019E-15	8.717884E-25	4.062370E-22	0.000000E+00	0.000000E+00	0.000000E+00	0.000000E+00	
4.127715E-15	8.629265E-25	4.049714E-22	1.929994E-25	0.000000E+00	0.000000E+00	0.000000E+00	
4.586123E-15	8.530840E-25	4.035553E-22	0.000000E+00	0.000000E+00	0.000000E+00	0.000000E+00	
5.052007E-15	8.421660E-25	4.019710E-22	0.000000E+00	0.000000E+00	0.000000E+00	0.000000E+00	
5.608856E-15	8.300719E-25	4.001995E-22	0.000000E+00	0.000000E+00	0.000000E+00	0.000000E+00	
6.225108E-15	8.166962E-25	3.982193E-22	9.566034E-26	0.000000E+00	0.000000E+00	0.000000E+00	
6.851976E-15	8.019294E-25	3.960068E-22	0.000000E+00	0.000000E+00	0.000000E+00	0.000000E+00	
7.617273E-15	7.856592E-25	3.935363E-22	1.252249E-25	0.000000E+00	0.000000E+00	0.000000E+00	
8.329106E-15	7.677730E-25	3.907792E-22	0.000000E+00	0.000000E+00	0.000000E+00	0.000000E+00	
9.283057E-15	7.481595E-25	3.877042E-22	0.000000E+00	0.000000E+00	0.000000E+00	0.000000E+00	
1.014818E-14	7.267134E-25	3.842774E-22	3.382603E-25	0.000000E+00	0.000000E+00	0.000000E+00	
1.125222E-14	7.033380E-25	3.804616E-22	0.000000E+00	0.000000E+00	0.000000E+00	0.000000E+00	
1.237516E-14	6.779520E-25	3.762168E-22	0.000000E+00	0.000000E+00	0.000000E+00	0.000000E+00	
1.371781E-14	6.504942E-25	3.714998E-22	0.000000E+00	0.000000E+00	0.000000E+00	0.000000E+00	
1.498773E-14	6.209309E-25	3.662643E-22	1.466238E-25	0.000000E+00	0.000000E+00	0.000000E+00	
1.660822E-14	1.523176E-20	3.604615E-22	0.000000E+00	0.000000E+00	0.000000E+00	0.000000E+00	
1.813643E-14	1.741039E-20	3.540396E-22	0.000000E+00	0.000000E+00	0.000000E+00	0.000000E+00	
1.992415E-14	3.246913E-20	3.469450E-22	2.080307E-25	0.000000E+00	0.000000E+00	0.000000E+00	
2.173897E-14	1.885208E-20	3.391228E-22	8.487853E-25	0.000000E+00	0.000000E+00	0.000000E+00	
2.370487E-14	2.130144E-20	3.305176E-22	0.000000E+00	0.000000E+00	0.000000E+00	0.000000E+00	
2.582997E-14	4.131700E-20	3.210750E-22	2.639131E-24	0.000000E+00	0.000000E+00	0.000000E+00	
2.793284E-14	4.170358E-20	3.107435E-22	0.000000E+00	0.000000E+00	0.000000E+00	0.000000E+00	
2.990293E-14	4.659484E-20	2.994764E-22	0.000000E+00	0.000000E+00	0.000000E+00	0.000000E+00	
3.247066E-14	4.628182E-20	2.872349E-22	4.052835E-25	0.000000E+00	0.000000E+00	0.000000E+00	
3.462951E-14	5.015788E-20	2.739913E-22	1.970307E-24	0.000000E+00	0.000000E+00	0.000000E+00	
3.655259E-14	4.900569E-20	2.597335E-22	7.476371E-25	0.000000E+00	0.000000E+00	0.000000E+00	
3.839450E-14	5.036757E-20	2.444695E-22	0.000000E+00	0.000000E+00	0.000000E+00	0.000000E+00	
3.964828E-14	3.414018E-15	3.170307E-15	1.384155E-15	4.301400E-16	1.103597E-16	2.506547E-17	
5.234174E-18	1.028143E-18	1.929653E-19	3.516075E-20	6.492200E-21	1.458375E-21	6.073423E-22	
4.716830E-22	4.503451E-22	4.420814E-22	4.308962E-22	4.150948E-22	3.953319E-22	3.725956E-22	
3.478483E-22	3.219503E-22	2.956388E-22	2.695233E-22	2.440898E-22	2.197101E-22	1.966537E-22	
1.751015E-22	1.551598E-22	1.368739E-22	1.202404E-22	1.052187E-22	9.174070E-23	7.971896E-23	
6.905376E-23	5.963858E-23	5.136448E-23	4.412343E-23	3.781085E-23	3.232728E-23	3.414018E-15	
3.170307E-15	1.384155E-15	4.301400E-16	1.103597E-16	2.506547E-17	5.234174E-18	1.028143E-18	
1.929653E-19	3.516074E-20	6.492193E-21	1.458367E-21	6.073331E-22	4.716730E-22	4.503344E-22	
4.420701E-22	4.308845E-22	4.150829E-22	3.953200E-22	3.725838E-22	3.478367E-22	3.219391E-22	
2.956281E-22	2.695130E-22	2.440801E-22	2.197011E-22	1.966453E-22	1.750938E-22	1.551527E-22	
1.368674E-22	1.202345E-22	1.052134E-22	9.173594E-23	7.971470E-23	6.904996E-23	5.963521E-23	
5.136150E-23	4.412080E-23	3.780854E-23	3.232525E-23	3.414018E-15	3.170307E-15	1.384155E-15	
4.301400E-16	1.103597E-16	2.506547E-17	5.234174E-18	1.028143E-18	1.929653E-19	3.516074E-20	
6.492192E-21	1.458366E-21	6.073320E-22	4.716718E-22	4.503331E-22	4.420687E-22	4.308831E-22	
4.150815E-22	3.953185E-22	3.725823E-22	3.478353E-22	3.219378E-22	2.956267E-22	2.695118E-22	
2.440790E-22	2.197000E-22	1.966443E-22	1.750928E-22	1.551519E-22	1.368666E-22	1.202338E-22	
1.052128E-22	9.173536E-23	7.971418E-23	6.904950E-23	5.963480E-23	5.136113E-23	4.412048E-23	
3.780826E-23	3.232500E-23	3.414018E-15	3.170307E-15	1.384155E-15	4.301400E-16	1.103597E-16	
2.506547E-17	5.234174E-18	1.028143E-18	1.929653E-19	3.516074E-20	6.492191E-21	1.458365E-21	
6.073307E-22	4.716704E-22	4.503316E-22	4.420672E-22	4.308815E-22	4.150798E-22	3.953169E-22	
3.725807E-22	3.478337E-22	3.219362E-22	2.956253E-22	2.695104E-22	2.440776E-22	2.196987E-22	
1.966431E-22	1.750918E-22	1.551509E-22	1.368658E-22	1.202330E-22	1.052121E-22	9.173471E-23	
7.971360E-23	6.904898E-23	5.963434E-23	5.136072E-23	4.412012E-23	3.780794E-23	3.232473E-23	
3.414018E-15	3.170307E-15	1.384155E-15	4.301400E-16	1.103597E-16	2.506547E-17	5.234174E-18	
1.028143E-18	1.929653E-19	3.516074E-20	6.492190E-21	1.458363E-21	6.073293E-22	4.716688E-22	
4.503299E-22	4.420654E-22	4.308797E-22	4.150780E-22	3.953151E-22	3.725789E-22	3.478319E-22	
3.219345E-22	2.956236E-22	2.695088E-22	2.440762E-22	2.196973E-22	1.966418E-22	1.750906E-22	
1.551498E-22	1.368648E-22	1.202321E-22	1.052112E-22	9.173398E-23	7.971294E-23	6.904840E-23	
5.963382E-23	5.136027E-23	4.411972E-23	3.780759E-23	3.232442E-23	3.414018E-15	3.170307E-15	
1.384155E-15	4.301400E-16	1.103597E-16	2.506547E-17	5.234174E-18	1.028143E-18	1.929653E-19	
3.516074E-20	6.492189E-21	1.458362E-21	6.073277E-22	4.716671E-22	4.503281E-22	4.420635E-22	
4.308776E-22	4.150759E-22	3.953130E-22	3.725768E-22	3.478299E-22	3.219326E-22	2.956218E-22	
2.695071E-22	2.440745E-22	2.196958E-22	1.966404E-22	1.750892E-22	1.551486E-22	1.368637E-22	
1.202311E-22	1.052103E-22	9.173316E-23	7.971221E-23	6.904774E-23	5.963324E-23	5.135975E-23	
4.411927E-23	3.780719E-23	3.232407E-23	3.414018E-15	3.170307E-15	1.384155E-15	4.301400E-16	
