2.309620E-08	9.125901E-09	2.657399E-10	1.334883E-12	1.013458E-13	2.611680E-14	6.796315E-15	2.034437E-15	5.639632E-16	1.686175E-16	4.809963E-17	1.451261E-17	4.187782E-18	1.302577E-18	3.645630E-19	9.102374E-20	2.563125E-20	6.382884E-21	1.520031E-21	3.609565E-22	8.311469E-23	1.868952E-23	4.868168E-24	6.825856E-25	9.188652E-26	4.311598E-25	3.176648E-25	0.000000E+00	6.605732E-25	1.008934E-24	0.000000E+00	0.000000E+00	5.217337E-25	1.850857E-25	7.334766E-25	9.412815E-25	7.828529E-25	1.773006E-24	1.118794E-24	3.603971E-24	2.720144E-24	
2.310874E-08	9.131418E-09	2.659718E-10	1.346103E-12	1.034971E-13	2.667253E-14	6.940874E-15	2.077674E-15	5.759436E-16	1.721966E-16	4.912007E-17	1.482031E-17	4.276532E-18	1.330171E-18	3.722843E-19	9.294930E-20	2.617166E-20	6.517234E-21	1.550615E-21	3.678256E-22	8.375163E-23	1.710382E-23	3.026802E-24	8.724171E-26	3.485629E-25	0.000000E+00	0.000000E+00	1.338918E-25	0.000000E+00	0.000000E+00	0.000000E+00	0.000000E+00	2.790927E-25	1.099508E-24	1.247435E-24	1.063056E-24	3.281056E-24	1.223807E-25	0.000000E+00	1.201795E-24	0.000000E+00	
2.311031E-08	9.132111E-09	2.660008E-10	1.347505E-12	1.037659E-13	2.674197E-14	6.958937E-15	2.083077E-15	5.774405E-16	1.726438E-16	4.924758E-17	1.485876E-17	4.287620E-18	1.333618E-18	3.732493E-19	9.319099E-20	2.624008E-20	6.533773E-21	1.555651E-21	3.698766E-22	8.439868E-23	1.866771E-23	3.952130E-24	1.211690E-25	1.740795E-25	1.031148E-24	0.000000E+00	4.303520E-25	1.363152E-25	8.047643E-25	0.000000E+00	0.000000E+00	0.000000E+00	0.000000E+00	0.000000E+00	0.000000E+00	0.000000E+00	0.000000E+00	2.240415E-24	2.596854E-24	1.791282E-24	
2.311210E-08	9.132895E-09	2.660337E-10	1.349087E-12	1.040692E-13	2.682031E-14	6.979317E-15	2.089172E-15	5.791294E-16	1.731483E-16	4.939143E-17	1.490213E-17	4.300130E-18	1.337508E-18	3.743371E-19	9.346362E-20	2.631671E-20	6.554298E-21	1.558946E-21	3.708734E-22	8.537934E-23	1.874121E-23	4.179120E-24	1.745238E-24	1.636590E-24	0.000000E+00	0.000000E+00	1.378096E-24	2.096224E-25	1.655977E-26	1.175138E-24	1.031653E-24	1.269246E-25	0.000000E+00	2.210325E-25	2.896950E-25	2.045030E-24	1.572572E-24	2.379659E-24	2.228198E-24	3.491789E-24	
2.311411E-08	9.133782E-09	2.660708E-10	1.350874E-12	1.044116E-13	2.690877E-14	7.002327E-15	2.096054E-15	5.810363E-16	1.737180E-16	4.955385E-17	1.495111E-17	4.314259E-18	1.341901E-18	3.755672E-19	9.376999E-20	2.640475E-20	6.575639E-21	1.565949E-21	3.727749E-22	8.608979E-23	1.913946E-23	5.123431E-24	2.706512E-24	2.448422E-24	1.373047E-24	1.753316E-24	8.463657E-25	1.295903E-24	2.593219E-24	4.141962E-25	4.196488E-25	0.000000E+00	1.053363E-24	0.000000E+00	0.000000E+00	1.891247E-25	0.000000E+00	1.057604E-24	0.000000E+00	0.000000E+00	
2.311640E-08	9.134785E-09	2.661129E-10	1.352893E-12	1.047986E-13	2.700873E-14	7.028327E-15	2.103831E-15	5.831910E-16	1.743617E-16	4.973737E-17	1.500644E-17	4.330218E-18	1.346863E-18	3.769559E-19	9.411583E-20	2.650051E-20	6.597896E-21	1.569503E-21	3.719643E-22	8.427589E-23	1.793867E-23	1.887006E-24	0.000000E+00	0.000000E+00	0.000000E+00	0.000000E+00	0.000000E+00	0.000000E+00	9.433009E-25	4.503449E-25	0.000000E+00	0.000000E+00	1.252080E-24	5.918098E-25	4.766992E-25	0.000000E+00	3.288831E-24	0.000000E+00	2.212648E-24	3.380616E-25	
2.311898E-08	9.135923E-09	2.661605E-10	1.355177E-12	1.052362E-13	2.712177E-14	7.057733E-15	2.112626E-15	5.856279E-16	1.750897E-16	4.994493E-17	1.506903E-17	4.348268E-18	1.352474E-18	3.785254E-19	9.450699E-20	2.661089E-20	6.625851E-21	1.576960E-21	3.752387E-22	8.620773E-23	1.951347E-23	4.165388E-24	6.575440E-25	0.000000E+00	0.000000E+00	0.000000E+00	0.000000E+00	0.000000E+00	0.000000E+00	0.000000E+00	0.000000E+00	0.000000E+00	0.000000E+00	0.000000E+00	0.000000E+00	0.000000E+00	5.018418E-26	0.000000E+00	0.000000E+00	0.000000E+00	
2.312192E-08	9.137213E-09	2.662144E-10	1.357763E-12	1.057316E-13	2.724975E-14	7.091023E-15	2.122582E-15	5.883867E-16	1.759138E-16	5.017990E-17	1.513988E-17	4.368704E-18	1.358826E-18	3.803024E-19	9.495046E-20	2.673549E-20	6.657330E-21	1.584927E-21	3.776839E-22	8.720293E-23	1.962696E-23	3.711408E-24	6.018062E-25	0.000000E+00	0.000000E+00	0.000000E+00	0.000000E+00	0.000000E+00	0.000000E+00	9.451185E-26	0.000000E+00	0.000000E+00	0.000000E+00	2.308270E-25	0.000000E+00	0.000000E+00	0.000000E+00	4.158117E-25	0.000000E+00	0.000000E+00	
2.312526E-08	9.138680E-09	2.662757E-10	1.360693E-12	1.062931E-13	2.739480E-14	7.128753E-15	2.133867E-15	5.915134E-16	1.768479E-16	5.044621E-17	1.522018E-17	4.391866E-18	1.366031E-18	3.823201E-19	9.545572E-20	2.687908E-20	6.693623E-21	1.594502E-21	3.797676E-22	8.857739E-23	2.026633E-23	4.573323E-24	1.462510E-24	1.349621E-24	1.610942E-24	8.471735E-25	3.061538E-25	1.883169E-24	1.774319E-24	3.326090E-25	1.051141E-24	1.050334E-24	0.000000E+00	4.045026E-25	0.000000E+00	0.000000E+00	2.738420E-25	0.000000E+00	1.048112E-25	3.704541E-24	
2.312907E-08	9.140350E-09	2.663454E-10	1.364020E-12	1.069304E-13	2.755941E-14	7.171573E-15	2.146674E-15	5.950619E-16	1.779080E-16	5.074844E-17	1.531130E-17	4.418149E-18	1.374201E-18	3.846064E-19	9.602690E-20	2.704009E-20	6.734563E-21	1.602755E-21	3.816788E-22	8.905116E-23	2.091054E-23	5.335477E-24	2.998126E-24	1.787849E-24	1.984547E-24	1.946177E-24	1.211892E-24	2.358959E-24	2.513450E-24	2.415707E-24	1.069923E-24	1.275607E-24	1.085069E-24	1.059926E-24	9.714727E-25	5.428373E-25	1.460390E-24	3.481590E-25	0.000000E+00	2.026552E-24	
2.313341E-08	9.142254E-09	2.664248E-10	1.367802E-12	1.076546E-13	2.774649E-14	7.220237E-15	2.161228E-15	5.990946E-16	1.791127E-16	5.109191E-17	1.541487E-17	4.448018E-18	1.383484E-18	3.872013E-19	9.667183E-20	2.721983E-20	6.776942E-21	1.613067E-21	3.819333E-22	8.670897E-23	1.839144E-23	3.716254E-24	0.000000E+00	0.000000E+00	0.000000E+00	0.000000E+00	0.000000E+00	0.000000E+00	0.000000E+00	0.000000E+00	0.000000E+00	0.000000E+00	0.000000E+00	2.656631E-25	0.000000E+00	0.000000E+00	8.508086E-25	0.000000E+00	0.000000E+00	0.000000E+00	
2.313837E-08	9.144430E-09	2.665154E-10	1.372108E-12	1.084792E-13	2.795948E-14	7.275640E-15	2.177798E-15	6.036857E-16	1.804842E-16	5.148294E-17	1.553277E-17	4.482025E-18	1.394058E-18	3.901619E-19	9.741151E-20	2.742873E-20	6.830328E-21	1.625924E-21	3.851867E-22	8.797962E-23	1.783891E-23	4.055931E-24	6.975297E-25	1.452009E-25	0.000000E+00	0.000000E+00	0.000000E+00	4.614521E-25	1.496438E-25	0.000000E+00	0.000000E+00	0.000000E+00	1.182408E-25	2.728323E-25	0.000000E+00	1.581458E-24	1.698891E-24	2.356435E-24	1.314482E-24	0.000000E+00	
2.314406E-08	9.146923E-09	2.666191E-10	1.377020E-12	1.094196E-13	2.820241E-14	7.338831E-15	2.196697E-15	6.089222E-16	1.820485E-16	5.192892E-17	1.566724E-17	4.520809E-18	1.406116E-18	3.935345E-19	9.825320E-20	2.766525E-20	6.888616E-21	1.639361E-21	3.897757E-22	8.959400E-23	2.046424E-23	4.991356E-24	1.571158E-24	4.121767E-25	0.000000E+00	0.000000E+00	0.000000E+00	0.000000E+00	0.000000E+00	0.000000E+00	0.000000E+00	0.000000E+00	0.000000E+00	0.000000E+00	0.000000E+00	0.000000E+00	0.000000E+00	0.000000E+00	6.199816E-25	0.000000E+00	
2.315059E-08	9.149787E-09	2.667380E-10	1.382636E-12	1.104946E-13	2.848010E-14	7.411063E-15	2.218300E-15	6.149078E-16	1.838365E-16	5.243870E-17	1.582095E-17	4.565142E-18	1.419900E-18	3.973929E-19	9.921758E-20	2.793708E-20	6.957355E-21	1.656655E-21	3.940037E-22	9.172779E-23	2.091822E-23	4.797486E-24	1.466145E-24	1.107081E-24	7.247928E-25	6.119036E-25	3.041343E-25	0.000000E+00	0.000000E+00	0.000000E+00	0.000000E+00	0.000000E+00	0.000000E+00	0.000000E+00	1.177359E-24	2.217696E-24	3.978383E-26	0.000000E+00	8.933187E-25	0.000000E+00	
2.315813E-08	9.153088E-09	2.668749E-10	1.389074E-12	1.117266E-13	2.879831E-14	7.493836E-15	2.243055E-15	6.217668E-16	1.858854E-16	5.302285E-17	1.599707E-17	4.615942E-18	1.435692E-18	4.018105E-19	1.003185E-19	2.824712E-20	7.033778E-21	1.674124E-21	3.978056E-22	9.162560E-23	2.102283E-23	5.539040E-24	1.152721E-24	3.009031E-26	1.291864E-24	6.076627E-25	1.189476E-25	0.000000E+00	6.391667E-25	3.348304E-25	5.748461E-25	5.255707E-25	5.075973E-25	0.000000E+00	0.000000E+00	5.917088E-25	2.407932E-24	1.372441E-24	3.065678E-24	3.583877E-24	
2.316686E-08	9.156907E-09	2.670328E-10	1.396475E-12	1.131423E-13	2.916399E-14	7.588956E-15	2.271503E-15	6.296488E-16	1.882399E-16	5.369412E-17	1.619947E-17	4.674319E-18	1.453843E-18	4.068915E-19	1.015882E-19	2.860528E-20	7.122760E-21	1.695307E-21	4.032154E-22	9.242612E-23	2.074131E-23	4.854435E-24	1.713330E-24	2.530413E-25	1.105667E-24	6.022101E-25	7.575084E-25	0.000000E+00	0.000000E+00	0.000000E+00	9.241158E-25	8.393985E-25	1.147168E-24	8.041585E-25	1.098498E-24	2.966218E-24	2.293225E-24	1.443931E-26	1.689500E-24	4.492443E-24	
2.317701E-08	9.161342E-09	2.672159E-10	1.405011E-12	1.147745E-13	2.958561E-14	7.698627E-15	2.304301E-15	6.387363E-16	1.909545E-16	5.446804E-17	1.643281E-17	4.741617E-18	1.474764E-18	4.127427E-19	1.030467E-19	2.901509E-20	7.224758E-21	1.720531E-21	4.097149E-22	9.461888E-23	2.225229E-23	5.594778E-24	2.670162E-24	1.085675E-24	3.318012E-25	4.588267E-25	0.000000E+00	0.000000E+00	0.000000E+00	0.000000E+00	0.000000E+00	0.000000E+00	0.000000E+00	0.000000E+00	0.000000E+00	3.045382E-25	0.000000E+00	0.000000E+00	1.039327E-24	3.224611E-24	
2.318886E-08	9.166520E-09	2.674291E-10	1.414894E-12	1.166637E-13	3.007357E-14	7.825552E-15	2.342259E-15	6.492534E-16	1.940961E-16	5.536369E-17	1.670285E-17	4.819500E-18	1.498976E-18	4.195174E-19	1.047382E-19	2.949084E-20	7.343565E-21	1.746560E-21	4.156126E-22	9.541173E-23	2.111451E-23	4.696512E-24	6.894518E-25	1.176955E-24	5.553581E-25	5.369808E-25	4.969950E-25	4.095513E-25	0.000000E+00	1.464126E-25	1.311251E-24	1.669810E-24	3.298322E-24	3.524908E-24	3.412524E-24	1.400916E-24	1.886602E-24	2.553334E-24	7.382526E-24	2.973993E-24	
2.320280E-08	9.172598E-09	2.676785E-10	1.426388E-12	1.188596E-13	3.064077E-14	7.973091E-15	2.386381E-15	6.614782E-16	1.977477E-16	5.640475E-17	1.701673E-17	4.910027E-18	1.527119E-18	4.273916E-19	1.067044E-19	3.004544E-20	7.481978E-21	1.780896E-21	4.235682E-22	9.716101E-23	2.081482E-23	4.311194E-24	1.436661E-24	0.000000E+00	0.000000E+00	0.000000E+00	0.000000E+00	0.000000E+00	0.000000E+00	0.000000E+00	0.000000E+00	0.000000E+00	0.000000E+00	0.000000E+00	0.000000E+00	0.000000E+00	0.000000E+00	0.000000E+00	0.000000E+00	1.198564E-24	
2.321928E-08	9.179780E-09	2.679724E-10	1.439825E-12	1.214254E-13	3.130348E-14	8.145470E-15	2.437931E-15	6.757609E-16	2.020139E-16	5.762101E-17	1.738343E-17	5.015788E-18	1.560000E-18	4.365918E-19	1.089993E-19	3.069060E-20	7.641125E-21	1.818261E-21	4.328614E-22	9.848781E-23	2.247968E-23	5.247427E-24	5.387983E-25	0.000000E+00	6.745076E-25	0.000000E+00	0.000000E+00	0.000000E+00	0.000000E+00	3.988481E-25	0.000000E+00	0.000000E+00	0.000000E+00	4.786177E-25	5.324369E-25	0.000000E+00	0.000000E+00	1.644870E-25	4.583219E-25	0.000000E+00	
2.323894E-08	9.188334E-09	2.683209E-10	1.455629E-12	1.244411E-13	3.208240E-14	8.348076E-15	2.498518E-15	6.925475E-16	2.070280E-16	5.905046E-17	1.781439E-17	5.140083E-18	1.598639E-18	4.474030E-19	1.116973E-19	3.144965E-20	7.830777E-21	1.863623E-21	4.428502E-22	1.013991E-22	2.290216E-23	5.461492E-24	1.473415E-24	0.000000E+00	6.920771E-25	9.372425E-25	0.000000E+00	7.201480E-25	0.000000E+00	0.000000E+00	0.000000E+00	3.089810E-26	0.000000E+00	1.483008E-24	6.348248E-25	2.238396E-24	2.510622E-24	1.645879E-24	8.123374E-25	0.000000E+00	
2.326260E-08	9.198613E-09	2.687379E-10	1.474351E-12	1.280109E-13	3.300440E-14	8.587896E-15	2.570232E-15	7.124167E-16	2.129626E-16	6.074234E-17	1.832447E-17	5.287192E-18	1.644374E-18	4.601999E-19	1.148932E-19	3.235201E-20	8.057832E-21	1.918917E-21	4.585012E-22	1.067451E-22	2.526374E-23	6.536666E-24	8.178910E-25	3.437162E-25	1.475637E-24	8.094092E-25	2.134595E-25	0.000000E+00	0.000000E+00	0.000000E+00	9.043249E-25	0.000000E+00	0.000000E+00	0.000000E+00	0.000000E+00	0.000000E+00	0.000000E+00	0.000000E+00	0.000000E+00	0.000000E+00	
2.329139E-08	9.211102E-09	2.692420E-10	1.496717E-12	1.322718E-13	3.410489E-14	8.874143E-15	2.655826E-15	7.361314E-16	2.200456E-16	6.276157E-17	1.893321E-17	5.462756E-18	1.698949E-18	4.754680E-19	1.187006E-19	3.342172E-20	8.321998E-21	1.980081E-21	4.695607E-22	1.070278E-22	2.318691E-23	4.840299E-24	7.112622E-25	5.846406E-25	0.000000E+00	3.483610E-25	1.691520E-24	4.931580E-25	1.177157E-24	1.787243E-25	1.167060E-24	0.000000E+00	0.000000E+00	0.000000E+00	0.000000E+00	0.000000E+00	0.000000E+00	0.000000E+00	0.000000E+00	0.000000E+00	
2.332691E-08	9.226471E-09	2.698587E-10	1.523713E-12	1.374090E-13	3.543164E-14	9.219239E-15	2.759013E-15	7.647202E-16	2.285840E-16	6.519570E-17	1.966703E-17	5.674390E-18	1.764739E-18	4.938777E-19	1.232972E-19	3.471794E-20	8.645583E-21	2.056812E-21	4.898113E-22	1.121432E-22	2.528394E-23	5.723217E-24	1.190284E-24	4.384300E-25	8.265748E-25	1.133334E-24	9.356269E-25	4.281306E-26	3.463415E-25	0.000000E+00	1.710705E-24	1.009035E-24	0.000000E+00	6.033208E-25	1.820565E-24	0.000000E+00	1.468973E-24	3.832577E-24	6.958031E-24	1.686673E-24	
2.337141E-08	9.245685E-09	2.706244E-10	1.556699E-12	1.436781E-13	3.705068E-14	9.640358E-15	2.884926E-15	7.996052E-16	2.390025E-16	6.816573E-17	2.056237E-17	5.932601E-18	1.845005E-18	5.163356E-19	1.289022E-19	3.629527E-20	9.038692E-21	2.151583E-21	5.124986E-22	1.181224E-22	2.686035E-23	5.226828E-24	9.253275E-25	0.000000E+00	0.000000E+00	0.000000E+00	0.000000E+00	0.000000E+00	0.000000E+00	0.000000E+00	0.000000E+00	0.000000E+00	0.000000E+00	0.000000E+00	0.000000E+00	0.000000E+00	1.994745E-24	8.516164E-25	0.000000E+00	0.000000E+00	
2.342827E-08	9.270169E-09	2.715926E-10	1.597619E-12	1.514431E-13	3.905596E-14	1.016193E-14	3.040867E-15	8.428089E-16	2.519047E-16	7.184375E-17	2.167110E-17	6.252346E-18	1.944397E-18	5.441434E-19	1.358415E-19	3.824910E-20	9.523878E-21	2.267409E-21	5.393698E-22	1.241195E-22	2.791775E-23	6.624311E-24	1.630935E-24	7.760877E-25	5.341535E-25	1.323570E-24	3.697675E-25	1.148077E-24	1.594585E-24	2.063105E-24	4.304530E-25	1.293782E-24	0.000000E+00	8.402063E-25	5.200171E-26	1.782901E-24	2.470839E-25	0.000000E+00	0.000000E+00	0.000000E+00	
2.350269E-08	9.302116E-09	2.728444E-10	1.649349E-12	1.612409E-13	4.158609E-14	1.082002E-14	3.237607E-15	8.973157E-16	2.681814E-16	7.648364E-17	2.306971E-17	6.655683E-18	2.069768E-18	5.792201E-19	1.445930E-19	4.071196E-20	1.013704E-20	2.412219E-21	5.734547E-22	1.314971E-22	2.816736E-23	6.529395E-24	1.579640E-24	6.749115E-25	0.000000E+00	0.000000E+00	0.000000E+00	3.049421E-26	0.000000E+00	0.000000E+00	6.925820E-25	0.000000E+00	0.000000E+00	0.000000E+00	0.000000E+00	4.524654E-25	7.524597E-25	2.683894E-25	1.202603E-25	4.266867E-24	
2.360309E-08	9.345063E-09	2.745098E-10	1.716335E-12	1.738988E-13	4.485460E-14	1.167014E-14	3.491740E-15	9.677223E-16	2.892046E-16	8.247643E-17	2.487604E-17	7.176585E-18	2.231679E-18	6.245189E-19	1.558980E-19	4.389493E-20	1.092856E-20	2.601254E-21	6.183345E-22	1.418037E-22	3.101483E-23	6.482543E-24	7.314571E-25	1.785224E-25	2.120458E-26	0.000000E+00	0.000000E+00	6.522933E-25	3.572467E-25	8.726190E-25	1.631844E-24	5.495016E-25	0.000000E+00	0.000000E+00	0.000000E+00	0.000000E+00	0.000000E+00	0.000000E+00	0.000000E+00	0.000000E+00	
2.374389E-08	9.405054E-09	2.768084E-10	1.805839E-12	1.907635E-13	4.920905E-14	1.280270E-14	3.830270E-15	1.061510E-15	3.172066E-16	9.045835E-17	2.728177E-17	7.870318E-18	2.447299E-18	6.848434E-19	1.709496E-19	4.813252E-20	1.198337E-20	2.850612E-21	6.769314E-22	1.546101E-22	3.355655E-23	7.080715E-24	3.637494E-24	1.196948E-24	1.626896E-24	4.715495E-25	1.770280E-24	9.933841E-25	3.641130E-25	0.000000E+00	3.536116E-25	0.000000E+00	0.000000E+00	1.795725E-24	1.304688E-24	1.632753E-24	2.521023E-24	2.207700E-24	1.520167E-24	6.377631E-24	
2.395175E-08	9.493220E-09	2.801401E-10	1.930617E-12	2.141903E-13	5.525729E-14	1.437578E-14	4.300417E-15	1.191758E-15	3.560904E-16	1.015417E-16	3.062198E-17	8.833487E-18	2.746648E-18	7.685925E-19	1.918477E-19	5.401734E-20	1.344892E-20	3.200760E-21	7.617748E-22	1.748978E-22	3.974102E-23	8.344104E-24	2.568784E-24	1.646687E-24	5.129489E-26	3.431103E-25	4.277267E-25	8.378839E-25	0.000000E+00	8.716093E-25	8.528281E-25	1.961323E-24	1.161607E-24	2.854440E-24	0.000000E+00	1.525114E-24	0.000000E+00	0.000000E+00	5.076983E-25	0.000000E+00	
2.428091E-08	9.632142E-09	2.853084E-10	2.115344E-12	2.487165E-13	6.417002E-14	1.669385E-14	4.993099E-15	1.383656E-15	4.133696E-16	1.178679E-16	3.554165E-17	1.025204E-17	3.187492E-18	8.919215E-19	2.226203E-19	6.268141E-20	1.560596E-20	3.714068E-21	8.820956E-22	2.030627E-22	4.488909E-23	9.981097E-24	4.200123E-24	1.817132E-24	1.367998E-24	7.710390E-25	4.450943E-25	1.345178E-24	0.000000E+00	2.621290E-25	1.975257E-24	1.526932E-24	1.729183E-24	2.808395E-24	1.563787E-24	4.179524E-24	4.711860E-24	4.630172E-24	6.694488E-24	0.000000E+00	
2.485772E-08	9.874286E-09	2.941634E-10	2.414919E-12	3.043940E-13	7.854034E-14	2.043129E-14	6.109645E-15	1.692973E-15	5.056768E-16	1.441764E-16	4.346809E-17	1.253741E-17	3.897647E-18	1.090587E-18	2.721847E-19	7.663550E-20	1.907912E-20	4.539576E-21	1.079133E-21	2.476655E-22	5.520582E-23	1.173684E-23	3.184726E-24	0.000000E+00	0.000000E+00	1.413639E-25	0.000000E+00	0.000000E+00	0.000000E+00	0.000000E+00	0.000000E+00	0.000000E+00	0.000000E+00	0.000000E+00	0.000000E+00	0.000000E+00	0.000000E+00	0.000000E+00	0.000000E+00	6.765271E-26	
2.604253E-08	1.036900E-08	3.119411E-10	2.981259E-12	4.089565E-13	1.055202E-13	2.744799E-14	8.205024E-15	2.273436E-15	6.788370E-16	1.935241E-16	5.833192E-17	1.682252E-17	5.228958E-18	1.462998E-18	3.650910E-19	1.027916E-19	2.558933E-20	6.088473E-21	1.446702E-21	3.321005E-22	7.390948E-23	1.524185E-23	3.266717E-24	9.394639E-25	0.000000E+00	8.792833E-25	8.786775E-25	4.818489E-25	1.306606E-25	1.130305E-24	3.150395E-25	0.000000E+00	0.000000E+00	0.000000E+00	7.312551E-25	0.000000E+00	0.000000E+00	0.000000E+00	0.000000E+00	0.000000E+00	
2.836727E-08	1.133618E-08	3.462829E-10	4.028275E-12	6.012135E-13	1.550947E-13	4.033719E-14	1.205063E-14	3.338396E-15	9.962572E-16	2.839446E-16	8.554927E-17	2.466590E-17	7.664665E-18	2.144193E-18	5.349666E-19	1.506181E-19	3.749443E-20	8.921573E-21	2.120693E-21	4.868863E-22	1.081506E-22	2.443131E-23	5.781379E-24	3.147568E-24	1.838134E-24	1.712522E-25	4.210624E-25	6.500719E-25	2.142672E-24	4.362085E-26	0.000000E+00	0.000000E+00	0.000000E+00	0.000000E+00	0.000000E+00	0.000000E+00	1.484321E-24	0.000000E+00	1.297215E-24	2.667738E-25	
3.354426E-08	1.349115E-08	4.229713E-10	6.387993E-12	1.034680E-12	2.667657E-13	6.936172E-14	2.069940E-14	5.732587E-15	1.709009E-15	4.868713E-16	1.465760E-16	4.224323E-17	1.311978E-17	3.669374E-18	9.151415E-19	2.576387E-19	6.412430E-20	1.525589E-20	3.625529E-21	8.320064E-22	1.843926E-22	3.933187E-23	8.945506E-24	2.001309E-24	1.019839E-24	1.143028E-25	1.376076E-24	0.000000E+00	0.000000E+00	0.000000E+00	3.703734E-25	4.830606E-25	0.000000E+00	4.055124E-25	1.181802E-24	3.025490E-24	0.000000E+00	2.810516E-24	4.587965E-24	9.823376E-24	
4.568471E-08	1.858873E-08	6.098518E-10	1.278167E-11	2.221422E-12	5.720636E-13	1.486751E-13	4.428463E-14	1.225808E-14	3.647874E-15	1.038436E-15	3.122033E-16	8.991006E-17	2.789825E-17	7.799365E-18	1.943855E-18	5.471964E-19	1.361566E-19	3.238774E-20	7.699138E-21	1.766745E-21	3.915392E-22	8.403396E-23	1.946217E-23	5.296299E-24	1.480282E-24	1.453625E-24	3.208152E-24	4.127825E-24	4.453770E-24	5.820153E-24	5.905375E-24	6.103890E-24	4.918453E-24	6.479918E-24	7.728161E-24	4.337448E-24	1.831672E-24	2.360171E-24	1.106455E-23	9.162399E-24	
7.592952E-08	3.161597E-08	1.127994E-09	3.514734E-11	6.453077E-12	1.658190E-12	4.307086E-13	1.278619E-13	3.536997E-14	1.049270E-14	2.983546E-15	8.948626E-16	2.574021E-16	7.974184E-17	2.227779E-17	5.546152E-18	1.560971E-18	3.882233E-19	9.230793E-20	2.193389E-20	5.032030E-21	1.109118E-21	2.380600E-22	5.191447E-23	9.524694E-24	2.138230E-24	0.000000E+00	1.672133E-24	0.000000E+00	5.172302E-24	2.037255E-24	2.350275E-24	0.000000E+00	0.000000E+00	0.000000E+00	0.000000E+00	8.554534E-25	0.000000E+00	0.000000E+00	0.000000E+00	0.000000E+00	
1.450578E-07	6.326180E-08	2.617422E-09	1.242103E-10	2.364320E-11	6.059621E-12	1.575108E-12	4.655136E-13	1.288941E-13	3.808682E-14	1.082890E-14	3.238759E-15	9.310578E-16	2.879204E-16	8.040605E-17	1.999935E-17	5.628303E-18	1.399358E-18	3.327171E-19	7.904933E-20	1.812511E-20	3.988665E-21	8.520607E-22	1.698273E-22	3.113560E-23	3.268333E-24	0.000000E+00	4.184371E-25	1.066288E-25	8.724978E-24	6.980144E-24	3.566409E-24	0.000000E+00	0.000000E+00	0.000000E+00	0.000000E+00	0.000000E+00	1.945732E-23	1.269326E-23	3.373952E-23	2.016576E-23	
2.689538E-07	1.278621E-07	6.623324E-09	4.552320E-10	8.834605E-11	2.256245E-11	5.880756E-12	1.726499E-12	4.796572E-13	1.409430E-13	4.013169E-14	1.195681E-14	3.437989E-15	1.060720E-15	2.962217E-16	7.362906E-17	2.072139E-17	5.151413E-18	1.225255E-18	2.911091E-19	6.676256E-20	1.469609E-20	3.120759E-21	6.475758E-22	1.261515E-22	1.885390E-23	0.000000E+00	9.331631E-24	0.000000E+00	0.000000E+00	0.000000E+00	3.336187E-24	1.567120E-25	1.994765E-23	1.128003E-23	1.458391E-23	3.959319E-23	3.408889E-24	2.908945E-23	0.000000E+00	0.000000E+00	
4.272198E-07	2.328166E-07	1.583035E-08	1.433333E-09	2.809492E-10	7.151699E-11	1.876625E-11	5.467894E-12	1.531600E-12	4.475140E-13	1.280891E-13	3.803397E-14	1.096604E-14	3.377577E-15	9.445274E-16	2.349657E-16	6.615566E-17	1.645918E-17	3.920394E-18	9.317564E-19	2.138757E-19	4.712486E-20	1.000868E-20	2.069535E-21	4.264504E-22	6.726659E-23	1.315088E-24	0.000000E+00	2.752960E-24	1.765191E-23	0.000000E+00	0.000000E+00	1.496680E-23	0.000000E+00	1.883451E-23	1.554356E-23	0.000000E+00	1.166454E-23	0.000000E+00	0.000000E+00	1.024912E-22	
5.495642E-07	3.487271E-07	2.998377E-08	3.218940E-09	6.349261E-10	1.613041E-10	4.271822E-11	1.236953E-11	3.503309E-12	1.019722E-12	2.941440E-13	8.719181E-14	2.525845E-14	7.776163E-15	2.180043E-15	5.436025E-16	1.531784E-16	3.816998E-17	9.112424E-18	2.167221E-18	4.980833E-19	1.098382E-19	2.337107E-20	4.805060E-21	9.449117E-22	1.659014E-22	2.191382E-23	9.719372E-24	0.000000E+00	9.402717E-24	0.000000E+00	0.000000E+00	1.310241E-23	7.031035E-24	0.000000E+00	0.000000E+00	0.000000E+00	2.881884E-23	0.000000E+00	1.026996E-22	1.242516E-22	
6.082736E-07	4.330993E-07	4.323881E-08	5.089063E-09	1.008588E-09	2.560587E-10	6.833897E-11	1.971856E-11	5.635912E-12	1.637866E-12	4.756150E-13	1.409483E-13	4.100669E-14	1.262909E-14	3.548857E-15	8.871312E-16	2.501686E-16	6.243507E-17	1.493601E-17	3.554750E-18	8.178896E-19	1.805988E-19	3.843959E-20	7.916791E-21	1.578920E-21	3.188070E-22	4.319434E-23	0.000000E+00	0.000000E+00	0.000000E+00	0.000000E+00	0.000000E+00	0.000000E+00	0.000000E+00	0.000000E+00	0.000000E+00	0.000000E+00	0.000000E+00	0.000000E+00	0.000000E+00	0.000000E+00	
6.341257E-07	4.904222E-07	5.397250E-08	6.717283E-09	1.336381E-09	3.392082E-10	9.105353E-11	2.621814E-11	7.543901E-12	2.190940E-12	6.393777E-13	1.895137E-13	5.531545E-14	1.704428E-14	4.798167E-15	1.201859E-15	3.391170E-16	8.473813E-17	2.030371E-17	4.835022E-18	1.113467E-18	2.460705E-19	5.244399E-20	1.079245E-20	2.205018E-21	4.508070E-22	1.112816E-22	2.875099E-23	2.115127E-23	4.580513E-23	7.705058E-23	6.671729E-23	1.305394E-23	5.008320E-23	9.858313E-24	0.000000E+00	1.213306E-23	0.000000E+00	6.259754E-23	0.000000E+00	0.000000E+00	
6.453274E-07	5.306154E-07	6.252637E-08	8.083636E-09	1.613849E-09	4.097932E-10	1.105260E-10	3.179894E-11	9.199820E-12	2.672616E-12	7.832152E-13	2.323200E-13	6.800346E-14	2.097040E-14	5.912845E-15	1.483881E-15	4.189040E-16	1.047907E-16	2.514248E-17	5.990348E-18	1.380544E-18	3.052791E-19	6.511959E-20	1.346173E-20	2.721243E-21	5.672133E-22	1.230043E-22	5.021891E-23	4.546908E-23	1.465014E-23	2.902241E-23	0.000000E+00	8.446290E-24	7.762896E-23	4.764690E-23	7.777113E-23	4.150443E-23	3.997286E-23	1.410408E-22	2.023717E-22	9.690292E-24	
6.496340E-07	5.609504E-07	6.967852E-08	9.271527E-09	1.856746E-09	4.716888E-10	1.277197E-10	3.673005E-11	1.067380E-11	3.102253E-12	9.122443E-13	2.707999E-13	7.945454E-14	2.451981E-14	6.922840E-15	1.740169E-15	4.914587E-16	1.230554E-16	2.955812E-17	7.045456E-18	1.624674E-18	3.594353E-19	7.665838E-20	1.581483E-20	3.158602E-21	6.093995E-22	1.187715E-22	0.000000E+00	0.000000E+00	0.000000E+00	0.000000E+00	0.000000E+00	0.000000E+00	0.000000E+00	0.000000E+00	0.000000E+00	0.000000E+00	0.000000E+00	0.000000E+00	0.000000E+00	0.000000E+00	
6.501862E-07	5.856293E-07	7.604119E-08	1.036314E-08	2.081354E-09	5.290085E-10	1.437330E-10	4.132583E-11	1.205573E-11	3.505785E-12	1.033986E-12	3.071704E-13	9.031238E-14	2.789004E-14	7.883594E-15	1.984554E-15	5.606804E-16	1.405045E-16	3.378329E-17	8.055822E-18	1.858714E-18	4.114391E-19	8.784677E-20	1.814496E-20	3.617325E-21	6.554760E-22	1.305782E-22	3.634425E-23	6.442961E-24	8.116710E-24	6.045527E-23	0.000000E+00	0.000000E+00	0.000000E+00	0.000000E+00	8.831446E-23	1.222676E-23	1.416224E-23	0.000000E+00	9.115143E-24	1.033330E-22	
6.482509E-07	6.068582E-07	8.199435E-08	1.141504E-08	2.299228E-09	5.847263E-10	1.593878E-10	4.582581E-11	1.341680E-11	3.904229E-12	1.154742E-12	3.433274E-13	1.011417E-13	3.125713E-14	8.845226E-15	2.229778E-15	6.301760E-16	1.580464E-16	3.803724E-17	9.073651E-18	2.094607E-18	4.638500E-19	9.902493E-20	2.039044E-20	4.104199E-21	7.632680E-22	1.369242E-22	3.193046E-23	0.000000E+00	0.000000E+00	0.000000E+00	0.000000E+00	0.000000E+00	0.000000E+00	0.000000E+00	0.000000E+00	0.000000E+00	0.000000E+00	0.000000E+00	0.000000E+00	0.000000E+00	
6.443246E-07	6.256756E-07	8.773671E-08	1.245850E-08	2.516775E-09	6.404718E-10	1.751331E-10	5.035875E-11	1.479514E-11	4.308687E-12	1.277827E-12	3.802575E-13	1.122350E-13	3.471161E-14	9.833475E-15	2.482374E-15	7.017939E-16	1.761466E-16	4.243289E-17	1.012614E-17	2.338806E-18	5.181933E-19	1.107005E-19	2.285801E-20	4.600727E-21	8.738646E-22	1.641566E-22	1.819797E-23	0.000000E+00	7.690195E-24	3.447663E-23	5.198959E-23	5.266168E-23	6.963181E-23	4.887474E-23	0.000000E+00	0.000000E+00	0.000000E+00	0.000000E+00	0.000000E+00	0.000000E+00	
6.386324E-07	6.425770E-07	9.337208E-08	1.351122E-08	2.737779E-09	6.972279E-10	1.912483E-10	5.500660E-11	1.621581E-11	4.726640E-12	1.405532E-12	4.186568E-13	1.238029E-13	3.831966E-14	1.086736E-14	2.747250E-15	7.769266E-16	1.951588E-16	4.705643E-17	1.123385E-17	2.595970E-18	5.754314E-19	1.229297E-19	2.537131E-20	5.038331E-21	9.563242E-22	1.703734E-22	1.048193E-23	0.000000E+00	0.000000E+00	0.000000E+00	0.000000E+00	0.000000E+00	4.362085E-24	5.483303E-23	2.330323E-23	6.807115E-23	8.233355E-23	9.747807E-23	8.268898E-23	5.309466E-23	
6.312928E-07	6.577581E-07	9.894383E-08	1.458160E-08	2.964156E-09	7.555070E-10	2.078847E-10	5.981489E-11	1.769318E-11	5.162498E-12	1.539246E-12	4.589552E-13	1.359781E-13	4.212344E-14	1.195914E-14	3.027620E-15	8.564885E-16	2.153171E-16	5.196555E-17	1.241070E-17	2.869411E-18	6.363481E-19	1.360036E-19	2.808908E-20	5.631342E-21	1.112972E-21	2.074285E-22	3.066384E-23	0.000000E+00	2.933906E-24	4.988287E-23	0.000000E+00	0.000000E+00	0.000000E+00	0.000000E+00	0.000000E+00	0.000000E+00	0.000000E+00	3.787906E-23	0.000000E+00	0.000000E+00	
6.223938E-07	6.712552E-07	1.044574E-07	1.567168E-08	3.196549E-09	8.154990E-10	2.251046E-10	6.480394E-11	1.923417E-11	5.618525E-12	1.679715E-12	5.013933E-13	1.488372E-13	4.614798E-14	1.311623E-14	3.325481E-15	9.410495E-16	2.367697E-16	5.719732E-17	1.366585E-17	3.161379E-18	7.015126E-19	1.501060E-19	3.108781E-20	6.322477E-21	1.268520E-21	2.804789E-22	1.018078E-22	3.833465E-23	1.162577E-23	2.502868E-23	1.449505E-23	0.000000E+00	0.000000E+00	2.405932E-23	0.000000E+00	0.000000E+00	0.000000E+00	0.000000E+00	0.000000E+00	0.000000E+00	
6.120254E-07	6.830256E-07	1.098944E-07	1.677922E-08	3.434711E-09	8.771692E-10	2.429076E-10	6.997621E-11	2.084031E-11	6.095423E-12	1.827219E-12	5.460727E-13	1.624156E-13	5.040551E-14	1.434238E-14	3.641911E-15	1.030919E-15	2.595988E-16	6.277276E-17	1.500430E-17	3.472796E-18	7.708678E-19	1.649502E-19	3.408532E-20	6.763429E-21	1.257715E-21	2.382409E-22	1.260804E-23	3.275764E-23	1.605247E-23	5.595748E-23	4.780845E-23	1.138666E-22	6.521156E-23	1.027837E-22	6.396433E-23	6.857521E-23	7.296961E-23	4.119747E-23	3.091555E-22	0.000000E+00	
6.002833E-07	6.928504E-07	1.151736E-07	1.788766E-08	3.674703E-09	9.393489E-10	2.609157E-10	7.520804E-11	2.246973E-11	6.579612E-12	1.977282E-12	5.915580E-13	1.762590E-13	5.474826E-14	1.559426E-14	3.965475E-15	1.122840E-15	2.829706E-16	6.848725E-17	1.637686E-17	3.792490E-18	8.422547E-19	1.802684E-19	3.729200E-20	7.456762E-21	1.416017E-21	2.616217E-22	5.717886E-23	0.000000E+00	0.000000E+00	0.000000E+00	0.000000E+00	1.802995E-23	0.000000E+00	3.101927E-25	0.000000E+00	6.779004E-23	4.321372E-23	1.401360E-23	0.000000E+00	1.379776E-22	
5.873263E-07	7.010117E-07	1.203709E-07	1.901691E-08	3.922599E-09	1.004086E-09	2.798532E-10	8.075404E-11	2.421274E-11	7.101676E-12	2.140258E-12	6.412468E-13	1.914609E-13	5.953658E-14	1.697852E-14	4.324706E-15	1.224953E-15	3.089841E-16	7.485998E-17	1.790913E-17	4.149802E-18	9.221647E-19	1.975024E-19	4.088800E-20	8.183091E-21	1.553872E-21	2.784109E-22	3.859961E-23	0.000000E+00	0.000000E+00	0.000000E+00	0.000000E+00	0.000000E+00	0.000000E+00	0.000000E+00	0.000000E+00	0.000000E+00	0.000000E+00	0.000000E+00	0.000000E+00	0.000000E+00	
5.732707E-07	7.072832E-07	1.253923E-07	2.014742E-08	4.173862E-09	1.070074E-09	2.993080E-10	8.648217E-11	2.602536E-11	7.647559E-12	2.311565E-12	6.936827E-13	2.075640E-13	6.462260E-14	1.845194E-14	4.708280E-15	1.334031E-15	3.368153E-16	8.168919E-17	1.955239E-17	4.533168E-18	1.007788E-18	2.158518E-19	4.471747E-20	8.971071E-21	1.757849E-21	3.512803E-22	7.905391E-23	2.476372E-23	0.000000E+00	0.000000E+00	0.000000E+00	9.157148E-24	1.182610E-23	2.137099E-23	0.000000E+00	0.000000E+00	0.000000E+00	0.000000E+00	1.156857E-22	0.000000E+00	
5.608483E-07	7.145855E-07	1.306704E-07	2.133803E-08	4.438836E-09	1.139489E-09	3.197314E-10	9.247938E-11	2.791937E-11	8.216820E-12	2.489924E-12	7.481986E-13	2.242897E-13	6.990005E-14	1.998040E-14	5.106184E-15	1.447184E-15	3.656925E-16	8.877807E-17	2.125870E-17	4.931623E-18	1.097016E-18	2.351103E-19	4.877243E-20	9.797618E-21	1.909236E-21	3.562176E-22	7.667577E-23	0.000000E+00	0.000000E+00	0.000000E+00	0.000000E+00	0.000000E+00	0.000000E+00	3.929108E-23	3.078663E-23	4.290676E-23	8.849540E-23	1.133044E-22	4.095513E-23	1.443075E-22	
5.558946E-07	7.310644E-07	1.378221E-07	2.286985E-08	4.778888E-09	1.228748E-09	3.459488E-10	1.002017E-10	3.035411E-11	8.950116E-12	2.719532E-12	8.184705E-13	2.458472E-13	7.670804E-14	2.195205E-14	5.619537E-15	1.593145E-15	4.029409E-16	9.792028E-17	2.345922E-17	5.445263E-18	1.211839E-18	2.598517E-19	5.385454E-20	1.076145E-20	2.053476E-21	3.492641E-22	9.391731E-23	8.918041E-25	0.000000E+00	0.000000E+00	0.000000E+00	0.000000E+00	6.904373E-23	3.898089E-23	4.254810E-23	0.000000E+00	0.000000E+00	0.000000E+00	0.000000E+00	0.000000E+00	
5.496267E-07	7.454986E-07	1.447890E-07	2.440581E-08	5.123534E-09	1.319617E-09	3.728012E-10	1.081438E-10	3.287123E-11	9.711446E-12	2.958867E-12	8.919417E-13	2.684515E-13	8.386161E-14	2.402726E-14	6.161266E-15	1.747224E-15	4.423135E-16	1.075979E-16	2.579044E-17	5.990011E-18	1.333886E-18	2.861902E-19	5.936568E-20	1.189099E-20	2.339616E-21	4.482414E-22	8.221400E-23	2.431782E-23	7.276604E-24	3.435384E-23	0.000000E+00	4.753704E-23	3.322940E-23	1.030034E-22	6.614860E-23	1.182610E-22	1.744026E-22	0.000000E+00	0.000000E+00	1.812656E-22	
5.421398E-07	7.577523E-07	1.514952E-07	2.592991E-08	5.469418E-09	1.411246E-09	4.000461E-10	1.162371E-10	3.544961E-11	1.049471E-11	3.206066E-12	9.680604E-13	2.919375E-13	9.130992E-14	2.619157E-14	6.727735E-15	1.908389E-15	4.835520E-16	1.177489E-16	2.823761E-17	6.562294E-18	1.462039E-18	3.138271E-19	6.513874E-20	1.312466E-20	2.526313E-21	5.012327E-22	8.750666E-23	0.000000E+00	0.000000E+00	4.037675E-23	6.941209E-23	6.404187E-24	0.000000E+00	0.000000E+00	8.430780E-23	2.624360E-23	6.143109E-23	7.981000E-23	1.301194E-22	2.160719E-22	
5.335836E-07	7.676095E-07	1.578043E-07	2.740832E-08	5.807921E-09	1.501072E-09	4.268395E-10	1.242061E-10	3.799467E-11	1.126918E-11	3.450918E-12	1.043548E-12	3.152604E-13	9.871244E-14	2.834463E-14	7.292223E-15	2.069028E-15	5.246973E-16	1.278890E-16	3.068378E-17	7.134804E-18	1.590453E-18	3.415973E-19	7.093711E-20	1.424346E-20	2.784109E-21	5.248332E-22	1.335380E-22	4.079681E-23	4.182432E-23	6.068145E-23	0.000000E+00	3.549768E-23	2.329677E-23	0.000000E+00	0.000000E+00	0.000000E+00	0.000000E+00	0.000000E+00	0.000000E+00	0.000000E+00	
5.239916E-07	7.753553E-07	1.638200E-07	2.887066E-08	6.148643E-09	1.592426E-09	4.543961E-10	1.324817E-10	4.066219E-11	1.208794E-11	3.711587E-12	1.124386E-12	3.403603E-13	1.067112E-13	3.067724E-14	7.906196E-15	2.243809E-15	5.695462E-16	1.389618E-16	3.335758E-17	7.761133E-18	1.730952E-18	3.718386E-19	7.717070E-20	1.543407E-20	2.910706E-21	5.019952E-22	4.867441E-23	0.000000E+00	0.000000E+00	0.000000E+00	0.000000E+00	0.000000E+00	0.000000E+00	0.000000E+00	0.000000E+00	0.000000E+00	7.188717E-23	0.000000E+00	2.455692E-25	1.633714E-22	
5.135784E-07	7.807120E-07	1.693428E-07	3.026301E-08	6.476814E-09	1.680718E-09	4.811515E-10	1.405392E-10	4.326854E-11	1.289030E-11	3.967675E-12	1.203962E-12	3.651155E-13	1.146106E-13	3.298371E-14	8.514578E-15	2.417040E-15	6.140495E-16	1.499641E-16	3.601642E-17	8.384675E-18	1.871100E-18	4.021833E-19	8.355292E-20	1.682160E-20	3.227491E-21	5.927912E-22	1.249560E-22	3.618915E-25	0.000000E+00	0.000000E+00	0.000000E+00	0.000000E+00	5.557620E-25	3.205971E-23	0.000000E+00	0.000000E+00	0.000000E+00	0.000000E+00	1.988045E-22	2.397822E-22	
5.024542E-07	7.838209E-07	1.743778E-07	3.158552E-08	6.793123E-09	1.766342E-09	5.072807E-10	1.484498E-10	4.584112E-11	1.368613E-11	4.222672E-12	1.283458E-12	3.899150E-13	1.225415E-13	3.530319E-14	9.128035E-15	2.591760E-15	6.589970E-16	1.610926E-16	3.870810E-17	9.016494E-18	2.013148E-18	4.329342E-19	9.000123E-20	1.813391E-20	3.513928E-21	6.689565E-22	1.586765E-22	3.664798E-23	4.323311E-24	0.000000E+00	4.853224E-23	6.145693E-23	2.283148E-23	0.000000E+00	0.000000E+00	0.000000E+00	0.000000E+00	0.000000E+00	0.000000E+00	1.500977E-22	
4.907592E-07	7.847672E-07	1.788917E-07	3.282651E-08	7.094597E-09	1.848474E-09	5.325223E-10	1.561327E-10	4.835292E-11	1.446696E-11	4.473812E-12	1.362002E-12	4.144852E-13	1.304158E-13	3.760986E-14	9.739731E-15	2.766021E-15	7.038877E-16	1.722236E-16	4.140266E-17	9.649536E-18	2.155594E-18	4.638185E-19	9.649777E-20	1.943315E-20	3.805005E-21	7.636557E-22	1.644926E-22	3.589835E-23	0.000000E+00	5.350825E-24	6.707272E-23	8.806889E-23	2.521608E-23	1.868265E-23	4.230253E-23	6.663974E-23	1.299708E-22	6.612598E-23	0.000000E+00	0.000000E+00	
4.786308E-07	7.836731E-07	1.828641E-07	3.397667E-08	7.378730E-09	1.926401E-09	5.566455E-10	1.635154E-10	5.077935E-11	1.522497E-11	4.718520E-12	1.438779E-12	4.385669E-13	1.381500E-13	3.987906E-14	1.034309E-14	2.937949E-15	7.482380E-16	1.832369E-16	4.407115E-17	1.027718E-17	2.296944E-18	4.944872E-19	1.029084E-19	2.078605E-20	4.035336E-21	7.374961E-22	1.178474E-22	3.282873E-24	1.486340E-23	0.000000E+00	0.000000E+00	5.143383E-23	6.078485E-23	5.279739E-24	1.634974E-23	7.254632E-23	2.302858E-23	7.816211E-23	2.215745E-22	2.639999E-22	
4.662027E-07	7.806908E-07	1.862865E-07	3.502892E-08	7.643425E-09	1.999506E-09	5.794440E-10	1.705315E-10	5.309742E-11	1.595271E-11	4.954308E-12	1.512991E-12	4.619053E-13	1.456609E-13	4.208623E-14	1.093151E-14	3.105662E-15	7.915603E-16	1.940110E-16	4.668400E-17	1.089224E-17	2.435635E-18	5.244808E-19	1.091703E-19	2.196397E-20	4.223881E-21	7.649870E-22	4.045430E-23	1.664701E-23	0.000000E+00	5.712716E-24	2.042748E-23	4.571465E-23	5.023184E-23	5.566021E-23	0.000000E+00	0.000000E+00	0.000000E+00	0.000000E+00	0.000000E+00	0.000000E+00	
4.537320E-07	7.762171E-07	1.892155E-07	3.598870E-08	7.889284E-09	2.067867E-09	6.009103E-10	1.771723E-10	5.530183E-11	1.664794E-11	5.180299E-12	1.584326E-12	4.843920E-13	1.529112E-13	4.421995E-14	1.150176E-14	3.268233E-15	8.336091E-16	2.044834E-16	4.922583E-17	1.149115E-17	2.570719E-18	5.538041E-19	1.152729E-19	2.321758E-20	4.497523E-21	8.313811E-22	1.507278E-22	0.000000E+00	0.000000E+00	0.000000E+00	1.372603E-23	0.000000E+00	0.000000E+00	0.000000E+00	0.000000E+00	0.000000E+00	0.000000E+00	0.000000E+00	0.000000E+00	5.734042E-23	
4.412808E-07	7.703567E-07	1.916454E-07	3.685016E-08	8.114420E-09	2.130905E-09	6.208445E-10	1.833713E-10	5.736926E-11	1.730296E-11	5.393894E-12	1.651942E-12	5.057553E-13	1.598120E-13	4.625371E-14	1.204666E-14	3.423615E-15	8.738520E-16	2.145206E-16	5.166425E-17	1.206632E-17	2.700654E-18	5.820664E-19	1.212143E-19	2.443123E-20	4.743351E-21	8.583291E-22	1.699081E-22	2.699323E-23	0.000000E+00	0.000000E+00	0.000000E+00	1.021051E-23	0.000000E+00	5.512383E-24	0.000000E+00	0.000000E+00	0.000000E+00	0.000000E+00	0.000000E+00	0.000000E+00	
4.291737E-07	7.629490E-07	1.933033E-07	3.752095E-08	8.289733E-09	2.178972E-09	6.357802E-10	1.879267E-10	5.886702E-11	1.777158E-11	5.545133E-12	1.699444E-12	5.206714E-13	1.646013E-13	4.766263E-14	1.242369E-14	3.531243E-15	9.017456E-16	2.214874E-16	5.335814E-17	1.246648E-17	2.791159E-18	6.017425E-19	1.254143E-19	2.526649E-20	4.907598E-21	8.839459E-22	2.076676E-22	9.009160E-23	4.033152E-23	0.000000E+00	0.000000E+00	0.000000E+00	0.000000E+00	0.000000E+00	0.000000E+00	0.000000E+00	0.000000E+00	0.000000E+00	8.801719E-24	0.000000E+00	
4.170641E-07	7.548278E-07	1.947561E-07	3.817083E-08	8.466938E-09	2.229076E-09	6.517856E-10	1.929359E-10	6.054770E-11	1.830745E-11	5.720555E-12	1.755194E-12	5.383394E-13	1.703211E-13	4.935218E-14	1.287829E-14	3.660973E-15	9.354294E-16	2.299127E-16	5.540853E-17	1.295113E-17	2.900841E-18	6.256259E-19	1.304609E-19	2.635969E-20	5.206999E-21	1.050338E-21	2.468811E-22	6.671729E-23	6.438438E-23	1.338999E-23	4.393751E-23	0.000000E+00	0.000000E+00	6.360243E-23	6.297882E-23	2.444706E-23	0.000000E+00	0.000000E+00	0.000000E+00	0.000000E+00	
4.054234E-07	7.459960E-07	1.957495E-07	3.870615E-08	8.615277E-09	2.270796E-09	6.650614E-10	1.970682E-10	6.192901E-11	1.874680E-11	5.863988E-12	1.800710E-12	5.527460E-13	1.749782E-13	5.072812E-14	1.324895E-14	3.766825E-15	9.629471E-16	2.368068E-16	5.708798E-17	1.334862E-17	2.990866E-18	6.452216E-19	1.345124E-19	2.711152E-20	5.231297E-21	9.576942E-22	1.289045E-22	0.000000E+00	0.000000E+00	0.000000E+00	0.000000E+00	0.000000E+00	0.000000E+00	0.000000E+00	0.000000E+00	0.000000E+00	2.729050E-23	0.000000E+00	0.000000E+00	0.000000E+00	
3.943693E-07	7.371415E-07	1.965657E-07	3.919865E-08	8.754598E-09	2.310314E-09	6.777250E-10	2.010355E-10	6.326111E-11	1.917264E-11	6.003441E-12	1.845100E-12	5.668269E-13	1.795390E-13	5.207728E-14	1.361315E-14	3.870846E-15	9.900162E-16	2.435956E-16	5.874285E-17	1.374056E-17	3.079778E-18	6.646334E-19	1.386445E-19	2.796849E-20	5.487620E-21	1.045466E-21	2.006818E-22	9.187521E-23	7.270788E-23	1.702829E-23	1.338999E-23	0.000000E+00	0.000000E+00	0.000000E+00	1.153206E-23	0.000000E+00	0.000000E+00	0.000000E+00	6.852674E-23	1.718371E-22	
3.841912E-07	7.287025E-07	1.972670E-07	3.964976E-08	8.882621E-09	2.346436E-09	6.892363E-10	2.046251E-10	6.446084E-11	1.955517E-11	6.128329E-12	1.884792E-12	5.793973E-13	1.836050E-13	5.327978E-14	1.393784E-14	3.963629E-15	1.014175E-15	2.496594E-16	6.022184E-17	1.409120E-17	3.159355E-18	6.819996E-19	1.423049E-19	2.867462E-20	5.586765E-21	1.054048E-21	1.663732E-22	2.489297E-23	8.956815E-24	2.649563E-25	0.000000E+00	0.000000E+00	0.000000E+00	0.000000E+00	8.543225E-24	0.000000E+00	5.181511E-23	2.381699E-23	0.000000E+00	0.000000E+00	
3.750920E-07	7.211657E-07	1.979887E-07	4.008494E-08	9.004547E-09	2.380432E-09	6.999351E-10	2.079285E-10	6.555421E-11	1.990145E-11	6.240636E-12	1.920336E-12	5.906104E-13	1.872204E-13	5.434755E-14	1.422579E-14	4.045951E-15	1.035609E-15	2.550405E-16	6.153455E-17	1.440245E-17	3.229977E-18	6.974449E-19	1.455894E-19	2.938186E-20	5.702945E-21	1.112054E-21	1.737661E-22	1.726093E-23	0.000000E+00	1.083736E-23	2.221755E-23	0.000000E+00	5.796727E-23	5.602856E-24	0.000000E+00	0.000000E+00	0.000000E+00	0.000000E+00	1.362554E-22	1.990565E-22	
3.672599E-07	7.149985E-07	1.988656E-07	4.053011E-08	9.125661E-09	2.413577E-09	7.101583E-10	2.110350E-10	6.656611E-11	2.021803E-11	6.342167E-12	1.952220E-12	6.005969E-13	1.904215E-13	5.529016E-14	1.447909E-14	4.118402E-15	1.054455E-15	2.597689E-16	6.268761E-17	1.467601E-17	3.292174E-18	7.110054E-19	1.484493E-19	3.000733E-20	5.845401E-21	1.125392E-21	2.156680E-22	1.171624E-23	4.678740E-24	2.351002E-23	0.000000E+00	0.000000E+00	3.088356E-23	0.000000E+00	0.000000E+00	0.000000E+00	0.000000E+00	0.000000E+00	0.000000E+00	0.000000E+00	
3.608779E-07	7.106629E-07	2.000354E-07	4.101214E-08	9.251452E-09	2.447186E-09	7.202502E-10	2.140345E-10	6.752127E-11	2.051134E-11	6.434644E-12	1.980895E-12	6.094755E-13	1.932403E-13	5.611584E-14	1.469945E-14	4.181459E-15	1.070820E-15	2.638668E-16	6.368593E-17	1.491270E-17	3.345878E-18	7.227768E-19	1.509140E-19	3.051747E-20	5.930187E-21	1.089352E-21	1.940062E-22	4.227022E-23	5.967979E-23	1.338999E-23	1.929657E-23	1.859218E-23	5.913049E-24	9.464109E-24	0.000000E+00	0.000000E+00	0.000000E+00	0.000000E+00	3.325848E-23	2.211222E-22	
3.561334E-07	7.086310E-07	2.016419E-07	4.155944E-08	9.387715E-09	2.482636E-09	7.305683E-10	2.170192E-10	6.844465E-11	2.078772E-11	6.519731E-12	2.006786E-12	6.173536E-13	1.957047E-13	5.683141E-14	1.488817E-14	4.235487E-15	1.084779E-15	2.673489E-16	6.453221E-17	1.511296E-17	3.391274E-18	7.326386E-19	1.530342E-19	3.093038E-20	5.991230E-21	1.121347E-21	2.129732E-22	4.929479E-23	3.393379E-23	5.592516E-23	2.971388E-23	8.033345E-23	8.352585E-23	3.923938E-23	1.264035E-23	0.000000E+00	8.368741E-24	2.909672E-23	9.531318E-23	1.112816E-22	
3.532313E-07	7.094043E-07	2.038379E-07	4.220217E-08	9.540540E-09	2.521348E-09	7.414711E-10	2.200786E-10	6.935932E-11	2.105267E-11	6.598748E-12	2.030194E-12	6.242948E-13	1.978273E-13	5.743910E-14	1.504529E-14	4.280474E-15	1.096312E-15	2.702049E-16	6.522336E-17	1.527602E-17	3.428182E-18	7.406700E-19	1.546938E-19	3.122187E-20	6.124032E-21	1.135241E-21	2.725431E-22	5.976380E-23	6.892095E-23	4.048661E-23	2.425319E-23	5.232564E-23	0.000000E+00	5.279093E-23	8.907055E-23	6.125014E-23	0.000000E+00	0.000000E+00	0.000000E+00	0.000000E+00	
3.524082E-07	7.135381E-07	2.067911E-07	4.297326E-08	9.716475E-09	2.564816E-09	7.533237E-10	2.232997E-10	7.028631E-11	2.131070E-11	6.672608E-12	2.051267E-12	6.303101E-13	1.996023E-13	5.793546E-14	1.516924E-14	4.315952E-15	1.105274E-15	2.723941E-16	6.574872E-17	1.539923E-17	3.455873E-18	7.466708E-19	1.559523E-19	3.151236E-20	6.127457E-21	1.139338E-21	2.219429E-22	5.197667E-23	0.000000E+00	0.000000E+00	0.000000E+00	0.000000E+00	0.000000E+00	0.000000E+00	0.000000E+00	0.000000E+00	0.000000E+00	0.000000E+00	0.000000E+00	0.000000E+00	
3.539495E-07	7.216721E-07	2.106910E-07	4.390947E-08	9.922684E-09	2.614630E-09	7.664976E-10	2.267656E-10	7.124350E-11	2.156487E-11	6.741617E-12	2.069929E-12	6.353320E-13	2.009970E-13	5.830872E-14	1.525613E-14	4.340777E-15	1.111346E-15	2.738310E-16	6.608668E-17	1.547721E-17	3.473196E-18	7.504096E-19	1.567778E-19	3.170021E-20	6.183795E-21	1.180762E-21	2.334006E-22	5.077467E-23	0.000000E+00	0.000000E+00	0.000000E+00	0.000000E+00	0.000000E+00	0.000000E+00	0.000000E+00	0.000000E+00	0.000000E+00	0.000000E+00	0.000000E+00	0.000000E+00	
3.582120E-07	7.345699E-07	2.157581E-07	4.505286E-08	1.016716E-08	2.672503E-09	7.813701E-10	2.305524E-10	7.224400E-11	2.181605E-11	6.805200E-12	2.085785E-12	6.391807E-13	2.019398E-13	5.853519E-14	1.529877E-14	4.352848E-15	1.113954E-15	2.743663E-16	6.620004E-17	1.550110E-17	3.478032E-18	7.513258E-19	1.568668E-19	3.165590E-20	6.139826E-21	1.123298E-21	1.418550E-22	0.000000E+00	0.000000E+00	0.000000E+00	0.000000E+00	0.000000E+00	0.000000E+00	3.173659E-23	1.605894E-24	5.151784E-23	0.000000E+00	0.000000E+00	0.000000E+00	0.000000E+00	
3.656520E-07	7.531725E-07	2.222582E-07	4.645329E-08	1.045920E-08	2.740367E-09	7.983435E-10	2.347331E-10	7.329652E-11	2.206286E-11	6.861815E-12	2.098073E-12	6.415484E-13	2.023148E-13	5.857754E-14	1.528618E-14	4.348947E-15	1.112231E-15	2.737770E-16	6.603369E-17	1.545770E-17	3.467466E-18	7.489098E-19	1.563758E-19	3.153247E-20	6.156486E-21	1.103368E-21	1.862578E-22	3.217603E-23	3.068323E-23	3.352666E-23	0.000000E+00	7.208750E-23	4.208928E-23	5.686867E-23	0.000000E+00	8.245634E-23	1.068226E-22	1.477228E-22	1.646251E-22	2.259043E-22	
3.768680E-07	7.786662E-07	2.305154E-07	4.817006E-08	1.080942E-08	2.820307E-09	8.178014E-10	2.393573E-10	7.439698E-11	2.229855E-11	6.907817E-12	2.105279E-12	6.418690E-13	2.019181E-13	5.837156E-14	1.519998E-14	4.323701E-15	1.104747E-15	2.716984E-16	6.549804E-17	1.532563E-17	3.436610E-18	7.420866E-19	1.548853E-19	3.127357E-20	6.040719E-21	1.125392E-21	1.981291E-22	8.846309E-23	4.135903E-23	6.059098E-23	5.583469E-23	4.276782E-23	3.677076E-24	3.835404E-23	0.000000E+00	6.432299E-23	0.000000E+00	2.262921E-22	2.329741E-22	3.121282E-22	
3.926519E-07	8.125816E-07	2.409391E-07	5.027672E-08	1.123068E-08	2.914748E-09	8.401493E-10	2.444595E-10	7.552990E-11	2.251106E-11	6.937390E-12	2.105088E-12	6.392983E-13	2.004511E-13	5.782393E-14	1.501382E-14	4.269383E-15	1.089451E-15	2.676109E-16	6.446574E-17	1.507477E-17	3.378600E-18	7.292267E-19	1.520951E-19	3.070807E-20	5.977000E-21	1.121709E-21	1.764997E-22	1.820444E-23	0.000000E+00	0.000000E+00	0.000000E+00	0.000000E+00	2.166179E-23	0.000000E+00	0.000000E+00	4.996688E-23	0.000000E+00	5.297833E-23	0.000000E+00	0.000000E+00	
4.140726E-07	8.569284E-07	2.540526E-07	5.286483E-08	1.173835E-08	3.026397E-09	8.657514E-10	2.500281E-10	7.665478E-11	2.267791E-11	6.940644E-12	2.093722E-12	6.324948E-13	1.974472E-13	5.679018E-14	1.468745E-14	4.174158E-15	1.063220E-15	2.607270E-16	6.274472E-17	1.465976E-17	3.283233E-18	7.082784E-19	1.476939E-19	2.977810E-20	5.852225E-21	1.079755E-21	1.857925E-22	1.095368E-23	0.000000E+00	0.000000E+00	0.000000E+00	4.069987E-23	0.000000E+00	0.000000E+00	0.000000E+00	0.000000E+00	5.401554E-23	1.020728E-23	0.000000E+00	0.000000E+00	
4.425867E-07	9.143869E-07	2.705373E-07	5.605091E-08	1.235127E-08	3.158327E-09	8.949106E-10	2.559864E-10	7.769618E-11	2.276206E-11	6.902027E-12	2.065377E-12	6.194274E-13	1.922086E-13	5.505539E-14	1.416164E-14	4.020540E-15	1.021457E-15	2.498928E-16	6.005400E-17	1.401441E-17	3.135558E-18	6.759048E-19	1.409147E-19	2.843517E-20	5.527970E-21	1.022861E-21	1.602662E-22	0.000000E+00	0.000000E+00	0.000000E+00	0.000000E+00	0.000000E+00	0.000000E+00	0.000000E+00	0.000000E+00	1.353216E-23	0.000000E+00	0.000000E+00	0.000000E+00	0.000000E+00	
4.801722E-07	9.885151E-07	2.912749E-07	5.998113E-08	1.309183E-08	3.313777E-09	9.277330E-10	2.621318E-10	7.851846E-11	2.270261E-11	6.796936E-12	2.011046E-12	5.969916E-13	1.836818E-13	5.229673E-14	1.334839E-14	3.782417E-15	9.573215E-16	2.333980E-16	5.597823E-17	1.304096E-17	2.913621E-18	6.273418E-19	1.305892E-19	2.633239E-20	5.115362E-21	9.622308E-22	1.073138E-22	5.977672E-23	5.505921E-24	1.679564E-23	1.876020E-23	1.700244E-23	0.000000E+00	8.852125E-23	3.118083E-23	6.694993E-23	4.243824E-23	7.236538E-23	0.000000E+00	4.664685E-22	
5.293263E-07	1.084128E-06	3.175865E-07	6.490415E-08	1.400770E-08	3.503074E-09	9.665478E-10	2.689592E-10	7.921766E-11	2.251255E-11	6.624856E-12	1.929352E-12	5.645120E-13	1.716112E-13	4.842688E-14	1.222397E-14	3.451625E-15	8.686367E-16	2.107046E-16	5.038863E-17	1.170980E-17	2.611009E-18	5.613616E-19	1.167732E-19	2.356834E-20	4.559626E-21	9.280062E-22	1.971275E-22	5.487826E-23	7.138310E-23	3.966590E-23	8.401053E-25	1.186099E-22	6.022263E-23	1.001729E-22	1.933599E-22	1.543338E-22	3.018628E-22	2.399212E-22	0.000000E+00	6.240173E-22	
5.968020E-07	1.203144E-06	3.462456E-07	6.946032E-08	1.463187E-08	3.565925E-09	9.525682E-10	2.558269E-10	7.230664E-11	1.964834E-11	5.513272E-12	1.532113E-12	4.287981E-13	1.255230E-13	3.436252E-14	8.360403E-15	2.322193E-15	5.723571E-16	1.363329E-16	3.226688E-17	7.433141E-18	1.645731E-18	3.519306E-19	7.284003E-20	1.462127E-20	2.840163E-21	5.040503E-22	7.877603E-23	0.000000E+00	0.000000E+00	2.475079E-23	7.369662E-23	1.430893E-22	8.487649E-23	8.851479E-23	0.000000E+00	0.000000E+00	1.444464E-22	5.136275E-23	1.943034E-22	4.033087E-22	
6.797584E-07	1.356429E-06	3.858718E-07	7.641218E-08	1.581062E-08	3.776472E-09	9.824818E-10	2.558329E-10	6.957605E-11	1.806721E-11	4.806940E-12	1.260041E-12	3.320862E-13	9.204424E-14	2.397938E-14	5.488369E-15	1.468574E-15	3.473135E-16	7.975012E-17	1.847393E-17	4.179167E-18	9.120093E-19	1.930398E-19	3.978444E-20	7.919117E-21	1.517928E-21	2.789667E-22	4.976008E-23	5.118180E-23	2.101556E-23	8.273099E-23	0.000000E+00	6.494660E-23	1.176277E-22	2.309643E-23	0.000000E+00	1.223969E-22	0.000000E+00	0.000000E+00	0.000000E+00	0.000000E+00	
7.894372E-07	1.555202E-06	4.360637E-07	8.499704E-08	1.721494E-08	4.013746E-09	1.010803E-09	2.530186E-10	6.532149E-11	1.587315E-11	3.872541E-12	9.095760E-13	2.101974E-13	5.061314E-14	1.126160E-14	2.030138E-15	4.381342E-16	7.760139E-17	1.245319E-17	2.145616E-18	3.433321E-19	5.006118E-20	6.897833E-21	9.196956E-22	0.000000E+00	0.000000E+00	0.000000E+00	0.000000E+00	0.000000E+00	0.000000E+00	0.000000E+00	0.000000E+00	0.000000E+00	0.000000E+00	0.000000E+00	0.000000E+00	0.000000E+00	0.000000E+00	0.000000E+00	0.000000E+00	3.771879E-22	
9.405675E-07	1.820137E-06	5.002291E-07	9.547572E-08	1.883263E-08	4.276411E-09	1.043454E-09	2.527132E-10	6.287113E-11	1.467985E-11	3.430665E-12	7.703988E-13	1.700029E-13	3.912291E-14	8.389228E-15	1.425208E-15	2.982400E-16	5.041633E-17	7.642510E-18	1.275341E-18	1.963583E-19	2.754475E-20	3.847165E-21	6.106144E-22	1.784125E-22	1.747678E-22	1.429471E-22	7.749648E-23	7.591967E-23	1.484531E-22	8.209768E-23	1.066804E-22	6.815193E-23	7.939641E-23	0.000000E+00	0.000000E+00	0.000000E+00	0.000000E+00	0.000000E+00	0.000000E+00	0.000000E+00	
1.149988E-06	2.180725E-06	5.858621E-07	1.091661E-07	2.089863E-08	4.605067E-09	1.083705E-09	2.525899E-10	6.016226E-11	1.338988E-11	2.967668E-12	6.291170E-13	1.305961E-13	2.823356E-14	5.737914E-15	8.919267E-16	1.767475E-16	2.755114E-17	3.755683E-18	5.858745E-19	8.255299E-20	1.044357E-20	1.251473E-21	2.701262E-22	0.000000E+00	0.000000E+00	0.000000E+00	5.893662E-24	8.065011E-24	0.000000E+00	0.000000E+00	0.000000E+00	0.000000E+00	0.000000E+00	0.000000E+00	6.389970E-23	0.000000E+00	0.000000E+00	0.000000E+00	1.237152E-22	1.007506E-21	
1.445377E-06	2.681788E-06	7.031008E-07	1.276233E-07	2.365085E-08	5.042188E-09	1.139843E-09	2.544665E-10	5.769506E-11	1.215767E-11	2.535810E-12	5.028750E-13	9.728307E-14	1.955268E-14	3.739721E-15	5.262085E-16	9.838916E-17	1.410479E-17	1.727219E-18	2.542378E-19	3.308464E-20	3.718797E-21	5.158505E-22	1.399486E-22	0.000000E+00	0.000000E+00	0.000000E+00	0.000000E+00	0.000000E+00	0.000000E+00	0.000000E+00	2.212708E-23	7.426531E-23	1.105837E-22	1.149264E-22	1.249430E-22	3.408113E-22	7.008029E-22	1.004068E-21	7.720697E-22	1.473816E-21	
1.871920E-06	3.363921E-06	8.510832E-07	1.486924E-07	2.632590E-08	5.363833E-09	1.149037E-09	2.425180E-10	5.167426E-11	1.018372E-11	1.977920E-12	3.635102E-13	6.499180E-14	1.202357E-14	2.161674E-15	2.724136E-16	4.836274E-17	6.359941E-18	6.908073E-19	9.623192E-20	1.173014E-20	1.557891E-21	3.218767E-22	2.111379E-22	1.638335E-22	1.631097E-22	9.952017E-23	7.475645E-23	3.448309E-22	3.056432E-22	2.771572E-22	4.361051E-22	2.982762E-22	2.224082E-22	4.531140E-22	9.228234E-23	4.241627E-22	2.166955E-22	5.414156E-22	1.649734E-21	2.091823E-21	
2.492015E-06	4.323929E-06	1.052130E-06	1.760701E-07	2.962904E-08	5.735285E-09	1.155509E-09	2.284673E-10	4.522858E-11	8.219647E-12	1.460738E-12	2.431218E-13	3.907971E-14	6.425594E-15	1.050039E-15	1.124068E-16	1.807773E-17	2.056400E-18	1.826311E-19	2.326497E-20	2.754408E-21	7.282291E-22	4.788342E-22	4.028370E-22	1.285749E-22	1.835307E-23	0.000000E+00	0.000000E+00	0.000000E+00	1.427404E-22	0.000000E+00	6.431329E-23	3.202740E-23	3.257799E-22	4.026819E-22	1.032425E-22	1.672456E-23	8.023652E-22	4.591628E-22	7.807034E-22	0.000000E+00	
3.407014E-06	5.695596E-06	1.329718E-06	2.122089E-07	3.376606E-08	6.166046E-09	1.156950E-09	2.115825E-10	3.829074E-11	6.294569E-12	1.000491E-12	1.467553E-13	2.059153E-14	2.903918E-15	4.177158E-16	3.694244E-17	5.239706E-18	5.084026E-19	3.654381E-20	4.079034E-21	3.759536E-22	0.000000E+00	0.000000E+00	0.000000E+00	0.000000E+00	1.301775E-22	3.742992E-23	1.456872E-22	5.686867E-25	0.000000E+00	2.590109E-22	5.638787E-22	6.927638E-24	4.446613E-22	7.467890E-22	8.004523E-22	3.556877E-23	6.831736E-22	9.171365E-22	0.000000E+00	0.000000E+00	
4.730823E-06	7.523459E-06	1.661939E-06	2.485239E-07	3.677679E-08	6.241517E-09	1.076680E-09	1.804184E-10	2.974345E-11	4.438289E-12	6.402292E-13	8.509790E-14	1.082077E-14	1.366692E-15	1.837820E-16	1.427590E-17	1.944437E-18	1.725346E-19	1.107202E-20	1.381805E-21	5.087161E-23	7.940934E-23	5.575197E-22	0.000000E+00	0.000000E+00	4.307543E-22	4.350970E-22	2.957171E-22	4.609464E-22	2.396756E-22	3.486566E-22	0.000000E+00	0.000000E+00	0.000000E+00	0.000000E+00	0.000000E+00	0.000000E+00	0.000000E+00	0.000000E+00	0.000000E+00	0.000000E+00	
6.729314E-06	1.017107E-05	2.123190E-06	2.959721E-07	4.051428E-08	6.339031E-09	9.940560E-10	1.502054E-10	2.204001E-11	2.889417E-12	3.611611E-13	4.074255E-14	4.313101E-15	4.351512E-16	4.734986E-17	2.806788E-18	2.964983E-19	2.020720E-20	1.601422E-21	8.627494E-22	1.703992E-22	3.033685E-22	0.000000E+00	0.000000E+00	5.372538E-22	0.000000E+00	0.000000E+00	0.000000E+00	0.000000E+00	0.000000E+00	0.000000E+00	0.000000E+00	0.000000E+00	0.000000E+00	0.000000E+00	0.000000E+00	0.000000E+00	0.000000E+00	0.000000E+00	1.315217E-22	5.355994E-22	
1.011204E-05	1.457857E-05	2.885959E-06	3.750260E-07	4.741362E-08	6.810635E-09	9.657846E-10	1.309483E-10	1.708199E-11	1.982248E-12	2.195264E-13	2.205003E-14	2.098091E-15	1.900220E-16	1.949932E-17	1.063913E-18	1.132286E-19	7.266782E-21	1.393386E-21	5.041666E-22	9.719372E-23	0.000000E+00	0.000000E+00	0.000000E+00	0.000000E+00	1.304877E-21	1.375188E-22	1.292263E-21	2.880656E-22	1.033769E-21	2.931321E-22	1.013296E-21	1.503401E-22	0.000000E+00	1.394730E-21	9.802090E-22	2.072294E-21	2.788943E-21	1.524390E-21	4.105711E-21	3.047282E-21	
1.635472E-05	2.226059E-05	4.128439E-06	4.906717E-07	5.634469E-08	7.326559E-09	9.294103E-10	1.119378E-10	1.280200E-11	1.281501E-12	1.197689E-13	9.832847E-15	7.370322E-16	4.912860E-17	3.519559E-18	1.369497E-19	9.314054E-21	6.162496E-22	0.000000E+00	0.000000E+00	1.778438E-22	0.000000E+00	0.000000E+00	0.000000E+00	0.000000E+00	0.000000E+00	0.000000E+00	0.000000E+00	6.429261E-22	9.671809E-22	1.348304E-21	7.051715E-22	1.478999E-21	2.590730E-21	5.695139E-22	1.154331E-21	0.000000E+00	0.000000E+00	0.000000E+00	1.968690E-21	0.000000E+00	
2.945470E-05	3.785341E-05	6.567023E-06	7.055519E-07	7.191622E-08	8.182538E-09	8.882244E-10	9.067413E-11	8.741497E-12	7.435052E-13	6.022256E-14	4.409594E-15	3.036656E-16	1.891305E-17	1.324994E-18	4.915107E-20	2.383935E-21	1.323489E-23	0.000000E+00	2.034864E-22	0.000000E+00	0.000000E+00	0.000000E+00	0.000000E+00	9.098987E-24	0.000000E+00	0.000000E+00	0.000000E+00	2.407096E-22	1.084020E-21	0.000000E+00	0.000000E+00	0.000000E+00	0.000000E+00	0.000000E+00	7.932662E-22	0.000000E+00	0.000000E+00	0.000000E+00	0.000000E+00	0.000000E+00	
5.912026E-05	7.041715E-05	1.116712E-05	1.047161E-06	9.258427E-08	9.150798E-09	8.550010E-10	7.417020E-11	5.878679E-12	3.913751E-13	2.320695E-14	1.149455E-15	4.938333E-17	1.734565E-18	4.966392E-20	0.000000E+00	0.000000E+00	0.000000E+00	0.000000E+00	0.000000E+00	0.000000E+00	0.000000E+00	0.000000E+00	0.000000E+00	0.000000E+00	0.000000E+00	0.000000E+00	0.000000E+00	0.000000E+00	0.000000E+00	0.000000E+00	0.000000E+00	0.000000E+00	0.000000E+00	0.000000E+00	0.000000E+00	0.000000E+00	0.000000E+00	0.000000E+00	4.309611E-21	0.000000E+00	
1.271544E-04	1.400567E-04	2.013943E-05	1.585006E-06	1.131516E-07	8.841984E-09	6.498516E-10	4.583899E-11	3.113214E-12	1.881654E-13	1.058979E-14	5.112502E-16	2.169185E-17	7.562945E-19	3.201520E-20	7.199780E-21	7.881377E-21	9.443094E-21	1.436647E-20	1.131583E-20	1.005521E-20	1.494219E-20	1.351613E-20	1.438963E-20	5.237708E-21	1.047211E-20	8.109679E-21	1.538391E-20	1.487436E-20	1.594639E-20	2.387574E-20	2.240667E-20	2.410239E-20	2.377648E-20	2.422150E-20	1.712512E-20	3.646957E-20	2.966766E-20	3.408977E-20	1.889942E-20	5.337796E-20	
1.269578E-04	5.070438E-05	1.591718E-06	6.555417E-09	6.177419E-12	4.076584E-15	1.585752E-18	1.058791E-20	9.264423E-21	5.823352E-21	5.029258E-21	4.764560E-21	6.842438E-21	1.181876E-20	4.936614E-21	0.000000E+00	3.209461E-21	0.000000E+00	0.000000E+00	7.318894E-21	1.220588E-20	6.293190E-21	7.616679E-21	9.368648E-21	0.000000E+00	1.258969E-21	0.000000E+00	2.828958E-22	2.235042E-21	1.005438E-20	0.000000E+00	7.602617E-21	5.083025E-21	3.950615E-21	4.082136E-21	2.312797E-21	2.637879E-21	1.063341E-20	0.000000E+00	1.851478E-20	3.248297E-20	
1.676201E-04	6.696427E-05	2.103561E-06	8.664877E-09	8.167902E-12	5.390900E-15	2.115677E-18	0.000000E+00	3.546950E-21	0.000000E+00	2.699918E-21	0.000000E+00	0.000000E+00	0.000000E+00	0.000000E+00	0.000000E+00	0.000000E+00	0.000000E+00	0.000000E+00	0.000000E+00	0.000000E+00	1.525321E-21	2.220153E-21	3.996937E-21	4.417144E-21	5.418033E-21	1.244080E-21	4.726510E-21	4.979627E-22	0.000000E+00	0.000000E+00	0.000000E+00	0.000000E+00	6.675348E-22	6.002850E-21	0.000000E+00	0.000000E+00	0.000000E+00	5.882909E-21	0.000000E+00	1.704985E-20	
1.960087E-04	7.833796E-05	2.462991E-06	1.014614E-08	9.565209E-12	6.312911E-15	2.435855E-18	0.000000E+00	0.000000E+00	0.000000E+00	0.000000E+00	0.000000E+00	6.432156E-21	8.258571E-21	9.224718E-21	5.016023E-21	1.423412E-20	9.952637E-21	7.265955E-21	7.735793E-21	9.807053E-21	7.133606E-21	8.639074E-21	3.675991E-21	4.820809E-21	8.596061E-21	0.000000E+00	7.270918E-21	0.000000E+00	0.000000E+00	0.000000E+00	0.000000E+00	0.000000E+00	7.332129E-21	0.000000E+00	2.555988E-21	0.000000E+00	0.000000E+00	3.096799E-20	2.213204E-20	4.777051E-20	
2.048824E-04	8.192691E-05	2.578532E-06	1.062199E-08	1.001303E-11	6.607318E-15	2.556769E-18	0.000000E+00	7.199780E-21	8.417390E-21	0.000000E+00	4.102816E-21	5.532184E-21	1.799945E-20	1.454514E-20	9.396772E-21	6.213781E-21	4.056494E-21	0.000000E+00	0.000000E+00	1.859502E-21	0.000000E+00	0.000000E+00	0.000000E+00	1.150112E-20	7.944243E-21	0.000000E+00	1.756932E-21	1.548317E-20	1.038939E-20	2.096076E-21	1.515395E-21	1.291064E-20	1.198088E-20	6.914403E-21	0.000000E+00	0.000000E+00	0.000000E+00	1.217031E-20	1.039849E-20	0.000000E+00	
2.164749E-04	8.661679E-05	2.729459E-06	1.124276E-08	1.059560E-11	6.989604E-15	2.695682E-18	0.000000E+00	5.505714E-21	7.940934E-22	5.770412E-21	1.138201E-20	0.000000E+00	0.000000E+00	0.000000E+00	0.000000E+00	0.000000E+00	4.764560E-21	0.000000E+00	0.000000E+00	3.130051E-21	0.000000E+00	3.781870E-21	0.000000E+00	0.000000E+00	0.000000E+00	0.000000E+00	0.000000E+00	0.000000E+00	0.000000E+00	0.000000E+00	0.000000E+00	0.000000E+00	0.000000E+00	0.000000E+00	0.000000E+00	0.000000E+00	2.539444E-22	0.000000E+00	7.771362E-21	6.427524E-20	
2.962050E-04	1.186254E-04	3.744286E-06	1.541996E-08	1.452524E-11	9.576922E-15	3.766544E-18	1.291725E-20	4.362220E-20	3.208137E-20	2.101701E-20	7.199780E-21	1.540541E-20	3.996937E-21	0.000000E+00	0.000000E+00	0.000000E+00	0.000000E+00	0.000000E+00	8.735027E-22	0.000000E+00	0.000000E+00	0.000000E+00	0.000000E+00	4.867131E-21	0.000000E+00	0.000000E+00	0.000000E+00	1.241764E-20	1.400582E-20	2.396508E-20	9.487762E-21	1.242922E-20	1.374774E-21	9.962563E-21	0.000000E+00	0.000000E+00	1.550798E-20	6.059925E-21	7.768880E-21	0.000000E+00	
7.231508E-04	2.902486E-04	9.195735E-06	3.785115E-08	3.560939E-11	2.344828E-14	9.208095E-18	0.000000E+00	2.032879E-20	0.000000E+00	3.102258E-20	4.235165E-21	6.310395E-20	8.629148E-21	1.159376E-20	3.705769E-21	0.000000E+00	2.623155E-20	4.907497E-20	3.597243E-20	1.597451E-20	6.189958E-20	9.582060E-21	0.000000E+00	0.000000E+00	0.000000E+00	2.312797E-20	1.050189E-20	6.630680E-21	0.000000E+00	6.617445E-24	3.397396E-20	3.334530E-20	8.169897E-20	4.500193E-20	4.653387E-20	6.824571E-20	3.601544E-20	8.422684E-20	0.000000E+00	1.542957E-19	
1.419623E-02	5.809708E-03	1.977261E-04	8.063445E-07	7.426558E-10	4.771027E-13	1.868758E-16	3.523657E-19	0.000000E+00	0.000000E+00	1.148577E-18	5.065257E-19	0.000000E+00	0.000000E+00	0.000000E+00	0.000000E+00	0.000000E+00	0.000000E+00	0.000000E+00	8.131516E-20	3.392367E-19	0.000000E+00	7.153193E-19	0.000000E+00	0.000000E+00	0.000000E+00	0.000000E+00	0.000000E+00	0.000000E+00	5.453833E-19	0.000000E+00	0.000000E+00	0.000000E+00	0.000000E+00	0.000000E+00	3.388132E-21	0.000000E+00	1.542659E-19	6.074285E-19	0.000000E+00	0.000000E+00	
5.557753E-02	2.315738E-02	1.013239E-03	4.078388E-06	3.505741E-09	2.055160E-12	8.251321E-16	0.000000E+00	0.000000E+00	0.000000E+00	0.000000E+00	0.000000E+00	0.000000E+00	0.000000E+00	0.000000E+00	0.000000E+00	4.750161E-18	1.639856E-18	1.053709E-18	2.913793E-19	0.000000E+00	0.000000E+00	0.000000E+00	0.000000E+00	1.118931E-18	6.971081E-19	0.000000E+00	2.779115E-18	0.000000E+00	1.461979E-18	0.000000E+00	2.256072E-18	1.871943E-18	0.000000E+00	3.801060E-18	8.419507E-19	0.000000E+00	0.000000E+00	4.932485E-18	0.000000E+00	0.000000E+00	
6.732996E-02	2.808091E-02	1.461382E-03	6.147567E-06	4.949714E-09	2.680165E-12	1.075745E-15	0.000000E+00	0.000000E+00	0.000000E+00	1.368805E-18	2.893465E-18	3.604972E-18	5.204170E-18	3.937009E-18	4.435065E-18	3.997996E-18	0.000000E+00	1.109613E-18	2.984944E-18	3.423707E-18	4.585836E-18	8.690558E-19	2.972239E-18	4.175025E-18	7.242132E-19	6.954140E-19	2.951910E-18	4.522309E-18	2.532629E-18	2.523311E-18	0.000000E+00	0.000000E+00	1.839756E-18	7.648708E-19	0.000000E+00	0.000000E+00	0.000000E+00	0.000000E+00	0.000000E+00	2.598274E-19	
6.886249E-02	2.871908E-02	1.584061E-03	7.190069E-06	5.513521E-09	2.847598E-12	1.146544E-15	4.201283E-18	3.876023E-18	9.893345E-19	1.775381E-18	0.000000E+00	0.000000E+00	0.000000E+00	0.000000E+00	1.812651E-18	2.608861E-18	0.000000E+00	2.669848E-18	1.326454E-18	2.215838E-18	1.050321E-19	4.582448E-18	2.082854E-18	2.846031E-18	0.000000E+00	7.835055E-19	0.000000E+00	0.000000E+00	0.000000E+00	0.000000E+00	0.000000E+00	0.000000E+00	0.000000E+00	0.000000E+00	0.000000E+00	0.000000E+00	0.000000E+00	0.000000E+00	0.000000E+00	0.000000E+00	
6.918234E-02	2.885071E-02	1.633900E-03	8.077830E-06	5.930440E-09	2.944314E-12	1.166602E-15	4.201283E-18	2.059984E-18	0.000000E+00	2.181957E-18	7.453890E-20	4.506215E-18	1.958340E-18	3.923457E-18	5.830975E-18	6.874519E-18	3.117081E-18	5.188924E-18	1.651714E-18	4.555343E-18	7.054090E-18	4.402877E-18	3.002732E-18	2.742693E-18	4.085240E-18	2.070996E-18	1.363723E-18	5.735260E-18	3.005696E-18	5.340543E-18	5.586606E-18	8.239089E-18	1.170007E-17	1.339074E-17	5.520537E-18	4.161896E-18	5.587876E-18	0.000000E+00	4.705268E-18	1.452132E-17	
6.927123E-02	2.888642E-02	1.660248E-03	9.153654E-06	6.400303E-09	3.040479E-12	1.193327E-15	0.000000E+00	0.000000E+00	3.794708E-19	0.000000E+00	0.000000E+00	0.000000E+00	6.301925E-19	0.000000E+00	1.707618E-18	3.886187E-18	1.124860E-18	2.488583E-18	2.021021E-18	3.017131E-18	5.421011E-20	1.016440E-19	0.000000E+00	0.000000E+00	0.000000E+00	0.000000E+00	0.000000E+00	0.000000E+00	7.754587E-19	0.000000E+00	4.184766E-18	0.000000E+00	0.000000E+00	0.000000E+00	0.000000E+00	0.000000E+00	0.000000E+00	3.720169E-18	1.319889E-18	8.299441E-18	
6.929935E-02	2.889713E-02	1.676400E-03	1.044718E-05	6.950748E-09	3.147849E-12	1.205904E-15	0.000000E+00	0.000000E+00	0.000000E+00	0.000000E+00	0.000000E+00	0.000000E+00	0.000000E+00	0.000000E+00	0.000000E+00	1.182458E-18	7.318365E-19	0.000000E+00	0.000000E+00	0.000000E+00	2.117582E-18	0.000000E+00	0.000000E+00	7.818114E-19	2.689330E-18	9.749349E-19	1.808415E-18	2.032879E-20	7.847760E-19	5.278709E-18	4.156814E-18	4.053053E-18	4.506215E-19	5.548066E-20	0.000000E+00	9.397831E-19	6.721206E-19	9.282634E-18	1.305045E-17	1.179387E-17	
6.930542E-02	2.889890E-02	1.687177E-03	1.183925E-05	7.539659E-09	3.260150E-12	1.229431E-15	0.000000E+00	0.000000E+00	0.000000E+00	0.000000E+00	0.000000E+00	0.000000E+00	1.124860E-18	3.279712E-18	5.939395E-18	7.128629E-18	6.210446E-18	6.088473E-18	3.687981E-18	3.005273E-18	3.232278E-18	0.000000E+00	0.000000E+00	0.000000E+00	0.000000E+00	0.000000E+00	0.000000E+00	0.000000E+00	0.000000E+00	0.000000E+00	0.000000E+00	0.000000E+00	0.000000E+00	0.000000E+00	0.000000E+00	0.000000E+00	1.068956E-18	5.564159E-18	1.469073E-17	8.876905E-18	
6.930370E-02	2.889762E-02	1.694824E-03	1.321912E-05	8.125596E-09	3.370232E-12	1.244068E-15	0.000000E+00	0.000000E+00	0.000000E+00	0.000000E+00	0.000000E+00	0.000000E+00	0.000000E+00	0.000000E+00	0.000000E+00	0.000000E+00	0.000000E+00	0.000000E+00	0.000000E+00	0.000000E+00	0.000000E+00	0.000000E+00	0.000000E+00	0.000000E+00	0.000000E+00	6.784734E-19	0.000000E+00	0.000000E+00	0.000000E+00	0.000000E+00	0.000000E+00	0.000000E+00	0.000000E+00	0.000000E+00	0.000000E+00	0.000000E+00	0.000000E+00	0.000000E+00	0.000000E+00	0.000000E+00	
6.930015E-02	2.889569E-02	1.700518E-03	1.452154E-05	8.684352E-09	3.473808E-12	1.273558E-15	6.044427E-18	2.087089E-18	0.000000E+00	1.761829E-19	0.000000E+00	0.000000E+00	0.000000E+00	1.694066E-19	0.000000E+00	0.000000E+00	0.000000E+00	0.000000E+00	0.000000E+00	0.000000E+00	6.352747E-19	2.412350E-18	7.369187E-20	7.496242E-19	0.000000E+00	0.000000E+00	9.486769E-20	0.000000E+00	0.000000E+00	5.594653E-19	1.875331E-18	0.000000E+00	0.000000E+00	0.000000E+00	0.000000E+00	0.000000E+00	0.000000E+00	0.000000E+00	0.000000E+00	0.000000E+00	
6.929668E-02	2.889389E-02	1.704908E-03	1.571660E-05	9.205431E-09	3.568942E-12	1.276756E-15	0.000000E+00	0.000000E+00	0.000000E+00	2.331035E-18	0.000000E+00	2.473336E-18	1.057097E-18	0.000000E+00	0.000000E+00	0.000000E+00	6.877908E-19	0.000000E+00	0.000000E+00	6.810145E-19	1.057097E-18	1.619527E-18	8.724439E-20	1.587340E-18	3.388132E-19	3.124705E-18	3.644783E-18	1.136718E-18	0.000000E+00	0.000000E+00	0.000000E+00	0.000000E+00	2.337811E-18	0.000000E+00	1.182458E-18	3.973855E-18	3.084470E-18	0.000000E+00	0.000000E+00	0.000000E+00	
