1.810779E+02
1.810765E+02
1.810764E+02
1.810762E+02
1.810760E+02
1.810757E+02
1.810755E+02
1.810752E+02
1.810749E+02
1.810745E+02
1.810741E+02
1.810736E+02
1.810731E+02
1.810726E+02
1.810719E+02
1.810712E+02
1.810704E+02
1.810695E+02
1.810684E+02
1.810673E+02
1.810660E+02
1.810645E+02
1.810629E+02
1.810611E+02
1.810590E+02
1.810567E+02
1.810542E+02
1.810513E+02
1.810480E+02
1.810444E+02
1.810403E+02
1.810357E+02
1.810306E+02
1.810248E+02
1.810184E+02
1.810111E+02
1.810030E+02
1.809938E+02
1.809836E+02
1.809721E+02
1.809592E+02
1.809447E+02
1.809285E+02
1.809103E+02
1.808898E+02
1.484036E+02
1.483825E+02
1.483588E+02
1.483323E+02
1.483025E+02
1.482691E+02
1.482316E+02
2.477544E+02
2.476756E+02
2.499011E+02
2.498011E+02
2.496889E+02
2.495631E+02
2.494220E+02
2.584959E+02
2.583121E+02
2.581060E+02
2.578751E+02
2.576163E+02
2.573264E+02
2.570017E+02
2.566380E+02
2.562307E+02
2.557749E+02
2.552647E+02
2.546940E+02
2.540557E+02
2.533421E+02
2.525448E+02
2.516543E+02
2.506603E+02
2.495515E+02
2.483155E+02
2.469389E+02
2.454069E+02
2.437037E+02
2.418124E+02
2.397149E+02
2.373919E+02
2.348232E+02
2.319881E+02
2.288650E+02
2.254324E+02
2.137525E+02
2.078430E+02
1.217554E+02
1.449990E+02
1.304603E+02
1.268156E+02
1.229110E+02
1.187513E+02
1.143478E+02
1.005760E+02
9.323802E+01
7.770349E+01
7.110035E+01
4.855299E+01
4.751816E+01
3.969712E+01
1.654807E+01
1.550503E+01
1.453118E+01
1.364205E+01
1.285040E+01
1.216509E+01
1.159029E+01
1.112493E+01
1.076283E+01
1.049334E+01
1.030253E+01
1.017478E+01
1.009443E+01
1.004733E+01
1.002180E+01
1.000914E+01
1.000344E+01
1.000115E+01
