0.000000E+00	7.157202E-16	5.360458E-07	0.000000E+00	2.294352E-14	1.795379E-23	8.829486E-13	4.544514E-24	1.712489E-09	9.432444E-11	0.000000E+00	9.993097E-05	2.308014E-22	4.014683E-13	3.909551E-16	2.128248E-14	4.308014E-13	1.695295E-16	2.489072E-14	2.757551E-05	4.437188E-16	1.177426E-13	3.189642E-18	9.191867E-16	8.755284E-14	6.899748E-08	9.999946E-02	2.179900E-12	3.248807E-11	2.140653E-10	2.999979E-04	2.562750E-04	9.994599E-01	1.280443E-04	1.000000E+00	
0.000000E+00	7.430664E-16	5.360367E-07	0.000000E+00	2.333352E-14	1.909935E-23	8.834288E-13	4.834799E-24	1.711578E-09	9.614044E-11	0.000000E+00	9.993094E-05	2.455086E-22	4.177044E-13	4.152497E-16	2.129334E-14	4.390259E-13	1.765966E-16	2.529876E-14	2.756149E-05	4.623877E-16	1.196833E-13	3.323618E-18	9.382239E-16	8.937365E-14	6.902340E-08	9.999946E-02	2.179919E-12	3.250615E-11	2.141758E-10	2.999979E-04	2.615919E-04	9.994493E-01	1.280303E-04	1.000000E+00	
0.000000E+00	7.465164E-16	5.360355E-07	0.000000E+00	2.338222E-14	1.924572E-23	8.834893E-13	4.871891E-24	1.711465E-09	9.636689E-11	0.000000E+00	9.993094E-05	2.473877E-22	4.197529E-13	4.183507E-16	2.129471E-14	4.400516E-13	1.774891E-16	2.535082E-14	2.755974E-05	4.647458E-16	1.199248E-13	3.340539E-18	9.406045E-16	8.960099E-14	6.902443E-08	9.999946E-02	2.179921E-12	3.250843E-11	2.141897E-10	2.999979E-04	2.622557E-04	9.994479E-01	1.280285E-04	1.000000E+00	
0.000000E+00	7.504179E-16	5.360343E-07	0.000000E+00	2.343715E-14	1.941173E-23	8.835576E-13	4.913961E-24	1.711337E-09	9.662227E-11	0.000000E+00	9.993094E-05	2.495188E-22	4.220694E-13	4.218670E-16	2.129625E-14	4.412083E-13	1.784985E-16	2.540984E-14	2.755777E-05	4.674130E-16	1.201973E-13	3.359679E-18	9.432910E-16	8.985746E-14	6.902547E-08	9.999946E-02	2.179924E-12	3.251100E-11	2.142055E-10	2.999979E-04	2.630045E-04	9.994464E-01	1.280266E-04	1.000000E+00	
0.000000E+00	7.548341E-16	5.360328E-07	0.000000E+00	2.349915E-14	1.960027E-23	8.836349E-13	4.961743E-24	1.711192E-09	9.691045E-11	0.000000E+00	9.993094E-05	2.519392E-22	4.246917E-13	4.258596E-16	2.129800E-14	4.425137E-13	1.796414E-16	2.547685E-14	2.755554E-05	4.704332E-16	1.205047E-13	3.381350E-18	9.463250E-16	9.014696E-14	6.902652E-08	9.999946E-02	2.179927E-12	3.251391E-11	2.142233E-10	2.999979E-04	2.638498E-04	9.994447E-01	1.280243E-04	1.000000E+00	
0.000000E+00	7.598385E-16	5.360312E-07	0.000000E+00	2.356920E-14	1.981474E-23	8.837224E-13	5.016094E-24	1.711029E-09	9.723588E-11	0.000000E+00	9.993094E-05	2.546923E-22	4.276632E-13	4.303997E-16	2.129999E-14	4.439879E-13	1.809369E-16	2.555304E-14	2.755303E-05	4.738567E-16	1.208521E-13	3.405916E-18	9.497541E-16	9.047402E-14	6.902756E-08	9.999946E-02	2.179931E-12	3.251720E-11	2.142435E-10	2.999979E-04	2.648047E-04	9.994428E-01	1.280218E-04	1.000000E+00	
0.000000E+00	7.655167E-16	5.360293E-07	0.000000E+00	2.364839E-14	2.005911E-23	8.838216E-13	5.078025E-24	1.710844E-09	9.760367E-11	0.000000E+00	9.993094E-05	2.578293E-22	4.310348E-13	4.355710E-16	2.130224E-14	4.456541E-13	1.824073E-16	2.563981E-14	2.755018E-05	4.777426E-16	1.212447E-13	3.433799E-18	9.536334E-16	9.084381E-14	6.902859E-08	9.999946E-02	2.179935E-12	3.252093E-11	2.142664E-10	2.999979E-04	2.658844E-04	9.994407E-01	1.280190E-04	1.000000E+00	
0.000000E+00	7.719684E-16	5.360272E-07	0.000000E+00	2.373803E-14	2.033811E-23	8.839343E-13	5.148732E-24	1.710636E-09	9.801973E-11	0.000000E+00	9.993094E-05	2.614106E-22	4.348658E-13	4.414728E-16	2.130480E-14	4.475390E-13	1.840786E-16	2.573882E-14	2.754697E-05	4.821598E-16	1.216891E-13	3.465493E-18	9.580267E-16	9.126233E-14	6.902959E-08	9.999946E-02	2.179939E-12	3.252517E-11	2.142924E-10	2.999979E-04	2.671063E-04	9.994382E-01	1.280157E-04	1.000000E+00	
0.000000E+00	7.793106E-16	5.360248E-07	0.000000E+00	2.383958E-14	2.065733E-23	8.840624E-13	5.229635E-24	1.710399E-09	9.849086E-11	0.000000E+00	9.993093E-05	2.655081E-22	4.392256E-13	4.482225E-16	2.130770E-14	4.496735E-13	1.859813E-16	2.585203E-14	2.754332E-05	4.871891E-16	1.221925E-13	3.501578E-18	9.630078E-16	9.173653E-14	6.903056E-08	9.999946E-02	2.179944E-12	3.252999E-11	2.143220E-10	2.999979E-04	2.684908E-04	9.994355E-01	1.280121E-04	1.000000E+00	
0.000000E+00	7.876818E-16	5.360221E-07	0.000000E+00	2.395478E-14	2.102351E-23	8.842083E-13	5.322440E-24	1.710131E-09	9.902500E-11	0.000000E+00	9.993093E-05	2.702081E-22	4.441964E-13	4.559611E-16	2.131102E-14	4.520937E-13	1.881518E-16	2.598181E-14	2.753919E-05	4.929264E-16	1.227636E-13	3.542741E-18	9.686631E-16	9.227447E-14	6.903147E-08	9.999946E-02	2.179950E-12	3.253547E-11	2.143557E-10	2.999979E-04	2.700613E-04	9.994323E-01	1.280080E-04	1.000000E+00	
0.000000E+00	7.972454E-16	5.360190E-07	0.000000E+00	2.408565E-14	2.144472E-23	8.843747E-13	5.429197E-24	1.709827E-09	9.963137E-11	0.000000E+00	9.993093E-05	2.756144E-22	4.498752E-13	4.648578E-16	2.131480E-14	4.548413E-13	1.906326E-16	2.613097E-14	2.753450E-05	4.994848E-16	1.234123E-13	3.589795E-18	9.750936E-16	9.288560E-14	6.903231E-08	9.999946E-02	2.179956E-12	3.254173E-11	2.143942E-10	2.999979E-04	2.718454E-04	9.994288E-01	1.280033E-04	1.000000E+00	
0.000000E+00	8.081974E-16	5.360155E-07	0.000000E+00	2.423456E-14	2.193082E-23	8.845651E-13	5.552405E-24	1.709482E-09	1.003208E-10	0.000000E+00	9.993093E-05	2.818534E-22	4.563784E-13	4.751186E-16	2.131913E-14	4.579655E-13	1.934753E-16	2.630295E-14	2.752916E-05	5.070005E-16	1.241504E-13	3.643713E-18	9.824185E-16	9.358099E-14	6.903305E-08	9.999946E-02	2.179964E-12	3.254888E-11	2.144383E-10	2.999979E-04	2.738755E-04	9.994247E-01	1.279979E-04	1.000000E+00	
0.000000E+00	8.207726E-16	5.360115E-07	0.000000E+00	2.440430E-14	2.249387E-23	8.847834E-13	5.695120E-24	1.709088E-09	1.011059E-10	0.000000E+00	9.993093E-05	2.890794E-22	4.638452E-13	4.869950E-16	2.132410E-14	4.615240E-13	1.967414E-16	2.650195E-14	2.752308E-05	5.156366E-16	1.249917E-13	3.705667E-18	9.907784E-16	9.437371E-14	6.903366E-08	9.999946E-02	2.179972E-12	3.255709E-11	2.144889E-10	2.999979E-04	2.761896E-04	9.994201E-01	1.279918E-04	1.000000E+00	
0.000000E+00	8.352553E-16	5.360069E-07	0.000000E+00	2.459819E-14	2.314877E-23	8.850343E-13	5.861124E-24	1.708638E-09	1.020019E-10	0.000000E+00	9.993093E-05	2.974839E-22	4.724444E-13	5.007973E-16	2.132981E-14	4.655851E-13	2.005058E-16	2.673315E-14	2.751614E-05	5.255914E-16	1.259528E-13	3.777076E-18	1.000341E-15	9.527925E-14	6.903410E-08	9.999946E-02	2.179982E-12	3.256651E-11	2.145470E-10	2.999979E-04	2.788329E-04	9.994148E-01	1.279849E-04	1.000000E+00	
0.000000E+00	8.519936E-16	5.360017E-07	0.000000E+00	2.482021E-14	2.391418E-23	8.853239E-13	6.055149E-24	1.708124E-09	1.030266E-10	0.000000E+00	9.993093E-05	3.073059E-22	4.823823E-13	5.169136E-16	2.133642E-14	4.702303E-13	2.048599E-16	2.700300E-14	2.750819E-05	5.371076E-16	1.270534E-13	3.859681E-18	1.011309E-15	9.631617E-14	6.903433E-08	9.999946E-02	2.179993E-12	3.257738E-11	2.146142E-10	2.999979E-04	2.818596E-04	9.994088E-01	1.279769E-04	1.000000E+00	
0.000000E+00	8.714155E-16	5.359956E-07	0.000000E+00	2.507510E-14	2.481365E-23	8.856592E-13	6.283168E-24	1.707534E-09	1.042015E-10	0.000000E+00	9.993093E-05	3.188474E-22	4.939125E-13	5.358320E-16	2.134407E-14	4.755573E-13	2.099168E-16	2.731965E-14	2.749908E-05	5.504846E-16	1.283170E-13	3.955626E-18	1.023925E-15	9.750675E-14	6.903428E-08	9.999946E-02	2.180006E-12	3.258996E-11	2.146921E-10	2.999979E-04	2.853346E-04	9.994018E-01	1.279678E-04	1.000000E+00	
0.000000E+00	8.940550E-16	5.359887E-07	0.000000E+00	2.536867E-14	2.587733E-23	8.860491E-13	6.552834E-24	1.706856E-09	1.055526E-10	0.000000E+00	9.993093E-05	3.324948E-22	5.073513E-13	5.581768E-16	2.135298E-14	4.816842E-13	2.158176E-16	2.769347E-14	2.748859E-05	5.660968E-16	1.297725E-13	4.067593E-18	1.038486E-15	9.887808E-14	6.903389E-08	9.999946E-02	2.180021E-12	3.260459E-11	2.147828E-10	2.999979E-04	2.893369E-04	9.993938E-01	1.279573E-04	1.000000E+00	
0.000000E+00	9.205849E-16	5.359806E-07	0.000000E+00	2.570801E-14	2.714437E-23	8.865050E-13	6.874078E-24	1.706074E-09	1.071116E-10	0.000000E+00	9.993093E-05	3.487498E-22	5.230966E-13	5.847556E-16	2.136341E-14	4.887551E-13	2.227403E-16	2.813790E-14	2.747648E-05	5.844170E-16	1.314551E-13	4.198968E-18	1.055361E-15	1.004633E-13	6.903306E-08	9.999946E-02	2.180038E-12	3.262168E-11	2.148890E-10	2.999979E-04	2.939631E-04	9.993846E-01	1.279452E-04	1.000000E+00	
0.000000E+00	9.518640E-16	5.359713E-07	0.000000E+00	2.610188E-14	2.866634E-23	8.870409E-13	7.259987E-24	1.705167E-09	1.089174E-10	0.000000E+00	9.993093E-05	3.682730E-22	5.416561E-13	6.166298E-16	2.137569E-14	4.969473E-13	2.309130E-16	2.867057E-14	2.746243E-05	6.060500E-16	1.334083E-13	4.354082E-18	1.075005E-15	1.023035E-13	6.903166E-08	9.999946E-02	2.180057E-12	3.264176E-11	2.150140E-10	2.999979E-04	2.993328E-04	9.993739E-01	1.279312E-04	1.000000E+00	
0.000000E+00	9.890056E-16	5.359603E-07	0.000000E+00	2.656126E-14	3.051244E-23	8.876754E-13	7.728129E-24	1.704111E-09	1.110185E-10	0.000000E+00	9.993094E-05	3.919510E-22	5.636867E-13	6.552189E-16	2.139025E-14	5.064819E-13	2.406316E-16	2.931504E-14	2.744607E-05	6.317823E-16	1.356869E-13	4.538564E-18	1.097998E-15	1.044499E-13	6.902956E-08	9.999946E-02	2.180081E-12	3.266552E-11	2.151622E-10	2.999979E-04	3.055957E-04	9.993614E-01	1.279148E-04	1.000000E+00	
0.000000E+00	1.033476E-15	5.359475E-07	0.000000E+00	2.710009E-14	3.277728E-23	8.884324E-13	8.302521E-24	1.702876E-09	1.134761E-10	0.000000E+00	9.993094E-05	4.209951E-22	5.900521E-13	7.024563E-16	2.140764E-14	5.176377E-13	2.522869E-16	3.010337E-14	2.742691E-05	6.626519E-16	1.383603E-13	4.759842E-18	1.125078E-15	1.069679E-13	6.902654E-08	9.999946E-02	2.180108E-12	3.269385E-11	2.153394E-10	2.999979E-04	3.129417E-04	9.993467E-01	1.278956E-04	1.000000E+00	
0.000000E+00	1.087242E-15	5.359323E-07	0.000000E+00	2.773631E-14	3.559322E-23	8.893444E-13	9.016773E-24	1.701420E-09	1.163684E-10	0.000000E+00	9.993094E-05	4.570999E-22	6.219093E-13	7.610361E-16	2.142864E-14	5.307715E-13	2.664047E-16	3.108022E-14	2.740432E-05	7.000573E-16	1.415178E-13	5.027920E-18	1.157212E-15	1.099414E-13	6.902235E-08	9.999946E-02	2.180140E-12	3.272795E-11	2.155532E-10	2.999979E-04	3.216155E-04	9.993294E-01	1.278730E-04	1.000000E+00	
0.000000E+00	1.153002E-15	5.359141E-07	0.000000E+00	2.849341E-14	3.914999E-23	8.904550E-13	9.919072E-24	1.699694E-09	1.197969E-10	0.000000E+00	9.993095E-05	5.026933E-22	6.608393E-13	8.348020E-16	2.145425E-14	5.463468E-13	2.837073E-16	3.230919E-14	2.737748E-05	7.459201E-16	1.452766E-13	5.356539E-18	1.195681E-15	1.134806E-13	6.901663E-08	9.999946E-02	2.180178E-12	3.276945E-11	2.158140E-10	2.999979E-04	3.319376E-04	9.993087E-01	1.278462E-04	1.000000E+00	
0.000000E+00	1.234546E-15	5.358922E-07	0.000000E+00	2.940280E-14	4.372774E-23	8.918258E-13	1.108060E-23	1.697626E-09	1.238960E-10	0.000000E+00	9.993096E-05	5.613591E-22	7.090562E-13	9.293995E-16	2.148593E-14	5.649779E-13	3.052123E-16	3.388365E-14	2.734532E-05	8.029499E-16	1.497937E-13	5.765065E-18	1.242225E-15	1.177326E-13	6.900890E-08	9.999946E-02	2.180223E-12	3.282063E-11	2.161367E-10	2.999979E-04	3.443361E-04	9.992840E-01	1.278140E-04	1.000000E+00	
0.000000E+00	1.337351E-15	5.358655E-07	0.000000E+00	3.050745E-14	4.975441E-23	8.935449E-13	1.261011E-23	1.695124E-09	1.288471E-10	0.000000E+00	9.993097E-05	6.385688E-22	7.697469E-13	1.053398E-15	2.152574E-14	5.874964E-13	3.323947E-16	3.594513E-14	2.730636E-05	8.750774E-16	1.552838E-13	6.281576E-18	1.299273E-15	1.228988E-13	6.899849E-08	9.999946E-02	2.180279E-12	3.288474E-11	2.165423E-10	2.999979E-04	3.593970E-04	9.992539E-01	1.277750E-04	1.000000E+00	
0.000000E+00	1.468558E-15	5.358841E-07	0.000000E+00	3.185492E-14	5.790086E-23	8.962389E-13	1.467321E-23	1.688172E-09	1.345323E-10	0.000000E+00	9.993095E-05	7.430357E-22	8.448958E-13	1.215974E-15	2.158276E-14	6.130389E-13	3.672982E-16	3.873827E-14	2.724437E-05	9.673859E-16	1.621094E-13	6.945066E-18	1.368931E-15	1.292136E-13	6.901717E-08	9.999946E-02	2.180323E-12	3.297621E-11	2.171277E-10	2.999979E-04	3.778932E-04	9.992170E-01	1.277130E-04	1.000000E+00	
0.000000E+00	1.642875E-15	5.358426E-07	0.000000E+00	3.355791E-14	6.931573E-23	8.991113E-13	1.757098E-23	1.684369E-09	1.420290E-10	0.000000E+00	9.993097E-05	8.891762E-22	9.469802E-13	1.447304E-15	2.164955E-14	6.471733E-13	4.136767E-16	4.257484E-14	2.718488E-05	1.090586E-15	1.705909E-13	7.826898E-18	1.459043E-15	1.371814E-13	6.899814E-08	9.999946E-02	2.180409E-12	3.308309E-11	2.178085E-10	2.999979E-04	4.011126E-04	9.991706E-01	1.276535E-04	1.000000E+00	
0.000000E+00	1.880138E-15	5.357892E-07	0.000000E+00	3.573607E-14	8.599531E-23	9.029897E-13	2.180707E-23	1.679534E-09	1.515143E-10	0.000000E+00	9.993099E-05	1.102587E-21	1.085311E-12	1.782585E-15	2.173994E-14	6.904142E-13	4.770294E-16	4.812624E-14	2.710915E-05	1.259044E-15	1.814519E-13	9.031933E-18	1.576484E-15	1.473772E-13	6.897194E-08	9.999946E-02	2.180519E-12	3.322724E-11	2.187301E-10	2.999979E-04	4.308119E-04	9.991113E-01	1.275778E-04	1.000000E+00	
0.000000E+00	2.216418E-15	5.357186E-07	0.000000E+00	3.859862E-14	1.117458E-22	9.084342E-13	2.835050E-23	1.673228E-09	1.638059E-10	0.000000E+00	9.993103E-05	1.431793E-21	1.280117E-12	2.294813E-15	2.186711E-14	7.465367E-13	5.671787E-16	5.659119E-14	2.701023E-05	1.499051E-15	1.957483E-13	1.074742E-17	1.734778E-15	1.607849E-13	6.893515E-08	9.999946E-02	2.180663E-12	3.342936E-11	2.200271E-10	2.999979E-04	4.698451E-04	9.990333E-01	1.274788E-04	1.000000E+00	
0.000000E+00	2.719343E-15	5.356217E-07	0.000000E+00	4.249821E-14	1.545078E-22	9.164789E-13	3.922481E-23	1.664717E-09	1.802380E-10	0.000000E+00	9.993108E-05	1.977893E-21	1.568702E-12	3.133704E-15	2.205545E-14	8.217222E-13	7.025944E-16	7.042316E-14	2.687652E-05	1.860142E-15	2.152661E-13	1.332563E-17	1.958165E-15	1.790651E-13	6.888203E-08	9.999946E-02	2.180859E-12	3.372767E-11	2.219484E-10	2.999979E-04	5.230239E-04	9.989271E-01	1.273451E-04	1.000000E+00	
0.000000E+00	3.529394E-15	5.354817E-07	0.000000E+00	4.807962E-14	2.330374E-22	9.292293E-13	5.921534E-23	1.652687E-09	2.031438E-10	0.000000E+00	9.993116E-05	2.979248E-21	2.026763E-12	4.644892E-15	2.235456E-14	9.268385E-13	9.217485E-16	9.527171E-14	2.668722E-05	2.445747E-15	2.432873E-13	1.750067E-17	2.294841E-15	2.052585E-13	6.880211E-08	9.999946E-02	2.181141E-12	3.419995E-11	2.250010E-10	2.999979E-04	5.991468E-04	9.987750E-01	1.271557E-04	1.000000E+00	
0.000000E+00	4.980607E-15	5.353146E-07	0.000000E+00	5.664889E-14	4.000432E-22	9.519448E-13	1.017577E-22	1.630867E-09	2.363763E-10	0.000000E+00	9.993125E-05	5.105038E-21	2.820657E-12	7.742611E-15	2.288244E-14	1.079428E-12	1.316552E-15	1.461510E-13	2.638885E-05	3.502421E-15	2.866827E-13	2.502776E-17	2.852060E-15	2.455151E-13	6.870809E-08	9.999946E-02	2.181547E-12	3.503130E-11	2.303949E-10	2.999979E-04	7.161565E-04	9.985413E-01	1.268573E-04	1.000000E+00	
0.000000E+00	8.079613E-15	5.349824E-07	0.000000E+00	7.143585E-14	8.499003E-22	9.980285E-13	2.166142E-22	1.596966E-09	2.901995E-10	0.000000E+00	9.993144E-05	1.081076E-20	4.444742E-12	1.569602E-14	2.396060E-14	1.328441E-12	2.163745E-15	2.760269E-13	2.589788E-05	5.779848E-15	3.620739E-13	4.119508E-17	3.953563E-15	3.151298E-13	6.851757E-08	9.999947E-02	2.182266E-12	3.672567E-11	2.414120E-10	2.999978E-04	9.180390E-04	9.981380E-01	1.263662E-04	1.000000E+00	
0.000000E+00	1.456410E-14	5.343591E-07	0.000000E+00	9.490786E-14	2.113202E-21	1.087874E-12	5.405057E-22	1.550968E-09	3.678486E-10	0.000000E+00	9.993179E-05	2.673789E-20	7.619054E-12	3.650797E-14	2.607609E-14	1.692848E-12	3.942282E-15	6.133256E-13	2.516858E-05	1.059612E-14	4.829796E-13	7.517457E-17	6.142888E-15	4.260815E-13	6.816864E-08	9.999947E-02	2.183446E-12	4.004846E-11	2.630281E-10	2.999978E-04	1.238495E-03	9.974978E-01	1.256367E-04	1.000000E+00	
0.000000E+00	3.062612E-14	5.332750E-07	0.000000E+00	1.360270E-13	6.627586E-21	1.288129E-12	1.704384E-21	1.472714E-09	4.804201E-10	0.000000E+00	9.993233E-05	8.314273E-20	1.451221E-11	1.020387E-13	3.078480E-14	2.230825E-12	8.348921E-15	1.665980E-12	2.396833E-05	2.264223E-14	6.996504E-13	1.594844E-16	1.152182E-14	6.213085E-13	6.762327E-08	9.999947E-02	2.185485E-12	4.745686E-11	3.111583E-10	2.999977E-04	1.800530E-03	9.963750E-01	1.244359E-04	1.000000E+00	
0.000000E+00	7.588314E-14	5.312298E-07	0.000000E+00	2.112577E-13	2.660213E-20	1.755779E-12	6.896911E-21	1.343350E-09	6.264120E-10	0.000000E+00	9.993314E-05	3.291788E-19	2.984685E-11	3.348816E-13	4.176056E-14	2.952031E-12	2.069176E-14	5.357648E-12	2.202519E-05	5.685435E-14	1.112221E-12	3.960437E-16	2.737563E-14	9.800345E-13	6.678652E-08	9.999947E-02	2.189187E-12	6.481515E-11	4.233641E-10	2.999975E-04	2.830806E-03	9.943164E-01	1.224916E-04	1.000000E+00	
0.000000E+00	2.217669E-13	5.297565E-07	0.000000E+00	3.585309E-13	1.400219E-19	2.694983E-12	3.574636E-20	1.026515E-09	6.819771E-10	0.000000E+00	9.993185E-05	1.729296E-18	5.410748E-11	1.045468E-12	6.271815E-14	3.151384E-12	5.993688E-14	1.672441E-11	1.917810E-05	1.625651E-13	2.031782E-12	1.149513E-15	6.936273E-14	1.646925E-12	6.804692E-08	9.999947E-02	2.194221E-12	9.844982E-11	6.385499E-10	2.999975E-04	4.857531E-03	9.902658E-01	1.196415E-04	1.000000E+00	
0.000000E+00	8.370511E-13	5.163241E-07	0.000000E+00	6.737460E-13	1.023036E-18	5.564579E-12	2.730923E-19	8.673660E-10	8.326534E-10	0.000000E+00	9.993625E-05	1.197041E-17	1.278775E-10	4.967210E-12	1.307838E-13	4.200961E-12	2.183918E-13	7.558941E-11	1.460723E-05	6.293808E-13	4.091456E-12	4.195256E-15	3.050229E-13	3.163226E-12	6.352662E-08	9.999948E-02	2.213503E-12	2.093242E-10	1.333785E-09	2.999965E-04	9.227934E-03	9.815295E-01	1.150617E-04	1.000000E+00	
0.000000E+00	3.238450E-12	4.947084E-07	0.000000E+00	1.289155E-12	7.706763E-18	1.047557E-11	2.078547E-18	5.822047E-10	7.149782E-10	0.000000E+00	9.993793E-05	8.685373E-17	2.023386E-10	1.590214E-11	2.447236E-13	3.818185E-12	7.934381E-13	2.346018E-10	1.001258E-05	2.341767E-12	9.197043E-12	1.521278E-14	9.933759E-13	5.852041E-12	6.164665E-08	9.999951E-02	2.251688E-12	4.015642E-10	2.503015E-09	2.999953E-04	1.793591E-02	9.641182E-01	1.104468E-04	1.000000E+00	
0.000000E+00	1.143157E-11	4.581862E-07	0.000000E+00	2.352240E-12	4.808368E-17	1.729846E-11	1.284856E-17	3.650441E-10	5.166626E-10	0.000000E+00	9.993885E-05	5.247608E-16	2.431155E-10	3.698548E-11	4.015619E-13	2.957478E-12	2.548243E-12	5.312218E-10	6.422971E-06	7.564711E-12	2.081825E-11	4.841180E-14	2.529347E-12	9.808927E-12	6.042878E-08	9.999954E-02	2.334855E-12	6.764862E-10	4.127834E-09	2.999935E-04	3.355014E-02	9.328933E-01	1.068212E-04	1.000000E+00	
0.000000E+00	2.928151E-11	4.171978E-07	0.000000E+00	3.673258E-12	1.810691E-16	2.345659E-11	4.675219E-17	2.429843E-10	3.673381E-10	0.000000E+00	9.993859E-05	1.941330E-15	2.387894E-10	5.960654E-11	5.399099E-13	2.243682E-12	5.943497E-12	8.435934E-10	4.435281E-06	1.728818E-11	3.987498E-11	1.110792E-13	4.579546E-12	1.370116E-11	6.039552E-08	9.999958E-02	2.467282E-12	9.293278E-10	5.589828E-09	2.999917E-04	5.401167E-02	8.919722E-01	1.047921E-04	1.000000E+00	
0.000000E+00	5.134055E-11	3.862083E-07	0.000000E+00	4.775724E-12	3.918040E-16	2.726294E-11	9.769013E-17	1.866403E-10	2.902073E-10	0.000000E+00	9.993817E-05	4.156710E-15	2.231159E-10	7.512325E-11	6.240268E-13	1.871287E-12	9.780152E-12	1.053551E-09	3.473058E-06	2.778822E-11	5.947587E-11	1.797058E-13	6.363657E-12	1.633757E-11	6.061646E-08	9.999961E-02	2.603543E-12	1.089677E-09	6.501750E-09	2.999905E-04	7.203570E-02	8.559251E-01	1.037983E-04	1.000000E+00	
0.000000E+00	7.305570E-11	3.644165E-07	0.000000E+00	5.623530E-12	6.326819E-16	2.951402E-11	1.528400E-16	1.564090E-10	2.467064E-10	0.000000E+00	9.993762E-05	6.673524E-15	2.084957E-10	8.484245E-11	6.723884E-13	1.655626E-12	1.337300E-11	1.183858E-09	2.958784E-06	3.714241E-11	7.695229E-11	2.420604E-13	7.723339E-12	1.807352E-11	6.103609E-08	9.999964E-02	2.724781E-12	1.186127E-09	7.041757E-09	2.999898E-04	8.651086E-02	8.269753E-01	1.032617E-04	1.000000E+00	
0.000000E+00	9.292117E-11	3.485800E-07	0.000000E+00	6.280134E-12	8.748756E-16	3.092329E-11	2.058050E-16	1.379229E-10	2.194164E-10	0.000000E+00	9.993709E-05	9.191974E-15	1.968773E-10	9.125288E-11	7.019709E-13	1.519152E-12	1.656928E-11	1.268848E-09	2.638717E-06	4.513609E-11	9.198374E-11	2.960736E-13	8.774851E-12	1.928215E-11	6.147265E-08	9.999965E-02	2.829331E-12	1.247869E-09	7.381859E-09	2.999894E-04	9.810499E-02	8.037874E-01	1.029252E-04	1.000000E+00	
0.000000E+00	1.114855E-10	3.361022E-07	0.000000E+00	6.823406E-12	1.116677E-15	3.189228E-11	2.566345E-16	1.249859E-10	2.000143E-10	0.000000E+00	9.993659E-05	1.169674E-14	1.873336E-10	9.588818E-11	7.218583E-13	1.421578E-12	1.950919E-11	1.329604E-09	2.410530E-06	5.224474E-11	1.054619E-10	3.445987E-13	9.644315E-12	2.020708E-11	6.190864E-08	9.999966E-02	2.923369E-12	1.291420E-09	7.617470E-09	2.999891E-04	1.079602E-01	7.840773E-01	1.026840E-04	1.000000E+00	
0.000000E+00	1.296398E-10	3.254850E-07	0.000000E+00	7.305533E-12	1.365819E-15	3.261266E-11	3.071164E-16	1.149068E-10	1.847258E-10	0.000000E+00	9.993608E-05	1.427041E-14	1.789808E-10	9.950580E-11	7.362295E-13	1.344002E-12	2.235985E-11	1.376561E-09	2.230806E-06	5.892423E-11	1.182673E-10	3.906381E-13	1.041102E-11	2.097793E-11	6.235791E-08	9.999967E-02	3.012893E-12	1.324682E-09	7.793671E-09	2.999888E-04	1.169108E-01	7.661761E-01	1.024932E-04	1.000000E+00	
0.000000E+00	1.481289E-10	3.159120E-07	0.000000E+00	7.757091E-12	1.631146E-15	3.317480E-11	3.589833E-16	1.064504E-10	1.717835E-10	0.000000E+00	9.993556E-05	1.700507E-14	1.712941E-10	1.024849E-10	7.470456E-13	1.277663E-12	2.525198E-11	1.414849E-09	2.078705E-06	6.549772E-11	1.310270E-10	4.363655E-13	1.112254E-11	2.166211E-11	6.282681E-08	9.999968E-02	3.102247E-12	1.351480E-09	7.932019E-09	2.999887E-04	1.254732E-01	7.490514E-01	1.023310E-04	1.000000E+00	
0.000000E+00	1.673240E-10	3.070776E-07	0.000000E+00	8.194081E-12	1.920306E-15	3.361461E-11	4.131424E-16	9.899743E-11	1.602816E-10	0.000000E+00	9.993495E-05	1.999300E-14	1.638732E-10	1.048473E-10	7.546596E-13	1.216127E-12	2.827246E-11	1.445676E-09	1.951150E-06	7.207852E-11	1.442241E-10	4.831582E-13	1.176935E-11	2.229042E-11	6.339487E-08	9.999969E-02	3.193999E-12	1.372625E-09	8.036982E-09	2.999885E-04	1.339267E-01	7.321447E-01	1.021940E-04	1.000000E+00	
0.000000E+00	1.881010E-10	2.983815E-07	0.000000E+00	8.629580E-12	2.240652E-15	3.396950E-11	4.715698E-16	9.227601E-11	1.498574E-10	0.000000E+00	9.993445E-05	2.327028E-14	1.568779E-10	1.071466E-10	7.610776E-13	1.163129E-12	3.151561E-11	1.473831E-09	1.821674E-06	7.907407E-11	1.579768E-10	5.321709E-13	1.246753E-11	2.289455E-11	6.385363E-08	9.999970E-02	3.291314E-12	1.391875E-09	8.129479E-09	2.999884E-04	1.425250E-01	7.149482E-01	1.020553E-04	1.000000E+00	
0.000000E+00	2.102287E-10	2.900880E-07	0.000000E+00	9.065096E-12	2.597544E-15	3.422932E-11	5.336687E-16	8.607265E-11	1.401709E-10	0.000000E+00	9.993383E-05	2.693248E-14	1.499090E-10	1.089383E-10	7.648319E-13	1.111242E-12	3.501420E-11	1.496084E-09	1.708903E-06	8.628423E-11	1.726794E-10	5.838600E-13	1.311654E-11	2.347170E-11	6.442882E-08	9.999971E-02	3.394539E-12	1.406611E-09	8.194696E-09	2.999883E-04	1.512952E-01	6.974078E-01	1.019337E-04	1.000000E+00	
0.000000E+00	2.340631E-10	2.820167E-07	0.000000E+00	9.504126E-12	2.996361E-15	3.440330E-11	6.000564E-16	8.030667E-11	1.311190E-10	0.000000E+00	9.993317E-05	3.102131E-14	1.430468E-10	1.103951E-10	7.665367E-13	1.061857E-12	3.882310E-11	1.513862E-09	1.603877E-06	9.385279E-11	1.884302E-10	6.387254E-13	1.375247E-11	2.403176E-11	6.505194E-08	9.999972E-02	3.505158E-12	1.417972E-09	8.238893E-09	2.999883E-04	1.603166E-01	6.793652E-01	1.018199E-04	1.000000E+00	
0.000000E+00	2.597300E-10	2.741498E-07	0.000000E+00	9.947328E-12	3.441746E-15	3.449220E-11	6.707300E-16	7.492109E-11	1.226229E-10	0.000000E+00	9.993245E-05	3.558475E-14	1.362880E-10	1.115170E-10	7.662122E-13	1.014576E-12	4.298434E-11	1.527190E-09	1.505567E-06	1.018072E-10	2.053558E-10	6.970629E-13	1.437307E-11	2.457777E-11	6.572844E-08	9.999973E-02	3.624038E-12	1.425992E-09	8.262146E-09	2.999883E-04	1.696122E-01	6.607741E-01	1.017130E-04	1.000000E+00	
0.000000E+00	2.875699E-10	2.663732E-07	0.000000E+00	1.039550E-11	3.937458E-15	3.449601E-11	7.459752E-16	6.988504E-11	1.146474E-10	0.000000E+00	9.993175E-05	4.063499E-14	1.297054E-10	1.124463E-10	7.642920E-13	9.706898E-13	4.754508E-11	1.537037E-09	1.407950E-06	1.102881E-10	2.234546E-10	7.590419E-13	1.501633E-11	2.511385E-11	6.638977E-08	9.999973E-02	3.752251E-12	1.431463E-09	8.268709E-09	2.999882E-04	1.792125E-01	6.415736E-01	1.016070E-04	1.000000E+00	
0.000000E+00	3.172051E-10	2.588896E-07	0.000000E+00	1.084556E-11	4.487291E-15	3.441381E-11	8.245510E-16	6.516412E-11	1.071370E-10	0.000000E+00	9.993094E-05	4.625101E-14	1.232085E-10	1.129369E-10	7.600828E-13	9.274587E-13	5.252970E-11	1.541703E-09	1.319661E-06	1.190959E-10	2.429676E-10	8.247700E-13	1.561083E-11	2.563642E-11	6.716105E-08	9.999974E-02	3.889735E-12	1.433057E-09	8.251207E-09	2.999883E-04	1.890576E-01	6.218835E-01	1.015104E-04	1.000000E+00	
0.000000E+00	3.489627E-10	2.515745E-07	0.000000E+00	1.129740E-11	5.093448E-15	3.424611E-11	9.064623E-16	6.074611E-11	1.000843E-10	0.000000E+00	9.993011E-05	5.242069E-14	1.168933E-10	1.131665E-10	7.541383E-13	8.866464E-13	5.798416E-11	1.542401E-09	1.233878E-06	1.283850E-10	2.638257E-10	8.942312E-13	1.620369E-11	2.614888E-11	6.795603E-08	9.999975E-02	4.037375E-12	1.431772E-09	8.215047E-09	2.999883E-04	1.991572E-01	6.016845E-01	1.014165E-04	1.000000E+00	
0.000000E+00	3.826074E-10	2.445200E-07	0.000000E+00	1.174844E-11	5.758239E-15	3.399563E-11	9.905607E-16	5.661262E-11	9.346258E-11	0.000000E+00	9.992920E-05	5.918749E-14	1.107438E-10	1.130420E-10	7.462600E-13	8.472152E-13	6.393957E-11	1.538561E-09	1.153710E-06	1.380529E-10	2.861568E-10	9.674182E-13	1.676162E-11	2.665014E-11	6.882897E-08	9.999976E-02	4.195251E-12	1.433584E-09	8.157895E-09	2.999884E-04	2.094584E-01	5.810821E-01	1.013284E-04	1.000000E+00	
0.000000E+00	4.180697E-10	2.377325E-07	0.000000E+00	1.219684E-11	6.482887E-15	3.366584E-11	1.075936E-15	5.275013E-11	8.725548E-11	0.000000E+00	9.992819E-05	6.656364E-14	1.047850E-10	1.125817E-10	7.365783E-13	8.092379E-13	7.043286E-11	1.530387E-09	1.078478E-06	1.480887E-10	3.099964E-10	1.044250E-12	1.728282E-11	2.714081E-11	6.978010E-08	9.999976E-02	4.363608E-12	1.454249E-09	8.080806E-09	2.999885E-04	2.199236E-01	5.601518E-01	1.012454E-04	1.000000E+00	
0.000000E+00	4.551915E-10	2.312348E-07	0.000000E+00	1.264057E-11	7.268041E-15	3.326193E-11	1.161478E-15	4.914516E-11	8.144539E-11	0.000000E+00	9.992708E-05	7.456327E-14	9.903195E-11	1.117863E-10	7.251924E-13	7.725823E-13	7.750049E-11	1.518008E-09	1.008248E-06	1.584519E-10	3.353956E-10	1.124632E-12	1.775861E-11	2.762133E-11	7.082264E-08	9.999977E-02	4.542539E-12	1.471267E-09	7.984534E-09	2.999886E-04	2.305064E-01	5.389861E-01	1.011676E-04	1.000000E+00	
0.000000E+00	4.938293E-10	2.250317E-07	0.000000E+00	1.307785E-11	8.113453E-15	3.278964E-11	1.246080E-15	4.578456E-11	7.601495E-11	0.000000E+00	9.992588E-05	8.318789E-14	9.350064E-11	1.106774E-10	7.122645E-13	7.372735E-13	8.518075E-11	1.501708E-09	9.425689E-07	1.691182E-10	3.623798E-10	1.208428E-12	1.818670E-11	2.809237E-11	7.196131E-08	9.999977E-02	4.732084E-12	1.484551E-09	7.870516E-09	2.999887E-04	2.411626E-01	5.176739E-01	1.010945E-04	1.000000E+00	
0.000000E+00	5.341573E-10	2.190526E-07	0.000000E+00	1.350778E-11	9.015973E-15	3.225039E-11	1.329027E-15	4.265557E-11	7.094842E-11	0.000000E+00	9.992464E-05	9.236455E-14	8.822333E-11	1.093691E-10	6.981664E-13	7.040936E-13	9.351587E-11	1.482294E-09	8.784867E-07	1.802013E-10	3.908103E-10	1.295251E-12	1.860225E-11	2.855462E-11	7.314409E-08	9.999978E-02	4.932364E-12	1.494497E-09	7.742397E-09	2.999889E-04	2.518688E-01	4.962616E-01	1.010233E-04	1.000000E+00	
0.000000E+00	5.752998E-10	2.134527E-07	0.000000E+00	1.392726E-11	9.978068E-15	3.166159E-11	1.408293E-15	3.974345E-11	6.622121E-11	0.000000E+00	9.992323E-05	1.022189E-13	8.316063E-11	1.076936E-10	6.826448E-13	6.713557E-13	1.025409E-10	1.459056E-09	8.212812E-07	1.913848E-10	4.210225E-10	1.385389E-12	1.892691E-11	2.900861E-11	7.450140E-08	9.999979E-02	5.142815E-12	1.500216E-09	7.597411E-09	2.999891E-04	2.625350E-01	4.749292E-01	1.009591E-04	1.000000E+00	
0.000000E+00	6.178699E-10	2.080635E-07	0.000000E+00	1.433668E-11	1.099172E-14	3.101864E-11	1.483742E-15	3.703623E-11	6.181977E-11	0.000000E+00	9.992177E-05	1.125649E-13	7.836192E-11	1.058812E-10	6.663258E-13	6.407820E-13	1.123029E-10	1.433445E-09	7.649414E-07	2.029710E-10	4.526408E-10	1.478073E-12	1.924574E-11	2.945474E-11	7.590784E-08	9.999979E-02	5.363543E-12	1.502754E-09	7.441922E-09	2.999893E-04	2.731677E-01	4.536637E-01	1.008959E-04	1.000000E+00	
0.000000E+00	6.609526E-10	2.030194E-07	0.000000E+00	1.473358E-11	1.205939E-14	3.034051E-11	1.553558E-15	3.452003E-11	5.772069E-11	0.000000E+00	9.992013E-05	1.235426E-13	7.379045E-11	1.037879E-10	6.490291E-13	6.109017E-13	1.228451E-10	1.404951E-09	7.139424E-07	2.146411E-10	4.860217E-10	1.573715E-12	1.948506E-11	2.989432E-11	7.749170E-08	9.999980E-02	5.593899E-12	1.501452E-09	7.274019E-09	2.999895E-04	2.836858E-01	4.326276E-01	1.008383E-04	1.000000E+00	
0.000000E+00	7.048599E-10	1.982219E-07	0.000000E+00	1.511799E-11	1.317337E-14	2.962723E-11	1.617354E-15	3.218255E-11	5.390738E-11	0.000000E+00	9.991838E-05	1.350108E-13	6.946581E-11	1.015512E-10	6.311589E-13	5.825978E-13	1.342156E-10	1.374511E-09	6.651152E-07	2.265730E-10	5.209166E-10	1.671722E-12	1.969589E-11	3.032732E-11	7.918765E-08	9.999980E-02	5.833563E-12	1.497014E-09	7.097870E-09	2.999897E-04	2.940801E-01	4.118392E-01	1.007830E-04	1.000000E+00	
0.000000E+00	7.488387E-10	1.937499E-07	0.000000E+00	1.548848E-11	1.433554E-14	2.889537E-11	1.673858E-15	3.001126E-11	5.035927E-11	0.000000E+00	9.991642E-05	1.470957E-13	6.536392E-11	9.909242E-11	6.126815E-13	5.549827E-13	1.464699E-10	1.341998E-09	6.209399E-07	2.385217E-10	5.576270E-10	1.772541E-12	1.982873E-11	3.075555E-11	8.109309E-08	9.999981E-02	6.081897E-12	1.489196E-09	6.913172E-09	2.999899E-04	3.042918E-01	3.914158E-01	1.007324E-04	1.000000E+00	
0.000000E+00	7.932667E-10	1.895068E-07	0.000000E+00	1.584539E-11	1.553621E-14	2.814376E-11	1.722900E-15	2.799451E-11	4.706001E-11	0.000000E+00	9.991431E-05	1.596286E-13	6.149605E-11	9.653973E-11	5.939520E-13	5.288362E-13	1.596603E-10	1.308259E-09	5.786653E-07	2.506844E-10	5.958687E-10	1.875512E-12	1.993635E-11	3.117830E-11	8.314638E-08	9.999981E-02	6.338295E-12	1.478736E-09	6.723662E-09	2.999902E-04	3.143184E-01	3.713626E-01	1.006838E-04	1.000000E+00	
0.000000E+00	8.370673E-10	1.856004E-07	0.000000E+00	1.618748E-11	1.678247E-14	2.739314E-11	1.763366E-15	2.612090E-11	4.399002E-11	0.000000E+00	9.991191E-05	1.728662E-13	5.783207E-11	9.377919E-11	5.748690E-13	5.030373E-13	1.738624E-10	1.273022E-09	5.414020E-07	2.626919E-10	6.361642E-10	1.981673E-12	1.994728E-11	3.159860E-11	8.549037E-08	9.999981E-02	6.602071E-12	1.465736E-09	6.528412E-09	2.999904E-04	3.241014E-01	3.517966E-01	1.006403E-04	1.000000E+00	
0.000000E+00	8.812412E-10	1.818664E-07	0.000000E+00	1.651595E-11	1.805614E-14	2.663291E-11	1.795668E-15	2.437982E-11	4.113518E-11	0.000000E+00	9.990935E-05	1.864504E-13	5.439021E-11	9.100948E-11	5.558801E-13	4.789081E-13	1.891278E-10	1.237391E-09	5.048389E-07	2.749712E-10	6.778965E-10	2.089659E-12	1.995949E-11	3.201349E-11	8.799643E-08	9.999982E-02	6.872273E-12	1.451138E-09	6.332164E-09	2.999907E-04	3.336656E-01	3.326684E-01	1.005975E-04	1.000000E+00	
0.000000E+00	9.240296E-10	1.784817E-07	0.000000E+00	1.682941E-11	1.937591E-14	2.589221E-11	1.818694E-15	2.276106E-11	3.847661E-11	0.000000E+00	9.990639E-05	2.009129E-13	5.112949E-11	8.803850E-11	5.367385E-13	4.547805E-13	2.055689E-10	1.200750E-09	4.736516E-07	2.868892E-10	7.220483E-10	2.201681E-12	1.985391E-11	3.242839E-11	9.090069E-08	9.999982E-02	7.148304E-12	1.434231E-09	6.132544E-09	2.999910E-04	3.429420E-01	3.141155E-01	1.005600E-04	1.000000E+00	
0.000000E+00	9.670196E-10	1.752341E-07	0.000000E+00	1.712958E-11	2.071413E-14	2.515247E-11	1.833253E-15	2.125525E-11	3.600243E-11	0.000000E+00	9.990321E-05	2.156929E-13	4.807159E-11	8.510900E-11	5.179305E-13	4.323060E-13	2.232349E-10	1.164321E-09	4.426639E-07	2.990826E-10	7.676766E-10	2.315605E-12	1.976368E-11	3.283783E-11	9.402120E-08	9.999982E-02	7.428715E-12	1.416389E-09	5.934712E-09	2.999912E-04	3.519757E-01	2.960482E-01	1.005226E-04	1.000000E+00	
0.000000E+00	1.009049E-09	1.722264E-07	0.000000E+00	1.741591E-11	2.208310E-14	2.443323E-11	1.838839E-15	1.985345E-11	3.369680E-11	0.000000E+00	9.989964E-05	2.311752E-13	4.518822E-11	8.211085E-11	4.993329E-13	4.104826E-13	2.422524E-10	1.127814E-09	4.145527E-07	3.111376E-10	8.154871E-10	2.433123E-12	1.961652E-11	3.324532E-11	9.753107E-08	9.999983E-02	7.712652E-12	1.397705E-09	5.737584E-09	2.999915E-04	3.607267E-01	2.785461E-01	1.004880E-04	1.000000E+00	
0.000000E+00	1.050360E-09	1.694087E-07	0.000000E+00	1.768906E-11	2.347468E-14	2.373452E-11	1.835704E-15	1.854749E-11	3.154720E-11	0.000000E+00	9.989567E-05	2.472746E-13	4.247467E-11	7.910119E-11	4.810940E-13	3.895805E-13	2.627263E-10	1.091619E-09	3.882662E-07	3.231686E-10	8.653787E-10	2.554067E-12	1.944122E-11	3.364949E-11	1.014379E-07	9.999983E-02	7.998730E-12	1.379309E-09	5.542862E-09	2.999917E-04	3.692009E-01	2.615977E-01	1.004550E-04	1.000000E+00	
0.000000E+00	1.090790E-09	1.667757E-07	0.000000E+00	1.794941E-11	2.488741E-14	2.306157E-11	1.823992E-15	1.732978E-11	2.954143E-11	0.000000E+00	9.989123E-05	2.640690E-13	3.991988E-11	7.608675E-11	4.632698E-13	3.695086E-13	2.847897E-10	1.055902E-09	3.638202E-07	3.351315E-10	9.175293E-10	2.678957E-12	1.923687E-11	3.405026E-11	1.058105E-07	9.999983E-02	8.285562E-12	1.362077E-09	5.351297E-09	2.999920E-04	3.773943E-01	2.452110E-01	1.004235E-04	1.000000E+00	
0.000000E+00	1.129563E-09	1.643751E-07	0.000000E+00	1.819712E-11	2.633235E-14	2.242615E-11	1.803773E-15	1.619325E-11	2.766734E-11	0.000000E+00	9.988616E-05	2.819316E-13	3.750720E-11	7.302218E-11	4.458265E-13	3.498207E-13	3.086267E-10	1.020610E-09	3.422306E-07	3.467455E-10	9.725699E-10	2.809530E-12	1.896626E-11	3.444980E-11	1.108025E-07	9.999984E-02	8.571990E-12	1.346604E-09	5.162726E-09	2.999923E-04	3.852929E-01	2.294139E-01	1.003945E-04	1.000000E+00	
0.000000E+00	1.168081E-09	1.620689E-07	0.000000E+00	1.843338E-11	2.777937E-14	2.181525E-11	1.775692E-15	1.513171E-11	2.591665E-11	0.000000E+00	9.988055E-05	3.003162E-13	3.524251E-11	7.004453E-11	4.290121E-13	3.313850E-13	3.343448E-10	9.863916E-10	3.208384E-07	3.585457E-10	1.029730E-09	2.943876E-12	1.872121E-11	3.484163E-11	1.163274E-07	9.999984E-02	8.855455E-12	1.334308E-09	4.979855E-09	2.999925E-04	3.929294E-01	2.141410E-01	1.003652E-04	1.000000E+00	
0.000000E+00	1.204733E-09	1.599767E-07	0.000000E+00	1.865802E-11	2.925694E-14	2.124947E-11	1.739734E-15	1.413909E-11	2.427788E-11	0.000000E+00	9.987411E-05	3.200253E-13	3.310206E-11	6.703790E-11	4.126690E-13	3.132805E-13	3.622250E-10	9.528884E-10	3.020168E-07	3.699250E-10	1.090299E-09	3.085519E-12	1.841544E-11	3.523087E-11	1.226720E-07	9.999984E-02	9.134953E-12	1.325425E-09	4.801235E-09	2.999927E-04	4.002763E-01	1.994470E-01	1.003379E-04	1.000000E+00	
0.000000E+00	1.239441E-09	1.580847E-07	0.000000E+00	1.887163E-11	3.076533E-14	2.073156E-11	1.696321E-15	1.321005E-11	2.274249E-11	0.000000E+00	9.986672E-05	3.412512E-13	3.107903E-11	6.402050E-11	3.968465E-13	2.955581E-13	3.925163E-10	9.202584E-10	2.854334E-07	3.808480E-10	1.154617E-09	3.235564E-12	1.805606E-11	3.561645E-11	1.299673E-07	9.999984E-02	9.408415E-12	1.320832E-09	4.627531E-09	2.999929E-04	4.073403E-01	1.853192E-01	1.003121E-04	1.000000E+00	
0.000000E+00	1.273302E-09	1.562956E-07	0.000000E+00	1.907507E-11	3.227830E-14	2.025356E-11	1.646015E-15	1.234007E-11	2.130426E-11	0.000000E+00	9.985834E-05	3.636080E-13	2.917520E-11	6.108150E-11	3.817039E-13	2.787600E-13	4.254308E-10	8.889342E-10	2.694113E-07	3.917206E-10	1.222238E-09	3.392891E-12	1.770830E-11	3.599218E-11	1.382343E-07	9.999984E-02	9.672698E-12	1.321849E-09	4.460525E-09	2.999931E-04	4.141450E-01	1.717097E-01	1.002859E-04	1.000000E+00	
0.000000E+00	1.305064E-09	1.546913E-07	0.000000E+00	1.926846E-11	3.382087E-14	1.983065E-11	1.589088E-15	1.152455E-11	1.995465E-11	0.000000E+00	9.984863E-05	3.879298E-13	2.737475E-11	5.815067E-11	3.671437E-13	2.623347E-13	4.613769E-10	8.587093E-10	2.553448E-07	4.020500E-10	1.294451E-09	3.561243E-12	1.731457E-11	3.636115E-11	1.478101E-07	9.999985E-02	9.925968E-12	1.329088E-09	4.299364E-09	2.999933E-04	4.206768E-01	1.586461E-01	1.002606E-04	1.000000E+00	
0.000000E+00	1.335045E-09	1.532366E-07	0.000000E+00	1.945235E-11	3.538355E-14	1.946322E-11	1.526052E-15	1.075974E-11	1.868794E-11	0.000000E+00	9.983741E-05	4.143106E-13	2.567458E-11	5.526267E-11	3.532353E-13	2.464616E-13	5.007235E-10	8.297929E-10	2.426151E-07	4.119337E-10	1.371509E-09	3.741497E-12	1.689898E-11	3.671970E-11	1.588929E-07	9.999985E-02	1.016502E-11	1.343868E-09	4.144902E-09	2.999935E-04	4.269464E-01	1.461070E-01	1.002352E-04	1.000000E+00	
0.000000E+00	1.363169E-09	1.519271E-07	0.000000E+00	1.962714E-11	3.696511E-14	1.915616E-11	1.457399E-15	1.004224E-11	1.749859E-11	0.000000E+00	9.982436E-05	4.430997E-13	2.406919E-11	5.242510E-11	3.400050E-13	2.311385E-13	5.439360E-10	8.022876E-10	2.311321E-07	4.213136E-10	1.454039E-09	3.935603E-12	1.646509E-11	3.706540E-11	1.717884E-07	9.999985E-02	1.038657E-11	1.367607E-09	3.997549E-09	2.999937E-04	4.329577E-01	1.340843E-01	1.002094E-04	1.000000E+00	
0.000000E+00	1.388929E-09	1.507890E-07	0.000000E+00	1.979311E-11	3.857484E-14	1.891854E-11	1.383648E-15	9.368918E-12	1.638118E-11	0.000000E+00	9.980903E-05	4.749944E-13	2.255129E-11	4.962456E-11	3.274435E-13	2.162297E-13	5.916023E-10	7.762088E-10	2.212310E-07	4.299564E-10	1.543111E-09	4.146908E-12	1.599804E-11	3.739722E-11	1.869371E-07	9.999985E-02	1.058731E-11	1.401921E-09	3.857350E-09	2.999938E-04	4.387088E-01	1.225821E-01	1.001830E-04	1.000000E+00	
0.000000E+00	1.412231E-09	1.498208E-07	0.000000E+00	1.995058E-11	4.021178E-14	1.875707E-11	1.305399E-15	8.737120E-12	1.533139E-11	0.000000E+00	9.979092E-05	5.105632E-13	2.111687E-11	4.687119E-11	3.155823E-13	2.017617E-13	6.443862E-10	7.516747E-10	2.128209E-07	4.377795E-10	1.639623E-09	4.378333E-12	1.550282E-11	3.771198E-11	2.048352E-07	9.999985E-02	1.076323E-11	1.449022E-09	3.724770E-09	2.999939E-04	4.442022E-01	1.115953E-01	1.001556E-04	1.000000E+00	
0.000000E+00	1.432933E-09	1.490266E-07	0.000000E+00	2.009982E-11	4.187544E-14	1.868039E-11	1.223313E-15	8.144540E-12	1.434545E-11	0.000000E+00	9.976940E-05	5.505319E-13	1.976219E-11	4.417274E-11	3.044518E-13	1.877480E-13	7.030828E-10	7.288032E-10	2.058882E-07	4.446744E-10	1.744669E-09	4.633487E-12	1.498260E-11	3.800630E-11	2.261244E-07	9.999985E-02	1.091001E-11	1.511755E-09	3.600269E-09	2.999940E-04	4.494386E-01	1.011227E-01	1.001264E-04	1.000000E+00	
0.000000E+00	1.451023E-09	1.484037E-07	0.000000E+00	2.024107E-11	4.356112E-14	1.869840E-11	1.138111E-15	7.589200E-12	1.342021E-11	0.000000E+00	9.974364E-05	5.956954E-13	1.848455E-11	4.154205E-11	2.940963E-13	1.742363E-13	7.686370E-10	7.077511E-10	2.003409E-07	4.505775E-10	1.859430E-09	4.916359E-12	1.444567E-11	3.827586E-11	2.516156E-07	9.999985E-02	1.102290E-11	1.593923E-09	3.484466E-09	2.999941E-04	4.544188E-01	9.116223E-02	1.000945E-04	1.000000E+00	
0.000000E+00	1.465876E-09	1.479937E-07	0.000000E+00	2.037445E-11	4.528033E-14	1.882753E-11	1.050610E-15	7.069118E-12	1.255206E-11	0.000000E+00	9.971248E-05	6.475479E-13	1.727873E-11	3.896767E-11	2.845148E-13	1.611233E-13	8.422440E-10	6.885676E-10	1.966628E-07	4.551718E-10	1.985836E-09	5.233615E-12	1.387764E-11	3.851843E-11	2.824643E-07	9.999985E-02	1.109722E-11	1.700354E-09	3.377511E-09	2.999941E-04	4.591361E-01	8.172768E-02	1.000592E-04	1.000000E+00	
0.000000E+00	1.477180E-09	1.478218E-07	0.000000E+00	2.050011E-11	4.703632E-14	1.908503E-11	9.617153E-16	6.582520E-12	1.173799E-11	0.000000E+00	9.967444E-05	7.077186E-13	1.614131E-11	3.645268E-11	2.757333E-13	1.484044E-13	9.253212E-10	6.713773E-10	1.951263E-07	4.582552E-10	2.125888E-09	5.592504E-12	1.327780E-11	3.873016E-11	3.201418E-07	9.999985E-02	1.112788E-11	1.837614E-09	3.279846E-09	2.999941E-04	4.635864E-01	7.282708E-02	1.000195E-04	1.000000E+00	
0.000000E+00	1.485366E-09	1.478674E-07	0.000000E+00	2.061825E-11	4.881034E-14	1.948857E-11	8.723792E-16	6.128162E-12	1.097633E-11	0.000000E+00	9.962767E-05	7.775721E-13	1.507236E-11	3.402521E-11	2.678414E-13	1.362294E-13	1.019528E-09	6.564751E-10	1.954615E-07	4.599226E-10	2.281315E-09	5.999555E-12	1.267071E-11	3.890407E-11	3.664803E-07	9.999985E-02	1.110933E-11	2.014684E-09	3.192614E-09	2.999940E-04	4.677716E-01	6.445663E-02	9.997310E-05	1.000000E+00	
0.000000E+00	1.477681E-09	1.490965E-07	0.000000E+00	2.072832E-11	5.098399E-14	2.010588E-11	7.845049E-16	5.693490E-12	1.023834E-11	0.000000E+00	9.956708E-05	8.732561E-13	1.400520E-11	3.127485E-11	2.596572E-13	1.221848E-13	1.127970E-09	6.409589E-10	2.102554E-07	4.548305E-10	2.466430E-09	6.511346E-12	1.166165E-11	3.908417E-11	4.265674E-07	9.999985E-02	1.104233E-11	2.235063E-09	3.103115E-09	2.999939E-04	4.715731E-01	5.685348E-02	9.992851E-05	1.000000E+00	
0.000000E+00	1.476686E-09	1.498752E-07	0.000000E+00	2.082900E-11	5.280808E-14	2.091072E-11	7.002302E-16	5.305637E-12	9.583684E-12	0.000000E+00	9.949343E-05	9.732487E-13	1.307490E-11	2.902991E-11	2.537708E-13	1.110738E-13	1.248368E-09	6.314172E-10	2.188137E-07	4.521116E-10	2.661107E-09	7.054922E-12	1.101472E-11	3.915874E-11	4.996188E-07	9.999985E-02	1.090182E-11	2.519566E-09	3.040052E-09	2.999937E-04	4.750910E-01	4.981777E-02	9.986419E-05	1.000000E+00	
0.000000E+00	1.470900E-09	1.511023E-07	0.000000E+00	2.092300E-11	5.468938E-14	2.195297E-11	6.188762E-16	4.939735E-12	8.963536E-12	0.000000E+00	9.939942E-05	1.095029E-12	1.218766E-11	2.682566E-11	2.485916E-13	1.002303E-13	1.387118E-09	6.240303E-10	2.332049E-07	4.470270E-10	2.882542E-09	7.694363E-12	1.032908E-11	3.918605E-11	5.929088E-07	9.999985E-02	1.069956E-11	2.888199E-09	2.985971E-09	2.999934E-04	4.783323E-01	4.333506E-02	9.978578E-05	1.000000E+00	
0.000000E+00	1.460905E-09	1.528112E-07	0.000000E+00	2.101200E-11	5.664336E-14	2.324415E-11	5.402976E-16	4.586666E-12	8.363078E-12	0.000000E+00	9.927791E-05	1.245013E-12	1.132509E-11	2.464549E-11	2.438121E-13	8.963045E-14	1.550009E-09	6.181840E-10	2.547072E-07	4.397828E-10	3.136864E-09	8.455137E-12	9.613707E-12	3.916851E-11	7.135100E-07	9.999985E-02	1.043639E-11	3.381496E-09	2.937429E-09	2.999930E-04	4.813501E-01	3.729960E-02	9.968746E-05	1.000000E+00	
0.000000E+00	1.446996E-09	1.550658E-07	0.000000E+00	2.109598E-11	5.865828E-14	2.481063E-11	4.658323E-16	4.242261E-12	7.775676E-12	0.000000E+00	9.911874E-05	1.431264E-12	1.047970E-11	2.249149E-11	2.392547E-13	7.933325E-14	1.742503E-09	6.135860E-10	2.856524E-07	4.304403E-10	3.429972E-09	9.366996E-12	8.879943E-12	3.909888E-11	8.715367E-07	9.999984E-02	1.010876E-11	4.052132E-09	2.892543E-09	2.999923E-04	4.841317E-01	3.173635E-02	9.956146E-05	1.000000E+00	
0.000000E+00	1.432120E-09	1.576661E-07	0.000000E+00	2.117466E-11	6.063430E-14	2.670761E-11	3.965737E-16	3.907899E-12	7.205438E-12	0.000000E+00	9.890806E-05	1.659413E-12	9.663013E-12	2.044294E-11	2.351489E-13	6.977376E-14	1.971525E-09	6.110472E-10	3.243998E-07	4.201702E-10	3.766045E-09	1.045333E-11	8.202345E-12	3.895982E-11	1.080731E-06	9.999984E-02	9.713383E-12	4.986660E-09	2.854164E-09	2.999914E-04	4.866836E-01	2.663251E-02	9.939209E-05	1.000000E+00	
0.000000E+00	1.407724E-09	1.617160E-07	0.000000E+00	2.124942E-11	6.287846E-14	2.871353E-11	3.351722E-16	3.542244E-12	6.578932E-12	0.000000E+00	9.862043E-05	1.964476E-12	8.762878E-12	1.815163E-11	2.285203E-13	5.945331E-14	2.245933E-09	6.029393E-10	3.944660E-07	4.053381E-10	4.164835E-09	1.182430E-11	7.337733E-12	3.877539E-11	1.366411E-06	9.999984E-02	9.253496E-12	6.269670E-09	2.787597E-09	2.999902E-04	4.889351E-01	2.212937E-02	9.917854E-05	1.000000E+00	
0.000000E+00	1.381295E-09	1.666798E-07	0.000000E+00	2.132013E-11	6.515800E-14	3.068049E-11	2.825630E-16	3.142007E-12	5.895274E-12	0.000000E+00	9.822497E-05	2.356624E-12	7.794135E-12	1.578324E-11	2.190602E-13	4.939047E-14	2.576810E-09	5.884350E-10	4.923108E-07	3.890023E-10	4.629582E-09	1.351522E-11	6.457347E-12	3.850890E-11	1.759286E-06	9.999983E-02	8.728019E-12	8.081262E-09	2.688478E-09	2.999885E-04	4.909318E-01	1.813584E-02	9.888584E-05	1.000000E+00	
0.000000E+00	1.355137E-09	1.724998E-07	0.000000E+00	2.138691E-11	6.743993E-14	3.229229E-11	2.403463E-16	2.694663E-12	5.135130E-12	0.000000E+00	9.767212E-05	2.863271E-12	6.737342E-12	1.333844E-11	2.052707E-13	3.974736E-14	2.978694E-09	5.633224E-10	6.192652E-07	3.719926E-10	5.171239E-09	1.561250E-11	5.577737E-12	3.814150E-11	2.308600E-06	9.999983E-02	8.140581E-12	1.068641E-08	2.538292E-09	2.999861E-04	4.926795E-01	1.464041E-02	9.846571E-05	1.000000E+00	
0.000000E+00	1.321171E-09	1.810252E-07	0.000000E+00	2.145442E-11	7.013400E-14	3.159766E-11	2.130983E-16	2.089837E-12	4.111285E-12	0.000000E+00	9.687630E-05	3.572755E-12	5.341568E-12	1.027357E-11	1.774565E-13	2.886844E-14	3.468438E-09	4.995777E-10	8.152606E-07	3.508218E-10	5.820052E-09	1.835985E-11	4.421139E-12	3.768411E-11	3.099793E-06	9.999982E-02	7.502386E-12	1.419553E-08	2.216605E-09	2.999830E-04	4.941386E-01	1.172188E-02	9.787435E-05	1.000000E+00	
0.000000E+00	1.292736E-09	1.908318E-07	0.000000E+00	2.152039E-11	7.300816E-14	2.876956E-11	1.996361E-16	1.442916E-12	3.022117E-12	0.000000E+00	9.572329E-05	4.525018E-12	3.890167E-12	7.296526E-12	1.417292E-13	1.930251E-14	4.069403E-09	4.116884E-10	1.007781E-06	3.305390E-10	6.576995E-09	2.186568E-11	3.339680E-12	3.707310E-11	4.246305E-06	9.999981E-02	6.818173E-12	1.935718E-08	1.793826E-09	2.999784E-04	4.953733E-01	9.252355E-03	9.692361E-05	1.000000E+00	
0.000000E+00	1.275152E-09	2.014207E-07	0.000000E+00	2.158387E-11	7.627583E-14	2.515431E-11	1.981319E-16	8.908190E-13	2.096646E-12	0.000000E+00	9.402945E-05	5.819702E-12	2.678245E-12	4.940078E-12	1.075153E-13	1.230363E-14	4.808550E-09	3.249786E-10	1.134849E-06	3.124464E-10	7.453475E-09	2.638755E-11	2.498768E-12	3.626290E-11	5.929890E-06	9.999980E-02	6.097870E-12	2.800887E-08	1.385560E-09	2.999702E-04	4.963956E-01	7.207664E-03	9.536738E-05	1.000000E+00	
0.000000E+00	1.262022E-09	2.160308E-07	0.000000E+00	2.165474E-11	8.096919E-14	2.024320E-11	2.093707E-16	4.293138E-13	1.324034E-12	0.000000E+00	9.148911E-05	7.754268E-12	1.677589E-12	3.052653E-12	7.448693E-14	7.063456E-15	5.707861E-09	2.369263E-10	1.182825E-06	2.927373E-10	8.484385E-09	3.261903E-11	1.775146E-12	3.521855E-11	8.453036E-06	9.999978E-02	5.358008E-12	4.328239E-08	9.857708E-10	2.999554E-04	4.971845E-01	5.629762E-03	9.288960E-05	1.000000E+00	
0.000000E+00	1.265661E-09	2.338555E-07	0.000000E+00	2.173230E-11	8.771574E-14	1.801970E-11	2.309361E-16	1.802651E-13	9.120210E-13	0.000000E+00	8.767572E-05	1.067527E-11	1.148565E-12	2.089391E-12	5.631160E-14	4.440808E-15	6.782932E-09	1.921430E-10	1.129269E-06	2.740797E-10	9.653972E-09	4.126072E-11	1.367823E-12	3.381127E-11	1.223282E-05	9.999977E-02	4.607508E-12	7.466183E-08	7.768170E-10	2.999243E-04	4.977836E-01	4.431650E-03	8.904045E-05	1.000000E+00	
0.000000E+00	1.288485E-09	2.589436E-07	0.000000E+00	2.183059E-11	9.872733E-14	1.903754E-11	2.655589E-16	7.478662E-14	7.471255E-13	0.000000E+00	8.197587E-05	1.549017E-11	9.364883E-13	1.727967E-12	5.027179E-14	3.276993E-15	8.009684E-09	1.894632E-10	9.964673E-07	2.539449E-10	1.094514E-08	5.403420E-11	1.142897E-12	3.189981E-11	1.786298E-05	9.999974E-02	3.861439E-12	1.418383E-07	7.419029E-10	2.998572E-04	4.982039E-01	3.591148E-03	8.323288E-05	1.000000E+00	
0.000000E+00	1.353332E-09	2.886609E-07	0.000000E+00	2.194329E-11	1.170278E-13	2.416201E-11	3.256446E-16	5.099212E-14	7.375615E-13	0.000000E+00	7.374485E-05	2.369245E-11	9.253432E-13	1.787146E-12	5.355347E-14	2.952122E-15	9.304409E-09	2.320990E-10	8.375556E-07	2.348371E-10	1.223153E-08	7.336043E-11	1.057758E-12	2.926508E-11	2.594423E-05	9.999971E-02	3.133528E-12	2.890193E-07	8.789941E-10	2.997098E-04	4.984934E-01	3.012330E-03	7.487271E-05	1.000000E+00	
0.000000E+00	9.569136E-10	2.700786E-07	0.000000E+00	2.177035E-11	2.472948E-13	1.927682E-14	1.472299E-16	9.663538E-13	2.013695E-12	0.000000E+00	5.630857E-05	9.917089E-11	2.037673E-12	2.794875E-12	1.217531E-13	1.528540E-15	7.403293E-09	6.706525E-10	1.162235E-09	8.877109E-11	1.439995E-08	2.143513E-10	2.480802E-13	2.339681E-11	4.348994E-05	9.999973E-02	2.279954E-12	1.792587E-07	2.821107E-09	2.998172E-04	4.968573E-01	6.285410E-03	5.658091E-05	1.000000E+00	
0.000000E+00	1.219262E-09	2.601900E-07	0.000000E+00	2.178404E-11	3.468887E-13	3.748086E-14	2.152963E-16	9.330698E-13	2.098699E-12	0.000000E+00	4.399392E-05	1.588759E-10	2.304342E-12	4.045637E-12	1.406448E-13	2.045614E-15	8.308560E-09	1.010670E-09	1.117338E-09	9.730339E-11	1.497965E-08	3.175963E-10	3.618937E-13	2.005271E-11	5.574550E-05	9.999974E-02	1.718045E-12	2.366951E-07	4.077201E-09	2.997582E-04	4.974481E-01	5.103721E-03	4.425660E-05	1.000000E+00	
0.000000E+00	1.692390E-09	2.586642E-07	0.000000E+00	2.182248E-11	5.383061E-13	8.632803E-14	3.867425E-16	9.240835E-13	2.323631E-12	0.000000E+00	3.140670E-05	2.696598E-10	2.793370E-12	6.859671E-12	1.684594E-13	3.182133E-15	8.710471E-09	1.706021E-09	1.103229E-09	1.079988E-10	1.478598E-08	4.947403E-10	5.937177E-13	1.594319E-11	6.829210E-05	9.999974E-02	1.318482E-12	2.768186E-07	6.678064E-09	2.997148E-04	4.978779E-01	4.244189E-03	3.166832E-05	1.000000E+00	
0.000000E+00	2.567599E-09	2.674705E-07	0.000000E+00	2.188911E-11	9.239180E-13	2.398163E-13	8.568015E-16	9.420896E-13	2.783173E-12	0.000000E+00	2.031321E-05	4.838424E-10	3.650307E-12	1.379949E-11	2.096814E-13	5.897055E-15	8.371700E-09	3.259422E-09	1.122006E-09	1.205094E-10	1.379750E-08	8.114456E-10	1.108434E-12	1.160142E-11	7.937379E-05	9.999973E-02	1.194919E-12	2.893977E-07	1.257349E-08	2.996947E-04	4.981779E-01	3.644156E-03	2.058455E-05	1.000000E+00	
0.000000E+00	4.112186E-09	2.704549E-07	0.000000E+00	2.192508E-11	1.724780E-12	7.861761E-13	2.234725E-15	9.957912E-13	3.618219E-12	0.000000E+00	1.219844E-05	9.314271E-10	5.083956E-12	3.172844E-11	2.720943E-13	1.271067E-14	7.539934E-09	6.961889E-09	1.182583E-09	1.364739E-10	1.272678E-08	1.426985E-09	2.318667E-12	8.015421E-12	8.747296E-05	9.999973E-02	1.461273E-12	3.058319E-07	2.672606E-08	2.996604E-04	4.983618E-01	3.276299E-03	1.247440E-05	1.000000E+00	
0.000000E+00	6.186076E-09	2.292878E-07	0.000000E+00	2.179727E-11	3.209337E-12	2.665451E-12	5.735840E-15	1.096865E-12	4.780055E-12	0.000000E+00	7.642745E-06	1.984467E-09	6.999772E-12	6.918006E-11	3.686652E-13	2.665061E-14	7.023709E-09	1.523715E-08	1.300331E-09	1.606831E-10	1.316150E-08	2.780443E-09	4.926746E-12	6.018903E-12	9.191354E-05	9.999977E-02	2.040367E-12	4.185898E-07	5.724795E-08	2.995088E-04	4.984500E-01	3.099838E-03	7.879801E-06	1.000000E+00	
0.000000E+00	7.643159E-09	1.206012E-07	0.000000E+00	2.142800E-11	4.797054E-12	7.588576E-12	1.075147E-14	1.251247E-12	5.726703E-12	0.000000E+00	5.921352E-06	4.443791E-09	8.530230E-12	1.098140E-10	5.194841E-13	4.153627E-14	7.148522E-09	2.992695E-08	1.498665E-09	1.846469E-10	1.621362E-08	5.695726E-09	9.192159E-12	5.348395E-12	9.302231E-05	9.999988E-02	2.471844E-12	1.022633E-06	1.037153E-07	2.988436E-04	4.984861E-01	3.027547E-03	6.051449E-06	1.000000E+00	
0.000000E+00	9.089653E-09	7.501827E-09	0.000000E+00	2.104197E-11	6.399209E-12	1.928738E-11	1.838706E-14	1.435710E-12	6.444930E-12	0.000000E+00	4.842356E-06	1.011377E-08	9.710976E-12	1.557084E-10	7.184649E-13	5.449132E-14	6.707118E-09	5.635914E-08	1.873580E-09	1.978648E-10	1.960178E-08	1.177589E-08	2.104863E-11	4.635578E-12	7.490474E-05	9.999999E-02	2.346116E-12	2.020447E-05	1.741753E-07	2.795648E-04	4.985170E-01	2.965639E-03	4.861249E-06	1.000000E+00	
0.000000E+00	1.912436E-08	1.917665E-09	0.000000E+00	2.103238E-11	1.714426E-11	1.165347E-10	8.785029E-14	1.674013E-12	9.488004E-12	0.000000E+00	1.905115E-06	2.420764E-08	1.474636E-11	5.975513E-10	9.756076E-13	1.592182E-13	3.142298E-09	1.729942E-07	2.810724E-09	2.104383E-10	1.257140E-08	2.518238E-08	1.623224E-10	2.076890E-12	1.827716E-05	1.000000E-01	1.192208E-12	7.975222E-05	5.917369E-07	2.194820E-04	4.985658E-01	2.867223E-03	1.930007E-06	1.000000E+00	
0.000000E+00	3.825265E-08	1.577302E-09	0.000000E+00	2.103516E-11	4.502144E-11	1.128442E-09	3.181307E-13	1.810324E-12	1.523422E-11	0.000000E+00	5.217696E-07	4.386141E-08	2.434236E-11	3.389102E-09	1.137526E-12	7.968274E-13	9.341663E-10	6.218317E-07	3.339470E-09	1.619576E-10	5.035268E-09	4.024879E-08	1.106436E-09	5.790876E-13	2.508432E-06	1.000000E-01	3.289648E-13	9.687840E-05	2.510126E-06	1.999828E-04	4.985773E-01	2.841201E-03	5.697072E-07	1.000000E+00	
0.000000E+00	4.845736E-08	1.535836E-09	0.000000E+00	2.103597E-11	5.592312E-11	7.126058E-09	4.564405E-13	1.808437E-12	1.794655E-11	0.000000E+00	1.979413E-07	5.498712E-08	2.976886E-11	9.222394E-09	1.192811E-12	2.029592E-12	3.450868E-10	1.592503E-06	3.453792E-09	9.010203E-11	2.342675E-09	4.591883E-08	2.979561E-09	1.929989E-13	5.225070E-07	1.000000E-01	8.830823E-14	9.917283E-05	6.934390E-06	1.922738E-04	4.985845E-01	2.820326E-03	2.638108E-07	1.000000E+00	
0.000000E+00	5.152945E-08	1.517937E-09	0.000000E+00	2.103671E-11	4.735557E-11	3.689077E-08	4.267596E-13	1.718438E-12	1.792564E-11	0.000000E+00	8.726371E-08	5.150682E-08	3.200868E-11	1.665266E-08	1.216005E-12	3.656954E-12	1.519116E-10	3.414467E-06	3.449583E-09	4.527211E-11	1.203938E-09	4.201376E-08	4.994432E-09	7.497959E-14	1.377301E-07	1.000000E-01	2.532160E-14	9.967504E-05	1.602539E-05	1.807896E-04	4.986077E-01	2.761244E-03	1.655785E-07	1.000000E+00	
0.000000E+00	5.076166E-08	1.498841E-09	0.000000E+00	2.103765E-11	3.348384E-11	1.434957E-07	3.165829E-13	1.551740E-12	1.615105E-11	0.000000E+00	4.470005E-08	3.964674E-08	3.277372E-11	2.325064E-08	1.223806E-12	6.646072E-12	8.165980E-11	6.083829E-06	3.387561E-09	2.436399E-11	7.218977E-10	3.262752E-08	6.199660E-09	3.550585E-14	4.891145E-08	1.000000E-01	9.053429E-15	9.982705E-05	3.145079E-05	1.623218E-04	4.986446E-01	2.666682E-03	1.299360E-07	1.000000E+00	
0.000000E+00	4.892916E-08	1.479417E-09	0.000000E+00	2.103851E-11	2.414014E-11	3.429314E-07	2.287814E-13	1.371926E-12	1.400637E-11	0.000000E+00	2.858815E-08	3.037174E-08	3.309657E-11	2.763461E-08	1.222903E-12	1.208380E-11	5.550943E-11	8.659194E-06	3.317274E-09	1.593261E-11	5.407503E-10	2.472925E-08	6.581172E-09	2.187873E-14	2.575601E-08	1.000000E-01	4.662120E-15	9.988334E-05	4.907924E-05	1.416581E-04	4.986792E-01	2.574699E-03	1.166529E-07	1.000000E+00	
0.000000E+00	4.773388E-08	1.467268E-09	0.000000E+00	2.103899E-11	2.012759E-11	5.020531E-07	1.889385E-13	1.260560E-12	1.268647E-11	0.000000E+00	2.307583E-08	2.616219E-08	3.327214E-11	2.973136E-08	1.220105E-12	1.661172E-11	4.654735E-11	1.014618E-05	3.275760E-09	1.297695E-11	4.869280E-10	2.096016E-08	6.637089E-09	1.741194E-14	1.925419E-08	1.000000E-01	3.421796E-15	9.990334E-05	6.062292E-05	1.282870E-04	4.986984E-01	2.521818E-03	1.120406E-07	1.000000E+00	
0.000000E+00	4.728796E-08	1.462669E-09	0.000000E+00	2.103917E-11	1.885628E-11	5.640602E-07	1.760578E-13	1.218746E-12	1.219730E-11	0.000000E+00	2.146730E-08	2.478789E-08	3.334101E-11	3.044052E-08	1.218741E-12	1.841260E-11	4.391466E-11	1.068666E-05	3.260655E-09	1.210434E-11	4.758677E-10	1.970650E-08	6.638117E-09	1.612595E-14	1.747458E-08	1.000000E-01	3.082847E-15	9.990937E-05	6.507892E-05	1.231598E-04	4.987052E-01	2.502684E-03	1.106758E-07	1.000000E+00	
0.000000E+00	4.717074E-08	1.461453E-09	0.000000E+00	2.103921E-11	1.853493E-11	5.797612E-07	1.727585E-13	1.207716E-12	1.206901E-11	0.000000E+00	2.107533E-08	2.443309E-08	3.335968E-11	3.062175E-08	1.218358E-12	1.887173E-11	4.326494E-11	1.082777E-05	3.256714E-09	1.188941E-11	4.750291E-10	1.937982E-08	6.636964E-09	1.581214E-14	1.703488E-08	1.000000E-01	2.999455E-15	9.991089E-05	6.626540E-05	1.217991E-04	4.987070E-01	2.497702E-03	1.103413E-07	1.000000E+00	
0.000000E+00	4.714668E-08	1.461203E-09	0.000000E+00	2.103922E-11	1.846837E-11	5.828025E-07	1.720673E-13	1.205452E-12	1.204273E-11	0.000000E+00	2.099643E-08	2.435837E-08	3.336356E-11	3.065868E-08	1.218278E-12	1.896087E-11	4.313133E-11	1.085666E-05	3.255908E-09	1.184544E-11	4.755148E-10	1.931046E-08	6.636657E-09	1.574826E-14	1.694022E-08	1.000000E-01	2.981639E-15	9.991121E-05	6.650955E-05	1.215196E-04	4.987073E-01	2.496682E-03	1.102739E-07	1.000000E+00	
