2.309532E-08	9.125555E-09	2.657301E-10	1.334886E-12	1.013562E-13	2.612074E-14	6.797647E-15	2.034948E-15	5.641350E-16	1.686784E-16	4.811954E-17	1.451929E-17	4.189887E-18	1.303277E-18	3.647682E-19	9.107697E-20	2.564456E-20	6.385001E-21	1.517760E-21	3.589851E-22	8.130038E-23	1.754487E-23	2.463770E-24	0.000000E+00	0.000000E+00	0.000000E+00	0.000000E+00	0.000000E+00	0.000000E+00	0.000000E+00	0.000000E+00	7.512480E-26	1.134748E-24	8.061780E-25	1.784113E-24	2.618261E-24	3.973739E-24	2.580598E-24	1.492298E-24	0.000000E+00	0.000000E+00	
2.310770E-08	9.131010E-09	2.659602E-10	1.346107E-12	1.035098E-13	2.667730E-14	6.942487E-15	2.078293E-15	5.761513E-16	1.722703E-16	4.914414E-17	1.482838E-17	4.279077E-18	1.331016E-18	3.725320E-19	9.301600E-20	2.619268E-20	6.523044E-21	1.553215E-21	3.694395E-22	8.581353E-23	1.936524E-23	3.523192E-24	7.375155E-25	3.481590E-25	9.875276E-25	1.270255E-25	1.459077E-24	1.341341E-24	8.952372E-25	0.000000E+00	1.060532E-24	7.333756E-25	0.000000E+00	1.187457E-25	6.990444E-25	3.224207E-24	3.071635E-25	2.827378E-24	7.987059E-26	1.514007E-24	
2.310926E-08	9.131696E-09	2.659891E-10	1.347510E-12	1.037789E-13	2.674685E-14	6.960586E-15	2.083709E-15	5.776528E-16	1.727191E-16	4.927217E-17	1.486701E-17	4.290221E-18	1.334483E-18	3.735018E-19	9.325879E-20	2.625958E-20	6.540741E-21	1.556857E-21	3.712938E-22	8.493020E-23	1.915359E-23	4.982471E-24	9.794497E-25	1.397281E-24	3.960208E-25	5.864581E-25	2.077847E-24	0.000000E+00	0.000000E+00	0.000000E+00	0.000000E+00	0.000000E+00	4.030890E-25	0.000000E+00	8.774658E-25	4.391368E-25	1.101729E-24	1.299841E-24	2.593017E-25	0.000000E+00	
2.311102E-08	9.132471E-09	2.660217E-10	1.349092E-12	1.040825E-13	2.682532E-14	6.981006E-15	2.089820E-15	5.793469E-16	1.732255E-16	4.941662E-17	1.491058E-17	4.302796E-18	1.338394E-18	3.745966E-19	9.353124E-20	2.633514E-20	6.557529E-21	1.560070E-21	3.713480E-22	8.641897E-23	1.883573E-23	4.244147E-24	0.000000E+00	0.000000E+00	0.000000E+00	0.000000E+00	0.000000E+00	0.000000E+00	0.000000E+00	0.000000E+00	0.000000E+00	0.000000E+00	0.000000E+00	0.000000E+00	0.000000E+00	0.000000E+00	0.000000E+00	0.000000E+00	0.000000E+00	0.000000E+00	
2.311301E-08	9.133348E-09	2.660585E-10	1.350879E-12	1.044253E-13	2.691391E-14	7.004062E-15	2.096720E-15	5.812597E-16	1.737972E-16	4.957972E-17	1.495979E-17	4.316991E-18	1.342807E-18	3.758312E-19	9.383854E-20	2.642248E-20	6.579433E-21	1.566329E-21	3.724365E-22	8.539953E-23	1.947469E-23	4.248590E-24	2.143480E-24	0.000000E+00	0.000000E+00	3.208960E-25	2.500121E-25	0.000000E+00	0.000000E+00	0.000000E+00	0.000000E+00	0.000000E+00	1.836519E-24	1.365676E-24	2.127728E-24	1.912653E-24	1.177561E-24	1.538241E-24	3.864585E-24	7.906280E-25	
2.311527E-08	9.134341E-09	2.661003E-10	1.352899E-12	1.048126E-13	2.701402E-14	7.030114E-15	2.104516E-15	5.834211E-16	1.744433E-16	4.976402E-17	1.501538E-17	4.333032E-18	1.347796E-18	3.772265E-19	9.418717E-20	2.652019E-20	6.601589E-21	1.570072E-21	3.728137E-22	8.552878E-23	1.784658E-23	2.705705E-24	0.000000E+00	0.000000E+00	0.000000E+00	0.000000E+00	0.000000E+00	0.000000E+00	0.000000E+00	0.000000E+00	0.000000E+00	0.000000E+00	0.000000E+00	0.000000E+00	0.000000E+00	0.000000E+00	0.000000E+00	0.000000E+00	8.132462E-25	5.710495E-24	
2.311782E-08	9.135466E-09	2.661475E-10	1.355183E-12	1.052507E-13	2.712724E-14	7.059579E-15	2.113334E-15	5.858656E-16	1.751740E-16	4.997245E-17	1.507826E-17	4.351178E-18	1.353440E-18	3.788074E-19	9.458310E-20	2.663363E-20	6.632570E-21	1.578358E-21	3.754402E-22	8.593914E-23	1.825735E-23	3.302260E-24	1.054171E-25	0.000000E+00	5.793899E-25	0.000000E+00	3.410908E-25	0.000000E+00	0.000000E+00	2.520316E-25	0.000000E+00	0.000000E+00	0.000000E+00	0.000000E+00	0.000000E+00	7.372126E-25	2.499515E-24	5.425344E-25	1.104658E-24	0.000000E+00	
2.312073E-08	9.136743E-09	2.662011E-10	1.357769E-12	1.057467E-13	2.725542E-14	7.092937E-15	2.123316E-15	5.886330E-16	1.760012E-16	5.020842E-17	1.514944E-17	4.371717E-18	1.359827E-18	3.805946E-19	9.502684E-20	2.675653E-20	6.663468E-21	1.585547E-21	3.771835E-22	8.679782E-23	1.854331E-23	4.531722E-24	1.717369E-24	7.385253E-25	1.002876E-24	9.737951E-25	6.811719E-25	1.140605E-24	0.000000E+00	0.000000E+00	0.000000E+00	0.000000E+00	0.000000E+00	0.000000E+00	0.000000E+00	0.000000E+00	0.000000E+00	0.000000E+00	0.000000E+00	0.000000E+00	
2.312403E-08	9.138194E-09	2.662619E-10	1.360700E-12	1.063088E-13	2.740070E-14	7.130744E-15	2.134630E-15	5.917696E-16	1.769387E-16	5.047587E-17	1.523012E-17	4.394998E-18	1.367068E-18	3.826217E-19	9.553509E-20	2.690110E-20	6.699711E-21	1.594395E-21	3.797660E-22	8.809918E-23	1.963988E-23	4.492948E-24	0.000000E+00	0.000000E+00	0.000000E+00	0.000000E+00	0.000000E+00	2.813141E-25	0.000000E+00	0.000000E+00	0.000000E+00	8.794852E-26	1.016507E-24	5.108285E-25	5.451597E-25	7.997156E-26	1.933656E-25	0.000000E+00	3.587613E-24	1.931232E-24	
2.312779E-08	9.139846E-09	2.663311E-10	1.364028E-12	1.069468E-13	2.756557E-14	7.173652E-15	2.147471E-15	5.953293E-16	1.780028E-16	5.077940E-17	1.532169E-17	4.421420E-18	1.375286E-18	3.849228E-19	9.610899E-20	2.706230E-20	6.739224E-21	1.605063E-21	3.817467E-22	8.768357E-23	1.932000E-23	3.788148E-24	4.301501E-25	0.000000E+00	0.000000E+00	2.827277E-25	0.000000E+00	0.000000E+00	1.631743E-25	1.194525E-24	9.733912E-25	0.000000E+00	8.730229E-25	1.168776E-24	2.335836E-24	5.983731E-25	0.000000E+00	1.589940E-24	3.595085E-24	1.575096E-24	
2.313208E-08	9.141731E-09	2.664100E-10	1.367810E-12	1.076718E-13	2.775296E-14	7.222418E-15	2.162064E-15	5.993751E-16	1.792121E-16	5.112438E-17	1.542575E-17	4.451448E-18	1.384624E-18	3.875349E-19	9.676032E-20	2.724514E-20	6.784369E-21	1.614484E-21	3.829519E-22	8.817632E-23	2.014274E-23	4.637139E-24	7.601337E-25	0.000000E+00	0.000000E+00	0.000000E+00	0.000000E+00	0.000000E+00	0.000000E+00	0.000000E+00	0.000000E+00	6.111968E-25	0.000000E+00	0.000000E+00	0.000000E+00	0.000000E+00	0.000000E+00	0.000000E+00	0.000000E+00	0.000000E+00	
2.313698E-08	9.143884E-09	2.665000E-10	1.372117E-12	1.084973E-13	2.796629E-14	7.277937E-15	2.178679E-15	6.039811E-16	1.805889E-16	5.151712E-17	1.554423E-17	4.485635E-18	1.395258E-18	3.905110E-19	9.750401E-20	2.745566E-20	6.836593E-21	1.626647E-21	3.853931E-22	8.865373E-23	1.881553E-23	4.699339E-24	1.615991E-24	0.000000E+00	0.000000E+00	1.203612E-24	4.709436E-25	1.361334E-24	1.056796E-24	3.412928E-25	1.059219E-24	1.825714E-24	2.438729E-24	2.578275E-24	1.726659E-24	2.770732E-25	1.313876E-24	4.726602E-25	2.215374E-25	4.737709E-25	
2.314260E-08	9.146352E-09	2.666029E-10	1.377031E-12	1.094388E-13	2.820962E-14	7.341262E-15	2.197629E-15	6.092347E-16	1.821592E-16	5.196508E-17	1.567937E-17	4.524628E-18	1.407384E-18	3.939041E-19	9.835122E-20	2.769329E-20	6.897608E-21	1.643354E-21	3.915767E-22	9.104197E-23	2.002238E-23	5.069309E-24	1.299740E-24	3.536116E-25	3.501785E-25	1.710503E-25	7.312551E-25	6.739018E-25	9.269431E-25	0.000000E+00	1.117885E-24	1.028321E-24	0.000000E+00	0.000000E+00	9.743000E-25	5.910020E-25	0.000000E+00	0.000000E+00	0.000000E+00	1.955668E-24	
2.314907E-08	9.149188E-09	2.667211E-10	1.382649E-12	1.105151E-13	2.848777E-14	7.413650E-15	2.219291E-15	6.152402E-16	1.839543E-16	5.247716E-17	1.583384E-17	4.569204E-18	1.421247E-18	3.977852E-19	9.932103E-20	2.796612E-20	6.964595E-21	1.657711E-21	3.946637E-22	8.955199E-23	1.983133E-23	5.133932E-24	2.059874E-24	7.599318E-25	1.056190E-25	1.105869E-24	9.039210E-25	1.045285E-24	7.150993E-25	1.133940E-24	1.021960E-24	1.558840E-24	1.500376E-24	3.479874E-24	1.724942E-24	9.653133E-25	1.309635E-24	0.000000E+00	2.021301E-24	0.000000E+00	
2.315653E-08	9.152457E-09	2.668570E-10	1.389089E-12	1.117484E-13	2.880653E-14	7.496603E-15	2.244115E-15	6.221222E-16	1.860114E-16	5.306397E-17	1.601086E-17	4.620284E-18	1.437133E-18	4.022307E-19	1.004295E-19	2.827736E-20	7.041679E-21	1.674754E-21	3.976380E-22	9.106944E-23	1.884704E-23	2.952485E-24	0.000000E+00	0.000000E+00	0.000000E+00	0.000000E+00	0.000000E+00	0.000000E+00	0.000000E+00	5.365769E-25	9.598607E-25	2.005348E-25	1.773511E-24	2.046747E-25	1.092238E-24	1.949307E-24	2.165089E-24	1.685461E-24	0.000000E+00	2.983787E-25	
2.316516E-08	9.156238E-09	2.670139E-10	1.396492E-12	1.131658E-13	2.917284E-14	7.591935E-15	2.272643E-15	6.300312E-16	1.883755E-16	5.373835E-17	1.621430E-17	4.678987E-18	1.455391E-18	4.073415E-19	1.017058E-19	2.863878E-20	7.130995E-21	1.697245E-21	4.035183E-22	9.252750E-23	2.082290E-23	3.745739E-24	7.500363E-25	0.000000E+00	2.940369E-25	3.845097E-25	0.000000E+00	0.000000E+00	8.542417E-25	3.877409E-25	6.259390E-25	1.700405E-24	1.621444E-24	1.853785E-24	1.129598E-24	9.995436E-25	9.824789E-25	8.628245E-25	0.000000E+00	0.000000E+00	
2.317520E-08	9.160633E-09	2.671958E-10	1.405031E-12	1.148001E-13	2.959520E-14	7.701854E-15	2.305536E-15	6.391504E-16	1.911012E-16	5.451592E-17	1.644886E-17	4.746673E-18	1.476442E-18	4.132336E-19	1.031778E-19	2.905282E-20	7.235931E-21	1.723159E-21	4.100526E-22	9.485637E-23	2.209881E-23	4.646832E-24	2.051392E-24	6.238186E-25	8.380858E-26	1.722620E-25	0.000000E+00	3.043362E-25	7.987059E-25	1.445950E-25	6.896538E-26	9.304772E-25	8.798891E-25	0.000000E+00	6.509806E-25	8.715083E-25	2.375721E-24	5.011349E-25	2.194068E-24	0.000000E+00	
2.318694E-08	9.165763E-09	2.674077E-10	1.414918E-12	1.166916E-13	3.008403E-14	7.829072E-15	2.343606E-15	6.497048E-16	1.942560E-16	5.541587E-17	1.672034E-17	4.825008E-18	1.500804E-18	4.200500E-19	1.048808E-19	2.953174E-20	7.354943E-21	1.749619E-21	4.153032E-22	9.473763E-23	2.023200E-23	4.616540E-24	1.081232E-24	7.835598E-26	0.000000E+00	1.458067E-25	1.118794E-25	0.000000E+00	0.000000E+00	0.000000E+00	0.000000E+00	0.000000E+00	0.000000E+00	0.000000E+00	0.000000E+00	0.000000E+00	0.000000E+00	0.000000E+00	0.000000E+00	9.001850E-25	
2.320073E-08	9.171788E-09	2.676556E-10	1.426416E-12	1.188904E-13	3.065228E-14	7.976959E-15	2.387861E-15	6.619739E-16	1.979233E-16	5.646203E-17	1.703593E-17	4.916075E-18	1.529126E-18	4.279772E-19	1.068571E-19	3.008687E-20	7.491067E-21	1.782386E-21	4.233763E-22	9.687949E-23	2.209679E-23	5.014379E-24	1.074365E-24	0.000000E+00	0.000000E+00	0.000000E+00	5.600029E-25	0.000000E+00	0.000000E+00	0.000000E+00	0.000000E+00	3.658295E-25	1.454129E-24	0.000000E+00	3.878419E-25	2.307058E-24	0.000000E+00	5.664652E-26	0.000000E+00	1.518854E-24	
2.321706E-08	9.178909E-09	2.679478E-10	1.439859E-12	1.214595E-13	3.131624E-14	8.149756E-15	2.439569E-15	6.763097E-16	2.022082E-16	5.768440E-17	1.740467E-17	5.022478E-18	1.562218E-18	4.372381E-19	1.091687E-19	3.073856E-20	7.654757E-21	1.821270E-21	4.325129E-22	9.756369E-23	1.982447E-23	3.591046E-24	0.000000E+00	0.000000E+00	0.000000E+00	0.000000E+00	0.000000E+00	0.000000E+00	2.261822E-26	0.000000E+00	3.879429E-25	2.086127E-25	5.839338E-25	1.282776E-24	9.146243E-25	1.217446E-24	0.000000E+00	1.256826E-24	2.441758E-24	2.852622E-24	
2.323654E-08	9.187394E-09	2.682944E-10	1.455671E-12	1.244794E-13	3.209667E-14	8.352867E-15	2.500348E-15	6.931604E-16	2.072449E-16	5.912122E-17	1.783810E-17	5.147550E-18	1.601116E-18	4.481265E-19	1.118887E-19	3.150410E-20	7.845444E-21	1.866733E-21	4.437141E-22	1.017166E-22	2.217434E-23	5.039824E-24	7.936572E-25	0.000000E+00	0.000000E+00	0.000000E+00	3.732006E-25	0.000000E+00	0.000000E+00	1.315088E-24	1.049223E-24	0.000000E+00	4.797284E-25	1.922751E-24	8.353595E-25	9.148262E-26	0.000000E+00	7.693224E-25	0.000000E+00	0.000000E+00	
2.326000E-08	9.197595E-09	2.687092E-10	1.474402E-12	1.280542E-13	3.302052E-14	8.593305E-15	2.572297E-15	7.131078E-16	2.132071E-16	6.082209E-17	1.835119E-17	5.295603E-18	1.647161E-18	4.610116E-19	1.151072E-19	3.241114E-20	8.071552E-21	1.921565E-21	4.584584E-22	1.060605E-22	2.452784E-23	5.565698E-24	1.962534E-24	4.075319E-25	9.931822E-25	0.000000E+00	6.432056E-25	0.000000E+00	9.227022E-25	0.000000E+00	0.000000E+00	3.921838E-25	0.000000E+00	0.000000E+00	0.000000E+00	0.000000E+00	0.000000E+00	0.000000E+00	0.000000E+00	0.000000E+00	
2.328857E-08	9.209994E-09	2.692108E-10	1.496783E-12	1.323214E-13	3.412331E-14	8.880316E-15	2.658180E-15	7.369192E-16	2.203242E-16	6.285242E-17	1.896365E-17	5.472338E-18	1.702127E-18	4.763956E-19	1.189456E-19	3.349051E-20	8.337930E-21	1.983605E-21	4.696597E-22	1.065173E-22	2.213314E-23	3.501785E-24	0.000000E+00	0.000000E+00	0.000000E+00	0.000000E+00	0.000000E+00	0.000000E+00	0.000000E+00	0.000000E+00	0.000000E+00	0.000000E+00	0.000000E+00	0.000000E+00	0.000000E+00	0.000000E+00	0.000000E+00	0.000000E+00	0.000000E+00	0.000000E+00	
2.332383E-08	9.225262E-09	2.698247E-10	1.523796E-12	1.374665E-13	3.545296E-14	9.226374E-15	2.761731E-15	7.656293E-16	2.289054E-16	6.530046E-17	1.970211E-17	5.685432E-18	1.768400E-18	4.949458E-19	1.235787E-19	3.479710E-20	8.665708E-21	2.063635E-21	4.903994E-22	1.134292E-22	2.483884E-23	5.387175E-24	1.688289E-24	4.170234E-25	4.935619E-25	8.724171E-26	1.595392E-26	0.000000E+00	0.000000E+00	1.032966E-24	0.000000E+00	0.000000E+00	1.389203E-24	0.000000E+00	0.000000E+00	0.000000E+00	0.000000E+00	0.000000E+00	0.000000E+00	0.000000E+00	
2.336804E-08	9.244363E-09	2.705873E-10	1.556807E-12	1.437459E-13	3.707572E-14	9.648722E-15	2.888109E-15	8.006688E-16	2.393783E-16	6.828818E-17	2.060337E-17	5.945501E-18	1.849281E-18	5.175810E-19	1.292279E-19	3.638673E-20	9.059106E-21	2.155495E-21	5.123891E-22	1.164188E-22	2.428227E-23	4.129441E-24	0.000000E+00	0.000000E+00	0.000000E+00	0.000000E+00	0.000000E+00	7.653844E-26	0.000000E+00	0.000000E+00	0.000000E+00	0.000000E+00	0.000000E+00	4.437816E-25	0.000000E+00	7.396360E-25	7.190372E-25	0.000000E+00	3.442513E-24	5.092331E-24	
2.343139E-08	9.271392E-09	2.716270E-10	1.597525E-12	1.513803E-13	3.903235E-14	1.015397E-14	3.037811E-15	8.417833E-16	2.515411E-16	7.172499E-17	2.163127E-17	6.239798E-18	1.940232E-18	5.429273E-19	1.355205E-19	3.815838E-20	9.500696E-21	2.261257E-21	5.372138E-22	1.232398E-22	2.786120E-23	6.321792E-24	2.006963E-24	1.327205E-24	2.671777E-25	3.806727E-25	9.410795E-26	0.000000E+00	1.975055E-25	2.861609E-25	1.167262E-25	0.000000E+00	1.575197E-25	9.577402E-25	1.452413E-24	1.821272E-24	3.057701E-24	1.603874E-24	3.889829E-24	2.728020E-24	
2.350523E-08	9.303113E-09	2.728724E-10	1.649253E-12	1.611841E-13	4.156479E-14	1.081284E-14	3.234859E-15	8.963941E-16	2.678548E-16	7.637702E-17	2.303397E-17	6.644421E-18	2.066030E-18	5.781270E-19	1.443046E-19	4.062893E-20	1.011472E-20	2.406214E-21	5.711040E-22	1.289925E-22	2.751870E-23	5.215115E-24	7.128778E-25	0.000000E+00	0.000000E+00	0.000000E+00	4.004637E-25	5.694945E-25	7.363038E-25	1.369210E-25	3.966266E-25	1.319632E-24	1.372239E-25	5.595990E-25	2.309886E-24	2.925626E-24	1.669507E-24	4.003021E-24	3.121920E-24	1.383044E-24	
2.360496E-08	9.345797E-09	2.745303E-10	1.716245E-12	1.738512E-13	4.483681E-14	1.166416E-14	3.489453E-15	9.669557E-16	2.889331E-16	8.238782E-17	2.484635E-17	7.167232E-18	2.228576E-18	6.236153E-19	1.556612E-19	4.382874E-20	1.091281E-20	2.596883E-21	6.183373E-22	1.425243E-22	3.279117E-23	8.522626E-24	2.811122E-24	2.420755E-24	1.796129E-24	1.788455E-24	1.567725E-24	1.174532E-24	1.536221E-24	2.430853E-24	1.692630E-24	1.878120E-24	0.000000E+00	8.330371E-25	0.000000E+00	8.968528E-25	1.400209E-24	2.774670E-24	1.894680E-24	4.725895E-24	
2.374499E-08	9.405485E-09	2.768203E-10	1.805770E-12	1.907307E-13	4.919682E-14	1.279859E-14	3.828700E-15	1.060984E-15	3.170204E-16	9.039759E-17	2.726141E-17	7.863904E-18	2.445172E-18	6.842241E-19	1.707866E-19	4.808691E-20	1.197143E-20	2.846500E-21	6.754830E-22	1.534695E-22	3.219461E-23	5.961113E-24	8.195066E-25	0.000000E+00	0.000000E+00	0.000000E+00	0.000000E+00	0.000000E+00	0.000000E+00	9.594568E-25	0.000000E+00	0.000000E+00	0.000000E+00	0.000000E+00	0.000000E+00	0.000000E+00	5.706052E-25	2.849391E-24	2.016354E-24	2.815262E-24	
2.395199E-08	9.493315E-09	2.801427E-10	1.930603E-12	2.141829E-13	5.525441E-14	1.437479E-14	4.300033E-15	1.191628E-15	3.560441E-16	1.015266E-16	3.061688E-17	8.831878E-18	2.746114E-18	7.684371E-19	1.918075E-19	5.400532E-20	1.344617E-20	3.199767E-21	7.611681E-22	1.748938E-22	3.846390E-23	8.561400E-24	2.061489E-24	1.158174E-24	1.051141E-24	5.604068E-25	1.183418E-25	8.417209E-25	1.964958E-24	1.954457E-24	2.507593E-24	3.167762E-24	3.293778E-25	1.241680E-24	5.575795E-25	1.290551E-24	6.767291E-25	0.000000E+00	0.000000E+00	0.000000E+00	
2.428029E-08	9.631903E-09	2.853022E-10	2.115467E-12	2.487568E-13	6.418432E-14	1.669853E-14	4.994850E-15	1.384235E-15	4.135727E-16	1.179337E-16	3.556359E-17	1.025892E-17	3.189772E-18	8.925886E-19	2.227949E-19	6.272969E-20	1.561811E-20	3.715243E-21	8.821312E-22	2.011382E-22	4.207676E-23	8.035930E-24	1.120814E-24	0.000000E+00	0.000000E+00	0.000000E+00	0.000000E+00	0.000000E+00	0.000000E+00	0.000000E+00	0.000000E+00	0.000000E+00	1.617607E-25	6.957122E-26	0.000000E+00	0.000000E+00	0.000000E+00	2.318368E-24	2.218403E-24	1.877009E-24	
2.485938E-08	9.874918E-09	2.941782E-10	2.414242E-12	3.041901E-13	7.846829E-14	2.040777E-14	6.100851E-15	1.690067E-15	5.046590E-16	1.438467E-16	4.335815E-17	1.250293E-17	3.886239E-18	1.087265E-18	2.713119E-19	7.638798E-20	1.901643E-20	4.524919E-21	1.075168E-21	2.460979E-22	5.377643E-23	1.045648E-23	1.159184E-24	0.000000E+00	0.000000E+00	0.000000E+00	0.000000E+00	0.000000E+00	0.000000E+00	0.000000E+00	0.000000E+00	0.000000E+00	0.000000E+00	9.875276E-25	1.574996E-24	0.000000E+00	1.803904E-24	2.319074E-24	0.000000E+00	0.000000E+00	
2.604165E-08	1.036857E-08	3.119167E-10	2.978793E-12	4.083182E-13	1.053037E-13	2.737887E-14	8.179660E-15	2.265153E-15	6.759631E-16	1.925989E-16	5.802489E-17	1.672653E-17	5.197285E-18	1.453783E-18	3.626707E-19	1.021052E-19	2.541598E-20	6.047295E-21	1.437951E-21	3.305919E-22	7.222038E-23	1.643577E-23	3.830557E-24	3.699695E-25	6.506777E-25	1.133132E-24	5.876698E-26	1.454028E-26	7.308512E-25	1.349217E-24	1.364969E-24	0.000000E+00	5.242580E-25	1.006107E-24	0.000000E+00	9.625870E-25	0.000000E+00	0.000000E+00	0.000000E+00	7.742701E-25	
2.836299E-08	1.133441E-08	3.462203E-10	4.026077E-12	6.007343E-13	1.549469E-13	4.029274E-14	1.203516E-14	3.333521E-15	9.946148E-16	2.834269E-16	8.538007E-17	2.461362E-17	7.647556E-18	2.139239E-18	5.336751E-19	1.502508E-19	3.740097E-20	8.898105E-21	2.115898E-21	4.872243E-22	1.073449E-22	2.237023E-23	4.299077E-24	6.619868E-25	0.000000E+00	1.001664E-25	0.000000E+00	0.000000E+00	0.000000E+00	9.128067E-26	0.000000E+00	0.000000E+00	0.000000E+00	0.000000E+00	0.000000E+00	0.000000E+00	0.000000E+00	1.398695E-24	2.418635E-24	2.772650E-24	
3.353777E-08	1.348844E-08	4.228731E-10	6.384882E-12	1.034126E-12	2.666297E-13	6.932802E-14	2.068997E-14	5.730140E-15	1.708333E-15	4.866927E-16	1.465260E-16	4.222981E-17	1.311585E-17	3.668324E-18	9.148976E-19	2.575714E-19	6.410774E-20	1.525113E-20	3.625723E-21	8.328206E-22	1.829135E-22	4.000234E-23	7.761684E-24	2.706916E-24	1.363959E-24	9.103833E-25	6.119036E-25	3.429084E-25	0.000000E+00	0.000000E+00	0.000000E+00	0.000000E+00	1.710907E-24	1.251878E-24	0.000000E+00	4.977018E-25	9.895471E-26	1.473113E-24	0.000000E+00	0.000000E+00	
4.562625E-08	1.856420E-08	6.089521E-10	1.274942E-11	2.215101E-12	5.703303E-13	1.481980E-13	4.413297E-14	1.221349E-14	3.633780E-15	1.034203E-15	3.108723E-16	8.951124E-17	2.777070E-17	7.762967E-18	1.934534E-18	5.445587E-19	1.354916E-19	3.222488E-20	7.660588E-21	1.756694E-21	3.871116E-22	8.151849E-23	1.791444E-23	5.844386E-24	2.186293E-24	6.611790E-25	1.370826E-24	6.785466E-26	4.866956E-25	1.938705E-25	0.000000E+00	2.005348E-24	6.355316E-25	0.000000E+00	2.004136E-24	0.000000E+00	0.000000E+00	1.210883E-24	3.887103E-24	0.000000E+00	
6.881198E-08	2.858952E-08	1.011180E-09	2.997608E-11	5.359536E-12	1.338416E-12	3.378952E-13	9.676006E-14	2.580530E-14	7.349100E-15	2.007741E-15	5.800919E-16	1.611678E-16	4.856613E-17	1.328995E-17	3.220798E-18	8.989071E-19	2.205116E-19	5.177815E-20	1.223294E-20	2.789253E-21	6.112105E-22	1.278236E-22	2.306493E-23	3.189169E-24	0.000000E+00	0.000000E+00	0.000000E+00	0.000000E+00	0.000000E+00	0.000000E+00	3.069616E-26	0.000000E+00	0.000000E+00	0.000000E+00	0.000000E+00	2.798601E-24	0.000000E+00	1.108899E-24	8.993570E-24	0.000000E+00	
1.438792E-07	6.270269E-08	2.588734E-09	1.222522E-10	2.325761E-11	5.959170E-12	1.548507E-12	4.575108E-13	1.266296E-13	3.740503E-14	1.063107E-14	3.178656E-15	9.135057E-16	2.824307E-16	7.885981E-17	1.961048E-17	5.518591E-18	1.371934E-18	3.261602E-19	7.748650E-20	1.775998E-20	3.906351E-21	8.264811E-22	1.712813E-22	2.988836E-23	4.864533E-24	1.714138E-24	0.000000E+00	0.000000E+00	1.401522E-24	4.702974E-24	9.244390E-24	3.800669E-24	0.000000E+00	0.000000E+00	1.125256E-23	7.853369E-24	0.000000E+00	1.508837E-23	1.083857E-23	6.965079E-23	
2.674427E-07	1.269939E-07	6.560515E-09	4.494041E-10	8.721293E-11	2.227723E-11	5.806993E-12	1.705284E-12	4.738202E-13	1.392636E-13	3.965944E-14	1.181855E-14	3.398704E-15	1.048750E-15	2.929025E-16	7.281244E-17	2.049209E-17	5.094682E-18	1.211812E-18	2.879217E-19	6.603861E-20	1.455106E-20	3.096153E-21	6.428712E-22	1.360906E-22	3.722636E-23	2.369743E-23	2.257945E-23	1.916894E-23	0.000000E+00	1.619788E-23	1.612356E-24	0.000000E+00	1.092460E-23	2.983989E-24	1.621080E-23	2.252452E-23	0.000000E+00	0.000000E+00	5.934698E-23	4.289949E-23	
4.266905E-07	2.322340E-07	1.575865E-08	1.425692E-09	2.797643E-10	7.132083E-11	1.874108E-11	5.470609E-12	1.534943E-12	4.493685E-13	1.288453E-13	3.832220E-14	1.106531E-14	3.412286E-15	9.550282E-16	2.378428E-16	6.698329E-17	1.667402E-17	3.973521E-18	9.445765E-19	2.168628E-19	4.782346E-20	1.017852E-20	2.089659E-21	4.367320E-22	1.016851E-22	5.882353E-23	4.326542E-23	2.456339E-23	1.359678E-23	8.569074E-24	0.000000E+00	6.753154E-25	0.000000E+00	4.362085E-25	1.646283E-23	3.496938E-23	1.339322E-23	0.000000E+00	0.000000E+00	0.000000E+00	
5.482531E-07	3.472552E-07	2.977999E-08	3.191115E-09	6.292280E-10	1.598087E-10	4.230335E-11	1.224545E-11	3.466333E-12	1.008573E-12	2.907834E-13	8.616561E-14	2.495142E-14	7.679604E-15	2.152498E-15	5.365826E-16	1.511897E-16	3.766907E-17	8.991573E-18	2.138376E-18	4.914453E-19	1.084193E-19	2.307024E-20	4.783249E-21	9.809522E-22	2.133415E-22	5.255182E-23	2.007205E-23	9.286395E-24	4.004717E-23	0.000000E+00	1.391990E-23	1.703798E-23	4.754027E-23	2.979143E-23	2.620482E-23	1.998481E-23	6.360243E-23	7.006801E-23	5.384106E-23	1.005202E-22	
6.078663E-07	4.322916E-07	4.309584E-08	5.068313E-09	1.004537E-09	2.550656E-10	6.807791E-11	1.964709E-11	5.615872E-12	1.632349E-12	4.740581E-13	1.405079E-13	4.088226E-14	1.259209E-14	3.538643E-15	8.846442E-16	2.494712E-16	6.226303E-17	1.489520E-17	3.545120E-18	8.156947E-19	1.801013E-19	3.837663E-20	7.900867E-21	1.579204E-21	2.922985E-22	3.864484E-23	1.023636E-23	0.000000E+00	0.000000E+00	0.000000E+00	0.000000E+00	0.000000E+00	0.000000E+00	0.000000E+00	0.000000E+00	7.050422E-24	8.394591E-24	3.147487E-23	1.494677E-22	1.361294E-22	
6.339332E-07	4.898416E-07	5.385469E-08	6.698954E-09	1.332706E-09	3.382843E-10	9.080234E-11	2.614715E-11	7.523171E-12	2.185003E-12	6.376308E-13	1.890006E-13	5.516516E-14	1.699821E-14	4.785175E-15	1.198601E-15	3.381971E-16	8.450784E-17	2.024833E-17	4.821803E-18	1.110425E-18	2.453588E-19	5.227738E-20	1.077743E-20	2.145978E-21	4.288285E-22	7.212627E-23	0.000000E+00	1.192950E-23	3.051521E-23	1.773268E-23	1.013942E-23	1.223323E-23	2.448584E-23	4.129764E-23	5.704315E-23	1.050939E-22	2.706108E-23	0.000000E+00	6.903727E-23	7.955151E-23	
6.451611E-07	5.300648E-07	6.240678E-08	8.063545E-09	1.609525E-09	4.086235E-10	1.101837E-10	3.169422E-11	9.166970E-12	2.662475E-12	7.800404E-13	2.313329E-13	6.770067E-14	2.087394E-14	5.884969E-15	1.476662E-15	4.168519E-16	1.042697E-16	2.501567E-17	5.959965E-18	1.373514E-18	3.037372E-19	6.484574E-20	1.339460E-20	2.708874E-21	5.971339E-22	1.727709E-22	8.953584E-23	6.167665E-23	2.995299E-23	7.027158E-23	7.404559E-23	5.958932E-23	7.522174E-23	6.772864E-23	9.827617E-23	1.111265E-22	1.270562E-22	2.032247E-22	1.798569E-22	0.000000E+00	
6.495523E-07	5.605314E-07	6.957919E-08	9.254193E-09	1.852968E-09	4.706591E-10	1.274151E-10	3.663631E-11	1.064411E-11	3.093039E-12	9.093397E-13	2.698936E-13	7.917528E-14	2.443063E-14	6.897007E-15	1.733459E-15	4.895505E-16	1.225701E-16	2.943986E-17	7.017135E-18	1.618131E-18	3.580046E-19	7.637869E-20	1.579930E-20	3.189027E-21	6.642648E-22	1.520267E-22	5.000565E-23	8.618188E-23	3.388209E-23	2.013668E-23	0.000000E+00	0.000000E+00	0.000000E+00	0.000000E+00	0.000000E+00	0.000000E+00	0.000000E+00	0.000000E+00	9.483820E-23	2.084948E-22	
6.501868E-07	5.853651E-07	7.597078E-08	1.035071E-08	2.078727E-09	5.283191E-10	1.435349E-10	4.126720E-11	1.203761E-11	3.500337E-12	1.032303E-12	3.066563E-13	9.015618E-14	2.784082E-14	7.869432E-15	1.980907E-15	5.596452E-16	1.402421E-16	3.371940E-17	8.040482E-18	1.855119E-18	4.106253E-19	8.762880E-20	1.808297E-20	3.650025E-21	6.788956E-22	1.266233E-22	6.872708E-23	2.774932E-23	3.595651E-23	1.144482E-23	0.000000E+00	4.921725E-23	2.842787E-23	0.000000E+00	0.000000E+00	8.266959E-23	0.000000E+00	1.800733E-23	0.000000E+00	8.639514E-23	
6.483041E-07	6.067143E-07	8.194879E-08	1.140709E-08	2.297685E-09	5.843638E-10	1.592944E-10	4.580203E-11	1.341035E-11	3.902604E-12	1.154311E-12	3.432169E-13	1.011128E-13	3.124937E-14	8.843212E-15	2.229332E-15	6.300532E-16	1.580175E-16	3.803072E-17	9.072211E-18	2.094331E-18	4.638309E-19	9.909312E-20	2.050192E-20	4.136523E-21	8.282146E-22	1.850235E-22	4.601838E-23	4.067402E-23	3.606637E-23	6.860429E-23	1.162253E-22	4.368548E-23	5.565375E-23	7.138956E-23	3.581434E-23	0.000000E+00	0.000000E+00	0.000000E+00	5.112041E-23	4.591176E-23	
6.442044E-07	6.250379E-07	8.756653E-08	1.242432E-08	2.508340E-09	6.379289E-10	1.743105E-10	5.008574E-11	1.470299E-11	4.278530E-12	1.267908E-12	3.770612E-13	1.112238E-13	3.438231E-14	9.736867E-15	2.456866E-15	6.945203E-16	1.742832E-16	4.197539E-17	1.001593E-17	2.313166E-18	5.124861E-19	1.094362E-19	2.256494E-20	4.477632E-21	8.062168E-22	1.214275E-22	9.344556E-24	7.871141E-24	0.000000E+00	0.000000E+00	8.756482E-24	2.329030E-23	3.832173E-23	5.666187E-23	0.000000E+00	0.000000E+00	0.000000E+00	0.000000E+00	0.000000E+00	5.128843E-23	
6.387288E-07	6.425736E-07	9.335902E-08	1.350947E-08	2.737772E-09	6.973330E-10	1.913072E-10	5.503370E-11	1.622661E-11	4.730683E-12	1.406971E-12	4.191505E-13	1.239656E-13	3.837440E-14	1.088370E-14	2.751659E-15	7.781877E-16	1.954847E-16	4.713707E-17	1.125329E-17	2.600572E-18	5.764776E-19	1.232226E-19	2.547317E-20	5.082572E-21	9.856245E-22	1.599173E-22	0.000000E+00	0.000000E+00	0.000000E+00	0.000000E+00	0.000000E+00	0.000000E+00	0.000000E+00	0.000000E+00	0.000000E+00	0.000000E+00	0.000000E+00	0.000000E+00	5.820314E-23	7.685994E-23	
6.313764E-07	6.577235E-07	9.892172E-08	1.457768E-08	2.963540E-09	7.554121E-10	2.078748E-10	5.981805E-11	1.769563E-11	5.163733E-12	1.539744E-12	4.591410E-13	1.360424E-13	4.214589E-14	1.196597E-14	3.029501E-15	8.570281E-16	2.154578E-16	5.200063E-17	1.241925E-17	2.871403E-18	6.368172E-19	1.361461E-19	2.813959E-20	5.656442E-21	1.081603E-21	1.946589E-22	6.309837E-23	7.051068E-23	5.321098E-23	5.133690E-23	3.530381E-23	7.118923E-23	4.500380E-23	6.475273E-23	6.039388E-23	9.446984E-23	1.549380E-22	9.593356E-24	1.306041E-23	1.342747E-22	
6.224569E-07	6.711230E-07	1.044054E-07	1.566087E-08	3.194051E-09	8.148002E-10	2.248890E-10	6.473640E-11	1.921202E-11	5.611542E-12	1.677462E-12	5.006826E-13	1.486149E-13	4.607643E-14	1.309533E-14	3.319993E-15	9.394866E-16	2.363698E-16	5.709906E-17	1.364211E-17	3.155691E-18	7.001121E-19	1.496593E-19	3.092373E-20	6.145616E-21	1.119912E-21	1.937671E-22	2.174580E-23	0.000000E+00	0.000000E+00	1.823029E-23	0.000000E+00	0.000000E+00	0.000000E+00	0.000000E+00	0.000000E+00	0.000000E+00	0.000000E+00	0.000000E+00	5.739535E-23	1.429892E-22	
6.120709E-07	6.827309E-07	1.097885E-07	1.675571E-08	3.428739E-09	8.753583E-10	2.423120E-10	6.977850E-11	2.077275E-11	6.073283E-12	1.819882E-12	5.437063E-13	1.616633E-13	5.016012E-14	1.427019E-14	3.622764E-15	1.025461E-15	2.581969E-16	6.242739E-17	1.492096E-17	3.453380E-18	7.664953E-19	1.639422E-19	3.388619E-20	6.710283E-21	1.257702E-21	1.994798E-22	0.000000E+00	0.000000E+00	0.000000E+00	0.000000E+00	0.000000E+00	0.000000E+00	0.000000E+00	0.000000E+00	0.000000E+00	0.000000E+00	1.675364E-23	0.000000E+00	0.000000E+00	1.133334E-22	
6.003756E-07	6.929966E-07	1.152081E-07	1.789622E-08	3.677369E-09	9.402781E-10	2.612502E-10	7.532748E-11	2.251246E-11	6.594178E-12	1.982234E-12	5.931885E-13	1.767849E-13	5.492184E-14	1.564565E-14	3.979217E-15	1.126761E-15	2.839809E-16	6.873679E-17	1.643716E-17	3.806592E-18	8.454579E-19	1.809731E-19	3.751819E-20	7.570952E-21	1.487413E-21	3.262194E-22	1.029000E-22	2.506745E-23	3.743639E-23	2.071183E-23	4.305217E-23	7.234599E-23	7.308916E-23	9.467341E-23	8.394914E-23	5.438389E-23	1.898703E-22	1.467276E-22	1.210850E-22	2.689306E-22	
5.874027E-07	7.009788E-07	1.203446E-07	1.901100E-08	3.921280E-09	1.003737E-09	2.797496E-10	8.072328E-11	2.420295E-11	7.098709E-12	2.139322E-12	6.409592E-13	1.913723E-13	5.950851E-14	1.697037E-14	4.322582E-15	1.224349E-15	3.088298E-16	7.482210E-17	1.789994E-17	4.147626E-18	9.216139E-19	1.973615E-19	4.087187E-20	8.215286E-21	1.574151E-21	2.383185E-22	0.000000E+00	0.000000E+00	0.000000E+00	0.000000E+00	1.351277E-23	1.033330E-23	0.000000E+00	4.232838E-24	0.000000E+00	0.000000E+00	4.360147E-23	0.000000E+00	1.695139E-22	0.000000E+00	
5.733458E-07	7.072538E-07	1.253660E-07	2.014123E-08	4.172416E-09	1.069676E-09	2.991854E-10	8.644444E-11	2.601300E-11	7.643699E-12	2.310321E-12	6.932926E-13	2.074420E-13	6.458346E-14	1.844050E-14	4.705269E-15	1.333173E-15	3.365957E-16	8.163514E-17	1.953939E-17	4.530273E-18	1.007188E-18	2.157814E-19	4.473213E-20	9.000022E-21	1.734714E-21	3.421038E-22	1.382943E-23	0.000000E+00	0.000000E+00	9.486728E-24	7.027804E-23	6.355720E-23	5.576361E-23	1.168393E-23	8.665363E-23	2.061489E-23	1.218734E-22	2.125628E-22	1.563177E-22	3.608575E-23	
5.608608E-07	7.146502E-07	1.306940E-07	2.134501E-08	4.441154E-09	1.140315E-09	3.200356E-10	9.258872E-11	2.795898E-11	8.230372E-12	2.494562E-12	7.497287E-13	2.247854E-13	7.006400E-14	2.002906E-14	5.119248E-15	1.450910E-15	3.666546E-16	8.901646E-17	2.131640E-17	4.945176E-18	1.100079E-18	2.358228E-19	4.887249E-20	9.783711E-21	1.891633E-21	3.551319E-22	5.182804E-23	1.494095E-23	2.248897E-24	1.804934E-23	0.000000E+00	2.368451E-23	4.601192E-24	1.360971E-23	0.000000E+00	4.314910E-23	5.279416E-23	4.638997E-23	2.261499E-23	0.000000E+00	
5.559064E-07	7.311222E-07	1.378435E-07	2.287622E-08	4.781017E-09	1.229507E-09	3.462290E-10	1.003024E-10	3.039065E-11	8.962618E-12	2.723816E-12	8.198839E-13	2.463054E-13	7.685966E-14	2.199707E-14	5.631639E-15	1.596596E-15	4.038325E-16	9.814137E-17	2.351274E-17	5.457856E-18	1.214727E-18	2.605460E-19	5.405881E-20	1.091447E-20	2.186704E-21	4.790280E-22	1.836664E-22	6.737645E-23	6.609690E-23	8.216876E-23	9.429859E-23	9.015622E-23	2.838263E-23	5.086515E-23	9.094463E-23	8.856649E-24	0.000000E+00	0.000000E+00	0.000000E+00	2.071183E-24	
5.496533E-07	7.454702E-07	1.447717E-07	2.440206E-08	5.122760E-09	1.319434E-09	3.727529E-10	1.081314E-10	3.286778E-11	9.710556E-12	2.958624E-12	8.918776E-13	2.684342E-13	8.385685E-14	2.402599E-14	6.160970E-15	1.747141E-15	4.422931E-16	1.075930E-16	2.578929E-17	5.989676E-18	1.333765E-18	2.861016E-19	5.932782E-20	1.189225E-20	2.283432E-21	3.978609E-22	2.687691E-23	0.000000E+00	0.000000E+00	0.000000E+00	0.000000E+00	0.000000E+00	0.000000E+00	0.000000E+00	0.000000E+00	0.000000E+00	0.000000E+00	0.000000E+00	0.000000E+00	1.259189E-23	
5.422015E-07	7.575913E-07	1.514115E-07	2.590826E-08	5.463457E-09	1.409377E-09	3.994076E-10	1.160216E-10	3.537414E-11	1.046969E-11	3.197650E-12	9.653277E-13	2.910601E-13	9.102204E-14	2.610641E-14	6.704923E-15	1.901889E-15	4.818743E-16	1.173330E-16	2.813696E-17	6.538700E-18	1.456759E-18	3.126609E-19	6.485263E-20	1.296806E-20	2.474485E-21	4.410682E-22	9.545535E-23	0.000000E+00	0.000000E+00	2.080876E-24	0.000000E+00	0.000000E+00	0.000000E+00	0.000000E+00	0.000000E+00	4.917847E-24	7.410375E-23	1.039049E-22	0.000000E+00	2.158101E-23	
5.335763E-07	7.677218E-07	1.578557E-07	2.742270E-08	5.812313E-09	1.502547E-09	4.273683E-10	1.243909E-10	3.806100E-11	1.129160E-11	3.458558E-12	1.046054E-12	3.160711E-13	9.898007E-14	2.842407E-14	7.313601E-15	2.075119E-15	5.262724E-16	1.282801E-16	3.077851E-17	7.157122E-18	1.595504E-18	3.427020E-19	7.119891E-20	1.432791E-20	2.828350E-21	5.293310E-22	1.055819E-22	5.162770E-23	3.552999E-23	3.624731E-23	2.148731E-23	0.000000E+00	0.000000E+00	2.221755E-23	0.000000E+00	4.639320E-23	8.252096E-23	8.846955E-24	0.000000E+00	0.000000E+00	
5.240729E-07	7.751983E-07	1.637253E-07	2.884472E-08	6.141249E-09	1.590067E-09	4.535770E-10	1.322028E-10	4.056363E-11	1.205507E-11	3.700474E-12	1.120766E-12	3.391942E-13	1.063276E-13	3.056356E-14	7.875646E-15	2.235106E-15	5.672965E-16	1.384032E-16	3.322230E-17	7.729475E-18	1.723949E-18	3.703828E-19	7.693681E-20	1.542192E-20	2.967950E-21	5.279222E-22	6.256846E-23	0.000000E+00	0.000000E+00	0.000000E+00	0.000000E+00	0.000000E+00	0.000000E+00	0.000000E+00	0.000000E+00	0.000000E+00	0.000000E+00	0.000000E+00	0.000000E+00	0.000000E+00	
5.136071E-07	7.807122E-07	1.693337E-07	3.026058E-08	6.476252E-09	1.680572E-09	4.811087E-10	1.405268E-10	4.326464E-11	1.288913E-11	3.967312E-12	1.203852E-12	3.650817E-13	1.146000E-13	3.298064E-14	8.513774E-15	2.416811E-15	6.139909E-16	1.499496E-16	3.601294E-17	8.383865E-18	1.870889E-18	4.021478E-19	8.354337E-20	1.673421E-20	3.226095E-21	5.775530E-22	1.315346E-22	1.717692E-23	3.169782E-23	2.070536E-23	0.000000E+00	1.341584E-23	0.000000E+00	0.000000E+00	0.000000E+00	3.232144E-23	3.190138E-23	1.432056E-23	1.408146E-23	0.000000E+00	
5.025105E-07	7.837633E-07	1.743312E-07	3.157211E-08	6.789258E-09	1.765111E-09	5.068521E-10	1.483040E-10	4.578951E-11	1.366891E-11	4.216846E-12	1.281559E-12	3.893028E-13	1.223400E-13	3.524341E-14	9.111935E-15	2.587175E-15	6.578101E-16	1.607974E-16	3.863647E-17	8.999625E-18	2.009312E-18	4.320677E-19	8.981612E-20	1.802549E-20	3.481435E-21	6.359726E-22	9.586248E-23	1.538039E-24	0.000000E+00	0.000000E+00	0.000000E+00	0.000000E+00	0.000000E+00	0.000000E+00	0.000000E+00	0.000000E+00	0.000000E+00	0.000000E+00	0.000000E+00	0.000000E+00	
4.907712E-07	7.848043E-07	1.789052E-07	3.283035E-08	7.095844E-09	1.848907E-09	5.326814E-10	1.561891E-10	4.837343E-11	1.447396E-11	4.476213E-12	1.362793E-12	4.147424E-13	1.305011E-13	3.763523E-14	9.746595E-15	2.767976E-15	7.043943E-16	1.723497E-16	4.143327E-17	9.656744E-18	2.157207E-18	4.641852E-19	9.656735E-20	1.945847E-20	3.800572E-21	7.547377E-22	1.914148E-22	5.084576E-23	6.603874E-23	6.675606E-23	3.169782E-23	3.481267E-23	2.688337E-24	4.251579E-23	1.235989E-22	1.170751E-22	7.024573E-24	1.780506E-22	0.000000E+00	0.000000E+00	
4.786859E-07	7.836317E-07	1.828221E-07	3.396395E-08	7.374953E-09	1.925180E-09	5.562157E-10	1.633682E-10	5.072690E-11	1.520739E-11	4.712548E-12	1.436828E-12	4.379361E-13	1.379419E-13	3.981725E-14	1.032640E-14	2.933196E-15	7.470057E-16	1.829299E-16	4.399659E-17	1.025959E-17	2.293024E-18	4.935704E-19	1.027322E-19	2.066744E-20	4.015975E-21	7.212627E-22	9.104157E-23	2.313521E-24	0.000000E+00	0.000000E+00	0.000000E+00	0.000000E+00	0.000000E+00	0.000000E+00	0.000000E+00	0.000000E+00	0.000000E+00	0.000000E+00	0.000000E+00	0.000000E+00	
4.662154E-07	7.807214E-07	1.862966E-07	3.503171E-08	7.644320E-09	1.999815E-09	5.795573E-10	1.705716E-10	5.311197E-11	1.595766E-11	4.956010E-12	1.513552E-12	4.620877E-13	1.457213E-13	4.210424E-14	1.093639E-14	3.107051E-15	7.919206E-16	1.941010E-16	4.670580E-17	1.089732E-17	2.436738E-18	5.247298E-19	1.092230E-19	2.199896E-20	4.269712E-21	7.527990E-22	1.020857E-22	0.000000E+00	0.000000E+00	0.000000E+00	0.000000E+00	0.000000E+00	2.920335E-23	0.000000E+00	0.000000E+00	0.000000E+00	0.000000E+00	0.000000E+00	4.620256E-23	0.000000E+00	
4.538744E-07	7.760541E-07	1.890700E-07	3.594354E-08	7.875451E-09	2.063316E-09	5.992862E-10	1.766109E-10	5.510045E-11	1.658008E-11	5.157157E-12	1.576744E-12	4.819335E-13	1.520986E-13	4.397815E-14	1.143627E-14	3.249591E-15	8.287704E-16	2.032760E-16	4.893241E-17	1.142206E-17	2.555131E-18	5.504740E-19	1.146880E-19	2.312217E-20	4.532549E-21	9.001018E-22	1.780506E-22	7.448503E-23	4.633504E-23	3.409535E-23	4.124271E-23	1.626573E-23	0.000000E+00	0.000000E+00	5.127227E-23	9.667027E-23	7.286621E-23	1.224874E-22	8.603971E-23	7.639465E-23	
4.413793E-07	7.702663E-07	1.915532E-07	3.682093E-08	8.105396E-09	2.127929E-09	6.197802E-10	1.830031E-10	5.723701E-11	1.725836E-11	5.378671E-12	1.646952E-12	5.041362E-13	1.592766E-13	4.609430E-14	1.200344E-14	3.411313E-15	8.706569E-16	2.137228E-16	5.147029E-17	1.202060E-17	2.690370E-18	5.798445E-19	1.208175E-19	2.439555E-20	4.773517E-21	9.242322E-22	2.344605E-22	9.562983E-23	5.812883E-23	1.664701E-23	9.175889E-23	1.562531E-22	7.794885E-23	4.417661E-23	7.356091E-23	1.024896E-22	1.683119E-22	1.042732E-22	0.000000E+00	2.469037E-22	
4.292576E-07	7.628827E-07	1.932281E-07	3.749667E-08	8.282179E-09	2.176475E-09	6.348851E-10	1.876167E-10	5.875554E-11	1.773394E-11	5.532279E-12	1.695228E-12	5.193026E-13	1.641485E-13	4.752776E-14	1.238709E-14	3.520825E-15	8.990386E-16	2.208110E-16	5.319358E-17	1.242768E-17	2.782396E-18	5.998519E-19	1.250075E-19	2.523017E-20	4.890434E-21	9.349338E-22	1.446015E-22	0.000000E+00	0.000000E+00	0.000000E+00	0.000000E+00	4.094544E-23	1.831430E-23	0.000000E+00	0.000000E+00	1.206003E-22	9.953632E-23	9.406918E-23	3.153044E-22	2.543451E-22	
4.171298E-07	7.547865E-07	1.947012E-07	3.815272E-08	8.461254E-09	2.227191E-09	6.511086E-10	1.927011E-10	6.046316E-11	1.827888E-11	5.710790E-12	1.751989E-12	5.372982E-13	1.699764E-13	4.924949E-14	1.285040E-14	3.653033E-15	9.333653E-16	2.293966E-16	5.528301E-17	1.292152E-17	2.894176E-18	6.242260E-19	1.301694E-19	2.630318E-20	5.128869E-21	9.999967E-22	2.174451E-22	5.364396E-23	3.081248E-23	5.520138E-23	0.000000E+00	7.568056E-23	1.192239E-22	2.142915E-23	2.399147E-23	9.890301E-23	0.000000E+00	1.421070E-23	0.000000E+00	0.000000E+00	
4.054604E-07	7.459875E-07	1.957258E-07	3.869796E-08	8.612675E-09	2.269931E-09	6.647496E-10	1.969600E-10	6.188997E-11	1.873359E-11	5.859471E-12	1.799226E-12	5.522637E-13	1.748185E-13	5.068051E-14	1.323601E-14	3.763140E-15	9.619886E-16	2.365671E-16	5.702964E-17	1.333489E-17	2.987815E-18	6.445895E-19	1.344350E-19	2.713147E-20	5.319418E-21	1.001186E-21	2.118293E-22	4.528168E-23	2.072475E-23	1.536746E-23	2.809183E-23	0.000000E+00	0.000000E+00	0.000000E+00	0.000000E+00	0.000000E+00	0.000000E+00	0.000000E+00	0.000000E+00	0.000000E+00	
3.944000E-07	7.371379E-07	1.965472E-07	3.919212E-08	8.752500E-09	2.309614E-09	6.774720E-10	2.009475E-10	6.322934E-11	1.916187E-11	5.999757E-12	1.843889E-12	5.664331E-13	1.794085E-13	5.203836E-14	1.360256E-14	3.867831E-15	9.892316E-16	2.433991E-16	5.869503E-17	1.372930E-17	3.077245E-18	6.640656E-19	1.385195E-19	2.794428E-20	5.460025E-21	9.999063E-22	1.911757E-22	2.721941E-23	2.108018E-23	1.954214E-23	0.000000E+00	8.362279E-24	9.402717E-24	2.589463E-23	1.183902E-23	6.380600E-23	9.689969E-23	4.771798E-23	7.754172E-23	1.447566E-24	
3.841878E-07	7.287308E-07	1.972850E-07	3.965528E-08	8.884344E-09	2.347008E-09	6.894418E-10	2.046964E-10	6.448653E-11	1.956387E-11	6.131302E-12	1.885768E-12	5.797149E-13	1.837102E-13	5.331115E-14	1.394637E-14	3.966058E-15	1.014807E-15	2.498175E-16	6.026033E-17	1.410024E-17	3.161346E-18	6.823865E-19	1.424103E-19	2.878408E-20	5.631872E-21	1.041123E-21	1.508441E-22	1.947752E-23	0.000000E+00	0.000000E+00	1.850170E-23	4.250933E-23	2.575892E-23	6.545067E-23	4.156583E-23	7.962260E-23	5.068420E-23	1.445078E-22	9.170719E-23	3.879994E-23	
3.751855E-07	7.210972E-07	1.978960E-07	4.005342E-08	8.994458E-09	2.377062E-09	6.987168E-10	2.075045E-10	6.540104E-11	1.984952E-11	6.222852E-12	1.914488E-12	5.887075E-13	1.865896E-13	5.415933E-14	1.417453E-14	4.031356E-15	1.031808E-15	2.540885E-16	6.130253E-17	1.434770E-17	3.217670E-18	6.947482E-19	1.450188E-19	2.924825E-20	5.660268E-21	1.009574E-21	1.937218E-22	3.425045E-24	0.000000E+00	0.000000E+00	0.000000E+00	0.000000E+00	4.587621E-23	2.559736E-23	6.026140E-24	5.123027E-23	5.434835E-23	0.000000E+00	0.000000E+00	0.000000E+00	
3.672199E-07	7.150535E-07	1.989211E-07	4.054855E-08	9.131541E-09	2.415539E-09	7.108668E-10	2.112815E-10	6.665512E-11	2.024821E-11	6.352501E-12	1.955618E-12	6.017029E-13	1.907881E-13	5.539957E-14	1.450890E-14	4.126888E-15	1.056665E-15	2.603227E-16	6.282265E-17	1.470792E-17	3.299334E-18	7.125982E-19	1.487584E-19	3.005642E-20	5.854384E-21	1.120054E-21	2.081846E-22	7.362554E-23	0.000000E+00	0.000000E+00	0.000000E+00	0.000000E+00	1.567120E-23	1.085481E-22	4.864856E-23	6.075900E-23	1.443042E-23	0.000000E+00	0.000000E+00	0.000000E+00	
3.608281E-07	7.107221E-07	2.001003E-07	4.103400E-08	9.258452E-09	2.449524E-09	7.210957E-10	2.143288E-10	6.762760E-11	2.054741E-11	6.446999E-12	1.984960E-12	6.107986E-13	1.936790E-13	5.624677E-14	1.473513E-14	4.191622E-15	1.073468E-15	2.645305E-16	6.384768E-17	1.495088E-17	3.354475E-18	7.246015E-19	1.513174E-19	3.060128E-20	5.939803E-21	1.125974E-21	1.892434E-22	4.527521E-23	7.412314E-24	0.000000E+00	0.000000E+00	4.099714E-23	4.242532E-23	6.311453E-23	2.003328E-23	0.000000E+00	4.463867E-23	1.073493E-22	2.141008E-22	1.707385E-22	
3.561794E-07	7.086031E-07	2.015969E-07	4.154370E-08	9.382616E-09	2.480927E-09	7.299487E-10	2.168032E-10	6.836653E-11	2.076120E-11	6.510640E-12	2.003794E-12	6.163791E-13	1.953816E-13	5.673492E-14	1.486186E-14	4.227992E-15	1.082826E-15	2.668591E-16	6.441278E-17	1.508470E-17	3.384868E-18	7.312113E-19	1.526647E-19	3.082494E-20	5.940346E-21	1.091329E-21	1.423397E-22	8.653085E-24	0.000000E+00	0.000000E+00	0.000000E+00	0.000000E+00	1.046254E-23	0.000000E+00	2.128374E-23	0.000000E+00	1.834015E-23	9.089293E-23	0.000000E+00	5.109779E-23	
3.532115E-07	7.094309E-07	2.038664E-07	4.221183E-08	9.543645E-09	2.522386E-09	7.418465E-10	2.202093E-10	6.940655E-11	2.106870E-11	6.604239E-12	2.032001E-12	6.248832E-13	1.980223E-13	5.749734E-14	1.506117E-14	4.284998E-15	1.097491E-15	2.705005E-16	6.529549E-17	1.529312E-17	3.432041E-18	7.415290E-19	1.548728E-19	3.130080E-20	6.065224E-21	1.130814E-21	1.316251E-22	0.000000E+00	0.000000E+00	0.000000E+00	0.000000E+00	0.000000E+00	0.000000E+00	0.000000E+00	0.000000E+00	0.000000E+00	0.000000E+00	0.000000E+00	6.209671E-23	9.164580E-23	
3.524059E-07	7.135478E-07	2.067985E-07	4.297567E-08	9.717240E-09	2.565071E-09	7.534156E-10	2.233316E-10	7.029784E-11	2.131461E-11	6.673946E-12	2.051707E-12	6.304533E-13	1.996498E-13	5.794963E-14	1.517310E-14	4.317052E-15	1.105561E-15	2.724660E-16	6.576625E-17	1.540334E-17	3.456805E-18	7.468701E-19	1.559554E-19	3.150779E-20	6.139515E-21	1.112067E-21	1.734171E-22	1.292470E-23	0.000000E+00	0.000000E+00	0.000000E+00	0.000000E+00	0.000000E+00	0.000000E+00	9.031132E-24	9.104480E-23	8.742911E-23	5.481041E-23	0.000000E+00	0.000000E+00	
3.539487E-07	7.216786E-07	2.106955E-07	4.391092E-08	9.923144E-09	2.614783E-09	7.665528E-10	2.267848E-10	7.125043E-11	2.156721E-11	6.742421E-12	2.070194E-12	6.354180E-13	2.010255E-13	5.831723E-14	1.525845E-14	4.341439E-15	1.111518E-15	2.738741E-16	6.609718E-17	1.547970E-17	3.473810E-18	7.505306E-19	1.567469E-19	3.171418E-20	6.193967E-21	1.181434E-21	2.554373E-22	1.098212E-22	4.213451E-23	3.335218E-23	3.695817E-23	0.000000E+00	0.000000E+00	0.000000E+00	0.000000E+00	0.000000E+00	0.000000E+00	0.000000E+00	4.619610E-23	6.248445E-23	
3.581806E-07	7.346003E-07	2.157976E-07	4.506663E-08	1.017163E-08	2.673998E-09	7.819113E-10	2.307410E-10	7.231216E-11	2.183918E-11	6.813129E-12	2.088396E-12	6.400304E-13	2.022213E-13	5.861927E-14	1.532168E-14	4.359384E-15	1.115657E-15	2.747934E-16	6.630418E-17	1.552575E-17	3.483645E-18	7.526137E-19	1.571313E-19	3.173357E-20	6.122054E-21	1.153542E-21	2.016834E-22	2.037578E-23	0.000000E+00	0.000000E+00	0.000000E+00	0.000000E+00	0.000000E+00	3.408243E-23	0.000000E+00	4.504903E-23	9.448277E-23	9.191398E-23	1.749261E-22	0.000000E+00	
3.656270E-07	7.531964E-07	2.222897E-07	4.646434E-08	1.046278E-08	2.741567E-09	7.987777E-10	2.348844E-10	7.335117E-11	2.208141E-11	6.868170E-12	2.100166E-12	6.422294E-13	2.025403E-13	5.864488E-14	1.530452E-14	4.354182E-15	1.113595E-15	2.741189E-16	6.611706E-17	1.547736E-17	3.472009E-18	7.499804E-19	1.566387E-19	3.166646E-20	6.169733E-21	1.116422E-21	1.479038E-22	5.738565E-24	0.000000E+00	0.000000E+00	0.000000E+00	0.000000E+00	0.000000E+00	1.593615E-23	0.000000E+00	9.289626E-24	6.750246E-23	5.010582E-23	9.018854E-23	2.243857E-22	
3.768646E-07	7.786708E-07	2.305205E-07	4.817182E-08	1.080999E-08	2.820498E-09	8.178708E-10	2.393815E-10	7.440573E-11	2.230152E-11	6.908835E-12	2.105615E-12	6.419781E-13	2.019542E-13	5.838234E-14	1.520291E-14	4.324539E-15	1.104965E-15	2.717531E-16	6.551130E-17	1.532874E-17	3.437286E-18	7.421713E-19	1.548574E-19	3.124103E-20	6.050645E-21	1.108655E-21	1.539073E-22	0.000000E+00	0.000000E+00	0.000000E+00	0.000000E+00	0.000000E+00	8.271806E-25	0.000000E+00	3.231174E-24	0.000000E+00	0.000000E+00	0.000000E+00	0.000000E+00	0.000000E+00	
3.926707E-07	8.125655E-07	2.409163E-07	5.026871E-08	1.122809E-08	2.913885E-09	8.398377E-10	2.443511E-10	7.549083E-11	2.249782E-11	6.932857E-12	2.103596E-12	6.388136E-13	2.002909E-13	5.777611E-14	1.500083E-14	4.265666E-15	1.088483E-15	2.673685E-16	6.440673E-17	1.506090E-17	3.375454E-18	7.285713E-19	1.520269E-19	3.068963E-20	5.973175E-21	1.177763E-21	1.899155E-22	4.565003E-23	0.000000E+00	4.375010E-24	0.000000E+00	1.439811E-23	0.000000E+00	0.000000E+00	0.000000E+00	3.664152E-23	9.351018E-24	0.000000E+00	0.000000E+00	0.000000E+00	
4.140639E-07	8.569360E-07	2.540632E-07	5.286860E-08	1.173957E-08	3.026806E-09	8.658994E-10	2.500796E-10	7.667337E-11	2.268422E-11	6.942802E-12	2.094433E-12	6.327256E-13	1.975234E-13	5.681293E-14	1.469362E-14	4.175926E-15	1.063680E-15	2.608423E-16	6.277277E-17	1.466643E-17	3.284769E-18	7.086029E-19	1.477483E-19	2.981965E-20	5.793340E-21	1.037116E-21	2.005267E-22	3.714558E-23	3.235698E-23	0.000000E+00	4.471299E-23	0.000000E+00	4.110054E-24	0.000000E+00	1.355154E-23	0.000000E+00	0.000000E+00	0.000000E+00	0.000000E+00	0.000000E+00	
4.425746E-07	9.143975E-07	2.705522E-07	5.605614E-08	1.235296E-08	3.158892E-09	8.951143E-10	2.560571E-10	7.772169E-11	2.277070E-11	6.904982E-12	2.066350E-12	6.197429E-13	1.923126E-13	5.508642E-14	1.417004E-14	4.022950E-15	1.022084E-15	2.500495E-16	6.009201E-17	1.402335E-17	3.137634E-18	6.763348E-19	1.409505E-19	2.841742E-20	5.533761E-21	1.064633E-21	2.085529E-22	1.157148E-22	5.751490E-24	1.059954E-22	3.310015E-23	0.000000E+00	4.413138E-23	2.901594E-24	8.333198E-23	7.780021E-23	1.636267E-23	7.174499E-23	1.123641E-22	3.341357E-23	
4.801864E-07	9.884969E-07	2.912540E-07	5.997397E-08	1.308956E-08	3.313027E-09	9.274647E-10	2.620391E-10	7.848519E-11	2.269138E-11	6.793104E-12	2.009786E-12	5.965838E-13	1.835477E-13	5.225677E-14	1.333761E-14	3.779316E-15	9.565156E-16	2.331968E-16	5.592930E-17	1.302940E-17	2.910991E-18	6.267022E-19	1.304500E-19	2.623430E-20	5.099336E-21	8.994297E-22	1.764480E-22	3.443139E-23	0.000000E+00	4.129441E-24	8.919333E-23	0.000000E+00	6.086240E-23	2.120943E-23	0.000000E+00	0.000000E+00	0.000000E+00	0.000000E+00	1.258930E-22	0.000000E+00	
5.293727E-07	1.084067E-06	3.175177E-07	6.488068E-08	1.400028E-08	3.500631E-09	9.656756E-10	2.686582E-10	7.910979E-11	2.247619E-11	6.612459E-12	1.925279E-12	5.631956E-13	1.711794E-13	4.829827E-14	1.218939E-14	3.441651E-15	8.660473E-16	2.100594E-16	5.023192E-17	1.167281E-17	2.602566E-18	5.595086E-19	1.163257E-19	2.340583E-20	4.530649E-21	8.492818E-22	1.880931E-22	3.976929E-23	5.353410E-23	1.139312E-22	4.863564E-23	9.027255E-23	5.657786E-23	4.309740E-23	0.000000E+00	2.004621E-23	0.000000E+00	6.528264E-23	2.874905E-22	1.810879E-22	
5.968301E-07	1.203094E-06	3.461968E-07	6.944416E-08	1.462686E-08	3.564294E-09	9.519913E-10	2.556290E-10	7.223612E-11	1.962468E-11	5.505230E-12	1.529474E-12	4.279489E-13	1.252462E-13	3.428020E-14	8.338453E-15	2.315817E-15	5.707057E-16	1.359229E-16	3.216757E-17	7.409803E-18	1.640531E-18	3.508879E-19	7.262977E-20	1.466633E-20	2.831581E-21	5.612550E-22	1.708128E-22	7.809102E-23	8.949060E-23	3.341034E-23	1.393541E-22	3.189815E-23	1.291759E-22	1.227782E-22	8.813351E-23	2.365672E-22	1.662310E-22	3.749196E-22	2.753219E-22	1.402717E-22	
6.797074E-07	1.356523E-06	3.859609E-07	7.644149E-08	1.581963E-08	3.779395E-09	9.835113E-10	2.561850E-10	6.970124E-11	1.810911E-11	4.821162E-12	1.264706E-12	3.335832E-13	9.252975E-14	2.412365E-14	5.526583E-15	1.479747E-15	3.502024E-16	8.046516E-17	1.864661E-17	4.219666E-18	9.209712E-19	1.950289E-19	4.011118E-20	8.010676E-21	1.648623E-21	3.555584E-22	8.230447E-23	9.172658E-23	9.868006E-23	7.432993E-23	1.656429E-22	4.807987E-23	0.000000E+00	0.000000E+00	0.000000E+00	0.000000E+00	5.883968E-23	1.133690E-22	0.000000E+00	0.000000E+00	
7.894535E-07	1.555159E-06	4.360277E-07	8.498565E-08	1.721162E-08	4.012746E-09	1.010485E-09	2.529224E-10	6.529198E-11	1.586479E-11	3.870204E-12	9.089575E-13	2.100384E-13	5.057116E-14	1.125165E-14	2.028158E-15	4.376912E-16	7.751820E-17	1.243877E-17	2.143086E-18	3.428580E-19	5.008268E-20	7.030803E-21	9.517230E-22	9.347141E-23	0.000000E+00	0.000000E+00	4.146243E-23	1.333829E-23	5.430958E-23	8.486356E-23	5.909172E-23	0.000000E+00	1.706577E-22	4.163045E-23	9.886101E-23	0.000000E+00	0.000000E+00	0.000000E+00	0.000000E+00	0.000000E+00	
9.404580E-07	1.820473E-06	5.004891E-07	9.555638E-08	1.885579E-08	4.283316E-09	1.045632E-09	2.533689E-10	6.307128E-11	1.473624E-11	3.446378E-12	7.745512E-13	1.710653E-13	3.940126E-14	8.455313E-15	1.438155E-15	3.011762E-16	5.096655E-17	7.735867E-18	1.291784E-18	1.988619E-19	2.783602E-20	3.682298E-21	4.142624E-22	3.458649E-23	7.501494E-23	4.115224E-23	8.656962E-23	1.137890E-22	0.000000E+00	0.000000E+00	0.000000E+00	0.000000E+00	0.000000E+00	0.000000E+00	0.000000E+00	0.000000E+00	0.000000E+00	0.000000E+00	0.000000E+00	0.000000E+00	
1.150046E-06	2.180426E-06	5.856595E-07	1.091059E-07	2.088212E-08	4.600368E-09	1.082305E-09	2.521929E-10	6.004929E-11	1.336039E-11	2.960127E-12	6.272997E-13	1.301732E-13	2.813236E-14	5.715921E-15	8.881186E-16	1.759646E-16	2.742125E-17	3.736683E-18	5.830587E-19	8.228798E-20	1.054138E-20	1.388216E-21	2.670242E-22	2.621129E-22	1.689258E-22	2.000226E-22	3.148456E-23	0.000000E+00	0.000000E+00	0.000000E+00	0.000000E+00	0.000000E+00	7.793592E-24	0.000000E+00	0.000000E+00	0.000000E+00	1.726869E-22	2.533628E-22	2.219041E-22	0.000000E+00	
1.445426E-06	2.680996E-06	7.026351E-07	1.274911E-07	2.361577E-08	5.032385E-09	1.136966E-09	2.536600E-10	5.746770E-11	1.209884E-11	2.520860E-12	4.992841E-13	9.645338E-14	1.935646E-14	3.696905E-15	5.189770E-16	9.686559E-17	1.385296E-17	1.691116E-18	2.482891E-19	3.229644E-20	3.638199E-21	4.265150E-22	6.245214E-23	1.037078E-22	6.379630E-23	1.463076E-22	3.816663E-22	1.054655E-22	8.980080E-23	0.000000E+00	0.000000E+00	0.000000E+00	5.632583E-23	2.639223E-22	0.000000E+00	1.850817E-22	0.000000E+00	0.000000E+00	6.634247E-22	0.000000E+00	
1.871944E-06	3.364443E-06	8.513503E-07	1.487638E-07	2.634368E-08	5.368511E-09	1.150315E-09	2.428501E-10	5.176018E-11	1.020395E-11	1.982550E-12	3.645025E-13	6.519552E-14	1.206641E-14	2.170088E-15	2.736206E-16	4.858988E-17	6.391951E-18	6.942931E-19	9.667229E-20	1.140630E-20	1.231775E-21	2.367288E-22	1.070165E-22	1.928882E-22	0.000000E+00	1.907685E-23	0.000000E+00	0.000000E+00	1.041731E-22	5.482656E-23	2.930287E-22	2.388484E-22	5.159539E-22	2.856358E-23	3.165517E-22	1.041214E-22	1.523305E-22	0.000000E+00	0.000000E+00	3.122995E-22	
2.492040E-06	4.324110E-06	1.052211E-06	1.760903E-07	2.963370E-08	5.736426E-09	1.155794E-09	2.285349E-10	4.524434E-11	8.222952E-12	1.461403E-12	2.432456E-13	3.910163E-14	6.429550E-15	1.050715E-15	1.124863E-16	1.809024E-17	2.057774E-18	1.825923E-19	2.317481E-20	2.297701E-21	3.566182E-22	3.184645E-23	0.000000E+00	8.054671E-23	2.101556E-22	3.356802E-22	5.332730E-22	2.107243E-22	2.647495E-22	2.724526E-22	4.041811E-22	2.475338E-22	3.036528E-22	4.293326E-22	1.912597E-22	2.029177E-23	0.000000E+00	6.745658E-22	0.000000E+00	3.432024E-22	
3.407096E-06	5.695897E-06	1.329830E-06	2.122345E-07	3.377160E-08	6.167349E-09	1.157266E-09	2.116553E-10	3.830735E-11	6.297986E-12	1.001170E-12	1.468803E-13	2.061339E-14	2.907763E-15	4.183864E-16	3.701651E-17	5.252797E-18	5.101537E-19	3.691004E-20	4.359035E-21	4.208281E-22	0.000000E+00	4.674604E-22	1.499265E-22	5.861609E-22	3.534129E-22	3.471057E-22	2.462413E-22	1.257832E-22	1.121347E-22	0.000000E+00	0.000000E+00	0.000000E+00	2.650080E-22	0.000000E+00	1.936637E-22	0.000000E+00	0.000000E+00	0.000000E+00	0.000000E+00	0.000000E+00	
4.727954E-06	7.515847E-06	1.659509E-06	2.480267E-07	3.668062E-08	6.221104E-09	1.072300E-09	1.795255E-10	2.956646E-11	4.407000E-12	6.349658E-13	8.429205E-14	1.070468E-14	1.350171E-15	1.813826E-16	1.407105E-17	1.915611E-18	1.698371E-19	1.127985E-20	2.320242E-21	5.184354E-22	8.031924E-22	9.080375E-22	5.852303E-22	7.949206E-22	4.377853E-22	1.076472E-21	4.190704E-22	6.215228E-22	6.989676E-22	2.974748E-22	3.500008E-22	0.000000E+00	2.706949E-22	0.000000E+00	0.000000E+00	0.000000E+00	0.000000E+00	0.000000E+00	0.000000E+00	0.000000E+00	
6.726819E-06	1.016525E-05	2.121499E-06	2.956544E-07	4.045891E-08	6.328517E-09	9.920937E-10	1.498623E-10	2.198297E-11	2.881115E-12	3.600335E-13	4.060673E-14	4.297944E-15	4.335350E-16	4.717256E-17	2.795923E-18	2.946144E-19	1.914840E-20	9.297510E-22	8.755707E-22	5.446984E-22	3.302519E-22	2.249931E-22	5.012715E-22	3.062636E-22	1.770167E-22	0.000000E+00	0.000000E+00	0.000000E+00	0.000000E+00	0.000000E+00	0.000000E+00	2.782429E-22	0.000000E+00	1.988852E-22	8.170477E-22	8.393815E-22	1.019655E-21	0.000000E+00	0.000000E+00	0.000000E+00	
1.011247E-05	1.457967E-05	2.886286E-06	3.750877E-07	4.742434E-08	6.812661E-09	9.661602E-10	1.310134E-10	1.709272E-11	1.983792E-12	2.197347E-13	2.207501E-14	2.100857E-15	1.903071E-16	1.953072E-17	1.064282E-18	1.122112E-19	7.466132E-21	0.000000E+00	3.565148E-22	7.006220E-22	1.931467E-22	4.516406E-22	0.000000E+00	0.000000E+00	4.805919E-22	0.000000E+00	1.264552E-21	1.015985E-21	0.000000E+00	0.000000E+00	8.054671E-23	1.255247E-22	0.000000E+00	0.000000E+00	0.000000E+00	0.000000E+00	0.000000E+00	0.000000E+00	4.949642E-22	0.000000E+00	
1.635115E-05	2.225085E-05	4.125592E-06	4.901641E-07	5.626567E-08	7.313599E-09	9.274188E-10	1.116595E-10	1.276627E-11	1.277599E-12	1.193813E-13	9.799686E-15	7.344745E-16	4.895032E-17	3.505782E-18	1.360166E-19	8.410772E-21	0.000000E+00	0.000000E+00	0.000000E+00	0.000000E+00	0.000000E+00	0.000000E+00	0.000000E+00	0.000000E+00	1.187418E-21	1.259796E-21	8.714348E-22	7.746546E-22	1.176871E-21	1.400624E-21	2.776639E-21	1.871083E-21	1.915544E-21	6.952453E-22	5.854371E-22	0.000000E+00	0.000000E+00	0.000000E+00	0.000000E+00	0.000000E+00	
2.945424E-05	3.785366E-05	6.567235E-06	7.056042E-07	7.192549E-08	8.184158E-09	8.884824E-10	9.071083E-11	8.746247E-12	7.440237E-13	6.027403E-14	4.413994E-15	3.040043E-16	1.893571E-17	1.325855E-18	4.775810E-20	1.869428E-22	0.000000E+00	0.000000E+00	0.000000E+00	8.354524E-23	1.202721E-21	7.907847E-22	0.000000E+00	0.000000E+00	0.000000E+00	6.621581E-22	0.000000E+00	0.000000E+00	0.000000E+00	0.000000E+00	0.000000E+00	1.889281E-21	8.548912E-22	0.000000E+00	1.621067E-21	1.413652E-21	7.614198E-22	0.000000E+00	0.000000E+00	0.000000E+00	
5.912385E-05	7.040404E-05	1.116170E-05	1.046184E-06	9.245506E-08	9.134242E-09	8.531627E-10	7.399294E-11	5.863715E-12	3.903416E-13	2.314447E-14	1.146337E-15	4.926038E-17	1.739554E-18	6.480464E-20	6.988022E-21	2.676756E-21	9.287584E-21	9.936094E-21	6.647223E-21	5.222818E-21	4.152447E-21	7.131951E-21	5.482553E-21	2.575840E-21	0.000000E+00	0.000000E+00	0.000000E+00	2.524555E-21	4.168990E-22	0.000000E+00	0.000000E+00	0.000000E+00	0.000000E+00	0.000000E+00	3.678472E-21	7.490948E-21	7.536856E-21	4.231029E-21	0.000000E+00	0.000000E+00	
1.271616E-04	1.400250E-04	2.012741E-05	1.582985E-06	1.128928E-07	8.809556E-09	6.463153E-10	4.550275E-11	3.085187E-12	1.862556E-13	1.047550E-14	5.055939E-16	2.144817E-17	7.627664E-19	3.597243E-20	8.920316E-21	1.027027E-20	1.800607E-20	2.187066E-20	2.001115E-20	7.821820E-21	1.366833E-20	1.044895E-20	1.286431E-20	5.866365E-21	7.358599E-21	2.797525E-21	8.518306E-21	4.791030E-21	0.000000E+00	0.000000E+00	0.000000E+00	0.000000E+00	2.233388E-22	0.000000E+00	0.000000E+00	0.000000E+00	0.000000E+00	0.000000E+00	0.000000E+00	0.000000E+00	
1.269566E-04	5.070388E-05	1.591702E-06	6.555348E-09	6.177355E-12	4.076546E-15	1.589775E-18	4.764560E-22	2.117582E-21	0.000000E+00	3.441071E-22	0.000000E+00	4.142521E-21	4.433688E-21	0.000000E+00	0.000000E+00	0.000000E+00	0.000000E+00	8.245336E-21	2.584112E-21	0.000000E+00	3.537024E-21	2.587421E-21	3.667719E-21	6.303116E-22	2.979505E-21	2.441837E-21	0.000000E+00	0.000000E+00	0.000000E+00	0.000000E+00	0.000000E+00	0.000000E+00	0.000000E+00	0.000000E+00	0.000000E+00	0.000000E+00	0.000000E+00	0.000000E+00	8.627907E-21	0.000000E+00	
1.676191E-04	6.696385E-05	2.103546E-06	8.664816E-09	8.167845E-12	5.390863E-15	2.099795E-18	0.000000E+00	0.000000E+00	0.000000E+00	6.326277E-21	1.273196E-20	4.460158E-21	2.620508E-21	0.000000E+00	0.000000E+00	0.000000E+00	0.000000E+00	0.000000E+00	0.000000E+00	4.599124E-22	2.726387E-21	0.000000E+00	2.928219E-21	0.000000E+00	0.000000E+00	0.000000E+00	1.096841E-21	0.000000E+00	0.000000E+00	0.000000E+00	0.000000E+00	0.000000E+00	0.000000E+00	0.000000E+00	0.000000E+00	0.000000E+00	0.000000E+00	0.000000E+00	0.000000E+00	4.394811E-21	
1.960079E-04	7.833765E-05	2.462980E-06	1.014609E-08	9.565165E-12	6.312910E-15	2.458937E-18	5.188077E-21	5.399835E-21	7.093901E-21	1.082614E-20	8.761497E-21	6.882143E-22	0.000000E+00	0.000000E+00	0.000000E+00	0.000000E+00	0.000000E+00	0.000000E+00	5.664533E-21	2.137435E-21	4.618977E-21	0.000000E+00	0.000000E+00	0.000000E+00	0.000000E+00	3.383169E-21	0.000000E+00	0.000000E+00	0.000000E+00	4.192151E-21	0.000000E+00	0.000000E+00	0.000000E+00	0.000000E+00	0.000000E+00	0.000000E+00	0.000000E+00	0.000000E+00	4.714929E-22	2.539610E-20	
2.048818E-04	8.192669E-05	2.578524E-06	1.062195E-08	1.001300E-11	6.607327E-15	2.568416E-18	4.446923E-21	0.000000E+00	0.000000E+00	0.000000E+00	0.000000E+00	5.029258E-22	0.000000E+00	0.000000E+00	0.000000E+00	6.200546E-21	3.725621E-21	6.154224E-22	0.000000E+00	0.000000E+00	0.000000E+00	0.000000E+00	0.000000E+00	0.000000E+00	0.000000E+00	0.000000E+00	0.000000E+00	0.000000E+00	3.482430E-21	1.397935E-21	0.000000E+00	0.000000E+00	0.000000E+00	0.000000E+00	0.000000E+00	0.000000E+00	6.925156E-21	2.921850E-20	2.607687E-20	0.000000E+00	
2.164746E-04	8.661664E-05	2.729454E-06	1.124273E-08	1.059558E-11	6.989613E-15	2.744387E-18	1.619951E-20	1.429368E-20	1.291725E-20	9.846758E-21	2.106994E-20	9.899698E-21	1.057468E-20	7.318894E-21	2.514629E-21	0.000000E+00	0.000000E+00	3.798413E-21	0.000000E+00	2.263166E-21	1.159707E-20	1.449882E-20	1.127282E-20	4.916762E-21	1.435324E-20	5.750560E-21	6.961552E-21	2.460035E-21	0.000000E+00	0.000000E+00	4.458504E-21	1.618296E-20	1.288747E-20	1.111565E-20	1.199743E-20	1.839319E-20	3.265047E-20	2.364578E-20	2.372189E-20	0.000000E+00	
2.962048E-04	1.186253E-04	3.744282E-06	1.541994E-08	1.452522E-11	9.576909E-15	3.736474E-18	6.564505E-21	0.000000E+00	8.364450E-21	2.911676E-21	5.876291E-21	0.000000E+00	0.000000E+00	0.000000E+00	4.896909E-21	0.000000E+00	0.000000E+00	0.000000E+00	0.000000E+00	0.000000E+00	0.000000E+00	0.000000E+00	4.450232E-21	0.000000E+00	1.535247E-21	7.454552E-21	5.019332E-21	0.000000E+00	0.000000E+00	0.000000E+00	0.000000E+00	0.000000E+00	0.000000E+00	0.000000E+00	0.000000E+00	0.000000E+00	0.000000E+00	0.000000E+00	0.000000E+00	0.000000E+00	
7.231507E-04	2.902486E-04	9.195730E-06	3.785111E-08	3.560936E-11	2.344822E-14	9.149650E-18	6.310395E-20	6.056286E-20	4.129286E-20	0.000000E+00	0.000000E+00	2.678742E-20	0.000000E+00	2.064643E-21	0.000000E+00	2.594038E-21	0.000000E+00	0.000000E+00	0.000000E+00	0.000000E+00	0.000000E+00	9.251188E-21	0.000000E+00	0.000000E+00	3.361662E-21	0.000000E+00	0.000000E+00	0.000000E+00	0.000000E+00	9.939402E-21	1.729800E-20	2.657566E-20	3.625367E-20	2.350847E-20	1.006182E-20	8.394229E-20	3.619742E-20	0.000000E+00	5.017678E-20	6.214112E-20	
1.419623E-02	5.809708E-03	1.977260E-04	8.063439E-07	7.426553E-10	4.771034E-13	1.871468E-16	0.000000E+00	0.000000E+00	1.490778E-19	0.000000E+00	0.000000E+00	0.000000E+00	0.000000E+00	0.000000E+00	4.743385E-20	2.956145E-19	6.310395E-20	3.540598E-19	3.731180E-19	1.986292E-19	1.031263E-19	6.545447E-19	4.561272E-19	0.000000E+00	1.935470E-19	1.605127E-19	2.361104E-20	3.961997E-19	0.000000E+00	1.250962E-18	7.723882E-19	1.065567E-18	6.097578E-19	8.726557E-19	8.399390E-19	1.725088E-18	1.912336E-18	3.411743E-18	2.615691E-18	0.000000E+00	
5.557753E-02	2.315738E-02	1.013239E-03	4.078386E-06	3.505739E-09	2.055154E-12	8.159163E-16	0.000000E+00	1.761829E-18	4.838252E-18	3.049319E-18	5.197394E-18	4.831476E-18	4.811147E-18	7.240438E-18	4.760325E-18	3.703228E-18	4.020018E-18	6.776264E-21	0.000000E+00	0.000000E+00	0.000000E+00	0.000000E+00	0.000000E+00	0.000000E+00	0.000000E+00	0.000000E+00	0.000000E+00	0.000000E+00	3.402108E-18	1.022792E-18	1.412004E-18	2.837560E-19	0.000000E+00	2.194239E-18	0.000000E+00	1.427462E-18	4.706750E-18	6.104566E-18	6.103084E-18	6.693890E-18	
6.732996E-02	2.808091E-02	1.461382E-03	6.147564E-06	4.949712E-09	2.680171E-12	1.086154E-15	4.038653E-18	1.626303E-18	1.084202E-18	1.680513E-18	5.055093E-18	4.872134E-18	3.713392E-18	1.368805E-18	4.323256E-18	2.415738E-18	3.794708E-18	3.513493E-18	1.138412E-18	0.000000E+00	0.000000E+00	0.000000E+00	0.000000E+00	4.565508E-19	0.000000E+00	0.000000E+00	0.000000E+00	0.000000E+00	0.000000E+00	0.000000E+00	0.000000E+00	0.000000E+00	0.000000E+00	0.000000E+00	0.000000E+00	0.000000E+00	0.000000E+00	0.000000E+00	0.000000E+00	0.000000E+00	
6.886249E-02	2.871908E-02	1.584061E-03	7.190066E-06	5.513519E-09	2.847596E-12	1.148170E-15	1.382358E-18	0.000000E+00	3.591420E-18	1.436568E-18	0.000000E+00	3.672735E-18	2.581756E-18	3.482999E-18	2.917181E-18	1.016440E-18	0.000000E+00	3.028990E-18	9.164896E-19	1.384052E-18	0.000000E+00	9.859464E-19	5.302426E-19	1.971046E-18	0.000000E+00	0.000000E+00	0.000000E+00	0.000000E+00	0.000000E+00	3.244983E-18	3.515187E-19	0.000000E+00	0.000000E+00	0.000000E+00	0.000000E+00	0.000000E+00	0.000000E+00	0.000000E+00	0.000000E+00	0.000000E+00	
6.918234E-02	2.885071E-02	1.633899E-03	8.077826E-06	5.930437E-09	2.944323E-12	1.174462E-15	0.000000E+00	0.000000E+00	0.000000E+00	1.409463E-18	4.607859E-19	1.158741E-18	0.000000E+00	1.592422E-18	7.115077E-19	4.573978E-18	1.067262E-18	4.789124E-18	4.692563E-19	0.000000E+00	0.000000E+00	0.000000E+00	0.000000E+00	0.000000E+00	0.000000E+00	0.000000E+00	0.000000E+00	0.000000E+00	0.000000E+00	2.397103E-18	4.104298E-18	3.491046E-18	1.130747E-17	1.086659E-17	5.290144E-18	4.666728E-18	7.209521E-18	1.151118E-17	1.689492E-17	2.894735E-17	
6.927123E-02	2.888642E-02	1.660248E-03	9.153650E-06	6.400300E-09	3.040471E-12	1.181835E-15	0.000000E+00	0.000000E+00	3.252607E-18	0.000000E+00	0.000000E+00	0.000000E+00	0.000000E+00	0.000000E+00	0.000000E+00	0.000000E+00	0.000000E+00	0.000000E+00	0.000000E+00	4.404571E-20	6.420510E-19	3.188232E-18	0.000000E+00	0.000000E+00	7.343776E-19	0.000000E+00	0.000000E+00	0.000000E+00	0.000000E+00	0.000000E+00	1.110460E-18	9.681587E-19	0.000000E+00	0.000000E+00	0.000000E+00	0.000000E+00	0.000000E+00	0.000000E+00	1.050744E-18	4.781077E-18	
6.929935E-02	2.889713E-02	1.676400E-03	1.044717E-05	6.950745E-09	3.147848E-12	1.216150E-15	2.087089E-18	7.318365E-19	0.000000E+00	0.000000E+00	1.450120E-18	0.000000E+00	2.812149E-18	4.079311E-18	1.721171E-18	2.354752E-18	4.265658E-18	4.050512E-18	1.221422E-18	1.605974E-18	2.595309E-18	1.002887E-18	9.529121E-19	2.925652E-18	2.120123E-18	4.878910E-19	3.015437E-19	4.794206E-19	7.669883E-19	5.759824E-18	0.000000E+00	3.118352E-18	3.865858E-18	0.000000E+00	6.242209E-18	9.990754E-18	9.721397E-18	1.988029E-17	2.178293E-17	2.855263E-17	
6.930542E-02	2.889890E-02	1.687177E-03	1.183924E-05	7.539657E-09	3.260146E-12	1.224010E-15	0.000000E+00	0.000000E+00	0.000000E+00	0.000000E+00	0.000000E+00	2.873136E-18	5.603970E-18	3.411849E-18	6.332418E-18	4.878910E-18	4.428288E-18	9.185225E-18	6.042733E-18	4.180955E-18	8.085777E-18	4.189425E-18	8.555033E-19	1.761829E-19	0.000000E+00	0.000000E+00	0.000000E+00	0.000000E+00	0.000000E+00	0.000000E+00	0.000000E+00	2.113347E-19	0.000000E+00	0.000000E+00	5.696297E-19	2.773186E-18	8.755356E-18	1.309428E-17	2.192439E-17	1.622343E-17	
6.930370E-02	2.889762E-02	1.694824E-03	1.321911E-05	8.125593E-09	3.370236E-12	1.251007E-15	1.951564E-18	2.683400E-18	0.000000E+00	1.761829E-18	8.470329E-19	0.000000E+00	0.000000E+00	0.000000E+00	0.000000E+00	9.452888E-19	0.000000E+00	0.000000E+00	0.000000E+00	0.000000E+00	1.727947E-19	1.155353E-18	0.000000E+00	0.000000E+00	0.000000E+00	1.283255E-18	0.000000E+00	0.000000E+00	7.085431E-19	0.000000E+00	0.000000E+00	0.000000E+00	0.000000E+00	0.000000E+00	0.000000E+00	0.000000E+00	0.000000E+00	0.000000E+00	0.000000E+00	0.000000E+00	
6.930015E-02	2.889569E-02	1.700518E-03	1.452154E-05	8.684349E-09	3.473809E-12	1.267758E-15	3.117081E-18	2.710505E-18	1.897354E-18	3.144186E-18	2.127747E-18	6.125742E-18	3.367803E-18	6.783040E-18	3.991219E-18	1.538212E-18	8.944668E-19	5.058481E-18	0.000000E+00	2.051514E-18	4.164014E-18	4.036959E-18	2.102336E-18	1.079120E-18	1.810109E-18	7.267543E-19	0.000000E+00	0.000000E+00	0.000000E+00	0.000000E+00	1.542871E-18	0.000000E+00	0.000000E+00	0.000000E+00	0.000000E+00	5.311744E-18	0.000000E+00	3.072188E-18	4.171637E-19	0.000000E+00	
6.929668E-02	2.889389E-02	1.704908E-03	1.571660E-05	9.205428E-09	3.568941E-12	1.283153E-15	5.421011E-20	1.138412E-18	0.000000E+00	3.347474E-18	0.000000E+00	9.757820E-19	0.000000E+00	0.000000E+00	1.226504E-18	3.005273E-18	3.157739E-18	3.682899E-18	1.267161E-18	0.000000E+00	0.000000E+00	1.275632E-18	0.000000E+00	0.000000E+00	0.000000E+00	0.000000E+00	3.603278E-18	2.599544E-18	8.546562E-19	0.000000E+00	0.000000E+00	1.620798E-18	5.194430E-18	3.924727E-18	5.977512E-18	1.002167E-17	2.894312E-18	0.000000E+00	0.000000E+00	0.000000E+00	
