0	0.000000E+00	0.000000E+00	0.000000E+00	0.000000E+00	0.000000E+00	0.000000E+00	2.511887E+04
0	2.051534E-08	0.000000E+00	0.000000E+00	0.000000E+00	0.000000E+00	0.000000E+00	2.511887E+04
0	2.173095E-08	0.000000E+00	0.000000E+00	0.000000E+00	0.000000E+00	0.000000E+00	2.511887E+04
0	2.301860E-08	0.000000E+00	0.000000E+00	0.000000E+00	0.000000E+00	0.000000E+00	2.511887E+04
0	2.438252E-08	0.000000E+00	0.000000E+00	0.000000E+00	0.000000E+00	0.000000E+00	2.511887E+04
0	2.582728E-08	0.000000E+00	0.000000E+00	0.000000E+00	0.000000E+00	0.000000E+00	2.511887E+04
0	2.735765E-08	0.000000E+00	0.000000E+00	0.000000E+00	0.000000E+00	0.000000E+00	2.511887E+04
0	2.897869E-08	0.000000E+00	0.000000E+00	0.000000E+00	0.000000E+00	0.000000E+00	2.511887E+04
0	3.069580E-08	0.000000E+00	0.000000E+00	0.000000E+00	0.000000E+00	0.000000E+00	2.511887E+04
0	3.251461E-08	0.000000E+00	0.000000E+00	0.000000E+00	0.000000E+00	0.000000E+00	2.511887E+04
0	3.444123E-08	0.000000E+00	0.000000E+00	0.000000E+00	0.000000E+00	0.000000E+00	2.511887E+04
0	3.648200E-08	0.000000E+00	0.000000E+00	0.000000E+00	0.000000E+00	0.000000E+00	2.511887E+04
0	3.864371E-08	0.000000E+00	0.000000E+00	0.000000E+00	0.000000E+00	0.000000E+00	2.511887E+04
0	4.093350E-08	0.000000E+00	0.000000E+00	0.000000E+00	0.000000E+00	0.000000E+00	2.511887E+04
0	4.335892E-08	0.000000E+00	0.000000E+00	0.000000E+00	0.000000E+00	0.000000E+00	2.511887E+04
0	4.592811E-08	0.000000E+00	0.000000E+00	0.000000E+00	0.000000E+00	0.000000E+00	2.511887E+04
0	4.864954E-08	0.000000E+00	0.000000E+00	0.000000E+00	0.000000E+00	0.000000E+00	2.511887E+04
0	5.153221E-08	0.000000E+00	0.000000E+00	0.000000E+00	0.000000E+00	0.000000E+00	2.511887E+04
0	5.458570E-08	0.000000E+00	0.000000E+00	0.000000E+00	0.000000E+00	0.000000E+00	2.511887E+04
0	5.782006E-08	0.000000E+00	0.000000E+00	0.000000E+00	0.000000E+00	0.000000E+00	2.511887E+04
0	6.124613E-08	0.000000E+00	0.000000E+00	0.000000E+00	0.000000E+00	0.000000E+00	2.511887E+04
0	6.487520E-08	0.000000E+00	0.000000E+00	0.000000E+00	0.000000E+00	0.000000E+00	2.511887E+04
0	6.871932E-08	0.000000E+00	0.000000E+00	0.000000E+00	0.000000E+00	0.000000E+00	2.511887E+04
0	7.279120E-08	0.000000E+00	0.000000E+00	0.000000E+00	0.000000E+00	0.000000E+00	2.511887E+04
0	7.710429E-08	0.000000E+00	0.000000E+00	0.000000E+00	0.000000E+00	0.000000E+00	2.511887E+04
0	8.167302E-08	0.000000E+00	0.000000E+00	0.000000E+00	0.000000E+00	0.000000E+00	2.511887E+04
0	8.651247E-08	0.000000E+00	0.000000E+00	0.000000E+00	0.000000E+00	0.000000E+00	2.511887E+04
0	9.163867E-08	0.000000E+00	0.000000E+00	0.000000E+00	0.000000E+00	0.000000E+00	2.511887E+04
0	9.706863E-08	0.000000E+00	0.000000E+00	0.000000E+00	0.000000E+00	0.000000E+00	2.511887E+04
0	1.028202E-07	0.000000E+00	0.000000E+00	0.000000E+00	0.000000E+00	0.000000E+00	2.511887E+04
0	1.089127E-07	0.000000E+00	0.000000E+00	0.000000E+00	0.000000E+00	0.000000E+00	2.511887E+04
0	1.153662E-07	0.000000E+00	0.000000E+00	0.000000E+00	0.000000E+00	0.000000E+00	2.511887E+04
0	1.222021E-07	0.000000E+00	0.000000E+00	0.000000E+00	0.000000E+00	0.000000E+00	2.511887E+04
0	1.294431E-07	0.000000E+00	0.000000E+00	0.000000E+00	0.000000E+00	0.000000E+00	2.511887E+04
0	1.371130E-07	0.000000E+00	0.000000E+00	0.000000E+00	0.000000E+00	0.000000E+00	2.511887E+04
0	1.452374E-07	0.000000E+00	0.000000E+00	0.000000E+00	0.000000E+00	0.000000E+00	2.511887E+04
0	1.538433E-07	0.000000E+00	0.000000E+00	0.000000E+00	0.000000E+00	0.000000E+00	2.511887E+04
0	1.629592E-07	0.000000E+00	0.000000E+00	0.000000E+00	0.000000E+00	0.000000E+00	2.511887E+04
0	1.726151E-07	0.000000E+00	0.000000E+00	0.000000E+00	0.000000E+00	0.000000E+00	2.511887E+04
0	1.828431E-07	0.000000E+00	0.000000E+00	0.000000E+00	0.000000E+00	0.000000E+00	2.511887E+04
0	1.936773E-07	0.000000E+00	0.000000E+00	0.000000E+00	0.000000E+00	0.000000E+00	2.511887E+04
0	2.051534E-07	0.000000E+00	0.000000E+00	0.000000E+00	0.000000E+00	0.000000E+00	2.511887E+04
0	2.173095E-07	0.000000E+00	0.000000E+00	0.000000E+00	0.000000E+00	0.000000E+00	2.511887E+04
0	2.301860E-07	0.000000E+00	0.000000E+00	0.000000E+00	0.000000E+00	0.000000E+00	2.511887E+04
0	2.438252E-07	0.000000E+00	0.000000E+00	0.000000E+00	0.000000E+00	0.000000E+00	2.511887E+04
0	2.582728E-07	0.000000E+00	0.000000E+00	0.000000E+00	0.000000E+00	0.000000E+00	2.511887E+04
0	2.735765E-07	0.000000E+00	0.000000E+00	0.000000E+00	0.000000E+00	0.000000E+00	2.511887E+04
0	2.897870E-07	0.000000E+00	0.000000E+00	0.000000E+00	0.000000E+00	0.000000E+00	2.511887E+04
0	3.069580E-07	0.000000E+00	0.000000E+00	0.000000E+00	0.000000E+00	0.000000E+00	2.511887E+04
0	3.251461E-07	0.000000E+00	0.000000E+00	0.000000E+00	0.000000E+00	0.000000E+00	2.511887E+04
0	3.444123E-07	0.000000E+00	0.000000E+00	0.000000E+00	0.000000E+00	0.000000E+00	2.511887E+04
0	3.648200E-07	0.000000E+00	0.000000E+00	0.000000E+00	0.000000E+00	0.000000E+00	2.511887E+04
0	3.864371E-07	0.000000E+00	0.000000E+00	0.000000E+00	0.000000E+00	0.000000E+00	2.511887E+04
0	4.093350E-07	0.000000E+00	0.000000E+00	0.000000E+00	0.000000E+00	0.000000E+00	2.511887E+04
0	4.335893E-07	0.000000E+00	0.000000E+00	0.000000E+00	0.000000E+00	0.000000E+00	2.511887E+04
0	4.592812E-07	0.000000E+00	0.000000E+00	0.000000E+00	0.000000E+00	0.000000E+00	2.511887E+04
0	4.864954E-07	0.000000E+00	0.000000E+00	0.000000E+00	0.000000E+00	0.000000E+00	2.511887E+04
0	5.153221E-07	0.000000E+00	0.000000E+00	0.000000E+00	0.000000E+00	0.000000E+00	2.511887E+04
0	5.458570E-07	0.000000E+00	0.000000E+00	0.000000E+00	0.000000E+00	0.000000E+00	2.511887E+04
0	5.782006E-07	0.000000E+00	0.000000E+00	0.000000E+00	0.000000E+00	0.000000E+00	2.511887E+04
0	6.124612E-07	0.000000E+00	0.000000E+00	0.000000E+00	0.000000E+00	0.000000E+00	2.511887E+04
0	6.487520E-07	0.000000E+00	0.000000E+00	0.000000E+00	0.000000E+00	0.000000E+00	2.511887E+04
0	6.871931E-07	0.000000E+00	0.000000E+00	0.000000E+00	0.000000E+00	0.000000E+00	2.511887E+04
0	7.279120E-07	0.000000E+00	0.000000E+00	0.000000E+00	0.000000E+00	0.000000E+00	2.511887E+04
0	7.710428E-07	0.000000E+00	0.000000E+00	0.000000E+00	0.000000E+00	0.000000E+00	2.511887E+04
0	8.167302E-07	0.000000E+00	0.000000E+00	0.000000E+00	0.000000E+00	0.000000E+00	2.511887E+04
0	8.651247E-07	0.000000E+00	0.000000E+00	0.000000E+00	0.000000E+00	0.000000E+00	2.511887E+04
0	9.163868E-07	0.000000E+00	0.000000E+00	0.000000E+00	0.000000E+00	0.000000E+00	2.511887E+04
0	9.706863E-07	0.000000E+00	0.000000E+00	0.000000E+00	0.000000E+00	0.000000E+00	2.511887E+04
0	1.028202E-06	0.000000E+00	0.000000E+00	0.000000E+00	0.000000E+00	0.000000E+00	2.511887E+04
0	1.089127E-06	0.000000E+00	0.000000E+00	0.000000E+00	0.000000E+00	0.000000E+00	2.511887E+04
0	1.153662E-06	0.000000E+00	0.000000E+00	0.000000E+00	0.000000E+00	0.000000E+00	2.511887E+04
0	1.222021E-06	0.000000E+00	0.000000E+00	0.000000E+00	0.000000E+00	0.000000E+00	2.511887E+04
0	1.294431E-06	0.000000E+00	0.000000E+00	0.000000E+00	0.000000E+00	0.000000E+00	2.511887E+04
0	1.371130E-06	0.000000E+00	0.000000E+00	0.000000E+00	0.000000E+00	0.000000E+00	2.511887E+04
0	1.452375E-06	0.000000E+00	0.000000E+00	0.000000E+00	0.000000E+00	0.000000E+00	2.511887E+04
0	1.538433E-06	0.000000E+00	0.000000E+00	0.000000E+00	0.000000E+00	0.000000E+00	2.511887E+04
0	1.629592E-06	0.000000E+00	0.000000E+00	0.000000E+00	0.000000E+00	0.000000E+00	2.511887E+04
0	1.726151E-06	0.000000E+00	0.000000E+00	0.000000E+00	0.000000E+00	0.000000E+00	2.511887E+04
0	1.828431E-06	0.000000E+00	0.000000E+00	0.000000E+00	0.000000E+00	0.000000E+00	2.511887E+04
0	1.936772E-06	0.000000E+00	0.000000E+00	0.000000E+00	0.000000E+00	0.000000E+00	2.511887E+04
0	2.051534E-06	0.000000E+00	0.000000E+00	0.000000E+00	0.000000E+00	0.000000E+00	2.511887E+04
0	2.173095E-06	0.000000E+00	0.000000E+00	0.000000E+00	0.000000E+00	0.000000E+00	2.511887E+04
0	2.301859E-06	0.000000E+00	0.000000E+00	0.000000E+00	0.000000E+00	0.000000E+00	2.511887E+04
0	2.438253E-06	0.000000E+00	0.000000E+00	0.000000E+00	0.000000E+00	0.000000E+00	2.511887E+04
0	2.582728E-06	0.000000E+00	0.000000E+00	0.000000E+00	0.000000E+00	0.000000E+00	2.511887E+04
0	2.735765E-06	0.000000E+00	0.000000E+00	0.000000E+00	0.000000E+00	0.000000E+00	2.511887E+04
0	2.897870E-06	0.000000E+00	0.000000E+00	0.000000E+00	0.000000E+00	0.000000E+00	2.511887E+04
0	3.069578E-06	0.000000E+00	0.000000E+00	0.000000E+00	0.000000E+00	0.000000E+00	2.511887E+04
0	3.251463E-06	0.000000E+00	0.000000E+00	0.000000E+00	0.000000E+00	0.000000E+00	2.511887E+04
0	3.444123E-06	0.000000E+00	0.000000E+00	0.000000E+00	0.000000E+00	0.000000E+00	2.511887E+04
0	3.648200E-06	0.000000E+00	0.000000E+00	0.000000E+00	0.000000E+00	0.000000E+00	2.511887E+04
0	3.864371E-06	0.000000E+00	0.000000E+00	0.000000E+00	0.000000E+00	0.000000E+00	2.511887E+04
0	4.093348E-06	0.000000E+00	0.000000E+00	0.000000E+00	0.000000E+00	0.000000E+00	2.511887E+04
0	4.335895E-06	0.000000E+00	0.000000E+00	0.000000E+00	0.000000E+00	0.000000E+00	2.511887E+04
0	4.592811E-06	0.000000E+00	0.000000E+00	0.000000E+00	0.000000E+00	0.000000E+00	2.511887E+04
0	4.864954E-06	0.000000E+00	0.000000E+00	0.000000E+00	0.000000E+00	0.000000E+00	2.511887E+04
0	5.153222E-06	0.000000E+00	0.000000E+00	0.000000E+00	0.000000E+00	0.000000E+00	2.511887E+04
0	5.458567E-06	0.000000E+00	0.000000E+00	0.000000E+00	0.000000E+00	0.000000E+00	2.511887E+04
0	5.782009E-06	0.000000E+00	0.000000E+00	0.000000E+00	0.000000E+00	0.000000E+00	2.511887E+04
0	6.124612E-06	0.000000E+00	0.000000E+00	0.000000E+00	0.000000E+00	0.000000E+00	2.511887E+04
0	6.487520E-06	0.000000E+00	0.000000E+00	0.000000E+00	0.000000E+00	0.000000E+00	2.511887E+04
0	6.871931E-06	0.000000E+00	0.000000E+00	0.000000E+00	0.000000E+00	0.000000E+00	2.511887E+04
0	7.279116E-06	0.000000E+00	0.000000E+00	0.000000E+00	0.000000E+00	0.000000E+00	2.511887E+04
0	7.710432E-06	0.000000E+00	0.000000E+00	0.000000E+00	0.000000E+00	0.000000E+00	2.511887E+04
0	8.167302E-06	0.000000E+00	0.000000E+00	0.000000E+00	0.000000E+00	0.000000E+00	2.511887E+04
0	8.651247E-06	0.000000E+00	0.000000E+00	0.000000E+00	0.000000E+00	0.000000E+00	2.511887E+04
0	9.163868E-06	0.000000E+00	0.000000E+00	0.000000E+00	0.000000E+00	0.000000E+00	2.511887E+04
0	9.706858E-06	0.000000E+00	0.000000E+00	0.000000E+00	0.000000E+00	0.000000E+00	2.511887E+04
0	1.028203E-05	0.000000E+00	0.000000E+00	0.000000E+00	0.000000E+00	0.000000E+00	2.511887E+04
0	1.089127E-05	0.000000E+00	0.000000E+00	0.000000E+00	0.000000E+00	0.000000E+00	2.511887E+04
0	1.153662E-05	0.000000E+00	0.000000E+00	0.000000E+00	0.000000E+00	0.000000E+00	2.511887E+04
0	1.222021E-05	0.000000E+00	0.000000E+00	0.000000E+00	0.000000E+00	0.000000E+00	2.511887E+04
0	1.294430E-05	0.000000E+00	0.000000E+00	0.000000E+00	0.000000E+00	0.000000E+00	2.511887E+04
0	1.371130E-05	0.000000E+00	0.000000E+00	0.000000E+00	0.000000E+00	0.000000E+00	2.511887E+04
0	1.452375E-05	0.000000E+00	0.000000E+00	0.000000E+00	0.000000E+00	0.000000E+00	2.511887E+04
0	1.538433E-05	0.000000E+00	0.000000E+00	0.000000E+00	0.000000E+00	0.000000E+00	2.511887E+04
0	1.629592E-05	0.000000E+00	0.000000E+00	0.000000E+00	0.000000E+00	0.000000E+00	2.511887E+04
0	1.726151E-05	0.000000E+00	0.000000E+00	0.000000E+00	0.000000E+00	0.000000E+00	2.511887E+04
0	1.828432E-05	0.000000E+00	0.000000E+00	0.000000E+00	0.000000E+00	0.000000E+00	2.511887E+04
0	1.936773E-05	0.000000E+00	0.000000E+00	0.000000E+00	0.000000E+00	0.000000E+00	2.511887E+04
0	2.051534E-05	0.000000E+00	0.000000E+00	0.000000E+00	0.000000E+00	0.000000E+00	2.511887E+04
0	2.173096E-05	0.000000E+00	0.000000E+00	0.000000E+00	0.000000E+00	0.000000E+00	2.511887E+04
0	2.301859E-05	0.000000E+00	0.000000E+00	0.000000E+00	0.000000E+00	0.000000E+00	2.511887E+04
0	2.438253E-05	0.000000E+00	0.000000E+00	0.000000E+00	0.000000E+00	0.000000E+00	2.511887E+04
0	2.582728E-05	0.000000E+00	0.000000E+00	0.000000E+00	0.000000E+00	0.000000E+00	2.511887E+04
0	2.735765E-05	0.000000E+00	0.000000E+00	0.000000E+00	0.000000E+00	0.000000E+00	2.511887E+04
0	2.897869E-05	0.000000E+00	0.000000E+00	0.000000E+00	0.000000E+00	0.000000E+00	2.511887E+04
0	3.069578E-05	0.000000E+00	0.000000E+00	0.000000E+00	0.000000E+00	0.000000E+00	2.511887E+04
0	3.251462E-05	0.000000E+00	0.000000E+00	0.000000E+00	0.000000E+00	0.000000E+00	2.511887E+04
0	3.444123E-05	0.000000E+00	0.000000E+00	0.000000E+00	0.000000E+00	0.000000E+00	2.511887E+04
0	3.648200E-05	0.000000E+00	0.000000E+00	0.000000E+00	0.000000E+00	0.000000E+00	2.511887E+04
0	3.864371E-05	0.000000E+00	0.000000E+00	0.000000E+00	0.000000E+00	0.000000E+00	2.511887E+04
0	4.093348E-05	0.000000E+00	0.000000E+00	0.000000E+00	0.000000E+00	0.000000E+00	2.511887E+04
0	4.335895E-05	0.000000E+00	0.000000E+00	0.000000E+00	0.000000E+00	0.000000E+00	2.511887E+04
0	4.592811E-05	0.000000E+00	0.000000E+00	0.000000E+00	0.000000E+00	0.000000E+00	2.511887E+04
0	4.864954E-05	0.000000E+00	0.000000E+00	0.000000E+00	0.000000E+00	0.000000E+00	2.511887E+04
0	5.153221E-05	0.000000E+00	0.000000E+00	0.000000E+00	0.000000E+00	0.000000E+00	2.511887E+04
0	5.458567E-05	0.000000E+00	0.000000E+00	0.000000E+00	0.000000E+00	0.000000E+00	2.511887E+04
0	5.782009E-05	0.000000E+00	0.000000E+00	0.000000E+00	0.000000E+00	0.000000E+00	2.511887E+04
0	6.124613E-05	0.000000E+00	0.000000E+00	0.000000E+00	0.000000E+00	0.000000E+00	2.511887E+04
0	6.487520E-05	0.000000E+00	0.000000E+00	0.000000E+00	0.000000E+00	0.000000E+00	2.511887E+04
0	6.871931E-05	0.000000E+00	0.000000E+00	0.000000E+00	0.000000E+00	0.000000E+00	2.511887E+04
0	7.279116E-05	0.000000E+00	0.000000E+00	0.000000E+00	0.000000E+00	0.000000E+00	2.511887E+04
0	7.710433E-05	0.000000E+00	0.000000E+00	0.000000E+00	0.000000E+00	0.000000E+00	2.511887E+04
0	8.167302E-05	0.000000E+00	0.000000E+00	0.000000E+00	0.000000E+00	0.000000E+00	2.511887E+04
0	8.651246E-05	0.000000E+00	0.000000E+00	0.000000E+00	0.000000E+00	0.000000E+00	2.511887E+04
0	9.163867E-05	0.000000E+00	0.000000E+00	0.000000E+00	0.000000E+00	0.000000E+00	2.511887E+04
0	9.706858E-05	0.000000E+00	0.000000E+00	0.000000E+00	0.000000E+00	0.000000E+00	2.511887E+04
0	1.028203E-04	0.000000E+00	0.000000E+00	0.000000E+00	0.000000E+00	0.000000E+00	2.511887E+04
0	1.089127E-04	0.000000E+00	0.000000E+00	0.000000E+00	0.000000E+00	0.000000E+00	2.511887E+04
0	1.153662E-04	0.000000E+00	0.000000E+00	0.000000E+00	0.000000E+00	0.000000E+00	2.511887E+04
0	1.222021E-04	0.000000E+00	0.000000E+00	0.000000E+00	0.000000E+00	0.000000E+00	2.511887E+04
0	1.294430E-04	0.000000E+00	0.000000E+00	0.000000E+00	0.000000E+00	0.000000E+00	2.511887E+04
0	1.371130E-04	0.000000E+00	0.000000E+00	0.000000E+00	0.000000E+00	0.000000E+00	2.511887E+04
0	1.452375E-04	0.000000E+00	0.000000E+00	0.000000E+00	0.000000E+00	0.000000E+00	2.511887E+04
0	1.538433E-04	0.000000E+00	0.000000E+00	0.000000E+00	0.000000E+00	0.000000E+00	2.511887E+04
0	1.629592E-04	0.000000E+00	0.000000E+00	0.000000E+00	0.000000E+00	0.000000E+00	2.511887E+04
0	1.726151E-04	0.000000E+00	0.000000E+00	0.000000E+00	0.000000E+00	0.000000E+00	2.511887E+04
0	1.828432E-04	0.000000E+00	0.000000E+00	0.000000E+00	0.000000E+00	0.000000E+00	2.511887E+04
0	1.936772E-04	0.000000E+00	0.000000E+00	0.000000E+00	0.000000E+00	0.000000E+00	2.511887E+04
0	2.051534E-04	0.000000E+00	0.000000E+00	0.000000E+00	0.000000E+00	0.000000E+00	2.511887E+04
0	2.173095E-04	0.000000E+00	0.000000E+00	0.000000E+00	0.000000E+00	0.000000E+00	2.511887E+04
0	2.301860E-04	0.000000E+00	0.000000E+00	0.000000E+00	0.000000E+00	0.000000E+00	2.511887E+04
0	2.438251E-04	0.000000E+00	0.000000E+00	0.000000E+00	0.000000E+00	0.000000E+00	2.511887E+04
0	2.582728E-04	0.000000E+00	0.000000E+00	0.000000E+00	0.000000E+00	0.000000E+00	2.511887E+04
0	2.735764E-04	0.000000E+00	0.000000E+00	0.000000E+00	0.000000E+00	0.000000E+00	2.511887E+04
0	2.897870E-04	0.000000E+00	0.000000E+00	0.000000E+00	0.000000E+00	0.000000E+00	2.511887E+04
0	3.069580E-04	0.000000E+00	0.000000E+00	0.000000E+00	0.000000E+00	0.000000E+00	2.511887E+04
0	3.251461E-04	0.000000E+00	0.000000E+00	0.000000E+00	0.000000E+00	0.000000E+00	2.511887E+04
0	3.444123E-04	0.000000E+00	0.000000E+00	0.000000E+00	0.000000E+00	0.000000E+00	2.511887E+04
0	3.648201E-04	0.000000E+00	0.000000E+00	0.000000E+00	0.000000E+00	0.000000E+00	2.511887E+04
0	3.864371E-04	0.000000E+00	0.000000E+00	0.000000E+00	0.000000E+00	0.000000E+00	2.511887E+04
0	4.093350E-04	0.000000E+00	0.000000E+00	0.000000E+00	0.000000E+00	0.000000E+00	2.511887E+04
0	4.335892E-04	0.000000E+00	0.000000E+00	0.000000E+00	0.000000E+00	0.000000E+00	2.511887E+04
0	4.592811E-04	0.000000E+00	0.000000E+00	0.000000E+00	0.000000E+00	0.000000E+00	2.511887E+04
0	4.864954E-04	0.000000E+00	0.000000E+00	0.000000E+00	0.000000E+00	0.000000E+00	2.511887E+04
0	5.153221E-04	0.000000E+00	0.000000E+00	0.000000E+00	0.000000E+00	0.000000E+00	2.511887E+04
0	5.458570E-04	0.000000E+00	0.000000E+00	0.000000E+00	0.000000E+00	0.000000E+00	2.511887E+04
0	5.782006E-04	0.000000E+00	0.000000E+00	0.000000E+00	0.000000E+00	0.000000E+00	2.511887E+04
0	6.124612E-04	0.000000E+00	0.000000E+00	0.000000E+00	0.000000E+00	0.000000E+00	2.511887E+04
0	6.487520E-04	0.000000E+00	0.000000E+00	0.000000E+00	0.000000E+00	0.000000E+00	2.511887E+04
0	6.871931E-04	0.000000E+00	0.000000E+00	0.000000E+00	0.000000E+00	0.000000E+00	2.511887E+04
0	7.279121E-04	0.000000E+00	0.000000E+00	0.000000E+00	0.000000E+00	0.000000E+00	2.511887E+04
0	7.710429E-04	0.000000E+00	0.000000E+00	0.000000E+00	0.000000E+00	0.000000E+00	2.511887E+04
0	8.167303E-04	0.000000E+00	0.000000E+00	0.000000E+00	0.000000E+00	0.000000E+00	2.511887E+04
0	8.651247E-04	0.000000E+00	0.000000E+00	0.000000E+00	0.000000E+00	0.000000E+00	2.511887E+04
0	9.163868E-04	0.000000E+00	0.000000E+00	0.000000E+00	0.000000E+00	0.000000E+00	2.511887E+04
0	9.706863E-04	0.000000E+00	0.000000E+00	0.000000E+00	0.000000E+00	0.000000E+00	2.511887E+04
0	1.028202E-03	0.000000E+00	0.000000E+00	0.000000E+00	0.000000E+00	0.000000E+00	2.511887E+04
0	1.089127E-03	0.000000E+00	0.000000E+00	0.000000E+00	0.000000E+00	0.000000E+00	2.511887E+04
0	1.153662E-03	0.000000E+00	0.000000E+00	0.000000E+00	0.000000E+00	0.000000E+00	2.511887E+04
0	1.222021E-03	0.000000E+00	0.000000E+00	0.000000E+00	0.000000E+00	0.000000E+00	2.511887E+04
0	1.294431E-03	0.000000E+00	0.000000E+00	0.000000E+00	0.000000E+00	0.000000E+00	2.511887E+04
0	1.371130E-03	0.000000E+00	0.000000E+00	0.000000E+00	0.000000E+00	0.000000E+00	2.511887E+04
0	1.452375E-03	0.000000E+00	0.000000E+00	0.000000E+00	0.000000E+00	0.000000E+00	2.511887E+04
0	1.538433E-03	0.000000E+00	0.000000E+00	0.000000E+00	0.000000E+00	0.000000E+00	2.511887E+04
0	1.629592E-03	0.000000E+00	0.000000E+00	0.000000E+00	0.000000E+00	0.000000E+00	2.511887E+04
0	1.726151E-03	0.000000E+00	0.000000E+00	0.000000E+00	0.000000E+00	0.000000E+00	2.511887E+04
0	1.828431E-03	0.000000E+00	0.000000E+00	0.000000E+00	0.000000E+00	0.000000E+00	2.511887E+04
0	1.936772E-03	0.000000E+00	0.000000E+00	0.000000E+00	0.000000E+00	0.000000E+00	2.511887E+04
0	2.051534E-03	0.000000E+00	0.000000E+00	0.000000E+00	0.000000E+00	0.000000E+00	2.511887E+04
0	2.173095E-03	0.000000E+00	0.000000E+00	0.000000E+00	0.000000E+00	0.000000E+00	2.511887E+04
0	2.301860E-03	0.000000E+00	0.000000E+00	0.000000E+00	0.000000E+00	0.000000E+00	2.511887E+04
0	2.438252E-03	0.000000E+00	0.000000E+00	0.000000E+00	0.000000E+00	0.000000E+00	2.511887E+04
0	2.582728E-03	0.000000E+00	0.000000E+00	0.000000E+00	0.000000E+00	0.000000E+00	2.511887E+04
0	2.735765E-03	0.000000E+00	0.000000E+00	0.000000E+00	0.000000E+00	0.000000E+00	2.511887E+04
0	2.897869E-03	0.000000E+00	0.000000E+00	0.000000E+00	0.000000E+00	0.000000E+00	2.511887E+04
0	3.069580E-03	0.000000E+00	0.000000E+00	0.000000E+00	0.000000E+00	0.000000E+00	2.511887E+04
0	3.251461E-03	0.000000E+00	0.000000E+00	0.000000E+00	0.000000E+00	0.000000E+00	2.511887E+04
0	3.444123E-03	0.000000E+00	0.000000E+00	0.000000E+00	0.000000E+00	0.000000E+00	2.511887E+04
0	3.648201E-03	0.000000E+00	0.000000E+00	0.000000E+00	0.000000E+00	0.000000E+00	2.511887E+04
0	3.864371E-03	0.000000E+00	0.000000E+00	0.000000E+00	0.000000E+00	0.000000E+00	2.511887E+04
0	4.093350E-03	0.000000E+00	0.000000E+00	0.000000E+00	0.000000E+00	0.000000E+00	2.511887E+04
0	4.335893E-03	0.000000E+00	0.000000E+00	0.000000E+00	0.000000E+00	0.000000E+00	2.511887E+04
0	4.592811E-03	0.000000E+00	0.000000E+00	0.000000E+00	0.000000E+00	0.000000E+00	2.511887E+04
0	4.864953E-03	0.000000E+00	0.000000E+00	0.000000E+00	0.000000E+00	0.000000E+00	2.511887E+04
0	5.153221E-03	0.000000E+00	0.000000E+00	0.000000E+00	0.000000E+00	0.000000E+00	2.511887E+04
0	5.458570E-03	0.000000E+00	0.000000E+00	0.000000E+00	0.000000E+00	0.000000E+00	2.511887E+04
0	5.782006E-03	0.000000E+00	0.000000E+00	0.000000E+00	0.000000E+00	0.000000E+00	2.511887E+04
0	6.124612E-03	0.000000E+00	0.000000E+00	0.000000E+00	0.000000E+00	0.000000E+00	2.511887E+04
0	6.487520E-03	0.000000E+00	0.000000E+00	0.000000E+00	0.000000E+00	0.000000E+00	2.511887E+04
0	6.871932E-03	0.000000E+00	0.000000E+00	0.000000E+00	0.000000E+00	0.000000E+00	2.511887E+04
0	7.279120E-03	0.000000E+00	0.000000E+00	0.000000E+00	0.000000E+00	0.000000E+00	2.511887E+04
0	7.710428E-03	0.000000E+00	0.000000E+00	0.000000E+00	0.000000E+00	0.000000E+00	2.511887E+04
0	8.167302E-03	0.000000E+00	0.000000E+00	0.000000E+00	0.000000E+00	0.000000E+00	2.511887E+04
0	8.651247E-03	0.000000E+00	0.000000E+00	0.000000E+00	0.000000E+00	0.000000E+00	2.511887E+04
0	9.163868E-03	0.000000E+00	0.000000E+00	0.000000E+00	0.000000E+00	0.000000E+00	2.511887E+04
0	9.706863E-03	0.000000E+00	0.000000E+00	0.000000E+00	0.000000E+00	0.000000E+00	2.511887E+04
0	1.028202E-02	0.000000E+00	0.000000E+00	0.000000E+00	0.000000E+00	0.000000E+00	2.511887E+04
0	1.089127E-02	0.000000E+00	0.000000E+00	0.000000E+00	0.000000E+00	0.000000E+00	2.511887E+04
0	1.153662E-02	0.000000E+00	0.000000E+00	0.000000E+00	0.000000E+00	0.000000E+00	2.511887E+04
0	1.222021E-02	0.000000E+00	0.000000E+00	0.000000E+00	0.000000E+00	0.000000E+00	2.511887E+04
0	1.294431E-02	0.000000E+00	0.000000E+00	0.000000E+00	0.000000E+00	0.000000E+00	2.511887E+04
0	1.371130E-02	0.000000E+00	0.000000E+00	0.000000E+00	0.000000E+00	0.000000E+00	2.511887E+04
0	1.452375E-02	0.000000E+00	0.000000E+00	0.000000E+00	0.000000E+00	0.000000E+00	2.511887E+04
0	1.538434E-02	0.000000E+00	0.000000E+00	0.000000E+00	0.000000E+00	0.000000E+00	2.511887E+04
0	1.629592E-02	0.000000E+00	0.000000E+00	0.000000E+00	0.000000E+00	0.000000E+00	2.511887E+04
0	1.726151E-02	0.000000E+00	0.000000E+00	0.000000E+00	0.000000E+00	0.000000E+00	2.511887E+04
0	1.828431E-02	0.000000E+00	0.000000E+00	0.000000E+00	0.000000E+00	0.000000E+00	2.511887E+04
0	1.936772E-02	0.000000E+00	0.000000E+00	0.000000E+00	0.000000E+00	0.000000E+00	2.511887E+04
0	2.051534E-02	0.000000E+00	0.000000E+00	0.000000E+00	0.000000E+00	0.000000E+00	2.511887E+04
0	2.173095E-02	0.000000E+00	0.000000E+00	0.000000E+00	0.000000E+00	0.000000E+00	2.511887E+04
0	2.301860E-02	0.000000E+00	0.000000E+00	0.000000E+00	0.000000E+00	0.000000E+00	2.511887E+04
0	2.438252E-02	0.000000E+00	0.000000E+00	0.000000E+00	0.000000E+00	0.000000E+00	2.511887E+04
0	2.582728E-02	0.000000E+00	0.000000E+00	0.000000E+00	0.000000E+00	0.000000E+00	2.511887E+04
0	2.735765E-02	0.000000E+00	0.000000E+00	0.000000E+00	0.000000E+00	0.000000E+00	2.511887E+04
0	2.897869E-02	0.000000E+00	0.000000E+00	0.000000E+00	0.000000E+00	0.000000E+00	2.511887E+04
0	3.069579E-02	0.000000E+00	0.000000E+00	0.000000E+00	0.000000E+00	0.000000E+00	2.511887E+04
0	3.251461E-02	0.000000E+00	0.000000E+00	0.000000E+00	0.000000E+00	0.000000E+00	2.511887E+04
0	3.444123E-02	0.000000E+00	0.000000E+00	0.000000E+00	0.000000E+00	0.000000E+00	2.511887E+04
0	3.648201E-02	0.000000E+00	0.000000E+00	0.000000E+00	0.000000E+00	0.000000E+00	2.511887E+04
0	3.864371E-02	0.000000E+00	0.000000E+00	0.000000E+00	0.000000E+00	0.000000E+00	2.511887E+04
0	4.093350E-02	0.000000E+00	0.000000E+00	0.000000E+00	0.000000E+00	0.000000E+00	2.511887E+04
0	4.335893E-02	0.000000E+00	0.000000E+00	0.000000E+00	0.000000E+00	0.000000E+00	2.511887E+04
0	4.592811E-02	0.000000E+00	0.000000E+00	0.000000E+00	0.000000E+00	0.000000E+00	2.511887E+04
0	4.864954E-02	0.000000E+00	0.000000E+00	0.000000E+00	0.000000E+00	0.000000E+00	2.511887E+04
0	5.153222E-02	0.000000E+00	0.000000E+00	0.000000E+00	0.000000E+00	0.000000E+00	2.511887E+04
0	5.458571E-02	0.000000E+00	0.000000E+00	0.000000E+00	0.000000E+00	0.000000E+00	2.511887E+04
0	5.782006E-02	0.000000E+00	0.000000E+00	0.000000E+00	0.000000E+00	0.000000E+00	2.511887E+04
0	6.124613E-02	0.000000E+00	0.000000E+00	0.000000E+00	0.000000E+00	0.000000E+00	2.511887E+04
0	6.487520E-02	0.000000E+00	0.000000E+00	0.000000E+00	0.000000E+00	0.000000E+00	2.511887E+04
0	6.871931E-02	0.000000E+00	0.000000E+00	0.000000E+00	0.000000E+00	0.000000E+00	2.511887E+04
0	7.279121E-02	0.000000E+00	0.000000E+00	0.000000E+00	0.000000E+00	0.000000E+00	2.511887E+04
0	7.710428E-02	0.000000E+00	0.000000E+00	0.000000E+00	0.000000E+00	0.000000E+00	2.511887E+04
0	8.167302E-02	0.000000E+00	0.000000E+00	0.000000E+00	0.000000E+00	0.000000E+00	2.511887E+04
0	8.651247E-02	0.000000E+00	0.000000E+00	0.000000E+00	0.000000E+00	0.000000E+00	2.511887E+04
0	9.163868E-02	0.000000E+00	0.000000E+00	0.000000E+00	0.000000E+00	0.000000E+00	2.511887E+04
0	9.706863E-02	0.000000E+00	0.000000E+00	0.000000E+00	0.000000E+00	0.000000E+00	2.511887E+04
0	1.028202E-01	0.000000E+00	0.000000E+00	0.000000E+00	0.000000E+00	0.000000E+00	2.511887E+04
0	1.089127E-01	0.000000E+00	0.000000E+00	0.000000E+00	0.000000E+00	0.000000E+00	2.511887E+04
0	1.153662E-01	0.000000E+00	0.000000E+00	0.000000E+00	0.000000E+00	0.000000E+00	2.511887E+04
0	1.222021E-01	0.000000E+00	0.000000E+00	0.000000E+00	0.000000E+00	0.000000E+00	2.511887E+04
0	1.294431E-01	0.000000E+00	0.000000E+00	0.000000E+00	0.000000E+00	0.000000E+00	2.511887E+04
0	1.371130E-01	0.000000E+00	0.000000E+00	0.000000E+00	0.000000E+00	0.000000E+00	2.511887E+04
0	1.452374E-01	0.000000E+00	0.000000E+00	0.000000E+00	0.000000E+00	0.000000E+00	2.511887E+04
0	1.538433E-01	0.000000E+00	0.000000E+00	0.000000E+00	0.000000E+00	0.000000E+00	2.511887E+04
0	1.629592E-01	0.000000E+00	0.000000E+00	0.000000E+00	0.000000E+00	0.000000E+00	2.511887E+04
0	1.726151E-01	0.000000E+00	0.000000E+00	0.000000E+00	0.000000E+00	0.000000E+00	2.511887E+04
0	1.828431E-01	0.000000E+00	0.000000E+00	0.000000E+00	0.000000E+00	0.000000E+00	2.511887E+04
0	1.936773E-01	0.000000E+00	0.000000E+00	0.000000E+00	0.000000E+00	0.000000E+00	2.511887E+04
0	2.051534E-01	0.000000E+00	0.000000E+00	0.000000E+00	0.000000E+00	0.000000E+00	2.511887E+04
0	2.173095E-01	0.000000E+00	0.000000E+00	0.000000E+00	0.000000E+00	0.000000E+00	2.511887E+04
0	2.301860E-01	0.000000E+00	0.000000E+00	0.000000E+00	0.000000E+00	0.000000E+00	2.511887E+04
0	2.438252E-01	0.000000E+00	0.000000E+00	0.000000E+00	0.000000E+00	0.000000E+00	2.511887E+04
0	2.582728E-01	0.000000E+00	0.000000E+00	0.000000E+00	0.000000E+00	0.000000E+00	2.511887E+04
0	2.735765E-01	0.000000E+00	0.000000E+00	0.000000E+00	0.000000E+00	0.000000E+00	2.511887E+04
0	2.897869E-01	0.000000E+00	0.000000E+00	0.000000E+00	0.000000E+00	0.000000E+00	2.511887E+04
0	3.069580E-01	0.000000E+00	0.000000E+00	0.000000E+00	0.000000E+00	0.000000E+00	2.511887E+04
0	3.251461E-01	0.000000E+00	0.000000E+00	0.000000E+00	0.000000E+00	0.000000E+00	2.511887E+04
0	3.444122E-01	0.000000E+00	0.000000E+00	0.000000E+00	0.000000E+00	0.000000E+00	2.511887E+04
0	3.648201E-01	0.000000E+00	0.000000E+00	0.000000E+00	0.000000E+00	0.000000E+00	2.511887E+04
0	3.864371E-01	0.000000E+00	0.000000E+00	0.000000E+00	0.000000E+00	0.000000E+00	2.511887E+04
0	4.093350E-01	0.000000E+00	0.000000E+00	0.000000E+00	0.000000E+00	0.000000E+00	2.511887E+04
