0.000000E+00	7.156535E-16	5.360517E-07	0.000000E+00	2.294217E-14	1.795353E-23	8.830088E-13	4.544273E-24	1.712034E-09	9.429477E-11	0.000000E+00	9.993096E-05	2.308028E-22	4.013192E-13	3.907964E-16	2.128326E-14	4.306404E-13	1.695210E-16	2.489830E-14	2.757378E-05	4.436772E-16	1.177480E-13	3.189485E-18	9.190984E-16	8.754916E-14	6.900117E-08	9.999946E-02	2.179897E-12	3.248931E-11	2.140737E-10	2.999979E-04	2.562712E-04	9.994599E-01	1.280426E-04	1.000000E+00	
0.000000E+00	7.429847E-16	5.360437E-07	0.000000E+00	2.333192E-14	1.909899E-23	8.834999E-13	4.834491E-24	1.711041E-09	9.610467E-11	0.000000E+00	9.993094E-05	2.455101E-22	4.175208E-13	4.150501E-16	2.129426E-14	4.388317E-13	1.765861E-16	2.530753E-14	2.755946E-05	4.623362E-16	1.196897E-13	3.323421E-18	9.381159E-16	8.936919E-14	6.902776E-08	9.999946E-02	2.179916E-12	3.250761E-11	2.141858E-10	2.999979E-04	2.615872E-04	9.994493E-01	1.280283E-04	1.000000E+00	
0.000000E+00	7.464329E-16	5.360427E-07	0.000000E+00	2.338058E-14	1.924535E-23	8.835617E-13	4.871574E-24	1.710918E-09	9.633034E-11	0.000000E+00	9.993094E-05	2.473892E-22	4.195649E-13	4.181457E-16	2.129564E-14	4.398532E-13	1.774782E-16	2.535974E-14	2.755767E-05	4.646929E-16	1.199314E-13	3.340338E-18	9.404940E-16	8.959643E-14	6.902888E-08	9.999946E-02	2.179918E-12	3.250991E-11	2.141999E-10	2.999979E-04	2.622509E-04	9.994479E-01	1.280265E-04	1.000000E+00	
0.000000E+00	7.503321E-16	5.360415E-07	0.000000E+00	2.343547E-14	1.941134E-23	8.836315E-13	4.913634E-24	1.710778E-09	9.658484E-11	0.000000E+00	9.993094E-05	2.495203E-22	4.218763E-13	4.216558E-16	2.129721E-14	4.410052E-13	1.784873E-16	2.541892E-14	2.755566E-05	4.673587E-16	1.202039E-13	3.359471E-18	9.431776E-16	8.985278E-14	6.903001E-08	9.999946E-02	2.179921E-12	3.251251E-11	2.142158E-10	2.999979E-04	2.629996E-04	9.994464E-01	1.280244E-04	1.000000E+00	
0.000000E+00	7.547458E-16	5.360402E-07	0.000000E+00	2.349744E-14	1.959987E-23	8.837105E-13	4.961404E-24	1.710621E-09	9.687203E-11	0.000000E+00	9.993093E-05	2.519408E-22	4.244928E-13	4.256413E-16	2.129898E-14	4.423051E-13	1.796299E-16	2.548611E-14	2.755338E-05	4.703772E-16	1.205116E-13	3.381136E-18	9.462084E-16	9.014215E-14	6.903117E-08	9.999946E-02	2.179924E-12	3.251546E-11	2.142339E-10	2.999979E-04	2.638448E-04	9.994448E-01	1.280222E-04	1.000000E+00	
0.000000E+00	7.597474E-16	5.360388E-07	0.000000E+00	2.356743E-14	1.981432E-23	8.838000E-13	5.015741E-24	1.710443E-09	9.719633E-11	0.000000E+00	9.993093E-05	2.546939E-22	4.274577E-13	4.301733E-16	2.130099E-14	4.437732E-13	1.809250E-16	2.556250E-14	2.755081E-05	4.737988E-16	1.208591E-13	3.405695E-18	9.496338E-16	9.046906E-14	6.903233E-08	9.999946E-02	2.179927E-12	3.251879E-11	2.142543E-10	2.999979E-04	2.647995E-04	9.994428E-01	1.280196E-04	1.000000E+00	
0.000000E+00	7.654224E-16	5.360371E-07	0.000000E+00	2.364658E-14	2.005868E-23	8.839014E-13	5.077657E-24	1.710242E-09	9.756284E-11	0.000000E+00	9.993093E-05	2.578308E-22	4.308218E-13	4.353353E-16	2.130327E-14	4.454324E-13	1.823949E-16	2.564950E-14	2.754791E-05	4.776825E-16	1.212520E-13	3.433569E-18	9.535089E-16	9.083868E-14	6.903349E-08	9.999946E-02	2.179931E-12	3.252257E-11	2.142775E-10	2.999979E-04	2.658790E-04	9.994407E-01	1.280167E-04	1.000000E+00	
0.000000E+00	7.718704E-16	5.360353E-07	0.000000E+00	2.373615E-14	2.033765E-23	8.840165E-13	5.148346E-24	1.710014E-09	9.797744E-11	0.000000E+00	9.993093E-05	2.614121E-22	4.346441E-13	4.412263E-16	2.130586E-14	4.473094E-13	1.840657E-16	2.574876E-14	2.754462E-05	4.820971E-16	1.216965E-13	3.465253E-18	9.578973E-16	9.125702E-14	6.903465E-08	9.999946E-02	2.179935E-12	3.252685E-11	2.143039E-10	2.999979E-04	2.671008E-04	9.994383E-01	1.280134E-04	1.000000E+00	
0.000000E+00	7.792084E-16	5.360332E-07	0.000000E+00	2.383764E-14	2.065684E-23	8.841473E-13	5.229228E-24	1.709757E-09	9.844691E-11	0.000000E+00	9.993093E-05	2.655097E-22	4.389939E-13	4.479636E-16	2.130880E-14	4.494349E-13	1.859678E-16	2.586225E-14	2.754090E-05	4.871236E-16	1.222002E-13	3.501327E-18	9.628729E-16	9.173099E-14	6.903579E-08	9.999946E-02	2.179940E-12	3.253172E-11	2.143339E-10	2.999979E-04	2.684850E-04	9.994355E-01	1.280097E-04	1.000000E+00	
0.000000E+00	7.875747E-16	5.360308E-07	0.000000E+00	2.395276E-14	2.102298E-23	8.842963E-13	5.322008E-24	1.709465E-09	9.897915E-11	0.000000E+00	9.993093E-05	2.702097E-22	4.439532E-13	4.556877E-16	2.131215E-14	4.518448E-13	1.881375E-16	2.599233E-14	2.753668E-05	4.928574E-16	1.227716E-13	3.542477E-18	9.685219E-16	9.226869E-14	6.903690E-08	9.999946E-02	2.179946E-12	3.253727E-11	2.143680E-10	2.999979E-04	2.700552E-04	9.994324E-01	1.280054E-04	1.000000E+00	
0.000000E+00	7.971327E-16	5.360281E-07	0.000000E+00	2.408354E-14	2.144415E-23	8.844663E-13	5.428736E-24	1.709134E-09	9.958334E-11	0.000000E+00	9.993093E-05	2.756160E-22	4.496188E-13	4.645676E-16	2.131598E-14	4.545806E-13	1.906176E-16	2.614184E-14	2.753188E-05	4.994120E-16	1.234207E-13	3.589515E-18	9.749450E-16	9.287952E-14	6.903797E-08	9.999946E-02	2.179952E-12	3.254360E-11	2.144070E-10	2.999979E-04	2.718390E-04	9.994288E-01	1.280007E-04	1.000000E+00	
0.000000E+00	8.080783E-16	5.360249E-07	0.000000E+00	2.423235E-14	2.193020E-23	8.846606E-13	5.551911E-24	1.708758E-09	1.002703E-10	0.000000E+00	9.993093E-05	2.818549E-22	4.561066E-13	4.748086E-16	2.132036E-14	4.576912E-13	1.934593E-16	2.631420E-14	2.752643E-05	5.069231E-16	1.241592E-13	3.643415E-18	9.822614E-16	9.357458E-14	6.903896E-08	9.999946E-02	2.179959E-12	3.255083E-11	2.144516E-10	2.999979E-04	2.738687E-04	9.994247E-01	1.279952E-04	1.000000E+00	
0.000000E+00	8.206459E-16	5.360214E-07	0.000000E+00	2.440198E-14	2.249319E-23	8.848834E-13	5.694585E-24	1.708329E-09	1.010525E-10	0.000000E+00	9.993093E-05	2.890809E-22	4.635555E-13	4.866616E-16	2.132538E-14	4.612341E-13	1.967243E-16	2.651362E-14	2.752022E-05	5.155539E-16	1.250010E-13	3.705348E-18	9.906116E-16	9.436692E-14	6.903985E-08	9.999946E-02	2.179968E-12	3.255912E-11	2.145028E-10	2.999979E-04	2.761824E-04	9.994201E-01	1.279890E-04	1.000000E+00	
0.000000E+00	8.351198E-16	5.360173E-07	0.000000E+00	2.459575E-14	2.314802E-23	8.851395E-13	5.860541E-24	1.707840E-09	1.019452E-10	0.000000E+00	9.993092E-05	2.974854E-22	4.721336E-13	5.004362E-16	2.133117E-14	4.652772E-13	2.004873E-16	2.674527E-14	2.751314E-05	5.255024E-16	1.259626E-13	3.776733E-18	1.000163E-15	9.527201E-14	6.904062E-08	9.999946E-02	2.179977E-12	3.256865E-11	2.145617E-10	2.999979E-04	2.788252E-04	9.994148E-01	1.279819E-04	1.000000E+00	
0.000000E+00	8.518478E-16	5.360127E-07	0.000000E+00	2.481761E-14	2.391335E-23	8.854349E-13	6.054508E-24	1.707281E-09	1.029661E-10	0.000000E+00	9.993092E-05	3.073073E-22	4.820467E-13	5.165193E-16	2.133784E-14	4.699016E-13	2.048399E-16	2.701563E-14	2.750503E-05	5.370113E-16	1.270638E-13	3.859308E-18	1.011117E-15	9.630842E-14	6.904122E-08	9.999946E-02	2.179988E-12	3.257964E-11	2.146296E-10	2.999979E-04	2.818513E-04	9.994088E-01	1.279738E-04	1.000000E+00	
0.000000E+00	8.712575E-16	5.360073E-07	0.000000E+00	2.507234E-14	2.481271E-23	8.857768E-13	6.282456E-24	1.706641E-09	1.041365E-10	0.000000E+00	9.993092E-05	3.188486E-22	4.935476E-13	5.353978E-16	2.134558E-14	4.752042E-13	2.098949E-16	2.733281E-14	2.749572E-05	5.503795E-16	1.283281E-13	3.955218E-18	1.023717E-15	9.749839E-14	6.904160E-08	9.999946E-02	2.180001E-12	3.259235E-11	2.147084E-10	2.999979E-04	2.853256E-04	9.994019E-01	1.279645E-04	1.000000E+00	
0.000000E+00	8.938827E-16	5.360011E-07	0.000000E+00	2.536571E-14	2.587626E-23	8.861743E-13	6.552036E-24	1.705904E-09	1.054824E-10	0.000000E+00	9.993092E-05	3.324959E-22	5.069513E-13	5.576940E-16	2.135458E-14	4.813027E-13	2.157934E-16	2.770721E-14	2.748502E-05	5.659812E-16	1.297844E-13	4.067144E-18	1.038260E-15	9.886901E-14	6.904170E-08	9.999946E-02	2.180015E-12	3.260713E-11	2.148002E-10	2.999979E-04	2.893271E-04	9.993939E-01	1.279538E-04	1.000000E+00	
0.000000E+00	9.203953E-16	5.359940E-07	0.000000E+00	2.570482E-14	2.714314E-23	8.866387E-13	6.873172E-24	1.705055E-09	1.070352E-10	0.000000E+00	9.993092E-05	3.487506E-22	5.226546E-13	5.842133E-16	2.136511E-14	4.883402E-13	2.227135E-16	2.815223E-14	2.747266E-05	5.842887E-16	1.314679E-13	4.198468E-18	1.055113E-15	1.004534E-13	6.904143E-08	9.999946E-02	2.180032E-12	3.262439E-11	2.149075E-10	2.999979E-04	2.939523E-04	9.993846E-01	1.279414E-04	1.000000E+00	
0.000000E+00	9.516536E-16	5.359856E-07	0.000000E+00	2.609842E-14	2.866489E-23	8.871845E-13	7.258945E-24	1.704071E-09	1.088337E-10	0.000000E+00	9.993092E-05	3.682734E-22	5.411630E-13	6.160134E-16	2.137751E-14	4.964930E-13	2.308828E-16	2.868549E-14	2.745834E-05	6.059061E-16	1.334223E-13	4.353520E-18	1.074730E-15	1.022925E-13	6.904068E-08	9.999946E-02	2.180051E-12	3.264466E-11	2.150338E-10	2.999979E-04	2.993208E-04	9.993739E-01	1.279271E-04	1.000000E+00	
0.000000E+00	9.887699E-16	5.359759E-07	0.000000E+00	2.655750E-14	3.051072E-23	8.878303E-13	7.726914E-24	1.702927E-09	1.109263E-10	0.000000E+00	9.993093E-05	3.919507E-22	5.631310E-13	6.545092E-16	2.139221E-14	5.059807E-13	2.405973E-16	2.933054E-14	2.744166E-05	6.316192E-16	1.357022E-13	4.537924E-18	1.097690E-15	1.044378E-13	6.903932E-08	9.999946E-02	2.180073E-12	3.266864E-11	2.151835E-10	2.999979E-04	3.055823E-04	9.993614E-01	1.279104E-04	1.000000E+00	
0.000000E+00	1.033209E-15	5.359644E-07	0.000000E+00	2.709596E-14	3.277519E-23	8.886003E-13	8.301081E-24	1.701589E-09	1.133735E-10	0.000000E+00	9.993093E-05	4.209939E-22	5.894187E-13	7.016274E-16	2.140976E-14	5.170801E-13	2.522474E-16	3.011937E-14	2.742212E-05	6.624649E-16	1.383770E-13	4.759106E-18	1.124731E-15	1.069543E-13	6.903717E-08	9.999946E-02	2.180100E-12	3.269721E-11	2.153623E-10	2.999979E-04	3.129266E-04	9.993467E-01	1.278908E-04	1.000000E+00	
0.000000E+00	1.086936E-15	5.359507E-07	0.000000E+00	2.773174E-14	3.559064E-23	8.895271E-13	9.015035E-24	1.700016E-09	1.162533E-10	0.000000E+00	9.993093E-05	4.570973E-22	6.211782E-13	7.600521E-16	2.143093E-14	5.301456E-13	2.663586E-16	3.109654E-14	2.739911E-05	6.998398E-16	1.415363E-13	5.027061E-18	1.156816E-15	1.099260E-13	6.903399E-08	9.999946E-02	2.180131E-12	3.273160E-11	2.155781E-10	2.999979E-04	3.215983E-04	9.993294E-01	1.278678E-04	1.000000E+00	
0.000000E+00	1.152647E-15	5.359344E-07	0.000000E+00	2.848832E-14	3.914671E-23	8.906549E-13	9.916930E-24	1.698151E-09	1.196665E-10	0.000000E+00	9.993094E-05	5.026883E-22	6.599834E-13	8.336118E-16	2.145675E-14	5.456373E-13	2.836526E-16	3.232552E-14	2.737178E-05	7.456633E-16	1.452973E-13	5.355519E-18	1.195222E-15	1.134630E-13	6.902945E-08	9.999946E-02	2.180168E-12	3.277341E-11	2.158411E-10	2.999979E-04	3.319177E-04	9.993088E-01	1.278405E-04	1.000000E+00	
0.000000E+00	1.234127E-15	5.359147E-07	0.000000E+00	2.939709E-14	4.372348E-23	8.920456E-13	1.107789E-23	1.695922E-09	1.237465E-10	0.000000E+00	9.993094E-05	5.613504E-22	7.080378E-13	9.279288E-16	2.148865E-14	5.641647E-13	3.051462E-16	3.389940E-14	2.733905E-05	8.026413E-16	1.498170E-13	5.763833E-18	1.241687E-15	1.177121E-13	6.902312E-08	9.999946E-02	2.180213E-12	3.282495E-11	2.161663E-10	2.999979E-04	3.443128E-04	9.992840E-01	1.278077E-04	1.000000E+00	
0.000000E+00	1.336847E-15	5.358906E-07	0.000000E+00	3.050097E-14	4.974868E-23	8.937878E-13	1.260659E-23	1.693231E-09	1.286738E-10	0.000000E+00	9.993095E-05	6.385539E-22	7.685123E-13	1.051535E-15	2.152871E-14	5.865528E-13	3.323131E-16	3.595928E-14	2.729942E-05	8.746986E-16	1.553103E-13	6.280055E-18	1.298631E-15	1.228747E-13	6.901436E-08	9.999946E-02	2.180267E-12	3.288947E-11	2.165747E-10	2.999979E-04	3.593693E-04	9.992540E-01	1.277681E-04	1.000000E+00	
0.000000E+00	1.468987E-15	5.358607E-07	0.000000E+00	3.186025E-14	5.790206E-23	8.960130E-13	1.467577E-23	1.689938E-09	1.346981E-10	0.000000E+00	9.993096E-05	7.429873E-22	8.461179E-13	1.217886E-15	2.158002E-14	6.139453E-13	3.673614E-16	3.872737E-14	2.725082E-05	9.677218E-16	1.620797E-13	6.946236E-18	1.369536E-15	1.292335E-13	6.900230E-08	9.999946E-02	2.180334E-12	3.297184E-11	2.170978E-10	2.999979E-04	3.779095E-04	9.992169E-01	1.277195E-04	1.000000E+00	
0.000000E+00	1.643269E-15	5.358229E-07	0.000000E+00	3.356243E-14	6.931702E-23	8.989240E-13	1.757358E-23	1.685847E-09	1.421760E-10	0.000000E+00	9.993098E-05	8.891279E-22	9.481309E-13	1.449216E-15	2.164731E-14	6.479778E-13	4.137367E-16	4.257029E-14	2.719024E-05	1.090905E-15	1.705648E-13	7.828008E-18	1.459600E-15	1.371992E-13	6.898561E-08	9.999946E-02	2.180418E-12	3.307952E-11	2.177840E-10	2.999979E-04	4.011271E-04	9.991706E-01	1.276589E-04	1.000000E+00	
0.000000E+00	1.880473E-15	5.357741E-07	0.000000E+00	3.573956E-14	8.599646E-23	9.028486E-13	2.180953E-23	1.680663E-09	1.516345E-10	0.000000E+00	9.993100E-05	1.102540E-21	1.086322E-12	1.784390E-15	2.173829E-14	6.910728E-13	4.770821E-16	4.812782E-14	2.711321E-05	1.259326E-15	1.814307E-13	9.032909E-18	1.576962E-15	1.473919E-13	6.896228E-08	9.999946E-02	2.180526E-12	3.322461E-11	2.187120E-10	2.999979E-04	4.308235E-04	9.991112E-01	1.275818E-04	1.000000E+00	
0.000000E+00	2.216648E-15	5.357092E-07	0.000000E+00	3.860076E-14	1.117461E-22	9.083485E-13	2.835236E-23	1.673927E-09	1.638865E-10	0.000000E+00	9.993103E-05	1.431746E-21	1.280855E-12	2.296248E-15	2.186615E-14	7.469792E-13	5.672156E-16	5.659683E-14	2.701271E-05	1.499255E-15	1.957338E-13	1.074810E-17	1.735116E-15	1.607946E-13	6.892911E-08	9.999946E-02	2.180667E-12	3.342782E-11	2.200164E-10	2.999979E-04	4.698521E-04	9.990333E-01	1.274813E-04	1.000000E+00	
0.000000E+00	2.719377E-15	5.356195E-07	0.000000E+00	4.249850E-14	1.545054E-22	9.164596E-13	3.922476E-23	1.664877E-09	1.802574E-10	0.000000E+00	9.993108E-05	1.977845E-21	1.568893E-12	3.134104E-15	2.205523E-14	8.218300E-13	7.025972E-16	7.042544E-14	2.687709E-05	1.860180E-15	2.152614E-13	1.332567E-17	1.958246E-15	1.790665E-13	6.888063E-08	9.999946E-02	2.180860E-12	3.372733E-11	2.219460E-10	2.999979E-04	5.230227E-04	9.989271E-01	1.273456E-04	1.000000E+00	
0.000000E+00	3.529024E-15	5.354891E-07	0.000000E+00	4.807720E-14	2.330257E-22	9.292881E-13	5.920939E-23	1.652149E-09	2.030628E-10	0.000000E+00	9.993116E-05	2.979186E-21	2.025788E-12	4.642402E-15	2.235509E-14	9.263933E-13	9.216727E-16	9.524654E-14	2.668541E-05	2.445406E-15	2.432979E-13	1.749925E-17	2.294396E-15	2.052454E-13	6.880696E-08	9.999946E-02	2.181137E-12	3.420081E-11	2.250071E-10	2.999979E-04	5.991308E-04	9.987751E-01	1.271539E-04	1.000000E+00	
0.000000E+00	4.982388E-15	5.352846E-07	0.000000E+00	5.665802E-14	4.000937E-22	9.517349E-13	1.017917E-22	1.633016E-09	2.367521E-10	0.000000E+00	9.993127E-05	5.105058E-21	2.826021E-12	7.758873E-15	2.288106E-14	1.081510E-12	1.316921E-15	1.463452E-13	2.639581E-05	3.504233E-15	2.866254E-13	2.503466E-17	2.854447E-15	2.455724E-13	6.868810E-08	9.999946E-02	2.181563E-12	3.502900E-11	2.303782E-10	2.999979E-04	7.162136E-04	9.985412E-01	1.268642E-04	1.000000E+00	
0.000000E+00	8.086092E-15	5.349229E-07	0.000000E+00	7.145996E-14	8.502962E-22	9.977587E-13	2.168065E-22	1.601069E-09	2.911188E-10	0.000000E+00	9.993148E-05	1.081304E-20	4.461903E-12	1.576400E-14	2.396167E-14	1.333570E-12	2.165236E-15	2.769517E-13	2.591005E-05	5.786622E-15	3.619548E-13	4.122308E-17	3.961546E-15	3.152982E-13	6.847707E-08	9.999947E-02	2.182297E-12	3.672701E-11	2.414174E-10	2.999978E-04	9.182403E-04	9.981376E-01	1.263784E-04	1.000000E+00	
0.000000E+00	1.457233E-14	5.343400E-07	0.000000E+00	9.493143E-14	2.114576E-21	1.087934E-12	5.409329E-22	1.552167E-09	3.682539E-10	0.000000E+00	9.993180E-05	2.675288E-20	7.630391E-12	3.657391E-14	2.608007E-14	1.695102E-12	3.944426E-15	6.143018E-13	2.517127E-05	1.060360E-14	4.830066E-13	7.521531E-17	6.149152E-15	4.262245E-13	6.815524E-08	9.999947E-02	2.183457E-12	4.005457E-11	2.630669E-10	2.999978E-04	1.238780E-03	9.974973E-01	1.256393E-04	1.000000E+00	
0.000000E+00	3.065049E-14	5.332765E-07	0.000000E+00	1.360802E-13	6.635883E-21	1.288400E-12	1.706490E-21	1.472437E-09	4.804817E-10	0.000000E+00	9.993232E-05	8.324716E-20	1.451965E-11	1.021323E-13	3.079069E-14	2.231052E-12	8.355623E-15	1.667507E-12	2.396647E-05	2.266005E-14	6.999551E-13	1.596128E-16	1.152875E-14	6.215526E-13	6.762475E-08	9.999947E-02	2.185486E-12	4.746617E-11	3.112188E-10	2.999977E-04	1.801263E-03	9.963735E-01	1.244340E-04	1.000000E+00	
0.000000E+00	7.605576E-14	5.312022E-07	0.000000E+00	2.114792E-13	2.668934E-20	1.757834E-12	6.920937E-21	1.344139E-09	6.273714E-10	0.000000E+00	9.993316E-05	3.302042E-19	2.993068E-11	3.362345E-13	4.181380E-14	2.957556E-12	2.073828E-14	5.378280E-12	2.202081E-05	5.699628E-14	1.113239E-12	3.969354E-16	2.746655E-14	9.812238E-13	6.676719E-08	9.999947E-02	2.189212E-12	6.489908E-11	4.239043E-10	2.999975E-04	2.833813E-03	9.943104E-01	1.224872E-04	1.000000E+00	
0.000000E+00	2.330041E-13	5.266249E-07	0.000000E+00	3.637116E-13	1.472787E-19	2.926948E-12	3.868767E-20	1.140134E-09	7.790652E-10	0.000000E+00	9.993449E-05	1.780952E-18	6.469209E-11	1.295033E-12	6.920774E-14	3.770647E-12	6.278363E-14	2.026386E-11	1.889381E-05	1.761296E-13	2.010100E-12	1.204308E-15	8.610580E-14	1.708264E-12	6.539608E-08	9.999947E-02	2.196870E-12	1.087174E-10	7.039448E-10	2.999972E-04	4.926799E-03	9.901275E-01	1.193569E-04	1.000000E+00	
0.000000E+00	8.496570E-13	5.161256E-07	0.000000E+00	6.785191E-13	1.046085E-18	5.609521E-12	2.793883E-19	8.649204E-10	8.331774E-10	0.000000E+00	9.993630E-05	1.223189E-17	1.288910E-10	5.046283E-12	1.318564E-13	4.208223E-12	2.215569E-13	7.674683E-11	1.454976E-05	6.389597E-13	4.125019E-12	4.256088E-15	3.098838E-13	3.186039E-12	6.347438E-08	9.999948E-02	2.213805E-12	2.110932E-10	1.344740E-09	2.999965E-04	9.294593E-03	9.813963E-01	1.150040E-04	1.000000E+00	
0.000000E+00	3.285126E-12	4.944115E-07	0.000000E+00	1.298099E-12	7.872109E-18	1.053819E-11	2.122813E-18	5.792076E-10	7.127217E-10	0.000000E+00	9.993793E-05	8.869482E-17	2.029210E-10	1.606637E-11	2.461467E-13	3.807640E-12	8.042104E-13	2.369802E-10	9.970311E-06	2.373478E-12	9.281529E-12	1.541845E-14	1.004057E-12	5.888157E-12	6.164419E-08	9.999951E-02	2.252275E-12	4.040136E-10	2.517693E-09	2.999953E-04	1.806419E-02	9.638617E-01	1.104042E-04	1.000000E+00	
0.000000E+00	1.155867E-11	4.579152E-07	0.000000E+00	2.366115E-12	4.891939E-17	1.734174E-11	1.304677E-17	3.625471E-10	5.135124E-10	0.000000E+00	9.993872E-05	5.344273E-16	2.423994E-10	3.706724E-11	4.021671E-13	2.933739E-12	2.575352E-12	5.329458E-10	6.422783E-06	7.629167E-12	2.101443E-11	4.892028E-14	2.532735E-12	9.845914E-12	6.055959E-08	9.999954E-02	2.335832E-12	6.776789E-10	4.134669E-09	2.999935E-04	3.375812E-02	9.324773E-01	1.068206E-04	1.000000E+00	
0.000000E+00	2.955656E-11	4.166936E-07	0.000000E+00	3.688955E-12	1.833653E-16	2.352497E-11	4.734023E-17	2.420519E-10	3.661318E-10	0.000000E+00	9.993862E-05	1.965065E-15	2.387504E-10	5.990110E-11	5.415487E-13	2.239354E-12	5.992264E-12	8.474083E-10	4.413254E-06	1.743238E-11	4.012105E-11	1.119642E-13	4.610872E-12	1.374427E-11	6.036762E-08	9.999958E-02	2.469121E-12	9.323503E-10	5.607195E-09	2.999916E-04	5.426242E-02	8.914707E-01	1.047695E-04	1.000000E+00	
0.000000E+00	5.162457E-11	3.858923E-07	0.000000E+00	4.788256E-12	3.948326E-16	2.729763E-11	9.838707E-17	1.861094E-10	2.894494E-10	0.000000E+00	9.993815E-05	4.188911E-15	2.228629E-10	7.525568E-11	6.247253E-13	1.867047E-12	9.828822E-12	1.055437E-09	3.466198E-06	2.791274E-11	5.972479E-11	1.805634E-13	6.380375E-12	1.636406E-11	6.063340E-08	9.999961E-02	2.605201E-12	1.091061E-09	6.509557E-09	2.999905E-04	7.224554E-02	8.555054E-01	1.037911E-04	1.000000E+00	
0.000000E+00	7.331919E-11	3.641872E-07	0.000000E+00	5.632929E-12	6.357915E-16	2.953558E-11	1.535302E-16	1.561156E-10	2.462764E-10	0.000000E+00	9.993761E-05	6.706057E-15	2.083224E-10	8.493577E-11	6.728351E-13	1.653394E-12	1.341607E-11	1.185121E-09	2.954114E-06	3.725077E-11	7.715957E-11	2.427971E-13	7.737583E-12	1.809145E-11	6.104380E-08	9.999964E-02	2.726208E-12	1.187041E-09	7.046854E-09	2.999898E-04	8.667439E-02	8.266483E-01	1.032568E-04	1.000000E+00	
0.000000E+00	9.317524E-11	3.483825E-07	0.000000E+00	6.287543E-12	8.778714E-16	3.093970E-11	2.064859E-16	1.377469E-10	2.191583E-10	0.000000E+00	9.993710E-05	9.221642E-15	1.967890E-10	9.135386E-11	7.024000E-13	1.518392E-12	1.660775E-11	1.270012E-09	2.633453E-06	4.524139E-11	9.214796E-11	2.967100E-13	8.792507E-12	1.929609E-11	6.146158E-08	9.999965E-02	2.830606E-12	1.248732E-09	7.386655E-09	2.999894E-04	9.823812E-02	8.035211E-01	1.029198E-04	1.000000E+00	
0.000000E+00	1.117151E-10	3.359482E-07	0.000000E+00	6.829392E-12	1.119514E-15	3.190340E-11	2.572602E-16	1.248627E-10	1.998311E-10	0.000000E+00	9.993660E-05	1.172457E-14	1.872606E-10	9.596436E-11	7.221604E-13	1.421068E-12	1.954327E-11	1.330453E-09	2.406664E-06	5.233624E-11	1.056032E-10	3.451485E-13	9.659081E-12	2.021760E-11	6.189992E-08	9.999966E-02	2.924478E-12	1.292042E-09	7.620899E-09	2.999891E-04	1.080704E-01	7.838568E-01	1.026800E-04	1.000000E+00	
0.000000E+00	1.298389E-10	3.253733E-07	0.000000E+00	7.310491E-12	1.368542E-15	3.261952E-11	3.076699E-16	1.148111E-10	1.845804E-10	0.000000E+00	9.993608E-05	1.429802E-14	1.789025E-10	9.954751E-11	7.363846E-13	1.343355E-12	2.239040E-11	1.377060E-09	2.228713E-06	5.899757E-11	1.183996E-10	3.911233E-13	1.042018E-11	2.098579E-11	6.235918E-08	9.999967E-02	3.013855E-12	1.325032E-09	7.795556E-09	2.999888E-04	1.170040E-01	7.659898E-01	1.024910E-04	1.000000E+00	
0.000000E+00	1.483014E-10	3.158319E-07	0.000000E+00	7.761320E-12	1.633823E-15	3.317887E-11	3.594744E-16	1.063723E-10	1.716627E-10	0.000000E+00	9.993555E-05	1.703342E-14	1.712121E-10	1.024992E-10	7.470914E-13	1.276888E-12	2.528013E-11	1.415086E-09	2.077896E-06	6.555541E-11	1.311566E-10	4.368078E-13	1.112671E-11	2.166813E-11	6.283670E-08	9.999968E-02	3.103105E-12	1.351627E-09	7.932755E-09	2.999887E-04	1.255541E-01	7.488897E-01	1.023301E-04	1.000000E+00	
0.000000E+00	1.676393E-10	3.068962E-07	0.000000E+00	8.198969E-12	1.923202E-15	3.362293E-11	4.139530E-16	9.894554E-11	1.602088E-10	0.000000E+00	9.993500E-05	2.001179E-14	1.638955E-10	1.049976E-10	7.551617E-13	1.217279E-12	2.830697E-11	1.446940E-09	1.944174E-06	7.221559E-11	1.442964E-10	4.836398E-13	1.180382E-11	2.229949E-11	6.333991E-08	9.999969E-02	3.195162E-12	1.373599E-09	8.042350E-09	2.999885E-04	1.340239E-01	7.319503E-01	1.021869E-04	1.000000E+00	
0.000000E+00	1.882389E-10	2.983380E-07	0.000000E+00	8.632932E-12	2.243428E-15	3.397075E-11	4.719821E-16	9.221996E-11	1.497685E-10	0.000000E+00	9.993443E-05	2.330199E-14	1.567991E-10	1.071295E-10	7.610045E-13	1.162277E-12	3.154179E-11	1.473776E-09	1.822134E-06	7.911123E-11	1.581090E-10	5.325746E-13	1.246516E-11	2.289859E-11	6.387336E-08	9.999970E-02	3.292069E-12	1.391797E-09	8.128953E-09	2.999884E-04	1.425914E-01	7.148154E-01	1.020557E-04	1.000000E+00	
0.000000E+00	2.103782E-10	2.900406E-07	0.000000E+00	9.068257E-12	2.600388E-15	3.423028E-11	5.341029E-16	8.602636E-11	1.400976E-10	0.000000E+00	9.993382E-05	2.696364E-14	1.498466E-10	1.089323E-10	7.647915E-13	1.110646E-12	3.504079E-11	1.496095E-09	1.708832E-06	8.632739E-11	1.728030E-10	5.842552E-13	1.311688E-11	2.347557E-11	6.444158E-08	9.999971E-02	3.395308E-12	1.406589E-09	8.194484E-09	2.999883E-04	1.513593E-01	6.972797E-01	1.019335E-04	1.000000E+00	
0.000000E+00	2.342549E-10	2.819504E-07	0.000000E+00	9.507281E-12	2.999262E-15	3.440415E-11	6.005727E-16	8.026903E-11	1.310603E-10	0.000000E+00	9.993317E-05	3.104892E-14	1.430072E-10	1.104184E-10	7.665831E-13	1.061687E-12	3.885126E-11	1.514066E-09	1.602609E-06	9.391708E-11	1.885343E-10	6.391145E-13	1.376048E-11	2.403588E-11	6.504907E-08	9.999972E-02	3.505992E-12	1.418107E-09	8.239551E-09	2.999883E-04	1.603823E-01	6.792338E-01	1.018186E-04	1.000000E+00	
0.000000E+00	2.600050E-10	2.740494E-07	0.000000E+00	9.950667E-12	3.444639E-15	3.449267E-11	6.714024E-16	7.489097E-11	1.225776E-10	0.000000E+00	9.993248E-05	3.560387E-14	1.362756E-10	1.115881E-10	7.663948E-13	1.014987E-12	4.301530E-11	1.527707E-09	1.502498E-06	1.019116E-10	2.054251E-10	6.974402E-13	1.439458E-11	2.458242E-11	6.570043E-08	9.999973E-02	3.624990E-12	1.426379E-09	8.264186E-09	2.999883E-04	1.696840E-01	6.606304E-01	1.017099E-04	1.000000E+00	
0.000000E+00	2.876367E-10	2.663718E-07	0.000000E+00	1.039764E-11	3.940595E-15	3.449555E-11	7.462298E-16	6.985505E-11	1.145981E-10	0.000000E+00	9.993172E-05	4.067677E-14	1.296449E-10	1.123964E-10	7.641161E-13	9.698756E-13	4.756959E-11	1.536707E-09	1.409385E-06	1.102903E-10	2.236013E-10	7.594147E-13	1.500436E-11	2.511600E-11	6.642076E-08	9.999973E-02	3.752887E-12	1.431177E-09	8.267050E-09	2.999883E-04	1.792580E-01	6.414827E-01	1.016084E-04	1.000000E+00	
0.000000E+00	3.173666E-10	2.588504E-07	0.000000E+00	1.084791E-11	4.490294E-15	3.441286E-11	8.249723E-16	6.514037E-11	1.070992E-10	0.000000E+00	9.993094E-05	4.628120E-14	1.231755E-10	1.129397E-10	7.600559E-13	9.272491E-13	5.255683E-11	1.541716E-09	1.319176E-06	1.191438E-10	2.430713E-10	8.251176E-13	1.561413E-11	2.563913E-11	6.716424E-08	9.999974E-02	3.890489E-12	1.433048E-09	8.251060E-09	2.999883E-04	1.891097E-01	6.217793E-01	1.015099E-04	1.000000E+00	
0.000000E+00	3.491252E-10	2.515378E-07	0.000000E+00	1.129957E-11	5.096428E-15	3.424476E-11	9.068688E-16	6.072600E-11	1.000522E-10	0.000000E+00	9.993011E-05	5.244986E-14	1.168651E-10	1.131702E-10	7.541120E-13	8.864912E-13	5.801121E-11	1.542409E-09	1.233367E-06	1.284334E-10	2.639239E-10	8.945618E-13	1.620746E-11	2.615133E-11	6.795765E-08	9.999975E-02	4.038117E-12	1.431760E-09	8.214890E-09	2.999883E-04	1.992061E-01	6.015865E-01	1.014159E-04	1.000000E+00	
0.000000E+00	3.826561E-10	2.445216E-07	0.000000E+00	1.175003E-11	5.761524E-15	3.399509E-11	9.907605E-16	5.659484E-11	9.343310E-11	0.000000E+00	9.992917E-05	5.923202E-14	1.107052E-10	1.130014E-10	7.461183E-13	8.466768E-13	6.396407E-11	1.538287E-09	1.154664E-06	1.380508E-10	2.862964E-10	9.677683E-13	1.675068E-11	2.665188E-11	6.885418E-08	9.999976E-02	4.195861E-12	1.433472E-09	8.156532E-09	2.999884E-04	2.094942E-01	5.810104E-01	1.013293E-04	1.000000E+00	
0.000000E+00	4.181176E-10	2.377331E-07	0.000000E+00	1.219827E-11	6.486139E-15	3.366523E-11	1.076123E-15	5.273537E-11	8.723100E-11	0.000000E+00	9.992816E-05	6.660738E-14	1.047529E-10	1.125465E-10	7.364539E-13	8.087929E-13	7.045718E-11	1.530146E-09	1.079232E-06	1.480879E-10	3.101293E-10	1.044586E-12	1.727313E-11	2.714244E-11	6.980222E-08	9.999976E-02	4.364206E-12	1.454148E-09	8.079606E-09	2.999885E-04	2.199566E-01	5.600858E-01	1.012461E-04	1.000000E+00	
0.000000E+00	4.553122E-10	2.312155E-07	0.000000E+00	1.264206E-11	7.270891E-15	3.326026E-11	1.161757E-15	4.913315E-11	8.142594E-11	0.000000E+00	9.992708E-05	7.459313E-14	9.901167E-11	1.117798E-10	7.251401E-13	7.724304E-13	7.752562E-11	1.517934E-09	1.008110E-06	1.584839E-10	3.354891E-10	1.124914E-12	1.775894E-11	2.762297E-11	7.082780E-08	9.999977E-02	4.543180E-12	1.471291E-09	7.984063E-09	2.999886E-04	2.305423E-01	5.389145E-01	1.011674E-04	1.000000E+00	
0.000000E+00	4.940879E-10	2.249807E-07	0.000000E+00	1.307954E-11	8.115423E-15	3.278583E-11	1.246524E-15	4.577480E-11	7.599991E-11	0.000000E+00	9.992591E-05	8.318970E-14	9.349382E-11	1.107135E-10	7.123108E-13	7.375175E-13	8.520703E-11	1.501868E-09	9.411901E-07	1.692090E-10	3.624034E-10	1.208606E-12	1.820345E-11	2.809394E-11	7.193978E-08	9.999978E-02	4.732794E-12	1.484765E-09	7.871050E-09	2.999887E-04	2.412052E-01	5.175887E-01	1.010931E-04	1.000000E+00	
0.000000E+00	5.341250E-10	2.190680E-07	0.000000E+00	1.350865E-11	9.019539E-15	3.225072E-11	1.329073E-15	4.264681E-11	7.093353E-11	0.000000E+00	9.992461E-05	9.242053E-14	8.819963E-11	1.093257E-10	6.980351E-13	7.036630E-13	9.353910E-11	1.482015E-09	8.794371E-07	1.801719E-10	3.909607E-10	1.295595E-12	1.858719E-11	2.855593E-11	7.317252E-08	9.999978E-02	4.932881E-12	1.494320E-09	7.741085E-09	2.999889E-04	2.518895E-01	4.962202E-01	1.010242E-04	1.000000E+00	
0.000000E+00	5.755915E-10	2.134020E-07	0.000000E+00	1.392868E-11	9.979211E-15	3.165688E-11	1.408702E-15	3.973657E-11	6.621079E-11	0.000000E+00	9.992326E-05	1.022035E-13	8.315794E-11	1.077343E-10	6.826977E-13	6.716569E-13	1.025653E-10	1.459222E-09	8.198882E-07	1.914893E-10	4.210099E-10	1.385469E-12	1.894697E-11	2.900964E-11	7.447395E-08	9.999979E-02	5.143457E-12	1.500424E-09	7.597990E-09	2.999891E-04	2.625729E-01	4.748534E-01	1.009577E-04	1.000000E+00	
0.000000E+00	6.179646E-10	2.080522E-07	0.000000E+00	1.433759E-11	1.099413E-14	3.101689E-11	1.483905E-15	3.703025E-11	6.181003E-11	0.000000E+00	9.992176E-05	1.125895E-13	7.835103E-11	1.058760E-10	6.662829E-13	6.407066E-13	1.123260E-10	1.433372E-09	7.648388E-07	2.029962E-10	4.527156E-10	1.478284E-12	1.924596E-11	2.945578E-11	7.591130E-08	9.999979E-02	5.364078E-12	1.502737E-09	7.441503E-09	2.999893E-04	2.731918E-01	4.536157E-01	1.008958E-04	1.000000E+00	
0.000000E+00	6.611372E-10	2.029934E-07	0.000000E+00	1.473453E-11	1.206077E-14	3.033730E-11	1.553786E-15	3.451508E-11	5.771292E-11	0.000000E+00	9.992014E-05	1.235415E-13	7.378493E-11	1.038026E-10	6.490281E-13	6.109984E-13	1.228672E-10	1.404977E-09	7.133408E-07	2.147031E-10	4.860422E-10	1.573817E-12	1.949444E-11	2.989508E-11	7.748036E-08	9.999980E-02	5.594425E-12	1.501519E-09	7.274025E-09	2.999895E-04	2.837121E-01	4.325750E-01	1.008377E-04	1.000000E+00	
0.000000E+00	7.048908E-10	1.982212E-07	0.000000E+00	1.511862E-11	1.317598E-14	2.962640E-11	1.617422E-15	3.217837E-11	5.390043E-11	0.000000E+00	9.991837E-05	1.350450E-13	6.945638E-11	1.015375E-10	6.311048E-13	5.824717E-13	1.342376E-10	1.374402E-09	6.652634E-07	2.265753E-10	5.210076E-10	1.671948E-12	1.969158E-11	3.032825E-11	7.919771E-08	9.999980E-02	5.834030E-12	1.496946E-09	7.097323E-09	2.999897E-04	2.940968E-01	4.118058E-01	1.007831E-04	1.000000E+00	
0.000000E+00	7.490126E-10	1.937282E-07	0.000000E+00	1.548921E-11	1.433638E-14	2.889232E-11	1.674024E-15	3.000782E-11	5.035390E-11	0.000000E+00	9.991643E-05	1.470869E-13	6.536021E-11	9.910537E-11	6.126799E-13	5.550738E-13	1.464897E-10	1.342016E-09	6.204498E-07	2.385809E-10	5.576329E-10	1.772590E-12	1.983760E-11	3.075603E-11	8.108184E-08	9.999981E-02	6.082340E-12	1.489243E-09	6.913160E-09	2.999899E-04	3.043128E-01	3.913738E-01	1.007319E-04	1.000000E+00	
0.000000E+00	7.932959E-10	1.895056E-07	0.000000E+00	1.584587E-11	1.553845E-14	2.814293E-11	1.722942E-15	2.799164E-11	4.705523E-11	0.000000E+00	9.991430E-05	1.596573E-13	6.148962E-11	9.653024E-11	5.939115E-13	5.287546E-13	1.596808E-10	1.308177E-09	5.787390E-07	2.506885E-10	5.959447E-10	1.875699E-12	1.993339E-11	3.117905E-11	8.315392E-08	9.999981E-02	6.338706E-12	1.478678E-09	6.723246E-09	2.999902E-04	3.143316E-01	3.713361E-01	1.006839E-04	1.000000E+00	
0.000000E+00	8.375440E-10	1.855431E-07	0.000000E+00	1.618835E-11	1.677873E-14	2.738574E-11	1.763672E-15	2.611853E-11	4.398694E-11	0.000000E+00	9.991196E-05	1.727522E-13	5.783640E-11	9.383533E-11	5.749461E-13	5.034649E-13	1.738743E-10	1.273230E-09	5.399681E-07	2.628683E-10	6.359793E-10	1.981284E-12	1.998039E-11	3.159792E-11	8.543848E-08	9.999981E-02	6.602393E-12	1.465968E-09	6.529201E-09	2.999904E-04	3.241293E-01	3.517409E-01	1.006389E-04	1.000000E+00	
0.000000E+00	8.815709E-10	1.818297E-07	0.000000E+00	1.651659E-11	1.805386E-14	2.662779E-11	1.795853E-15	2.437780E-11	4.113235E-11	0.000000E+00	9.990938E-05	1.863749E-13	5.439143E-11	9.104254E-11	5.559170E-13	4.791569E-13	1.891405E-10	1.237496E-09	5.039757E-07	2.750915E-10	6.777848E-10	2.089415E-12	1.998042E-11	3.201312E-11	8.796391E-08	9.999982E-02	6.872571E-12	1.451265E-09	6.332537E-09	2.999907E-04	3.336861E-01	3.326273E-01	1.005966E-04	1.000000E+00	
0.000000E+00	9.243142E-10	1.784518E-07	0.000000E+00	1.682993E-11	1.937384E-14	2.588789E-11	1.818830E-15	2.275937E-11	3.847420E-11	0.000000E+00	9.990641E-05	2.008453E-13	5.113005E-11	8.806421E-11	5.367639E-13	4.549725E-13	2.055811E-10	1.200825E-09	4.729786E-07	2.869927E-10	7.219533E-10	2.201462E-12	1.987100E-11	3.242807E-11	9.087381E-08	9.999982E-02	7.148570E-12	1.434324E-09	6.132797E-09	2.999910E-04	3.429593E-01	3.140810E-01	1.005593E-04	1.000000E+00	
0.000000E+00	9.672439E-10	1.752120E-07	0.000000E+00	1.713000E-11	2.071258E-14	2.514909E-11	1.833340E-15	2.125384E-11	3.600037E-11	0.000000E+00	9.990323E-05	2.156399E-13	4.807143E-11	8.512665E-11	5.179437E-13	4.324371E-13	2.232470E-10	1.164364E-09	4.421920E-07	2.991637E-10	7.676082E-10	2.315439E-12	1.977622E-11	3.283761E-11	9.400156E-08	9.999982E-02	7.428958E-12	1.416447E-09	5.934838E-09	2.999912E-04	3.519895E-01	2.960206E-01	1.005222E-04	1.000000E+00	
0.000000E+00	1.009170E-09	1.722155E-07	0.000000E+00	1.741621E-11	2.208288E-14	2.443129E-11	1.838872E-15	1.985228E-11	3.369498E-11	0.000000E+00	9.989965E-05	2.311550E-13	4.518694E-11	8.211713E-11	4.993291E-13	4.105295E-13	2.422663E-10	1.127812E-09	4.143412E-07	3.111804E-10	8.154736E-10	2.433083E-12	1.962201E-11	3.324540E-11	9.752348E-08	9.999983E-02	7.712899E-12	1.397712E-09	5.737535E-09	2.999915E-04	3.607364E-01	2.785267E-01	1.004878E-04	1.000000E+00	
0.000000E+00	1.050461E-09	1.694000E-07	0.000000E+00	1.768931E-11	2.347455E-14	2.373291E-11	1.835722E-15	1.854652E-11	3.154570E-11	0.000000E+00	9.989567E-05	2.472579E-13	4.247349E-11	7.910561E-11	4.810888E-13	3.896138E-13	2.627396E-10	1.091613E-09	3.881074E-07	3.232043E-10	8.653706E-10	2.554036E-12	1.944546E-11	3.364958E-11	1.014323E-07	9.999983E-02	7.998952E-12	1.379309E-09	5.542799E-09	2.999917E-04	3.692090E-01	2.615816E-01	1.004548E-04	1.000000E+00	
0.000000E+00	1.090758E-09	1.667792E-07	0.000000E+00	1.794956E-11	2.488947E-14	2.306159E-11	1.823966E-15	1.732897E-11	2.954003E-11	0.000000E+00	9.989122E-05	2.641038E-13	3.991756E-11	7.607943E-11	4.632475E-13	3.694574E-13	2.848073E-10	1.055852E-09	3.639111E-07	3.351176E-10	9.176010E-10	2.679129E-12	1.923303E-11	3.405079E-11	1.058201E-07	9.999983E-02	8.285824E-12	1.362026E-09	5.351060E-09	2.999920E-04	3.773985E-01	2.452027E-01	1.004236E-04	1.000000E+00	
0.000000E+00	1.129941E-09	1.643436E-07	0.000000E+00	1.819743E-11	2.632637E-14	2.242160E-11	1.803842E-15	1.619265E-11	2.766674E-11	0.000000E+00	9.988620E-05	2.817854E-13	3.750935E-11	7.304993E-11	4.458611E-13	3.500198E-13	3.086240E-10	1.020701E-09	3.416280E-07	3.468864E-10	9.723633E-10	2.808973E-12	1.898694E-11	3.444869E-11	1.107635E-07	9.999984E-02	8.571992E-12	1.346719E-09	5.163071E-09	2.999923E-04	3.853047E-01	2.293903E-01	1.003939E-04	1.000000E+00	
0.000000E+00	1.167893E-09	1.620847E-07	0.000000E+00	1.843342E-11	2.778435E-14	2.181696E-11	1.775635E-15	1.513113E-11	2.591548E-11	0.000000E+00	9.988052E-05	3.004199E-13	3.523945E-11	7.002683E-11	4.289762E-13	3.312618E-13	3.343694E-10	9.863056E-10	3.211442E-07	3.584734E-10	1.029899E-09	2.944315E-12	1.870922E-11	3.484271E-11	1.163544E-07	9.999984E-02	8.855770E-12	1.334210E-09	4.979478E-09	2.999925E-04	3.929294E-01	2.141409E-01	1.003655E-04	1.000000E+00	
0.000000E+00	1.204498E-09	1.599955E-07	0.000000E+00	1.865803E-11	2.926290E-14	2.125160E-11	1.739677E-15	1.413861E-11	2.427683E-11	0.000000E+00	9.987408E-05	3.201530E-13	3.309902E-11	6.701844E-11	4.126314E-13	3.131463E-13	3.622520E-10	9.527977E-10	3.023599E-07	3.698353E-10	1.090498E-09	3.086048E-12	1.840160E-11	3.523210E-11	1.227041E-07	9.999984E-02	9.135279E-12	1.325319E-09	4.800843E-09	2.999927E-04	4.002752E-01	1.994492E-01	1.003382E-04	1.000000E+00	
0.000000E+00	1.239641E-09	1.580698E-07	0.000000E+00	1.887177E-11	3.076185E-14	2.072937E-11	1.696329E-15	1.320975E-11	2.274216E-11	0.000000E+00	9.986674E-05	3.411640E-13	3.107972E-11	6.403195E-11	3.968591E-13	2.956386E-13	3.925163E-10	9.202921E-10	2.851841E-07	3.809236E-10	1.154507E-09	3.235239E-12	1.806563E-11	3.561587E-11	1.299476E-07	9.999984E-02	9.408431E-12	1.320882E-09	4.627653E-09	2.999929E-04	4.073459E-01	1.853078E-01	1.003118E-04	1.000000E+00	
0.000000E+00	1.273201E-09	1.563032E-07	0.000000E+00	1.907511E-11	3.228137E-14	2.025428E-11	1.645985E-15	1.233976E-11	2.130364E-11	0.000000E+00	9.985832E-05	3.636731E-13	2.917378E-11	6.107345E-11	3.816860E-13	2.787062E-13	4.254493E-10	8.888917E-10	2.695414E-07	3.916815E-10	1.222339E-09	3.393163E-12	1.770249E-11	3.599281E-11	1.382503E-07	9.999984E-02	9.672901E-12	1.321799E-09	4.460336E-09	2.999931E-04	4.141456E-01	1.717086E-01	1.002860E-04	1.000000E+00	
0.000000E+00	1.305050E-09	1.546925E-07	0.000000E+00	1.926851E-11	3.382187E-14	1.983058E-11	1.589070E-15	1.152431E-11	1.995424E-11	0.000000E+00	9.984863E-05	3.879479E-13	2.737409E-11	5.814849E-11	3.671361E-13	2.623210E-13	4.613887E-10	8.586918E-10	2.553666E-07	4.020443E-10	1.294485E-09	3.561328E-12	1.731329E-11	3.636139E-11	1.478155E-07	9.999985E-02	9.926092E-12	1.329071E-09	4.299280E-09	2.999933E-04	4.206783E-01	1.586431E-01	1.002606E-04	1.000000E+00	
0.000000E+00	1.335036E-09	1.532374E-07	0.000000E+00	1.945239E-11	3.538433E-14	1.946312E-11	1.526036E-15	1.075955E-11	1.868762E-11	0.000000E+00	9.983741E-05	4.143246E-13	2.567408E-11	5.526111E-11	3.532293E-13	2.464521E-13	5.007341E-10	8.297791E-10	2.426287E-07	4.119302E-10	1.371536E-09	3.741564E-12	1.689811E-11	3.671989E-11	1.588975E-07	9.999985E-02	1.016512E-11	1.343855E-09	4.144836E-09	2.999935E-04	4.269477E-01	1.461044E-01	1.002352E-04	1.000000E+00	
0.000000E+00	1.363013E-09	1.519379E-07	0.000000E+00	1.962715E-11	3.696946E-14	1.915725E-11	1.457378E-15	1.004205E-11	1.749814E-11	0.000000E+00	9.982433E-05	4.432025E-13	2.406792E-11	5.241626E-11	3.399870E-13	2.310807E-13	5.439576E-10	8.022437E-10	2.312906E-07	4.212531E-10	1.454176E-09	3.936006E-12	1.645780E-11	3.706618E-11	1.718114E-07	9.999985E-02	1.038676E-11	1.367548E-09	3.997359E-09	2.999937E-04	4.329570E-01	1.340859E-01	1.002095E-04	1.000000E+00	
0.000000E+00	1.388806E-09	1.507974E-07	0.000000E+00	1.979312E-11	3.857840E-14	1.891934E-11	1.383632E-15	9.368760E-12	1.638082E-11	0.000000E+00	9.980901E-05	4.750805E-13	2.255033E-11	4.961796E-11	3.274295E-13	2.161871E-13	5.916209E-10	7.761746E-10	2.213504E-07	4.299082E-10	1.543222E-09	4.147242E-12	1.599249E-11	3.739783E-11	1.869564E-07	9.999985E-02	1.058746E-11	1.401874E-09	3.857201E-09	2.999938E-04	4.387083E-01	1.225832E-01	1.001832E-04	1.000000E+00	
0.000000E+00	1.412215E-09	1.498220E-07	0.000000E+00	1.995060E-11	4.021255E-14	1.875707E-11	1.305388E-15	8.737022E-12	1.533121E-11	0.000000E+00	9.979092E-05	5.105801E-13	2.111656E-11	4.686991E-11	3.155781E-13	2.017540E-13	6.443953E-10	7.516646E-10	2.128373E-07	4.377732E-10	1.639650E-09	4.378405E-12	1.550192E-11	3.771214E-11	2.048405E-07	9.999985E-02	1.076330E-11	1.449013E-09	3.724723E-09	2.999939E-04	4.442028E-01	1.115942E-01	1.001556E-04	1.000000E+00	
0.000000E+00	1.433024E-09	1.490205E-07	0.000000E+00	2.009985E-11	4.187329E-14	1.867967E-11	1.223302E-15	8.144503E-12	1.434545E-11	0.000000E+00	9.976941E-05	5.504710E-13	1.976246E-11	4.417615E-11	3.044569E-13	1.877703E-13	7.030819E-10	7.288162E-10	2.058089E-07	4.447107E-10	1.744606E-09	4.633270E-12	1.498597E-11	3.800602E-11	2.261147E-07	9.999985E-02	1.091000E-11	1.511787E-09	3.600320E-09	2.999940E-04	4.494402E-01	1.011195E-01	1.001263E-04	1.000000E+00	
0.000000E+00	1.450985E-09	1.484063E-07	0.000000E+00	2.024108E-11	4.356242E-14	1.869855E-11	1.138103E-15	7.589125E-12	1.342005E-11	0.000000E+00	9.974363E-05	5.957294E-13	1.848422E-11	4.154019E-11	2.940912E-13	1.742249E-13	7.686470E-10	7.077387E-10	2.003749E-07	4.505624E-10	1.859471E-09	4.916489E-12	1.444409E-11	3.827609E-11	2.516243E-07	9.999985E-02	1.102296E-11	1.593908E-09	3.484411E-09	2.999941E-04	4.544189E-01	9.116202E-02	1.000945E-04	1.000000E+00	
0.000000E+00	1.465825E-09	1.479972E-07	0.000000E+00	2.037445E-11	4.528198E-14	1.882775E-11	1.050605E-15	7.069046E-12	1.255191E-11	0.000000E+00	9.971247E-05	6.475942E-13	1.727837E-11	3.896549E-11	2.845090E-13	1.611101E-13	8.422546E-10	6.885534E-10	1.967073E-07	4.551515E-10	1.985888E-09	5.233785E-12	1.387569E-11	3.851869E-11	2.824754E-07	9.999985E-02	1.109728E-11	1.700333E-09	3.377448E-09	2.999941E-04	4.591359E-01	8.172789E-02	1.000593E-04	1.000000E+00	
0.000000E+00	1.477248E-09	1.478172E-07	0.000000E+00	2.050012E-11	4.703454E-14	1.908460E-11	9.617061E-16	6.582523E-12	1.173804E-11	0.000000E+00	9.967445E-05	7.076610E-13	1.614154E-11	3.645488E-11	2.757377E-13	1.484180E-13	9.253207E-10	6.713885E-10	1.950681E-07	4.582827E-10	2.125837E-09	5.592307E-12	1.328003E-11	3.872994E-11	3.201338E-07	9.999985E-02	1.112787E-11	1.837650E-09	3.279892E-09	2.999941E-04	4.635873E-01	7.282516E-02	1.000194E-04	1.000000E+00	
0.000000E+00	1.485568E-09	1.478530E-07	0.000000E+00	2.061827E-11	4.880446E-14	1.948760E-11	8.723628E-16	6.128274E-12	1.097665E-11	0.000000E+00	9.962771E-05	7.773751E-13	1.507327E-11	3.403193E-11	2.678583E-13	1.362699E-13	1.019515E-09	6.565178E-10	1.952813E-07	4.600056E-10	2.281140E-09	5.998883E-12	1.267735E-11	3.890331E-11	3.664473E-07	9.999985E-02	1.110925E-11	2.014802E-09	3.192796E-09	2.999940E-04	4.677737E-01	6.445241E-02	9.997294E-05	1.000000E+00	
0.000000E+00	1.477810E-09	1.490867E-07	0.000000E+00	2.072834E-11	5.098021E-14	2.010544E-11	7.844913E-16	5.693586E-12	1.023858E-11	0.000000E+00	9.956710E-05	8.731174E-13	1.400581E-11	3.127895E-11	2.596690E-13	1.222088E-13	1.127966E-09	6.409890E-10	2.101257E-07	4.548836E-10	2.466318E-09	6.510887E-12	1.166559E-11	3.908372E-11	4.265454E-07	9.999985E-02	1.104229E-11	2.235159E-09	3.103244E-09	2.999939E-04	4.715745E-01	5.685068E-02	9.992839E-05	1.000000E+00	
0.000000E+00	1.476482E-09	1.498915E-07	0.000000E+00	2.082900E-11	5.281456E-14	2.091095E-11	7.002432E-16	5.305388E-12	9.583143E-12	0.000000E+00	9.949338E-05	9.735008E-13	1.307373E-11	2.902325E-11	2.537475E-13	1.110363E-13	1.248386E-09	6.313582E-10	2.190371E-07	4.520271E-10	2.661306E-09	7.055749E-12	1.100857E-11	3.915954E-11	4.996677E-07	9.999985E-02	1.090192E-11	2.519394E-09	3.039795E-09	2.999937E-04	4.750893E-01	4.982108E-02	9.986438E-05	1.000000E+00	
0.000000E+00	1.470971E-09	1.510963E-07	0.000000E+00	2.092300E-11	5.468719E-14	2.195298E-11	6.188670E-16	4.939823E-12	8.963726E-12	0.000000E+00	9.939943E-05	1.094934E-12	1.218806E-11	2.682785E-11	2.486000E-13	1.002423E-13	1.387118E-09	6.240518E-10	2.331189E-07	4.470566E-10	2.882474E-09	7.694060E-12	1.033109E-11	3.918581E-11	5.928955E-07	9.999985E-02	1.069954E-11	2.888287E-09	2.986065E-09	2.999934E-04	4.783331E-01	4.333362E-02	9.978570E-05	1.000000E+00	
0.000000E+00	1.460527E-09	1.528458E-07	0.000000E+00	2.101202E-11	5.665588E-14	2.324245E-11	5.403336E-16	4.585955E-12	8.361671E-12	0.000000E+00	9.927780E-05	1.245609E-12	1.132246E-11	2.463326E-11	2.437545E-13	8.956678E-14	1.550028E-09	6.180356E-10	2.552367E-07	4.396248E-10	3.137264E-09	8.456993E-12	9.603119E-12	3.916994E-11	7.136207E-07	9.999985E-02	1.043655E-11	3.380917E-09	2.936775E-09	2.999930E-04	4.813471E-01	3.730551E-02	9.968791E-05	1.000000E+00	
0.000000E+00	1.447273E-09	1.550382E-07	0.000000E+00	2.109596E-11	5.864895E-14	2.481330E-11	4.657997E-16	4.242926E-12	7.776943E-12	0.000000E+00	9.911882E-05	1.430763E-12	1.048191E-11	2.250064E-11	2.393060E-13	7.937854E-14	1.742500E-09	6.137194E-10	2.851954E-07	4.305563E-10	3.429666E-09	9.365482E-12	8.887465E-12	3.909787E-11	8.714517E-07	9.999984E-02	1.010865E-11	4.052761E-09	2.893133E-09	2.999923E-04	4.841338E-01	3.173205E-02	9.956106E-05	1.000000E+00	
0.000000E+00	1.432547E-09	1.576197E-07	0.000000E+00	2.117461E-11	6.061952E-14	2.671516E-11	3.965193E-16	3.909243E-12	7.207916E-12	0.000000E+00	9.890821E-05	1.658513E-12	9.667085E-12	2.045781E-11	2.352489E-13	6.984298E-14	1.971525E-09	6.113102E-10	3.235616E-07	4.203488E-10	3.765537E-09	1.045068E-11	8.213792E-12	3.895825E-11	1.080575E-06	9.999984E-02	9.713210E-12	4.988118E-09	2.855330E-09	2.999914E-04	4.866866E-01	2.662652E-02	9.939136E-05	1.000000E+00	
0.000000E+00	1.407569E-09	1.617350E-07	0.000000E+00	2.124945E-11	6.288397E-14	2.870842E-11	3.351940E-16	3.541555E-12	6.577700E-12	0.000000E+00	9.862036E-05	1.964865E-12	8.760980E-12	1.814564E-11	2.284705E-13	5.942767E-14	2.245932E-09	6.028066E-10	3.948547E-07	4.052737E-10	4.165035E-09	1.182541E-11	7.333603E-12	3.877595E-11	1.366489E-06	9.999984E-02	9.253564E-12	6.268822E-09	2.787008E-09	2.999902E-04	4.889342E-01	2.213124E-02	9.917887E-05	1.000000E+00	
0.000000E+00	1.381240E-09	1.666875E-07	0.000000E+00	2.132014E-11	6.516000E-14	3.067731E-11	2.825723E-16	3.141665E-12	5.894677E-12	0.000000E+00	9.822493E-05	2.356791E-12	7.793260E-12	1.578082E-11	2.190355E-13	4.938102E-14	2.576809E-09	5.883682E-10	4.924871E-07	3.889797E-10	4.629659E-09	1.351568E-11	6.455862E-12	3.850909E-11	1.759325E-06	9.999983E-02	8.728044E-12	8.080740E-09	2.688182E-09	2.999885E-04	4.909315E-01	1.813641E-02	9.888598E-05	1.000000E+00	
0.000000E+00	1.355049E-09	1.725138E-07	0.000000E+00	2.138694E-11	6.744314E-14	3.228390E-11	2.403661E-16	2.693931E-12	5.133868E-12	0.000000E+00	9.767205E-05	2.863595E-12	6.735562E-12	1.333402E-11	2.052165E-13	3.973168E-14	2.978687E-09	5.631722E-10	6.196125E-07	3.719568E-10	5.171372E-09	1.561336E-11	5.575303E-12	3.814179E-11	2.308672E-06	9.999983E-02	8.140620E-12	1.068486E-08	2.537631E-09	2.999861E-04	4.926791E-01	1.464124E-02	9.846601E-05	1.000000E+00	
0.000000E+00	1.321503E-09	1.809624E-07	0.000000E+00	2.145426E-11	7.012162E-14	3.164913E-11	2.129996E-16	2.093500E-12	4.117532E-12	0.000000E+00	9.687659E-05	3.571210E-12	5.350085E-12	1.029265E-11	1.777384E-13	2.892941E-14	3.468497E-09	5.003798E-10	8.137337E-07	3.509557E-10	5.819503E-09	1.835592E-11	4.430457E-12	3.768309E-11	3.099493E-06	9.999982E-02	7.502238E-12	1.420666E-08	2.220095E-09	2.999830E-04	4.941401E-01	1.171902E-02	9.787305E-05	1.000000E+00	
0.000000E+00	1.292902E-09	1.907941E-07	0.000000E+00	2.152029E-11	7.300140E-14	2.880505E-11	1.995816E-16	1.444957E-12	3.025585E-12	0.000000E+00	9.572347E-05	4.524002E-12	3.894788E-12	7.306180E-12	1.418963E-13	1.933080E-14	4.069445E-09	4.121795E-10	1.007087E-06	3.306050E-10	6.576684E-09	2.186319E-11	3.344091E-12	3.707260E-11	4.246114E-06	9.999981E-02	6.818096E-12	1.936669E-08	1.795931E-09	2.999783E-04	4.953739E-01	9.251114E-03	9.692306E-05	1.000000E+00	
0.000000E+00	1.275104E-09	2.014337E-07	0.000000E+00	2.158391E-11	7.627811E-14	2.514277E-11	1.981446E-16	8.902966E-13	2.095756E-12	0.000000E+00	9.402936E-05	5.820102E-12	2.677075E-12	4.937725E-12	1.074688E-13	1.229717E-14	4.808537E-09	3.248363E-10	1.134969E-06	3.124279E-10	7.453579E-09	2.638850E-11	2.497693E-12	3.626304E-11	5.929979E-06	9.999980E-02	6.097892E-12	2.800552E-08	1.384963E-09	2.999702E-04	4.963954E-01	7.207952E-03	9.536743E-05	1.000000E+00	
0.000000E+00	1.262157E-09	2.159852E-07	0.000000E+00	2.165460E-11	8.096133E-14	2.027140E-11	2.093606E-16	4.302745E-13	1.325693E-12	0.000000E+00	9.148935E-05	7.752632E-12	1.679758E-12	3.056949E-12	7.458152E-14	7.074688E-15	5.707922E-09	2.372324E-10	1.182843E-06	2.927889E-10	8.484034E-09	3.261525E-11	1.777241E-12	3.521813E-11	8.452783E-06	9.999978E-02	5.357951E-12	4.329509E-08	9.870204E-10	2.999554E-04	4.971849E-01	5.628993E-03	9.288981E-05	1.000000E+00	
0.000000E+00	1.265409E-09	2.339589E-07	0.000000E+00	2.173261E-11	8.773352E-14	1.798414E-11	2.308856E-16	1.794541E-13	9.105524E-13	0.000000E+00	8.767508E-05	1.067976E-11	1.146626E-12	2.085413E-12	5.621894E-14	4.430393E-15	6.782770E-09	1.918203E-10	1.128703E-06	2.739868E-10	9.654739E-09	4.127075E-11	1.365465E-12	3.381201E-11	1.223348E-05	9.999977E-02	4.607589E-12	7.464204E-08	7.755490E-10	2.999243E-04	4.977830E-01	4.432908E-03	8.903935E-05	1.000000E+00	
0.000000E+00	1.288296E-09	2.590375E-07	0.000000E+00	2.183089E-11	9.874349E-14	1.902102E-11	2.654618E-16	7.462808E-14	7.467687E-13	0.000000E+00	8.197522E-05	1.549527E-11	9.359838E-13	1.726755E-12	5.024585E-14	3.273319E-15	8.009492E-09	1.893631E-10	9.958439E-07	2.538786E-10	1.094580E-08	5.404515E-11	1.141828E-12	3.190030E-11	1.786364E-05	9.999974E-02	3.861476E-12	1.418241E-07	7.415367E-10	2.998572E-04	4.982035E-01	3.591998E-03	8.323170E-05	1.000000E+00	
0.000000E+00	1.353566E-09	2.885330E-07	0.000000E+00	2.194289E-11	1.170041E-13	2.418303E-11	3.258417E-16	5.102043E-14	7.377250E-13	0.000000E+00	7.374569E-05	2.368290E-11	9.256169E-13	1.788023E-12	5.356795E-14	2.955345E-15	9.304745E-09	2.321640E-10	8.383369E-07	2.349112E-10	1.223064E-08	7.334089E-11	1.058769E-12	2.926455E-11	2.594336E-05	9.999971E-02	3.133508E-12	2.890510E-07	8.792004E-10	2.997098E-04	4.984939E-01	3.011413E-03	7.487420E-05	1.000000E+00	
0.000000E+00	1.357215E-09	3.810259E-07	0.000000E+00	2.225214E-11	1.682751E-13	1.555665E-11	2.924217E-16	4.740361E-14	7.296155E-13	0.000000E+00	6.182112E-05	4.832263E-11	8.866376E-13	1.695549E-12	5.489366E-14	1.667612E-15	1.009667E-08	2.865715E-10	3.561641E-07	1.814112E-10	1.377627E-08	1.227623E-10	6.276770E-13	2.581490E-11	3.761071E-05	9.999962E-02	2.440035E-12	5.439107E-07	1.090761E-09	2.994547E-04	4.984206E-01	3.158449E-03	6.255991E-05	1.000000E+00	
0.000000E+00	1.211234E-09	2.569180E-07	0.000000E+00	2.177203E-11	3.439454E-13	3.723091E-14	2.124935E-16	9.333505E-13	2.094995E-12	0.000000E+00	4.427225E-05	1.585100E-10	2.295926E-12	4.005933E-12	1.406728E-13	2.029122E-15	8.330769E-09	1.005927E-09	1.117765E-09	9.707737E-11	1.504569E-08	3.170886E-10	3.599164E-13	2.012951E-11	5.546039E-05	9.999974E-02	1.723450E-12	2.433937E-07	4.054488E-09	2.997515E-04	4.974444E-01	5.111135E-03	4.453164E-05	1.000000E+00	
0.000000E+00	1.679532E-09	2.562022E-07	0.000000E+00	2.181334E-11	5.330874E-13	8.562638E-14	3.810228E-16	9.243909E-13	2.317716E-12	0.000000E+00	3.164586E-05	2.690465E-10	2.781302E-12	6.779317E-12	1.685080E-13	3.150079E-15	8.742078E-09	1.696532E-09	1.103696E-09	1.077506E-10	1.486669E-08	4.939270E-10	5.898244E-13	1.602425E-11	6.804783E-05	9.999974E-02	1.320788E-12	2.818187E-07	6.632579E-09	2.997098E-04	4.978745E-01	4.250940E-03	3.190500E-05	1.000000E+00	
0.000000E+00	2.546580E-09	2.656090E-07	0.000000E+00	2.188221E-11	9.142882E-13	2.376137E-13	8.432785E-16	9.423367E-13	2.773342E-12	0.000000E+00	2.048693E-05	4.828045E-10	3.632287E-12	1.361762E-11	2.097562E-13	5.826948E-15	8.408476E-09	3.239048E-09	1.122421E-09	1.202471E-10	1.388126E-08	8.100964E-10	1.100265E-12	1.167145E-11	7.919644E-05	9.999973E-02	1.192119E-12	2.929110E-07	1.247565E-08	2.996914E-04	4.981754E-01	3.649044E-03	2.075639E-05	1.000000E+00	
0.000000E+00	4.081174E-09	2.692002E-07	0.000000E+00	2.192047E-11	1.706984E-12	7.791825E-13	2.201146E-15	9.959228E-13	3.603513E-12	0.000000E+00	1.229983E-05	9.292243E-10	5.058836E-12	3.132022E-11	2.722038E-13	1.255734E-14	7.569454E-09	6.919330E-09	1.182906E-09	1.361461E-10	1.279222E-08	1.424047E-09	2.302069E-12	8.058971E-12	8.736912E-05	9.999973E-02	1.452795E-12	3.081898E-07	2.652195E-08	2.996583E-04	4.983606E-01	3.278790E-03	1.257451E-05	1.000000E+00	
0.000000E+00	6.156591E-09	2.287673E-07	0.000000E+00	2.179536E-11	3.184387E-12	2.649416E-12	5.675602E-15	1.096898E-12	4.765991E-12	0.000000E+00	7.685415E-06	1.979563E-09	6.976476E-12	6.858306E-11	3.687714E-13	2.643007E-14	7.036655E-09	1.517451E-08	1.300537E-09	1.602817E-10	1.319302E-08	2.773980E-09	4.902867E-12	6.034963E-12	9.186942E-05	9.999977E-02	2.031029E-12	4.200083E-07	5.695166E-08	2.995078E-04	4.984496E-01	3.100552E-03	7.921920E-06	1.000000E+00	
0.000000E+00	7.630503E-09	1.205091E-07	0.000000E+00	2.142765E-11	4.782101E-12	7.570824E-12	1.070850E-14	1.251214E-12	5.720604E-12	0.000000E+00	5.933168E-06	4.438495E-09	8.520208E-12	1.094730E-10	5.194822E-13	4.141146E-14	7.151626E-09	2.988129E-08	1.498683E-09	1.844253E-10	1.622282E-08	5.689200E-09	9.175029E-12	5.351923E-12	9.300954E-05	9.999988E-02	2.467740E-12	1.023587E-06	1.035110E-07	2.988429E-04	4.984860E-01	3.027662E-03	6.063160E-06	1.000000E+00	
0.000000E+00	9.086291E-09	7.501999E-09	0.000000E+00	2.104196E-11	6.394457E-12	1.927588E-11	1.837016E-14	1.435681E-12	6.443393E-12	0.000000E+00	4.844536E-06	1.011075E-08	9.708456E-12	1.555982E-10	7.184351E-13	5.445397E-14	6.707698E-09	5.633847E-08	1.873539E-09	1.978057E-10	1.960390E-08	1.177249E-08	2.103695E-11	4.636178E-12	7.490304E-05	9.999999E-02	2.345255E-12	2.020400E-05	1.740906E-07	2.795653E-04	4.985170E-01	2.965653E-03	4.863425E-06	1.000000E+00	
0.000000E+00	1.912352E-08	1.917651E-09	0.000000E+00	2.103238E-11	1.714221E-11	1.165258E-10	8.783923E-14	1.674018E-12	9.487701E-12	0.000000E+00	1.905241E-06	2.420628E-08	1.474586E-11	5.974925E-10	9.756116E-13	1.592024E-13	3.142285E-09	1.729863E-07	2.810739E-09	2.104265E-10	1.257139E-08	2.518100E-08	1.623082E-10	2.076895E-12	1.827645E-05	1.000000E-01	1.192111E-12	7.975281E-05	5.917003E-07	2.194815E-04	4.985658E-01	2.867221E-03	1.930132E-06	1.000000E+00	
0.000000E+00	3.825263E-08	1.577301E-09	0.000000E+00	2.103516E-11	4.502101E-11	1.128441E-09	3.181278E-13	1.810325E-12	1.523421E-11	0.000000E+00	5.217706E-07	4.386106E-08	2.434235E-11	3.389095E-09	1.137527E-12	7.968255E-13	9.341593E-10	6.218313E-07	3.339472E-09	1.619563E-10	5.035231E-09	4.024847E-08	1.106435E-09	5.790836E-13	2.508386E-06	1.000000E-01	3.289587E-13	9.687845E-05	2.510123E-06	1.999828E-04	4.985773E-01	2.841200E-03	5.697081E-07	1.000000E+00	
0.000000E+00	4.845736E-08	1.535836E-09	0.000000E+00	2.103597E-11	5.592307E-11	7.126058E-09	4.564401E-13	1.808437E-12	1.794655E-11	0.000000E+00	1.979413E-07	5.498707E-08	2.976886E-11	9.222394E-09	1.192811E-12	2.029592E-12	3.450865E-10	1.592502E-06	3.453792E-09	9.010195E-11	2.342673E-09	4.591879E-08	2.979561E-09	1.929987E-13	5.225057E-07	1.000000E-01	8.830800E-14	9.917283E-05	6.934390E-06	1.922738E-04	4.985845E-01	2.820326E-03	2.638108E-07	1.000000E+00	
0.000000E+00	5.152945E-08	1.517937E-09	0.000000E+00	2.103671E-11	4.735557E-11	3.689077E-08	4.267596E-13	1.718438E-12	1.792564E-11	0.000000E+00	8.726371E-08	5.150682E-08	3.200868E-11	1.665266E-08	1.216005E-12	3.656954E-12	1.519116E-10	3.414467E-06	3.449583E-09	4.527211E-11	1.203937E-09	4.201375E-08	4.994432E-09	7.497958E-14	1.377300E-07	1.000000E-01	2.532160E-14	9.967504E-05	1.602539E-05	1.807896E-04	4.986077E-01	2.761244E-03	1.655785E-07	1.000000E+00	
0.000000E+00	5.076166E-08	1.498841E-09	0.000000E+00	2.103765E-11	3.348384E-11	1.434957E-07	3.165829E-13	1.551740E-12	1.615105E-11	0.000000E+00	4.470005E-08	3.964674E-08	3.277372E-11	2.325064E-08	1.223806E-12	6.646072E-12	8.165979E-11	6.083829E-06	3.387561E-09	2.436399E-11	7.218977E-10	3.262751E-08	6.199660E-09	3.550585E-14	4.891145E-08	1.000000E-01	9.053429E-15	9.982705E-05	3.145079E-05	1.623218E-04	4.986446E-01	2.666682E-03	1.299360E-07	1.000000E+00	
0.000000E+00	4.892916E-08	1.479417E-09	0.000000E+00	2.103851E-11	2.414014E-11	3.429314E-07	2.287814E-13	1.371926E-12	1.400637E-11	0.000000E+00	2.858815E-08	3.037174E-08	3.309657E-11	2.763461E-08	1.222903E-12	1.208380E-11	5.550943E-11	8.659194E-06	3.317274E-09	1.593261E-11	5.407503E-10	2.472925E-08	6.581172E-09	2.187873E-14	2.575601E-08	1.000000E-01	4.662120E-15	9.988334E-05	4.907924E-05	1.416581E-04	4.986792E-01	2.574699E-03	1.166529E-07	1.000000E+00	
0.000000E+00	4.773388E-08	1.467268E-09	0.000000E+00	2.103899E-11	2.012759E-11	5.020531E-07	1.889385E-13	1.260560E-12	1.268647E-11	0.000000E+00	2.307583E-08	2.616219E-08	3.327214E-11	2.973136E-08	1.220105E-12	1.661172E-11	4.654735E-11	1.014618E-05	3.275760E-09	1.297695E-11	4.869280E-10	2.096016E-08	6.637089E-09	1.741194E-14	1.925419E-08	1.000000E-01	3.421796E-15	9.990334E-05	6.062292E-05	1.282870E-04	4.986984E-01	2.521818E-03	1.120406E-07	1.000000E+00	
0.000000E+00	4.728796E-08	1.462669E-09	0.000000E+00	2.103917E-11	1.885628E-11	5.640602E-07	1.760578E-13	1.218746E-12	1.219730E-11	0.000000E+00	2.146730E-08	2.478789E-08	3.334101E-11	3.044052E-08	1.218741E-12	1.841260E-11	4.391466E-11	1.068666E-05	3.260655E-09	1.210434E-11	4.758677E-10	1.970650E-08	6.638117E-09	1.612595E-14	1.747458E-08	1.000000E-01	3.082847E-15	9.990937E-05	6.507892E-05	1.231598E-04	4.987052E-01	2.502684E-03	1.106758E-07	1.000000E+00	
0.000000E+00	4.717074E-08	1.461453E-09	0.000000E+00	2.103921E-11	1.853493E-11	5.797612E-07	1.727585E-13	1.207716E-12	1.206901E-11	0.000000E+00	2.107533E-08	2.443309E-08	3.335968E-11	3.062175E-08	1.218358E-12	1.887173E-11	4.326494E-11	1.082777E-05	3.256714E-09	1.188941E-11	4.750291E-10	1.937982E-08	6.636964E-09	1.581214E-14	1.703488E-08	1.000000E-01	2.999455E-15	9.991089E-05	6.626540E-05	1.217991E-04	4.987070E-01	2.497702E-03	1.103413E-07	1.000000E+00	
0.000000E+00	4.714668E-08	1.461203E-09	0.000000E+00	2.103922E-11	1.846837E-11	5.828025E-07	1.720673E-13	1.205452E-12	1.204273E-11	0.000000E+00	2.099643E-08	2.435837E-08	3.336356E-11	3.065868E-08	1.218278E-12	1.896087E-11	4.313133E-11	1.085666E-05	3.255908E-09	1.184544E-11	4.755148E-10	1.931046E-08	6.636657E-09	1.574826E-14	1.694022E-08	1.000000E-01	2.981639E-15	9.991121E-05	6.650955E-05	1.215196E-04	4.987073E-01	2.496682E-03	1.102739E-07	1.000000E+00	
