2.309620E-08	9.125901E-09	2.657399E-10	1.334883E-12	1.013458E-13	2.611680E-14	6.796315E-15	2.034437E-15	5.639632E-16	1.686175E-16	4.809963E-17	1.451262E-17	4.187782E-18	1.302579E-18	3.645651E-19	9.102448E-20	2.563154E-20	6.382682E-21	1.518861E-21	3.607715E-22	8.318497E-23	1.929859E-23	3.887103E-24	7.262064E-25	0.000000E+00	0.000000E+00	0.000000E+00	0.000000E+00	2.290095E-25	7.165129E-25	7.367077E-25	0.000000E+00	7.187343E-25	0.000000E+00	0.000000E+00	0.000000E+00	9.571344E-25	1.151207E-24	2.189726E-24	2.569288E-24	2.765784E-24	
2.310873E-08	9.131418E-09	2.659718E-10	1.346103E-12	1.034971E-13	2.667253E-14	6.940874E-15	2.077674E-15	5.759436E-16	1.721966E-16	4.912008E-17	1.482031E-17	4.276533E-18	1.330171E-18	3.722852E-19	9.295120E-20	2.617327E-20	6.516631E-21	1.551692E-21	3.695147E-22	8.502229E-23	1.955587E-23	4.788600E-24	2.064720E-24	9.021035E-25	1.635782E-25	0.000000E+00	0.000000E+00	0.000000E+00	0.000000E+00	0.000000E+00	0.000000E+00	0.000000E+00	0.000000E+00	0.000000E+00	0.000000E+00	0.000000E+00	0.000000E+00	0.000000E+00	6.545147E-25	4.649862E-25	
2.311031E-08	9.132111E-09	2.660008E-10	1.347505E-12	1.037659E-13	2.674197E-14	6.958937E-15	2.083077E-15	5.774405E-16	1.726438E-16	4.924758E-17	1.485876E-17	4.287620E-18	1.333618E-18	3.732503E-19	9.319102E-20	2.623957E-20	6.534943E-21	1.555765E-21	3.702312E-22	8.541730E-23	1.886360E-23	5.127874E-24	8.780716E-25	0.000000E+00	6.478504E-25	0.000000E+00	3.837019E-25	0.000000E+00	4.081377E-25	0.000000E+00	0.000000E+00	0.000000E+00	0.000000E+00	0.000000E+00	0.000000E+00	0.000000E+00	0.000000E+00	3.658295E-25	0.000000E+00	0.000000E+00	
2.311210E-08	9.132895E-09	2.660337E-10	1.349087E-12	1.040692E-13	2.682031E-14	6.979317E-15	2.089172E-15	5.791294E-16	1.731483E-16	4.939143E-17	1.490213E-17	4.300132E-18	1.337510E-18	3.743391E-19	9.346348E-20	2.631869E-20	6.555399E-21	1.560885E-21	3.731930E-22	8.739559E-23	2.026714E-23	5.084253E-24	2.704089E-24	1.408186E-24	2.157617E-24	1.880140E-24	1.106677E-24	1.683038E-24	1.231077E-24	1.587718E-24	6.982366E-25	5.099197E-25	6.355316E-25	1.530264E-24	3.475532E-25	8.224348E-25	0.000000E+00	3.248744E-24	5.113636E-24	3.392127E-24	
2.311411E-08	9.133782E-09	2.660708E-10	1.350874E-12	1.044116E-13	2.690877E-14	7.002327E-15	2.096054E-15	5.810363E-16	1.737180E-16	4.955385E-17	1.495111E-17	4.314258E-18	1.341901E-18	3.755678E-19	9.376883E-20	2.640290E-20	6.573584E-21	1.563604E-21	3.715418E-22	8.501098E-23	1.792979E-23	3.296202E-24	5.715139E-25	0.000000E+00	0.000000E+00	0.000000E+00	0.000000E+00	0.000000E+00	0.000000E+00	0.000000E+00	0.000000E+00	0.000000E+00	0.000000E+00	0.000000E+00	0.000000E+00	0.000000E+00	0.000000E+00	1.504314E-24	1.454028E-24	3.323768E-24	
2.311640E-08	9.134785E-09	2.661129E-10	1.352893E-12	1.047986E-13	2.700873E-14	7.028327E-15	2.103831E-15	5.831910E-16	1.743617E-16	4.973737E-17	1.500644E-17	4.330219E-18	1.346863E-18	3.769556E-19	9.411712E-20	2.650191E-20	6.599198E-21	1.571129E-21	3.746288E-22	8.769286E-23	1.951104E-23	4.701359E-24	1.744026E-24	5.737354E-25	7.593260E-26	8.873612E-25	1.287825E-24	1.536423E-24	1.632349E-24	2.488206E-24	7.866900E-25	1.827532E-24	2.333009E-24	1.898416E-24	4.463059E-25	1.826320E-24	3.332047E-24	0.000000E+00	3.845097E-25	0.000000E+00	
2.311898E-08	9.135923E-09	2.661605E-10	1.355177E-12	1.052362E-13	2.712177E-14	7.057733E-15	2.112626E-15	5.856279E-16	1.750897E-16	4.994493E-17	1.506903E-17	4.348268E-18	1.352474E-18	3.785255E-19	9.450717E-20	2.661095E-20	6.626700E-21	1.577192E-21	3.757949E-22	8.620006E-23	1.965968E-23	4.956217E-24	1.475435E-24	5.406158E-25	2.683894E-25	0.000000E+00	0.000000E+00	0.000000E+00	0.000000E+00	0.000000E+00	0.000000E+00	0.000000E+00	0.000000E+00	1.193010E-24	1.814405E-24	0.000000E+00	4.624618E-26	0.000000E+00	1.638811E-25	2.717821E-24	
2.312192E-08	9.137213E-09	2.662144E-10	1.357763E-12	1.057316E-13	2.724975E-14	7.091023E-15	2.122582E-15	5.883867E-16	1.759138E-16	5.017990E-17	1.513988E-17	4.368704E-18	1.358827E-18	3.803037E-19	9.495120E-20	2.673658E-20	6.658528E-21	1.585698E-21	3.776092E-22	8.792146E-23	2.068355E-23	4.421054E-24	1.239963E-24	2.948447E-26	4.321696E-26	3.210979E-26	0.000000E+00	0.000000E+00	0.000000E+00	0.000000E+00	0.000000E+00	0.000000E+00	0.000000E+00	0.000000E+00	0.000000E+00	0.000000E+00	0.000000E+00	0.000000E+00	0.000000E+00	0.000000E+00	
2.312526E-08	9.138680E-09	2.662757E-10	1.360693E-12	1.062931E-13	2.739480E-14	7.128753E-15	2.133867E-15	5.915134E-16	1.768479E-16	5.044621E-17	1.522018E-17	4.391865E-18	1.366027E-18	3.823170E-19	9.545324E-20	2.687647E-20	6.692831E-21	1.593779E-21	3.796040E-22	8.748808E-23	1.953528E-23	4.279690E-24	1.120410E-24	1.799360E-25	6.098841E-26	6.924810E-25	4.602404E-25	0.000000E+00	2.689953E-25	4.588267E-25	0.000000E+00	1.617910E-24	1.278838E-24	2.017464E-25	0.000000E+00	0.000000E+00	1.236429E-24	2.448523E-24	4.372284E-24	7.097476E-25	
2.312907E-08	9.140350E-09	2.663454E-10	1.364020E-12	1.069304E-13	2.755941E-14	7.171573E-15	2.146674E-15	5.950619E-16	1.779079E-16	5.074844E-17	1.531130E-17	4.418148E-18	1.374200E-18	3.846047E-19	9.602635E-20	2.703801E-20	6.733126E-21	1.602223E-21	3.807862E-22	8.816057E-23	1.889995E-23	5.196536E-24	1.025898E-24	1.130709E-24	0.000000E+00	6.098841E-26	1.033572E-24	1.248041E-24	2.255965E-24	2.583526E-24	1.387789E-24	2.329172E-24	2.060479E-24	1.386578E-24	1.253999E-24	1.724740E-24	0.000000E+00	9.471380E-25	0.000000E+00	6.359961E-24	
2.313341E-08	9.142254E-09	2.664248E-10	1.367802E-12	1.076546E-13	2.774649E-14	7.220237E-15	2.161229E-15	5.990946E-16	1.791127E-16	5.109191E-17	1.541487E-17	4.448019E-18	1.383487E-18	3.872032E-19	9.667327E-20	2.722118E-20	6.777550E-21	1.613186E-21	3.826898E-22	8.836898E-23	2.025542E-23	5.136355E-24	1.235520E-24	5.719178E-25	6.874323E-25	1.029937E-24	0.000000E+00	3.937994E-25	3.267525E-25	0.000000E+00	8.895827E-26	0.000000E+00	6.282614E-25	7.519548E-25	0.000000E+00	0.000000E+00	0.000000E+00	0.000000E+00	0.000000E+00	0.000000E+00	
2.313837E-08	9.144430E-09	2.665154E-10	1.372108E-12	1.084792E-13	2.795948E-14	7.275640E-15	2.177798E-15	6.036857E-16	1.804842E-16	5.148293E-17	1.553277E-17	4.482023E-18	1.394056E-18	3.901602E-19	9.741061E-20	2.742697E-20	6.828986E-21	1.624692E-21	3.860066E-22	8.855154E-23	1.967018E-23	3.509459E-24	6.607751E-25	1.710503E-25	0.000000E+00	0.000000E+00	3.297817E-25	3.307915E-25	0.000000E+00	8.946314E-26	3.658295E-25	0.000000E+00	0.000000E+00	1.094560E-25	1.941229E-24	2.245363E-24	6.700648E-25	1.986465E-24	2.109755E-24	4.640673E-24	
2.314406E-08	9.146923E-09	2.666191E-10	1.377020E-12	1.094196E-13	2.820241E-14	7.338831E-15	2.196697E-15	6.089222E-16	1.820485E-16	5.192892E-17	1.566724E-17	4.520810E-18	1.406117E-18	3.935343E-19	9.825383E-20	2.766533E-20	6.889054E-21	1.638341E-21	3.880087E-22	8.795176E-23	1.913905E-23	3.111621E-24	0.000000E+00	0.000000E+00	0.000000E+00	0.000000E+00	0.000000E+00	0.000000E+00	0.000000E+00	0.000000E+00	0.000000E+00	0.000000E+00	0.000000E+00	4.493352E-25	0.000000E+00	0.000000E+00	0.000000E+00	5.263785E-25	0.000000E+00	7.452502E-24	
2.315059E-08	9.149787E-09	2.667380E-10	1.382636E-12	1.104946E-13	2.848010E-14	7.411063E-15	2.218300E-15	6.149078E-16	1.838365E-16	5.243870E-17	1.582095E-17	4.565142E-18	1.419901E-18	3.973938E-19	9.921748E-20	2.793766E-20	6.958208E-21	1.656049E-21	3.944092E-22	9.106742E-23	2.086733E-23	4.745787E-24	1.368402E-24	7.540753E-25	0.000000E+00	0.000000E+00	6.773349E-25	1.024888E-24	1.631743E-25	4.788196E-25	6.070569E-25	6.457300E-25	1.308222E-24	1.576611E-24	1.823897E-24	1.103648E-25	1.173320E-24	1.053464E-24	0.000000E+00	0.000000E+00	
2.315813E-08	9.153088E-09	2.668749E-10	1.389074E-12	1.117266E-13	2.879831E-14	7.493836E-15	2.243055E-15	6.217668E-16	1.858854E-16	5.302285E-17	1.599708E-17	4.615943E-18	1.435693E-18	4.018112E-19	1.003200E-19	2.824768E-20	7.033737E-21	1.673589E-21	3.978072E-22	9.175444E-23	1.984022E-23	6.072184E-24	1.059421E-24	1.047708E-24	2.526374E-25	3.061538E-25	1.130709E-24	9.582451E-25	1.148279E-24	0.000000E+00	0.000000E+00	3.429084E-25	0.000000E+00	4.143981E-25	1.655977E-25	8.189007E-26	0.000000E+00	3.066283E-24	0.000000E+00	0.000000E+00	
2.316686E-08	9.156907E-09	2.670328E-10	1.396475E-12	1.131423E-13	2.916399E-14	7.588956E-15	2.271503E-15	6.296488E-16	1.882399E-16	5.369412E-17	1.619947E-17	4.674315E-18	1.453840E-18	4.068880E-19	1.015859E-19	2.860351E-20	7.121324E-21	1.694420E-21	4.015404E-22	9.049590E-23	2.001712E-23	3.249350E-24	1.758567E-24	2.540511E-25	4.240916E-25	9.572354E-26	0.000000E+00	0.000000E+00	4.158117E-25	7.764916E-25	6.210923E-25	0.000000E+00	0.000000E+00	0.000000E+00	0.000000E+00	0.000000E+00	0.000000E+00	0.000000E+00	0.000000E+00	0.000000E+00	
2.317701E-08	9.161342E-09	2.672159E-10	1.405011E-12	1.147745E-13	2.958561E-14	7.698627E-15	2.304301E-15	6.387363E-16	1.909545E-16	5.446804E-17	1.643281E-17	4.741615E-18	1.474763E-18	4.127415E-19	1.030464E-19	2.901414E-20	7.223722E-21	1.717941E-21	4.081159E-22	9.299441E-23	2.060803E-23	3.782897E-24	6.373491E-25	6.199816E-26	0.000000E+00	4.887151E-26	0.000000E+00	1.052151E-24	1.196746E-24	1.030139E-24	9.026083E-25	0.000000E+00	0.000000E+00	0.000000E+00	0.000000E+00	8.088033E-25	0.000000E+00	1.985759E-24	2.872716E-24	4.679144E-25	
2.318886E-08	9.166520E-09	2.674291E-10	1.414894E-12	1.166637E-13	3.007357E-14	7.825552E-15	2.342259E-15	6.492534E-16	1.940961E-16	5.536369E-17	1.670285E-17	4.819501E-18	1.498977E-18	4.195178E-19	1.047373E-19	2.949146E-20	7.342550E-21	1.747430E-21	4.150387E-22	9.416167E-23	2.114844E-23	5.011551E-24	1.012569E-24	0.000000E+00	5.107275E-25	0.000000E+00	8.164773E-25	4.511527E-25	0.000000E+00	0.000000E+00	0.000000E+00	1.194323E-24	2.189323E-24	2.823743E-24	2.012618E-24	5.696964E-25	1.622453E-24	0.000000E+00	5.225516E-24	3.663344E-24	
2.320280E-08	9.172598E-09	2.676785E-10	1.426388E-12	1.188596E-13	3.064077E-14	7.973091E-15	2.386381E-15	6.614782E-16	1.977477E-16	5.640475E-17	1.701673E-17	4.910027E-18	1.527119E-18	4.273896E-19	1.067018E-19	3.004347E-20	7.480163E-21	1.779745E-21	4.228646E-22	9.657697E-23	2.168481E-23	4.674297E-24	8.538378E-25	3.047401E-25	9.128067E-26	0.000000E+00	0.000000E+00	0.000000E+00	0.000000E+00	4.392378E-25	0.000000E+00	0.000000E+00	1.776136E-25	0.000000E+00	0.000000E+00	1.509564E-25	0.000000E+00	0.000000E+00	0.000000E+00	2.085117E-24	
2.321928E-08	9.179780E-09	2.679724E-10	1.439825E-12	1.214254E-13	3.130348E-14	8.145470E-15	2.437931E-15	6.757609E-16	2.020139E-16	5.762101E-17	1.738343E-17	5.015789E-18	1.560000E-18	4.365937E-19	1.089998E-19	3.069015E-20	7.641305E-21	1.818572E-21	4.313468E-22	9.793083E-23	2.066659E-23	4.127825E-24	1.344976E-25	0.000000E+00	0.000000E+00	0.000000E+00	0.000000E+00	0.000000E+00	0.000000E+00	0.000000E+00	0.000000E+00	0.000000E+00	0.000000E+00	0.000000E+00	0.000000E+00	2.869687E-25	0.000000E+00	1.666074E-26	0.000000E+00	0.000000E+00	
2.323894E-08	9.188334E-09	2.683209E-10	1.455629E-12	1.244411E-13	3.208240E-14	8.348076E-15	2.498518E-15	6.925475E-16	2.070280E-16	5.905046E-17	1.781439E-17	5.140081E-18	1.598638E-18	4.474022E-19	1.116970E-19	3.145059E-20	7.832186E-21	1.864413E-21	4.440599E-22	1.019678E-22	2.224300E-23	5.499863E-24	2.892709E-24	1.886198E-25	4.780118E-25	6.783446E-25	2.960563E-25	0.000000E+00	5.884776E-25	1.474223E-25	0.000000E+00	0.000000E+00	0.000000E+00	0.000000E+00	0.000000E+00	2.160444E-24	6.266459E-25	2.354516E-24	2.758615E-24	4.598365E-25	
2.326260E-08	9.198613E-09	2.687379E-10	1.474351E-12	1.280109E-13	3.300440E-14	8.587897E-15	2.570232E-15	7.124167E-16	2.129626E-16	6.074234E-17	1.832446E-17	5.287192E-18	1.644372E-18	4.602000E-19	1.148913E-19	3.234966E-20	8.054084E-21	1.917632E-21	4.573719E-22	1.064236E-22	2.389615E-23	5.839944E-24	2.056239E-24	1.317309E-24	7.629610E-25	8.457599E-25	5.834289E-25	0.000000E+00	0.000000E+00	0.000000E+00	0.000000E+00	5.623253E-25	0.000000E+00	0.000000E+00	0.000000E+00	0.000000E+00	0.000000E+00	2.145500E-24	1.083352E-24	1.945773E-24	
2.329139E-08	9.211102E-09	2.692420E-10	1.496717E-12	1.322718E-13	3.410489E-14	8.874143E-15	2.655825E-15	7.361314E-16	2.200456E-16	6.276157E-17	1.893321E-17	5.462756E-18	1.698949E-18	4.754689E-19	1.187022E-19	3.342330E-20	8.321746E-21	1.980732E-21	4.703160E-22	1.086155E-22	2.358798E-23	5.364961E-24	6.446193E-25	3.477551E-25	3.616896E-25	9.330016E-25	7.391311E-25	0.000000E+00	9.433009E-25	7.007609E-26	6.119036E-26	0.000000E+00	0.000000E+00	0.000000E+00	0.000000E+00	6.350267E-25	0.000000E+00	0.000000E+00	0.000000E+00	1.477454E-24	
2.332691E-08	9.226471E-09	2.698587E-10	1.523713E-12	1.374090E-13	3.543164E-14	9.219239E-15	2.759013E-15	7.647202E-16	2.285840E-16	6.519570E-17	1.966703E-17	5.674387E-18	1.764736E-18	4.938758E-19	1.232971E-19	3.471622E-20	8.644785E-21	2.056581E-21	4.890608E-22	1.115046E-22	2.376044E-23	4.971566E-24	1.235924E-25	4.139942E-26	4.927541E-25	2.700050E-25	5.616185E-25	2.370874E-25	6.165484E-25	2.029581E-25	2.589988E-25	0.000000E+00	0.000000E+00	0.000000E+00	0.000000E+00	7.754818E-26	0.000000E+00	0.000000E+00	3.390512E-24	1.880039E-24	
2.337141E-08	9.245685E-09	2.706244E-10	1.556699E-12	1.436781E-13	3.705068E-14	9.640358E-15	2.884926E-15	7.996051E-16	2.390024E-16	6.816572E-17	2.056236E-17	5.932599E-18	1.845002E-18	5.163331E-19	1.288996E-19	3.629412E-20	9.036951E-21	2.150430E-21	5.122659E-22	1.176216E-22	2.623350E-23	5.947784E-24	1.257331E-24	5.284989E-25	0.000000E+00	0.000000E+00	0.000000E+00	2.665719E-26	0.000000E+00	0.000000E+00	0.000000E+00	0.000000E+00	0.000000E+00	0.000000E+00	0.000000E+00	0.000000E+00	0.000000E+00	0.000000E+00	0.000000E+00	0.000000E+00	
2.342827E-08	9.270169E-09	2.715926E-10	1.597619E-12	1.514431E-13	3.905596E-14	1.016193E-14	3.040867E-15	8.428089E-16	2.519047E-16	7.184375E-17	2.167110E-17	6.252344E-18	1.944396E-18	5.441422E-19	1.358399E-19	3.824762E-20	9.522656E-21	2.265368E-21	5.384162E-22	1.225960E-22	2.601701E-23	5.024072E-24	5.868620E-25	0.000000E+00	0.000000E+00	0.000000E+00	0.000000E+00	0.000000E+00	5.567717E-25	6.753154E-25	0.000000E+00	4.031900E-25	0.000000E+00	0.000000E+00	0.000000E+00	0.000000E+00	0.000000E+00	0.000000E+00	0.000000E+00	0.000000E+00	
2.350269E-08	9.302116E-09	2.728444E-10	1.649349E-12	1.612409E-13	4.158609E-14	1.082002E-14	3.237607E-15	8.973157E-16	2.681814E-16	7.648364E-17	2.306971E-17	6.655683E-18	2.069769E-18	5.792193E-19	1.445933E-19	4.071268E-20	1.013771E-20	2.412508E-21	5.731097E-22	1.307054E-22	2.830186E-23	6.768906E-24	1.400714E-24	7.409486E-25	5.753510E-25	2.504160E-26	9.014976E-25	2.080068E-25	0.000000E+00	3.772396E-25	1.073053E-24	9.511769E-25	1.112837E-24	2.021907E-24	1.500779E-24	6.785466E-25	1.156256E-24	4.937941E-24	5.380107E-24	6.390051E-24	
2.360309E-08	9.345063E-09	2.745098E-10	1.716335E-12	1.738988E-13	4.485460E-14	1.167014E-14	3.491740E-15	9.677223E-16	2.892046E-16	8.247643E-17	2.487605E-17	7.176586E-18	2.231679E-18	6.245193E-19	1.558973E-19	4.389604E-20	1.092911E-20	2.601379E-21	6.179803E-22	1.421418E-22	3.108995E-23	6.407822E-24	8.409131E-25	0.000000E+00	0.000000E+00	3.956169E-25	0.000000E+00	3.859234E-25	0.000000E+00	0.000000E+00	0.000000E+00	6.351277E-26	0.000000E+00	0.000000E+00	0.000000E+00	0.000000E+00	9.259334E-25	3.055984E-24	8.481832E-26	0.000000E+00	
2.374389E-08	9.405054E-09	2.768084E-10	1.805839E-12	1.907635E-13	4.920905E-14	1.280270E-14	3.830270E-15	1.061510E-15	3.172066E-16	9.045835E-17	2.728177E-17	7.870317E-18	2.447299E-18	6.848454E-19	1.709514E-19	4.813445E-20	1.198546E-20	2.852862E-21	6.788620E-22	1.555184E-22	3.323384E-23	6.041892E-24	2.185082E-25	0.000000E+00	0.000000E+00	0.000000E+00	0.000000E+00	0.000000E+00	0.000000E+00	0.000000E+00	0.000000E+00	0.000000E+00	0.000000E+00	0.000000E+00	0.000000E+00	0.000000E+00	0.000000E+00	0.000000E+00	0.000000E+00	0.000000E+00	
2.395175E-08	9.493220E-09	2.801401E-10	1.930617E-12	2.141903E-13	5.525730E-14	1.437578E-14	4.300417E-15	1.191758E-15	3.560905E-16	1.015417E-16	3.062199E-17	8.833489E-18	2.746649E-18	7.685927E-19	1.918484E-19	5.401825E-20	1.345056E-20	3.202048E-21	7.625115E-22	1.757096E-22	3.830759E-23	8.397822E-24	2.920578E-24	7.542772E-25	1.386780E-24	1.569543E-24	6.801622E-25	0.000000E+00	0.000000E+00	1.930627E-24	1.619222E-24	7.090408E-25	2.018575E-24	2.249301E-24	2.274848E-24	1.521176E-24	9.129077E-25	0.000000E+00	0.000000E+00	0.000000E+00	
2.428091E-08	9.632142E-09	2.853084E-10	2.115344E-12	2.487165E-13	6.417002E-14	1.669385E-14	4.993099E-15	1.383656E-15	4.133697E-16	1.178679E-16	3.554165E-17	1.025204E-17	3.187493E-18	8.919233E-19	2.226205E-19	6.268133E-20	1.560612E-20	3.713675E-21	8.829612E-22	2.020534E-22	4.437170E-23	9.238331E-24	3.121314E-24	1.976671E-24	1.567725E-24	7.457954E-25	4.875034E-25	2.298173E-25	0.000000E+00	1.825613E-25	1.088502E-25	0.000000E+00	0.000000E+00	0.000000E+00	0.000000E+00	0.000000E+00	1.771794E-24	9.219954E-25	1.105465E-24	5.748461E-24	
2.485772E-08	9.874286E-09	2.941634E-10	2.414919E-12	3.043940E-13	7.854034E-14	2.043129E-14	6.109645E-15	1.692973E-15	5.056769E-16	1.441764E-16	4.346809E-17	1.253742E-17	3.897648E-18	1.090590E-18	2.721865E-19	7.663586E-20	1.907975E-20	4.539453E-21	1.078337E-21	2.464505E-22	5.297470E-23	1.025655E-23	9.176535E-25	0.000000E+00	0.000000E+00	0.000000E+00	0.000000E+00	0.000000E+00	0.000000E+00	0.000000E+00	1.278333E-24	8.798891E-25	0.000000E+00	3.786532E-25	0.000000E+00	9.706649E-25	2.620482E-24	4.559389E-24	8.663586E-25	4.457809E-24	
2.604253E-08	1.036900E-08	3.119411E-10	2.981259E-12	4.089565E-13	1.055202E-13	2.744799E-14	8.205024E-15	2.273436E-15	6.788370E-16	1.935241E-16	5.833193E-17	1.682252E-17	5.228958E-18	1.462999E-18	3.650910E-19	1.027933E-19	2.559190E-20	6.089631E-21	1.447846E-21	3.327968E-22	7.315661E-23	1.582064E-23	3.823691E-24	1.937493E-24	6.207894E-25	0.000000E+00	0.000000E+00	0.000000E+00	0.000000E+00	2.146711E-25	1.973036E-25	8.287962E-25	0.000000E+00	0.000000E+00	1.761798E-24	3.207950E-25	1.538241E-24	2.823541E-24	0.000000E+00	1.109202E-24	
2.836727E-08	1.133618E-08	3.462829E-10	4.028275E-12	6.012135E-13	1.550947E-13	4.033719E-14	1.205063E-14	3.338396E-15	9.962572E-16	2.839446E-16	8.554926E-17	2.466589E-17	7.664661E-18	2.144189E-18	5.349657E-19	1.506151E-19	3.749325E-20	8.921044E-21	2.120721E-21	4.863580E-22	1.078247E-22	2.312551E-23	4.341487E-24	1.817536E-24	2.586555E-24	1.200785E-24	1.178773E-24	1.776944E-24	0.000000E+00	5.351632E-26	2.917548E-24	6.274537E-25	0.000000E+00	0.000000E+00	0.000000E+00	0.000000E+00	1.082342E-24	0.000000E+00	3.219461E-24	0.000000E+00	
3.354426E-08	1.349115E-08	4.229713E-10	6.387993E-12	1.034680E-12	2.667657E-13	6.936172E-14	2.069940E-14	5.732587E-15	1.709009E-15	4.868713E-16	1.465760E-16	4.224323E-17	1.311978E-17	3.669373E-18	9.151405E-19	2.576397E-19	6.412602E-20	1.525760E-20	3.628195E-21	8.329369E-22	1.829830E-22	4.011705E-23	9.116354E-24	3.877813E-24	2.090570E-24	1.082847E-24	1.465741E-24	2.335937E-24	1.454230E-24	2.439739E-24	3.587815E-24	6.589576E-25	1.268842E-24	3.516729E-24	6.306848E-25	2.325941E-24	2.791129E-24	5.873871E-24	5.160286E-24	8.580787E-24	
4.568471E-08	1.858873E-08	6.098518E-10	1.278167E-11	2.221422E-12	5.720636E-13	1.486751E-13	4.428463E-14	1.225808E-14	3.647874E-15	1.038436E-15	3.122033E-16	8.991005E-17	2.789825E-17	7.799364E-18	1.943854E-18	5.471967E-19	1.361534E-19	3.238443E-20	7.695314E-21	1.762908E-21	3.896336E-22	8.330290E-23	1.875374E-23	2.620078E-24	3.558331E-25	4.511527E-25	6.809700E-25	0.000000E+00	0.000000E+00	0.000000E+00	2.317358E-24	2.225471E-25	1.889833E-24	1.811275E-24	1.522691E-24	7.043960E-25	0.000000E+00	0.000000E+00	0.000000E+00	3.843078E-25	
7.592952E-08	3.161597E-08	1.127994E-09	3.514734E-11	6.453077E-12	1.658190E-12	4.307086E-13	1.278619E-13	3.536997E-14	1.049270E-14	2.983546E-15	8.948626E-16	2.574021E-16	7.974183E-17	2.227778E-17	5.546147E-18	1.560971E-18	3.882235E-19	9.231141E-20	2.193459E-20	5.029680E-21	1.106060E-21	2.342521E-22	5.049841E-23	5.938898E-24	4.273228E-24	3.507440E-24	3.830557E-24	8.538378E-25	0.000000E+00	0.000000E+00	0.000000E+00	0.000000E+00	0.000000E+00	3.622954E-24	4.096725E-24	3.395560E-24	0.000000E+00	0.000000E+00	0.000000E+00	0.000000E+00	
1.450579E-07	6.326180E-08	2.617422E-09	1.242103E-10	2.364320E-11	6.059621E-12	1.575108E-12	4.655136E-13	1.288941E-13	3.808682E-14	1.082890E-14	3.238759E-15	9.310578E-16	2.879204E-16	8.040605E-17	1.999935E-17	5.628311E-18	1.399358E-18	3.327171E-19	7.905310E-20	1.811466E-20	3.987276E-21	8.418954E-22	1.705915E-22	2.780910E-23	8.013312E-25	0.000000E+00	0.000000E+00	0.000000E+00	0.000000E+00	3.107582E-24	0.000000E+00	0.000000E+00	8.659547E-25	7.754818E-26	4.147212E-24	0.000000E+00	8.420440E-24	0.000000E+00	1.499023E-23	0.000000E+00	
2.689538E-07	1.278621E-07	6.623324E-09	4.552320E-10	8.834605E-11	2.256245E-11	5.880756E-12	1.726499E-12	4.796572E-13	1.409430E-13	4.013169E-14	1.195681E-14	3.437989E-15	1.060720E-15	2.962217E-16	7.362908E-17	2.072140E-17	5.151415E-18	1.225248E-18	2.911010E-19	6.676020E-20	1.468169E-20	3.129114E-21	6.410553E-22	1.237475E-22	3.033103E-23	6.375107E-24	5.492996E-26	1.587153E-23	3.042958E-23	1.666317E-23	1.712684E-23	1.625281E-24	7.782283E-24	4.473561E-24	8.452752E-24	0.000000E+00	0.000000E+00	0.000000E+00	2.072960E-23	0.000000E+00	
4.272198E-07	2.328166E-07	1.583035E-08	1.433333E-09	2.809492E-10	7.151699E-11	1.876625E-11	5.467894E-12	1.531600E-12	4.475140E-13	1.280891E-13	3.803397E-14	1.096604E-14	3.377577E-15	9.445274E-16	2.349657E-16	6.615564E-17	1.645917E-17	3.920371E-18	9.317657E-19	2.138702E-19	4.711689E-20	1.004661E-20	2.076572E-21	4.179589E-22	8.951645E-23	2.107695E-23	3.500331E-23	4.320080E-24	8.275037E-24	1.869881E-23	1.374218E-23	1.947752E-23	9.758146E-25	1.351277E-23	0.000000E+00	4.219267E-23	0.000000E+00	0.000000E+00	2.154224E-23	7.175146E-23	
5.495642E-07	3.487271E-07	2.998377E-08	3.218940E-09	6.349261E-10	1.613041E-10	4.271822E-11	1.236953E-11	3.503309E-12	1.019722E-12	2.941440E-13	8.719181E-14	2.525845E-14	7.776163E-15	2.180043E-15	5.436025E-16	1.531784E-16	3.816996E-17	9.112387E-18	2.167188E-18	4.980727E-19	1.098471E-19	2.336668E-20	4.816705E-21	9.598979E-22	1.830589E-22	4.461605E-23	0.000000E+00	0.000000E+00	0.000000E+00	0.000000E+00	0.000000E+00	0.000000E+00	0.000000E+00	1.205228E-23	0.000000E+00	0.000000E+00	1.371633E-23	4.947897E-23	6.228735E-23	0.000000E+00	
6.082736E-07	4.330993E-07	4.323881E-08	5.089063E-09	1.008588E-09	2.560587E-10	6.833897E-11	1.971856E-11	5.635912E-12	1.637866E-12	4.756150E-13	1.409483E-13	4.100669E-14	1.262909E-14	3.548857E-15	8.871312E-16	2.501686E-16	6.243506E-17	1.493601E-17	3.554730E-18	8.178664E-19	1.805547E-19	3.844334E-20	7.927686E-21	1.569149E-21	2.665783E-22	4.569527E-23	0.000000E+00	0.000000E+00	0.000000E+00	0.000000E+00	1.898638E-23	1.738695E-23	0.000000E+00	0.000000E+00	0.000000E+00	0.000000E+00	0.000000E+00	0.000000E+00	0.000000E+00	0.000000E+00	
6.341257E-07	4.904222E-07	5.397250E-08	6.717283E-09	1.336381E-09	3.392082E-10	9.105353E-11	2.621814E-11	7.543901E-12	2.190940E-12	6.393777E-13	1.895137E-13	5.531545E-14	1.704428E-14	4.798167E-15	1.201859E-15	3.391169E-16	8.473794E-17	2.030356E-17	4.834915E-18	1.113398E-18	2.460101E-19	5.237533E-20	1.076203E-20	2.088049E-21	3.397063E-22	1.955507E-23	0.000000E+00	0.000000E+00	0.000000E+00	0.000000E+00	0.000000E+00	0.000000E+00	0.000000E+00	0.000000E+00	0.000000E+00	0.000000E+00	0.000000E+00	0.000000E+00	0.000000E+00	0.000000E+00	
6.453274E-07	5.306154E-07	6.252637E-08	8.083636E-09	1.613849E-09	4.097932E-10	1.105260E-10	3.179894E-11	9.199819E-12	2.672616E-12	7.832152E-13	2.323200E-13	6.800346E-14	2.097040E-14	5.912845E-15	1.483881E-15	4.189040E-16	1.047907E-16	2.514245E-17	5.990357E-18	1.380538E-18	3.052457E-19	6.512058E-20	1.343988E-20	2.718271E-21	4.963730E-22	6.901788E-23	5.447114E-23	1.636913E-23	3.704864E-23	6.727305E-24	6.694993E-23	2.360696E-23	7.678239E-23	7.445272E-23	8.440150E-23	6.046173E-23	4.304893E-23	4.862917E-24	7.073040E-23	0.000000E+00	
6.496340E-07	5.609504E-07	6.967852E-08	9.271527E-09	1.856746E-09	4.716888E-10	1.277197E-10	3.673006E-11	1.067380E-11	3.102253E-12	9.122443E-13	2.707999E-13	7.945454E-14	2.451981E-14	6.922840E-15	1.740169E-15	4.914587E-16	1.230554E-16	2.955814E-17	7.045510E-18	1.624682E-18	3.594671E-19	7.668317E-20	1.580683E-20	3.142201E-21	5.911369E-22	7.000016E-23	0.000000E+00	0.000000E+00	0.000000E+00	0.000000E+00	0.000000E+00	0.000000E+00	0.000000E+00	3.050229E-23	0.000000E+00	0.000000E+00	0.000000E+00	0.000000E+00	1.305394E-23	2.575246E-23	
6.501862E-07	5.856293E-07	7.604119E-08	1.036314E-08	2.081354E-09	5.290085E-10	1.437330E-10	4.132583E-11	1.205573E-11	3.505785E-12	1.033986E-12	3.071704E-13	9.031238E-14	2.789004E-14	7.883594E-15	1.984554E-15	5.606804E-16	1.405045E-16	3.378330E-17	8.055804E-18	1.858690E-18	4.114855E-19	8.786758E-20	1.817413E-20	3.634942E-21	7.188458E-22	1.682666E-22	7.190655E-23	0.000000E+00	8.019775E-23	5.318513E-23	0.000000E+00	5.144029E-24	1.301517E-23	0.000000E+00	4.721715E-23	1.311921E-22	1.044639E-23	4.982148E-23	0.000000E+00	0.000000E+00	
6.482509E-07	6.068582E-07	8.199435E-08	1.141504E-08	2.299228E-09	5.847263E-10	1.593878E-10	4.582581E-11	1.341680E-11	3.904229E-12	1.154742E-12	3.433274E-13	1.011417E-13	3.125712E-14	8.845226E-15	2.229777E-15	6.301760E-16	1.580464E-16	3.803725E-17	9.073690E-18	2.094627E-18	4.638753E-19	9.903419E-20	2.046458E-20	4.137958E-21	7.948430E-22	1.637107E-22	4.872611E-23	5.101378E-23	4.449327E-23	7.625571E-24	0.000000E+00	0.000000E+00	5.500751E-23	2.080876E-23	0.000000E+00	0.000000E+00	0.000000E+00	0.000000E+00	0.000000E+00	0.000000E+00	
6.443246E-07	6.256756E-07	8.773671E-08	1.245850E-08	2.516775E-09	6.404718E-10	1.751331E-10	5.035875E-11	1.479514E-11	4.308687E-12	1.277827E-12	3.802575E-13	1.122350E-13	3.471161E-14	9.833475E-15	2.482374E-15	7.017939E-16	1.761466E-16	4.243288E-17	1.012610E-17	2.338796E-18	5.181670E-19	1.106798E-19	2.282253E-20	4.556253E-21	8.959659E-22	1.466307E-22	1.518652E-23	1.085028E-23	2.046626E-23	3.961420E-24	0.000000E+00	0.000000E+00	0.000000E+00	0.000000E+00	0.000000E+00	2.694476E-23	0.000000E+00	0.000000E+00	0.000000E+00	1.032296E-22	
6.386323E-07	6.425770E-07	9.337208E-08	1.351122E-08	2.737779E-09	6.972280E-10	1.912483E-10	5.500661E-11	1.621581E-11	4.726640E-12	1.405532E-12	4.186568E-13	1.238029E-13	3.831966E-14	1.086736E-14	2.747250E-15	7.769266E-16	1.951588E-16	4.705645E-17	1.123380E-17	2.595980E-18	5.753844E-19	1.229249E-19	2.538244E-20	5.088880E-21	1.010608E-21	2.189314E-22	0.000000E+00	0.000000E+00	0.000000E+00	2.254067E-23	0.000000E+00	0.000000E+00	3.375931E-23	0.000000E+00	0.000000E+00	0.000000E+00	7.370309E-24	2.786565E-23	0.000000E+00	0.000000E+00	
6.312928E-07	6.577581E-07	9.894383E-08	1.458160E-08	2.964156E-09	7.555070E-10	2.078847E-10	5.981489E-11	1.769318E-11	5.162498E-12	1.539246E-12	4.589552E-13	1.359781E-13	4.212344E-14	1.195914E-14	3.027621E-15	8.564885E-16	2.153172E-16	5.196553E-17	1.241067E-17	2.869431E-18	6.363225E-19	1.360356E-19	2.809872E-20	5.595838E-21	1.068355E-21	2.063816E-22	5.509152E-23	2.615959E-23	3.491607E-23	9.499652E-25	4.895229E-23	8.775223E-23	7.323780E-23	7.177731E-23	8.795256E-23	8.804950E-23	1.175049E-22	4.609270E-23	1.267267E-22	0.000000E+00	
6.223938E-07	6.712552E-07	1.044574E-07	1.567168E-08	3.196549E-09	8.154990E-10	2.251046E-10	6.480394E-11	1.923417E-11	5.618525E-12	1.679715E-12	5.013933E-13	1.488372E-13	4.614798E-14	1.311623E-14	3.325481E-15	9.410494E-16	2.367696E-16	5.719725E-17	1.366576E-17	3.161296E-18	7.013997E-19	1.499982E-19	3.104149E-20	6.225310E-21	1.238328E-21	2.201334E-22	4.846761E-24	0.000000E+00	0.000000E+00	0.000000E+00	1.422363E-23	3.236990E-23	8.209768E-23	0.000000E+00	3.176244E-24	0.000000E+00	0.000000E+00	0.000000E+00	0.000000E+00	0.000000E+00	
6.120254E-07	6.830256E-07	1.098944E-07	1.677922E-08	3.434711E-09	8.771692E-10	2.429076E-10	6.997621E-11	2.084032E-11	6.095423E-12	1.827219E-12	5.460727E-13	1.624156E-13	5.040551E-14	1.434238E-14	3.641911E-15	1.030919E-15	2.595989E-16	6.277279E-17	1.500430E-17	3.472875E-18	7.709326E-19	1.649419E-19	3.412579E-20	6.860649E-21	1.313278E-21	2.588300E-22	5.359872E-23	6.357012E-23	0.000000E+00	2.299950E-23	4.049954E-23	0.000000E+00	0.000000E+00	2.436952E-23	6.076546E-23	0.000000E+00	0.000000E+00	7.024573E-23	1.556909E-22	0.000000E+00	
6.002833E-07	6.928504E-07	1.151735E-07	1.788766E-08	3.674703E-09	9.393489E-10	2.609157E-10	7.520803E-11	2.246973E-11	6.579611E-12	1.977282E-12	5.915580E-13	1.762590E-13	5.474826E-14	1.559426E-14	3.965475E-15	1.122840E-15	2.829706E-16	6.848730E-17	1.637689E-17	3.792530E-18	8.423260E-19	1.803651E-19	3.737097E-20	7.518490E-21	1.496072E-21	3.130362E-22	8.146437E-23	0.000000E+00	0.000000E+00	0.000000E+00	0.000000E+00	0.000000E+00	0.000000E+00	0.000000E+00	0.000000E+00	0.000000E+00	0.000000E+00	4.765013E-23	0.000000E+00	0.000000E+00	
5.873263E-07	7.010117E-07	1.203709E-07	1.901691E-08	3.922599E-09	1.004086E-09	2.798532E-10	8.075404E-11	2.421274E-11	7.101676E-12	2.140258E-12	6.412468E-13	1.914609E-13	5.953658E-14	1.697852E-14	4.324706E-15	1.224953E-15	3.089841E-16	7.485997E-17	1.790912E-17	4.149832E-18	9.221726E-19	1.975347E-19	4.095460E-20	8.222951E-21	1.657579E-21	3.646445E-22	1.007674E-22	8.995589E-23	0.000000E+00	0.000000E+00	4.060294E-23	1.430118E-23	3.965297E-23	3.785644E-23	2.950062E-23	4.714606E-23	1.083542E-22	1.136598E-22	2.451201E-22	1.805612E-22	
5.732707E-07	7.072832E-07	1.253923E-07	2.014742E-08	4.173862E-09	1.070074E-09	2.993080E-10	8.648217E-11	2.602536E-11	7.647559E-12	2.311565E-12	6.936827E-13	2.075640E-13	6.462260E-14	1.845194E-14	4.708280E-15	1.334031E-15	3.368154E-16	8.168922E-17	1.955245E-17	4.533248E-18	1.007853E-18	2.159278E-19	4.472612E-20	9.001651E-21	1.753248E-21	3.141994E-22	6.448131E-23	4.815096E-23	2.100263E-23	0.000000E+00	1.547732E-23	6.163788E-23	0.000000E+00	6.822948E-23	0.000000E+00	3.302583E-23	0.000000E+00	2.594633E-23	1.296670E-22	1.224809E-22	
5.608483E-07	7.145855E-07	1.306704E-07	2.133803E-08	4.438836E-09	1.139489E-09	3.197314E-10	9.247939E-11	2.791938E-11	8.216821E-12	2.489924E-12	7.481987E-13	2.242897E-13	6.990006E-14	1.998040E-14	5.106185E-15	1.447184E-15	3.656926E-16	8.877809E-17	2.125870E-17	4.931654E-18	1.097006E-18	2.351785E-19	4.872147E-20	9.802840E-21	1.889785E-21	3.453221E-22	3.876763E-23	1.274375E-23	0.000000E+00	0.000000E+00	0.000000E+00	2.369097E-23	2.248897E-24	0.000000E+00	0.000000E+00	0.000000E+00	0.000000E+00	7.108583E-25	0.000000E+00	1.726966E-22	
5.558946E-07	7.310644E-07	1.378221E-07	2.286985E-08	4.778888E-09	1.228748E-09	3.459488E-10	1.002017E-10	3.035411E-11	8.950116E-12	2.719532E-12	8.184705E-13	2.458471E-13	7.670804E-14	2.195205E-14	5.619536E-15	1.593145E-15	4.029410E-16	9.792031E-17	2.345921E-17	5.445233E-18	1.211856E-18	2.598539E-19	5.382186E-20	1.077308E-20	2.104813E-21	4.047369E-22	1.060601E-22	3.845744E-23	2.747144E-23	0.000000E+00	0.000000E+00	0.000000E+00	2.617251E-24	8.014605E-23	0.000000E+00	0.000000E+00	2.938753E-23	1.176632E-22	0.000000E+00	1.092008E-22	
5.496267E-07	7.454986E-07	1.447890E-07	2.440581E-08	5.123534E-09	1.319617E-09	3.728012E-10	1.081438E-10	3.287123E-11	9.711446E-12	2.958867E-12	8.919418E-13	2.684515E-13	8.386161E-14	2.402726E-14	6.161266E-15	1.747224E-15	4.423136E-16	1.075980E-16	2.579050E-17	5.990027E-18	1.333909E-18	2.862391E-19	5.937001E-20	1.192217E-20	2.328397E-21	3.714299E-22	9.467341E-23	0.000000E+00	0.000000E+00	0.000000E+00	0.000000E+00	0.000000E+00	0.000000E+00	0.000000E+00	0.000000E+00	0.000000E+00	0.000000E+00	0.000000E+00	0.000000E+00	0.000000E+00	
5.421398E-07	7.577523E-07	1.514952E-07	2.592991E-08	5.469418E-09	1.411246E-09	4.000461E-10	1.162371E-10	3.544961E-11	1.049471E-11	3.206066E-12	9.680604E-13	2.919375E-13	9.130992E-14	2.619157E-14	6.727735E-15	1.908389E-15	4.835520E-16	1.177489E-16	2.823760E-17	6.562268E-18	1.462061E-18	3.137788E-19	6.507829E-20	1.304311E-20	2.542042E-21	4.744527E-22	1.000178E-22	4.400213E-23	2.024654E-23	3.048290E-23	6.744753E-23	7.998449E-23	8.491526E-23	9.864775E-23	2.403477E-22	1.542918E-22	2.258914E-22	3.406078E-22	2.343280E-22	1.996413E-22	
5.335836E-07	7.676095E-07	1.578043E-07	2.740832E-08	5.807921E-09	1.501072E-09	4.268395E-10	1.242061E-10	3.799467E-11	1.126918E-11	3.450918E-12	1.043548E-12	3.152604E-13	9.871244E-14	2.834463E-14	7.292223E-15	2.069028E-15	5.246973E-16	1.278889E-16	3.068365E-17	7.134762E-18	1.590410E-18	3.414717E-19	7.084749E-20	1.424448E-20	2.746046E-21	5.159151E-22	5.545988E-23	0.000000E+00	0.000000E+00	2.056319E-23	2.486065E-23	0.000000E+00	4.912677E-23	0.000000E+00	0.000000E+00	0.000000E+00	0.000000E+00	0.000000E+00	1.402394E-22	3.819248E-23	
5.239916E-07	7.753553E-07	1.638200E-07	2.887066E-08	6.148643E-09	1.592426E-09	4.543961E-10	1.324817E-10	4.066219E-11	1.208794E-11	3.711586E-12	1.124386E-12	3.403603E-13	1.067112E-13	3.067724E-14	7.906196E-15	2.243809E-15	5.695462E-16	1.389619E-16	3.335760E-17	7.761216E-18	1.731045E-18	3.718621E-19	7.722201E-20	1.547836E-20	2.981598E-21	5.425659E-22	6.631662E-23	0.000000E+00	1.189718E-23	0.000000E+00	0.000000E+00	0.000000E+00	0.000000E+00	0.000000E+00	0.000000E+00	0.000000E+00	0.000000E+00	0.000000E+00	1.618495E-23	9.226618E-23	
5.135784E-07	7.807120E-07	1.693428E-07	3.026301E-08	6.476814E-09	1.680718E-09	4.811515E-10	1.405392E-10	4.326854E-11	1.289029E-11	3.967675E-12	1.203962E-12	3.651155E-13	1.146106E-13	3.298371E-14	8.514578E-15	2.417040E-15	6.140497E-16	1.499642E-16	3.601651E-17	8.384798E-18	1.871172E-18	4.022290E-19	8.367879E-20	1.690070E-20	3.355019E-21	6.539121E-22	1.423138E-22	4.225083E-23	0.000000E+00	1.253696E-24	0.000000E+00	0.000000E+00	0.000000E+00	0.000000E+00	2.747791E-23	0.000000E+00	2.616605E-23	0.000000E+00	6.406772E-23	0.000000E+00	
5.024542E-07	7.838209E-07	1.743778E-07	3.158552E-08	6.793122E-09	1.766342E-09	5.072807E-10	1.484498E-10	4.584111E-11	1.368613E-11	4.222671E-12	1.283457E-12	3.899150E-13	1.225415E-13	3.530319E-14	9.128035E-15	2.591760E-15	6.589970E-16	1.610927E-16	3.870814E-17	9.016545E-18	2.013182E-18	4.329429E-19	9.000674E-20	1.808278E-20	3.478333E-21	6.364379E-22	1.481300E-22	5.221578E-24	4.511366E-23	0.000000E+00	2.051149E-23	3.243453E-23	3.750101E-23	3.721020E-23	1.373443E-22	6.963181E-23	1.705091E-23	8.541286E-23	0.000000E+00	0.000000E+00	
4.907592E-07	7.847672E-07	1.788917E-07	3.282651E-08	7.094597E-09	1.848474E-09	5.325223E-10	1.561327E-10	4.835292E-11	1.446696E-11	4.473812E-12	1.362002E-12	4.144852E-13	1.304158E-13	3.760986E-14	9.739731E-15	2.766022E-15	7.038878E-16	1.722236E-16	4.140272E-17	9.649617E-18	2.155652E-18	4.638556E-19	9.649597E-20	1.943736E-20	3.803893E-21	7.268074E-22	1.565052E-22	9.453123E-23	3.941386E-23	0.000000E+00	6.711795E-23	2.982374E-23	4.465483E-24	4.324604E-23	0.000000E+00	0.000000E+00	0.000000E+00	0.000000E+00	0.000000E+00	8.069858E-23	
4.786308E-07	7.836731E-07	1.828641E-07	3.397667E-08	7.378730E-09	1.926401E-09	5.566455E-10	1.635154E-10	5.077935E-11	1.522497E-11	4.718520E-12	1.438779E-12	4.385669E-13	1.381500E-13	3.987906E-14	1.034309E-14	2.937949E-15	7.482379E-16	1.832369E-16	4.407106E-17	1.027710E-17	2.296908E-18	4.943740E-19	1.028263E-19	2.071758E-20	4.011231E-21	7.445272E-22	8.116710E-23	0.000000E+00	0.000000E+00	0.000000E+00	0.000000E+00	0.000000E+00	0.000000E+00	0.000000E+00	0.000000E+00	0.000000E+00	0.000000E+00	0.000000E+00	0.000000E+00	0.000000E+00	
4.662027E-07	7.806908E-07	1.862865E-07	3.502892E-08	7.643425E-09	1.999506E-09	5.794440E-10	1.705315E-10	5.309742E-11	1.595271E-11	4.954308E-12	1.512991E-12	4.619053E-13	1.456609E-13	4.208623E-14	1.093151E-14	3.105662E-15	7.915603E-16	1.940111E-16	4.668406E-17	1.089223E-17	2.435612E-18	5.245232E-19	1.092234E-19	2.200503E-20	4.258494E-21	7.599980E-22	1.248267E-22	2.580416E-23	0.000000E+00	0.000000E+00	1.434641E-23	0.000000E+00	0.000000E+00	0.000000E+00	0.000000E+00	0.000000E+00	0.000000E+00	0.000000E+00	0.000000E+00	0.000000E+00	
4.537320E-07	7.762171E-07	1.892155E-07	3.598871E-08	7.889284E-09	2.067867E-09	6.009104E-10	1.771723E-10	5.530183E-11	1.664794E-11	5.180299E-12	1.584326E-12	4.843920E-13	1.529113E-13	4.421995E-14	1.150176E-14	3.268233E-15	8.336092E-16	2.044834E-16	4.922580E-17	1.149113E-17	2.570783E-18	5.538730E-19	1.153663E-19	2.328091E-20	4.550476E-21	8.947380E-22	1.866391E-22	7.473706E-23	3.267363E-23	2.140976E-23	1.359678E-23	0.000000E+00	0.000000E+00	0.000000E+00	0.000000E+00	5.055495E-23	9.693523E-26	8.180364E-23	6.988707E-23	4.401182E-23	
4.412808E-07	7.703567E-07	1.916454E-07	3.685016E-08	8.114420E-09	2.130905E-09	6.208445E-10	1.833713E-10	5.736926E-11	1.730296E-11	5.393894E-12	1.651942E-12	5.057553E-13	1.598120E-13	4.625371E-14	1.204666E-14	3.423615E-15	8.738520E-16	2.145206E-16	5.166426E-17	1.206629E-17	2.700582E-18	5.820107E-19	1.212266E-19	2.440593E-20	4.783754E-21	8.972066E-22	1.696754E-22	4.559187E-23	0.000000E+00	6.634247E-23	5.489119E-23	3.058630E-23	6.081070E-23	8.616896E-23	9.857666E-23	0.000000E+00	0.000000E+00	0.000000E+00	0.000000E+00	0.000000E+00	
4.291737E-07	7.629490E-07	1.933033E-07	3.752095E-08	8.289733E-09	2.178972E-09	6.357801E-10	1.879267E-10	5.886702E-11	1.777158E-11	5.545133E-12	1.699444E-12	5.206714E-13	1.646013E-13	4.766263E-14	1.242369E-14	3.531243E-15	9.017455E-16	2.214873E-16	5.335814E-17	1.246642E-17	2.791135E-18	6.016809E-19	1.253885E-19	2.528018E-20	4.903966E-21	8.814256E-22	1.510251E-22	9.835694E-24	1.706060E-24	3.384332E-23	1.844354E-23	4.802171E-23	0.000000E+00	0.000000E+00	0.000000E+00	0.000000E+00	0.000000E+00	4.300693E-23	0.000000E+00	1.803641E-23	
4.170641E-07	7.548278E-07	1.947561E-07	3.817083E-08	8.466938E-09	2.229076E-09	6.517856E-10	1.929359E-10	6.054770E-11	1.830746E-11	5.720555E-12	1.755194E-12	5.383394E-13	1.703211E-13	4.935219E-14	1.287829E-14	3.660973E-15	9.354296E-16	2.299127E-16	5.540860E-17	1.295111E-17	2.900806E-18	6.255703E-19	1.303604E-19	2.628733E-20	5.083645E-21	9.517230E-22	1.627025E-22	5.920157E-23	0.000000E+00	1.698305E-23	7.378710E-23	2.234680E-23	6.868830E-23	1.186746E-22	7.534452E-23	5.372150E-23	4.911385E-25	1.282776E-23	2.020227E-22	1.897539E-22	
4.054234E-07	7.459960E-07	1.957495E-07	3.870615E-08	8.615277E-09	2.270796E-09	6.650614E-10	1.970682E-10	6.192901E-11	1.874680E-11	5.863988E-12	1.800710E-12	5.527460E-13	1.749782E-13	5.072812E-14	1.324895E-14	3.766825E-15	9.629471E-16	2.368069E-16	5.708797E-17	1.334862E-17	2.990946E-18	6.452599E-19	1.345797E-19	2.715696E-20	5.280527E-21	9.818117E-22	1.139829E-22	4.385996E-23	3.399195E-24	0.000000E+00	1.471477E-23	1.570351E-23	0.000000E+00	0.000000E+00	0.000000E+00	0.000000E+00	0.000000E+00	0.000000E+00	0.000000E+00	1.190882E-22	
3.943695E-07	7.371412E-07	1.965654E-07	3.919855E-08	8.754565E-09	2.310303E-09	6.777211E-10	2.010341E-10	6.326062E-11	1.917247E-11	6.003384E-12	1.845081E-12	5.668208E-13	1.795370E-13	5.207668E-14	1.361298E-14	3.870800E-15	9.900042E-16	2.435926E-16	5.874220E-17	1.374050E-17	3.079748E-18	6.646338E-19	1.386683E-19	2.802147E-20	5.497391E-21	1.018789E-21	2.375365E-22	6.269124E-23	1.138020E-23	0.000000E+00	0.000000E+00	0.000000E+00	0.000000E+00	3.936216E-23	2.177165E-23	6.216133E-23	8.562612E-25	1.460168E-23	0.000000E+00	0.000000E+00	
3.841912E-07	7.287025E-07	1.972670E-07	3.964976E-08	8.882621E-09	2.346436E-09	6.892363E-10	2.046251E-10	6.446084E-11	1.955517E-11	6.128329E-12	1.884792E-12	5.793973E-13	1.836050E-13	5.327978E-14	1.393784E-14	3.963629E-15	1.014175E-15	2.496594E-16	6.022176E-17	1.409117E-17	3.159346E-18	6.819733E-19	1.423229E-19	2.872955E-20	5.618249E-21	1.048904E-21	2.134966E-22	2.891255E-23	1.028806E-23	6.223888E-23	9.332924E-23	0.000000E+00	8.788148E-23	7.132494E-23	7.034266E-23	1.254116E-22	1.289691E-22	4.883274E-23	3.389825E-23	0.000000E+00	
3.750920E-07	7.211657E-07	1.979887E-07	4.008494E-08	9.004547E-09	2.380432E-09	6.999351E-10	2.079285E-10	6.555421E-11	1.990145E-11	6.240636E-12	1.920336E-12	5.906104E-13	1.872204E-13	5.434755E-14	1.422579E-14	4.045951E-15	1.035609E-15	2.550405E-16	6.153454E-17	1.440249E-17	3.230030E-18	6.974221E-19	1.456164E-19	2.947958E-20	5.787395E-21	1.141587E-21	2.754188E-22	1.254988E-22	7.628156E-23	1.024476E-22	9.076369E-23	3.335218E-23	5.241611E-23	6.603874E-23	6.779004E-23	2.236942E-23	1.432121E-22	2.185275E-22	1.747354E-22	2.728727E-22	
3.672599E-07	7.149985E-07	1.988656E-07	4.053011E-08	9.125661E-09	2.413577E-09	7.101583E-10	2.110350E-10	6.656611E-11	2.021803E-11	6.342167E-12	1.952220E-12	6.005969E-13	1.904215E-13	5.529016E-14	1.447909E-14	4.118402E-15	1.054455E-15	2.597688E-16	6.268761E-17	1.467597E-17	3.292158E-18	7.110186E-19	1.484804E-19	3.002679E-20	5.864646E-21	1.110335E-21	2.315266E-22	3.503239E-23	3.222773E-23	0.000000E+00	3.406950E-23	5.234502E-25	0.000000E+00	0.000000E+00	0.000000E+00	1.064026E-23	2.211739E-23	1.012392E-22	1.033685E-22	2.981211E-22	
3.608779E-07	7.106629E-07	2.000354E-07	4.101214E-08	9.251452E-09	2.447186E-09	7.202502E-10	2.140345E-10	6.752127E-11	2.051134E-11	6.434644E-12	1.980895E-12	6.094755E-13	1.932403E-13	5.611584E-14	1.469945E-14	4.181459E-15	1.070820E-15	2.638668E-16	6.368595E-17	1.491268E-17	3.345818E-18	7.227184E-19	1.509382E-19	3.046195E-20	5.955390E-21	1.141057E-21	2.253098E-22	5.935021E-23	0.000000E+00	0.000000E+00	0.000000E+00	0.000000E+00	0.000000E+00	0.000000E+00	0.000000E+00	0.000000E+00	0.000000E+00	0.000000E+00	0.000000E+00	0.000000E+00	
3.561334E-07	7.086310E-07	2.016419E-07	4.155944E-08	9.387715E-09	2.482636E-09	7.305683E-10	2.170192E-10	6.844465E-11	2.078772E-11	6.519731E-12	2.006786E-12	6.173536E-13	1.957047E-13	5.683141E-14	1.488817E-14	4.235487E-15	1.084779E-15	2.673489E-16	6.453217E-17	1.511293E-17	3.391230E-18	7.325985E-19	1.529751E-19	3.085256E-20	6.007464E-21	1.135751E-21	1.897281E-22	4.533337E-23	2.266346E-23	0.000000E+00	3.069616E-24	0.000000E+00	0.000000E+00	0.000000E+00	4.455466E-23	9.634069E-23	8.788471E-23	7.284359E-23	1.159119E-22	2.164887E-25	
3.532313E-07	7.094043E-07	2.038379E-07	4.220217E-08	9.540541E-09	2.521348E-09	7.414711E-10	2.200786E-10	6.935932E-11	2.105267E-11	6.598749E-12	2.030194E-12	6.242949E-13	1.978273E-13	5.743910E-14	1.504529E-14	4.280474E-15	1.096312E-15	2.702049E-16	6.522338E-17	1.527603E-17	3.428153E-18	7.406916E-19	1.546824E-19	3.128309E-20	6.124122E-21	1.167669E-21	1.984523E-22	4.308448E-23	1.505727E-24	1.032683E-23	0.000000E+00	3.450894E-23	2.095740E-23	0.000000E+00	0.000000E+00	4.560479E-23	3.602759E-23	1.921515E-22	1.401360E-22	4.151736E-23	
3.524074E-07	7.135387E-07	2.067920E-07	4.297358E-08	9.716579E-09	2.564851E-09	7.533363E-10	2.233041E-10	7.028790E-11	2.131124E-11	6.672793E-12	2.051327E-12	6.303299E-13	1.996089E-13	5.793742E-14	1.516978E-14	4.316104E-15	1.105314E-15	2.724040E-16	6.575115E-17	1.539975E-17	3.456008E-18	7.467147E-19	1.559959E-19	3.151886E-20	6.160996E-21	1.173989E-21	1.848038E-22	5.151784E-23	0.000000E+00	1.939351E-23	4.142365E-24	0.000000E+00	0.000000E+00	0.000000E+00	1.458875E-23	5.814175E-23	9.407564E-23	5.107194E-23	2.998788E-22	7.457873E-23	
3.539495E-07	7.216721E-07	2.106910E-07	4.390947E-08	9.922684E-09	2.614630E-09	7.664976E-10	2.267656E-10	7.124350E-11	2.156487E-11	6.741618E-12	2.069930E-12	6.353320E-13	2.009970E-13	5.830872E-14	1.525613E-14	4.340778E-15	1.111346E-15	2.738309E-16	6.608664E-17	1.547717E-17	3.473194E-18	7.503798E-19	1.567145E-19	3.165492E-20	6.165675E-21	1.165226E-21	2.075577E-22	2.506745E-23	0.000000E+00	0.000000E+00	0.000000E+00	0.000000E+00	0.000000E+00	4.095837E-23	2.820492E-23	3.134562E-23	1.340873E-22	2.200624E-22	1.412831E-22	2.189896E-22	
3.582120E-07	7.345699E-07	2.157581E-07	4.505286E-08	1.016716E-08	2.672503E-09	7.813701E-10	2.305524E-10	7.224401E-11	2.181605E-11	6.805200E-12	2.085785E-12	6.391807E-13	2.019398E-13	5.853519E-14	1.529878E-14	4.352848E-15	1.113954E-15	2.743662E-16	6.620002E-17	1.550110E-17	3.478080E-18	7.514024E-19	1.569861E-19	3.172711E-20	6.194213E-21	1.200317E-21	2.025235E-22	5.003796E-23	5.092331E-23	4.572758E-23	6.080424E-23	1.969724E-23	3.052167E-23	4.789246E-23	6.279787E-23	6.930223E-23	0.000000E+00	0.000000E+00	2.277978E-24	8.410747E-24	
3.656520E-07	7.531725E-07	2.222582E-07	4.645329E-08	1.045920E-08	2.740367E-09	7.983436E-10	2.347331E-10	7.329652E-11	2.206286E-11	6.861815E-12	2.098073E-12	6.415485E-13	2.023148E-13	5.857755E-14	1.528618E-14	4.348947E-15	1.112231E-15	2.737770E-16	6.603373E-17	1.545770E-17	3.467522E-18	7.490053E-19	1.563864E-19	3.156775E-20	6.113640E-21	1.112997E-21	2.037902E-22	0.000000E+00	2.084754E-23	0.000000E+00	0.000000E+00	0.000000E+00	0.000000E+00	0.000000E+00	0.000000E+00	0.000000E+00	0.000000E+00	6.404187E-24	0.000000E+00	0.000000E+00	
3.768680E-07	7.786662E-07	2.305154E-07	4.817006E-08	1.080942E-08	2.820307E-09	8.178015E-10	2.393573E-10	7.439699E-11	2.229855E-11	6.907818E-12	2.105280E-12	6.418691E-13	2.019182E-13	5.837157E-14	1.519998E-14	4.323702E-15	1.104747E-15	2.716984E-16	6.549803E-17	1.532563E-17	3.436670E-18	7.420975E-19	1.548809E-19	3.129356E-20	6.105187E-21	1.108487E-21	1.762412E-22	0.000000E+00	0.000000E+00	0.000000E+00	6.093995E-24	0.000000E+00	0.000000E+00	2.649563E-25	6.263308E-23	1.780377E-23	1.010937E-22	8.895746E-23	9.633100E-23	0.000000E+00	
3.926519E-07	8.125816E-07	2.409391E-07	5.027672E-08	1.123068E-08	2.914749E-09	8.401494E-10	2.444595E-10	7.552991E-11	2.251107E-11	6.937391E-12	2.105088E-12	6.392984E-13	2.004512E-13	5.782394E-14	1.501382E-14	4.269384E-15	1.089451E-15	2.676109E-16	6.446578E-17	1.507478E-17	3.378645E-18	7.292689E-19	1.521569E-19	3.067906E-20	5.937037E-21	1.126530E-21	1.945555E-22	5.814175E-23	3.702926E-23	4.132026E-23	7.902160E-23	6.492075E-23	1.670517E-23	9.738113E-23	8.620127E-23	3.844451E-23	1.658562E-23	1.870527E-23	0.000000E+00	1.257896E-22	
4.140726E-07	8.569284E-07	2.540526E-07	5.286483E-08	1.173835E-08	3.026397E-09	8.657515E-10	2.500281E-10	7.665479E-11	2.267792E-11	6.940645E-12	2.093723E-12	6.324949E-13	1.974472E-13	5.679019E-14	1.468745E-14	4.174159E-15	1.063220E-15	2.607273E-16	6.274481E-17	1.465980E-17	3.283254E-18	7.082789E-19	1.477089E-19	2.981189E-20	5.779343E-21	1.131144E-21	2.030987E-22	5.200898E-23	7.709582E-23	2.645039E-23	1.069842E-22	1.270692E-22	1.503918E-22	1.411700E-22	1.224615E-22	5.976380E-23	1.493319E-22	7.960321E-23	0.000000E+00	3.280288E-23	
4.425866E-07	9.143870E-07	2.705375E-07	5.605097E-08	1.235129E-08	3.158334E-09	8.949132E-10	2.559872E-10	7.769650E-11	2.276217E-11	6.902064E-12	2.065390E-12	6.194313E-13	1.922099E-13	5.505578E-14	1.416175E-14	4.020570E-15	1.021465E-15	2.498948E-16	6.005448E-17	1.401449E-17	3.135590E-18	6.759238E-19	1.408931E-19	2.844670E-20	5.613183E-21	1.105760E-21	3.169394E-22	1.212078E-22	9.393024E-23	8.739034E-23	1.237798E-22	1.195987E-22	8.294424E-23	1.534097E-22	2.463318E-22	1.123027E-22	1.768809E-22	3.355898E-23	2.133254E-22	2.261725E-22	
4.801722E-07	9.885151E-07	2.912749E-07	5.998113E-08	1.309183E-08	3.313778E-09	9.277332E-10	2.621319E-10	7.851849E-11	2.270262E-11	6.796939E-12	2.011047E-12	5.969919E-13	1.836819E-13	5.229676E-14	1.334840E-14	3.782419E-15	9.573221E-16	2.333982E-16	5.597830E-17	1.304101E-17	2.913709E-18	6.274397E-19	1.306431E-19	2.632387E-20	5.098767E-21	9.345331E-22	1.712135E-22	3.615038E-23	5.849718E-23	1.550964E-25	0.000000E+00	3.774012E-23	1.721570E-23	0.000000E+00	2.729050E-23	1.545729E-22	4.271612E-23	0.000000E+00	1.237734E-22	4.057030E-22	
5.293263E-07	1.084128E-06	3.175865E-07	6.490416E-08	1.400770E-08	3.503075E-09	9.665482E-10	2.689593E-10	7.921771E-11	2.251256E-11	6.624861E-12	1.929354E-12	5.645126E-13	1.716114E-13	4.842693E-14	1.222399E-14	3.451630E-15	8.686378E-16	2.107049E-16	5.038866E-17	1.170974E-17	2.610826E-18	5.612652E-19	1.166909E-19	2.347526E-20	4.555490E-21	8.116839E-22	9.115789E-23	3.805031E-23	0.000000E+00	0.000000E+00	0.000000E+00	0.000000E+00	0.000000E+00	0.000000E+00	0.000000E+00	0.000000E+00	0.000000E+00	0.000000E+00	0.000000E+00	2.292389E-22	
5.968017E-07	1.203144E-06	3.462461E-07	6.946050E-08	1.463192E-08	3.565943E-09	9.525744E-10	2.558290E-10	7.230741E-11	1.964860E-11	5.513360E-12	1.532142E-12	4.288074E-13	1.255261E-13	3.436342E-14	8.360644E-15	2.322263E-15	5.723752E-16	1.363375E-16	3.226801E-17	7.433505E-18	1.645850E-18	3.520523E-19	7.292308E-20	1.469724E-20	2.855182E-21	5.020857E-22	8.650500E-23	1.005541E-22	7.245585E-23	0.000000E+00	0.000000E+00	2.864113E-23	1.192950E-22	6.674960E-23	1.590966E-22	8.291839E-23	1.906716E-22	4.193353E-22	4.357626E-22	5.927137E-22	
6.797576E-07	1.356430E-06	3.858733E-07	7.641266E-08	1.581077E-08	3.776519E-09	9.824985E-10	2.558387E-10	6.957808E-11	1.806789E-11	4.807171E-12	1.260116E-12	3.321105E-13	9.205212E-14	2.398172E-14	5.488989E-15	1.468755E-15	3.473603E-16	7.976169E-17	1.847667E-17	4.179897E-18	9.120918E-19	1.930985E-19	3.969635E-20	7.918574E-21	1.497533E-21	3.264391E-22	1.200963E-22	2.343248E-23	4.986348E-23	4.007949E-23	7.084026E-23	1.371698E-22	1.088001E-22	3.018434E-22	2.730278E-22	1.610999E-22	1.604472E-22	1.680857E-22	1.232499E-22	0.000000E+00	
7.894351E-07	1.555207E-06	4.360676E-07	8.499828E-08	1.721530E-08	4.013856E-09	1.010838E-09	2.530292E-10	6.532477E-11	1.587408E-11	3.872801E-12	9.096447E-13	2.102151E-13	5.061781E-14	1.126271E-14	2.030359E-15	4.381836E-16	7.761076E-17	1.245473E-17	2.145902E-18	3.434282E-19	5.012663E-20	6.852028E-21	8.867118E-22	1.283422E-22	5.144029E-23	1.850817E-23	0.000000E+00	0.000000E+00	7.907330E-23	0.000000E+00	7.302454E-23	1.541141E-22	1.571902E-22	1.187780E-22	7.938349E-23	1.057434E-22	7.003247E-23	0.000000E+00	0.000000E+00	0.000000E+00	
9.405639E-07	1.820149E-06	5.002378E-07	9.547842E-08	1.883341E-08	4.276641E-09	1.043527E-09	2.527351E-10	6.287780E-11	1.468173E-11	3.431189E-12	7.705372E-13	1.700383E-13	3.913219E-14	8.391430E-15	1.425639E-15	2.983376E-16	5.043454E-17	7.645482E-18	1.275720E-18	1.963947E-19	2.764624E-20	3.844891E-21	6.558508E-22	1.959384E-22	4.117808E-23	0.000000E+00	0.000000E+00	0.000000E+00	1.260158E-23	0.000000E+00	0.000000E+00	0.000000E+00	8.611726E-23	0.000000E+00	1.030098E-23	6.984506E-23	4.866148E-23	0.000000E+00	0.000000E+00	0.000000E+00	
1.149976E-06	2.180783E-06	5.859017E-07	1.091779E-07	2.090187E-08	4.605990E-09	1.083980E-09	2.526680E-10	6.018447E-11	1.339568E-11	2.969152E-12	6.294745E-13	1.306793E-13	2.825348E-14	5.742241E-15	8.926764E-16	1.769017E-16	2.757681E-17	3.759539E-18	5.866803E-19	8.287926E-20	1.053094E-20	1.328142E-21	9.833110E-23	1.204582E-23	2.665073E-23	5.808359E-23	5.115595E-23	0.000000E+00	0.000000E+00	0.000000E+00	0.000000E+00	0.000000E+00	0.000000E+00	0.000000E+00	0.000000E+00	0.000000E+00	0.000000E+00	0.000000E+00	0.000000E+00	3.859961E-22	
1.445375E-06	2.681826E-06	7.031236E-07	1.276298E-07	2.365257E-08	5.042668E-09	1.139983E-09	2.545060E-10	5.770619E-11	1.216055E-11	2.536542E-12	5.030507E-13	9.732368E-14	1.956229E-14	3.741817E-15	5.265626E-16	9.846371E-17	1.411710E-17	1.729337E-18	2.545244E-19	3.313613E-20	3.915098E-21	3.306654E-22	8.271806E-24	1.222676E-22	8.737095E-23	8.667302E-23	7.237830E-25	5.151784E-23	1.260933E-22	0.000000E+00	0.000000E+00	0.000000E+00	0.000000E+00	6.026786E-23	0.000000E+00	0.000000E+00	0.000000E+00	0.000000E+00	4.198717E-22	7.054817E-22	
1.871923E-06	3.363955E-06	8.511003E-07	1.486969E-07	2.632702E-08	5.364127E-09	1.149117E-09	2.425388E-10	5.167964E-11	1.018499E-11	1.978209E-12	3.635722E-13	6.500452E-14	1.202625E-14	2.162199E-15	2.724888E-16	4.837682E-17	6.361627E-18	6.909224E-19	9.597260E-20	1.134354E-20	1.250594E-21	2.272679E-22	9.460878E-23	0.000000E+00	0.000000E+00	0.000000E+00	0.000000E+00	0.000000E+00	0.000000E+00	0.000000E+00	0.000000E+00	0.000000E+00	0.000000E+00	0.000000E+00	0.000000E+00	0.000000E+00	1.853143E-22	4.463156E-22	3.664022E-22	0.000000E+00	
2.491995E-06	4.323810E-06	1.052078E-06	1.760572E-07	2.962609E-08	5.734565E-09	1.155329E-09	2.284247E-10	4.521868E-11	8.217571E-12	1.460320E-12	2.430442E-13	3.906597E-14	6.423116E-15	1.049614E-15	1.123569E-16	1.806947E-17	2.055038E-18	1.823187E-19	2.285024E-20	2.414023E-21	1.918025E-22	1.470314E-22	0.000000E+00	0.000000E+00	7.739309E-23	0.000000E+00	8.375204E-24	2.641808E-23	0.000000E+00	0.000000E+00	0.000000E+00	8.949060E-23	0.000000E+00	6.048758E-24	0.000000E+00	0.000000E+00	0.000000E+00	0.000000E+00	0.000000E+00	0.000000E+00	
3.406847E-06	5.695016E-06	1.329504E-06	2.121605E-07	3.375566E-08	6.163609E-09	1.156362E-09	2.114469E-10	3.825986E-11	6.288225E-12	9.992323E-13	1.465235E-13	2.055104E-14	2.896797E-15	4.164732E-16	3.680485E-17	5.215572E-18	5.055209E-19	3.637692E-20	4.426243E-21	1.261450E-22	0.000000E+00	1.202514E-22	1.083607E-22	0.000000E+00	0.000000E+00	0.000000E+00	0.000000E+00	0.000000E+00	0.000000E+00	0.000000E+00	0.000000E+00	0.000000E+00	0.000000E+00	0.000000E+00	0.000000E+00	0.000000E+00	0.000000E+00	0.000000E+00	0.000000E+00	5.517036E-22	
4.730314E-06	7.522110E-06	1.661509E-06	2.484359E-07	3.675976E-08	6.237904E-09	1.075905E-09	1.802604E-10	2.971213E-11	4.432752E-12	6.392977E-13	8.495529E-14	1.080023E-14	1.363768E-15	1.833572E-16	1.423897E-17	1.938900E-18	1.714067E-19	1.027152E-20	5.691003E-22	0.000000E+00	0.000000E+00	0.000000E+00	3.171204E-22	1.737079E-22	5.163675E-22	0.000000E+00	0.000000E+00	0.000000E+00	0.000000E+00	0.000000E+00	0.000000E+00	0.000000E+00	0.000000E+00	0.000000E+00	0.000000E+00	0.000000E+00	0.000000E+00	2.441217E-22	8.705042E-22	0.000000E+00	
6.729099E-06	1.017058E-05	2.123049E-06	2.959457E-07	4.050970E-08	6.338165E-09	9.938946E-10	1.501773E-10	2.203534E-11	2.888736E-12	3.610688E-13	4.073143E-14	4.311861E-15	4.350178E-16	4.733521E-17	2.805439E-18	2.959905E-19	1.951278E-20	1.043488E-21	1.588187E-22	0.000000E+00	6.181107E-22	0.000000E+00	2.479474E-22	2.384348E-22	3.453479E-23	8.801202E-22	7.030001E-22	9.051424E-22	1.518497E-21	9.147584E-22	1.919059E-21	1.320697E-21	1.450358E-21	9.758146E-22	1.477758E-21	1.540986E-21	5.893662E-23	0.000000E+00	0.000000E+00	0.000000E+00	
1.011168E-05	1.457778E-05	2.885744E-06	3.749876E-07	4.740721E-08	6.809454E-09	9.655697E-10	1.309116E-10	1.707600E-11	1.981392E-12	2.194116E-13	2.203632E-14	2.096578E-15	1.898649E-16	1.948215E-17	1.062931E-18	1.126752E-19	8.153519E-21	2.311970E-22	0.000000E+00	0.000000E+00	0.000000E+00	7.672100E-22	6.884211E-22	6.948317E-22	4.743881E-22	5.945361E-22	1.246975E-22	4.032505E-23	0.000000E+00	0.000000E+00	5.770619E-22	4.459537E-22	1.065512E-21	1.877183E-21	7.350534E-22	5.351859E-22	0.000000E+00	1.758483E-21	3.115369E-22	2.233233E-21	
1.635386E-05	2.225823E-05	4.127748E-06	4.905485E-07	5.632550E-08	7.323413E-09	9.289267E-10	1.118703E-10	1.279332E-11	1.280553E-12	1.196748E-13	9.824796E-15	7.364112E-16	4.908568E-17	3.516542E-18	1.384386E-19	9.785547E-21	1.361539E-21	5.492479E-22	0.000000E+00	0.000000E+00	0.000000E+00	0.000000E+00	0.000000E+00	0.000000E+00	0.000000E+00	0.000000E+00	3.159830E-22	2.467687E-21	2.971233E-21	2.122959E-21	1.671112E-21	1.502367E-21	6.301048E-22	3.079593E-21	1.080711E-21	1.938188E-21	2.750686E-21	5.033497E-21	5.188801E-21	1.522219E-21	
2.945268E-05	3.784088E-05	6.562795E-06	7.047533E-07	7.178854E-08	8.161368E-09	8.849587E-10	9.021892E-11	8.683351E-12	7.372113E-13	5.960131E-14	4.356705E-15	2.996192E-16	1.864462E-17	1.307700E-18	4.998487E-20	4.559420E-21	8.933551E-23	1.785056E-21	0.000000E+00	0.000000E+00	0.000000E+00	5.748905E-22	0.000000E+00	0.000000E+00	0.000000E+00	0.000000E+00	0.000000E+00	0.000000E+00	0.000000E+00	0.000000E+00	0.000000E+00	0.000000E+00	0.000000E+00	0.000000E+00	0.000000E+00	0.000000E+00	0.000000E+00	0.000000E+00	0.000000E+00	5.224680E-21	
5.912864E-05	7.039166E-05	1.115626E-05	1.045186E-06	9.232208E-08	9.117153E-09	8.512624E-10	7.380955E-11	5.848227E-12	3.892717E-13	2.307977E-14	1.143091E-15	4.911814E-17	1.730839E-18	5.540125E-20	3.520481E-21	2.243314E-21	8.999725E-22	0.000000E+00	0.000000E+00	0.000000E+00	0.000000E+00	0.000000E+00	0.000000E+00	0.000000E+00	0.000000E+00	0.000000E+00	0.000000E+00	0.000000E+00	0.000000E+00	0.000000E+00	0.000000E+00	7.361907E-22	1.336724E-21	8.506725E-21	3.099859E-21	5.207102E-21	7.048820E-21	1.061397E-20	0.000000E+00	0.000000E+00	
1.271522E-04	1.400527E-04	2.013850E-05	1.584888E-06	1.131384E-07	8.840437E-09	6.496890E-10	4.582384E-11	3.111965E-12	1.880807E-13	1.058472E-14	5.109957E-16	2.166999E-17	7.510535E-19	1.531277E-20	0.000000E+00	0.000000E+00	0.000000E+00	0.000000E+00	0.000000E+00	0.000000E+00	0.000000E+00	4.738091E-21	0.000000E+00	1.055482E-21	1.277167E-20	0.000000E+00	6.435465E-21	3.383169E-21	0.000000E+00	1.045887E-20	1.214301E-20	3.441071E-22	2.441175E-20	1.018921E-20	3.105236E-21	0.000000E+00	0.000000E+00	0.000000E+00	5.226954E-21	0.000000E+00	
2.874473E-04	2.335412E-04	2.204737E-05	8.427314E-07	3.059418E-08	1.494566E-09	7.538777E-11	3.473101E-12	1.328832E-13	3.881895E-15	9.116796E-17	1.604492E-18	1.259962E-20	1.193787E-20	0.000000E+00	1.852885E-22	8.999725E-21	4.049876E-21	1.737741E-20	1.585540E-20	1.741050E-20	1.551791E-20	4.837352E-21	5.704238E-21	1.273196E-20	0.000000E+00	4.420453E-21	1.022395E-20	0.000000E+00	2.041151E-20	2.024938E-21	1.974646E-20	3.726614E-20	2.843020E-20	1.413486E-20	1.018425E-20	0.000000E+00	0.000000E+00	0.000000E+00	6.402378E-22	8.836770E-20	
1.723495E-04	6.886827E-05	2.167001E-06	8.927633E-09	8.410135E-12	5.546699E-15	2.171581E-18	0.000000E+00	0.000000E+00	0.000000E+00	0.000000E+00	0.000000E+00	3.573420E-22	0.000000E+00	6.352747E-22	3.838118E-21	3.864588E-21	0.000000E+00	0.000000E+00	0.000000E+00	0.000000E+00	4.830735E-21	1.624583E-21	3.308722E-21	0.000000E+00	4.087927E-21	0.000000E+00	0.000000E+00	4.377440E-21	4.484973E-21	7.987256E-21	0.000000E+00	8.818573E-21	1.671732E-20	3.029053E-20	2.510245E-20	2.027585E-20	1.540955E-20	0.000000E+00	0.000000E+00	1.855449E-20	
1.995323E-04	7.976396E-05	2.512099E-06	1.035006E-08	9.751058E-12	6.430803E-15	2.507218E-18	6.564505E-21	0.000000E+00	0.000000E+00	0.000000E+00	0.000000E+00	0.000000E+00	3.189608E-21	6.154224E-21	7.173310E-21	6.220398E-21	4.202078E-21	3.725621E-21	2.249931E-21	0.000000E+00	0.000000E+00	0.000000E+00	2.316106E-21	0.000000E+00	0.000000E+00	2.671793E-21	0.000000E+00	4.916762E-21	0.000000E+00	1.522012E-21	4.504826E-21	0.000000E+00	0.000000E+00	0.000000E+00	0.000000E+00	0.000000E+00	0.000000E+00	0.000000E+00	0.000000E+00	0.000000E+00	
2.073522E-04	8.293327E-05	2.614715E-06	1.077270E-08	1.014839E-11	6.691648E-15	2.613944E-18	0.000000E+00	0.000000E+00	1.000558E-20	0.000000E+00	0.000000E+00	0.000000E+00	0.000000E+00	0.000000E+00	0.000000E+00	0.000000E+00	0.000000E+00	0.000000E+00	0.000000E+00	0.000000E+00	0.000000E+00	0.000000E+00	9.459637E-21	8.519960E-21	2.412059E-21	3.002666E-21	0.000000E+00	1.084103E-20	8.870685E-21	1.340860E-20	8.865722E-21	8.050122E-21	1.939739E-21	0.000000E+00	0.000000E+00	0.000000E+00	0.000000E+00	0.000000E+00	0.000000E+00	5.618955E-20	
2.181265E-04	8.729624E-05	2.755679E-06	1.135248E-08	1.069192E-11	7.047829E-15	2.745234E-18	6.035110E-21	0.000000E+00	0.000000E+00	5.082198E-21	0.000000E+00	0.000000E+00	0.000000E+00	0.000000E+00	0.000000E+00	0.000000E+00	0.000000E+00	0.000000E+00	0.000000E+00	0.000000E+00	0.000000E+00	0.000000E+00	0.000000E+00	0.000000E+00	0.000000E+00	3.442726E-21	0.000000E+00	4.428725E-21	0.000000E+00	1.869428E-22	0.000000E+00	0.000000E+00	1.828069E-21	0.000000E+00	0.000000E+00	0.000000E+00	0.000000E+00	0.000000E+00	0.000000E+00	0.000000E+00	
2.971903E-04	1.190385E-04	3.763955E-06	1.550333E-08	1.459417E-11	9.615026E-15	3.759979E-18	8.258571E-21	3.112846E-20	9.158544E-21	0.000000E+00	0.000000E+00	0.000000E+00	0.000000E+00	0.000000E+00	0.000000E+00	2.011703E-21	5.307191E-21	7.874759E-21	1.050850E-20	1.222242E-20	1.579584E-20	4.724856E-21	5.221164E-21	2.653595E-21	0.000000E+00	0.000000E+00	0.000000E+00	1.021899E-20	0.000000E+00	9.449711E-21	3.300451E-21	1.893251E-20	5.633100E-21	0.000000E+00	0.000000E+00	1.435820E-20	1.319270E-20	3.153792E-20	0.000000E+00	3.861279E-21	
7.238456E-04	2.904844E-04	9.219298E-06	3.795456E-08	3.568484E-11	2.348026E-14	9.106875E-18	4.319868E-20	0.000000E+00	0.000000E+00	1.567011E-20	0.000000E+00	2.874618E-20	0.000000E+00	0.000000E+00	1.384369E-20	0.000000E+00	0.000000E+00	4.233841E-20	0.000000E+00	0.000000E+00	1.168641E-20	7.887994E-21	0.000000E+00	0.000000E+00	0.000000E+00	0.000000E+00	3.758709E-21	5.161607E-21	2.623817E-21	1.606716E-20	2.570877E-21	1.535247E-21	1.065409E-21	1.212316E-20	0.000000E+00	0.000000E+00	0.000000E+00	0.000000E+00	0.000000E+00	0.000000E+00	
1.417517E-02	5.829989E-03	1.980305E-04	8.081430E-07	7.439794E-10	4.781165E-13	1.882886E-16	0.000000E+00	0.000000E+00	2.803679E-19	0.000000E+00	0.000000E+00	0.000000E+00	1.351018E-19	2.541099E-21	0.000000E+00	0.000000E+00	3.095905E-19	0.000000E+00	2.165228E-19	0.000000E+00	0.000000E+00	0.000000E+00	0.000000E+00	0.000000E+00	7.453361E-19	0.000000E+00	0.000000E+00	0.000000E+00	7.365481E-19	1.401945E-18	1.975307E-18	1.900715E-18	1.416689E-18	1.145586E-18	2.593430E-18	1.309142E-18	3.371985E-18	2.696794E-18	9.388037E-19	3.031994E-18	
5.549426E-02	2.323439E-02	1.020057E-03	4.103314E-06	3.523194E-09	2.062720E-12	8.266906E-16	3.794708E-19	2.981556E-19	0.000000E+00	0.000000E+00	0.000000E+00	0.000000E+00	1.206175E-18	1.122319E-18	2.801985E-18	1.340853E-18	2.504676E-18	0.000000E+00	1.125707E-18	0.000000E+00	0.000000E+00	0.000000E+00	1.077849E-18	5.713237E-19	0.000000E+00	0.000000E+00	8.472447E-19	0.000000E+00	0.000000E+00	1.814768E-19	0.000000E+00	0.000000E+00	0.000000E+00	0.000000E+00	0.000000E+00	0.000000E+00	0.000000E+00	0.000000E+00	0.000000E+00	1.515130E-18	
6.728276E-02	2.814138E-02	1.448236E-03	6.073578E-06	4.909181E-09	2.671415E-12	1.073455E-15	0.000000E+00	0.000000E+00	0.000000E+00	1.514495E-18	2.056596E-18	8.063754E-19	1.489084E-18	4.123356E-18	1.355253E-19	0.000000E+00	2.685094E-19	0.000000E+00	1.750394E-18	0.000000E+00	0.000000E+00	0.000000E+00	0.000000E+00	0.000000E+00	0.000000E+00	0.000000E+00	0.000000E+00	0.000000E+00	3.016284E-18	0.000000E+00	0.000000E+00	0.000000E+00	0.000000E+00	2.034467E-18	0.000000E+00	0.000000E+00	0.000000E+00	0.000000E+00	0.000000E+00	0.000000E+00	
6.883894E-02	2.874552E-02	1.581159E-03	7.203584E-06	5.516872E-09	2.848435E-12	1.137315E-15	0.000000E+00	0.000000E+00	3.903128E-18	4.690868E-18	4.202977E-18	2.331035E-18	3.642242E-20	0.000000E+00	2.535170E-18	0.000000E+00	2.735916E-18	8.343275E-20	1.033380E-19	0.000000E+00	7.375539E-19	2.024409E-19	0.000000E+00	0.000000E+00	0.000000E+00	0.000000E+00	0.000000E+00	0.000000E+00	0.000000E+00	3.129787E-19	0.000000E+00	0.000000E+00	0.000000E+00	0.000000E+00	0.000000E+00	0.000000E+00	0.000000E+00	0.000000E+00	0.000000E+00	2.435908E-18	
6.917110E-02	2.885397E-02	1.641682E-03	8.286075E-06	6.021676E-09	2.963587E-12	1.179070E-15	2.493665E-18	1.470449E-18	0.000000E+00	0.000000E+00	0.000000E+00	0.000000E+00	0.000000E+00	0.000000E+00	0.000000E+00	0.000000E+00	0.000000E+00	0.000000E+00	0.000000E+00	0.000000E+00	9.399948E-19	1.374099E-18	7.849878E-19	3.372462E-18	0.000000E+00	0.000000E+00	0.000000E+00	0.000000E+00	0.000000E+00	0.000000E+00	0.000000E+00	0.000000E+00	4.058558E-18	6.030980E-18	0.000000E+00	0.000000E+00	5.338372E-18	3.795184E-18	1.271576E-17	2.743820E-17	
6.926729E-02	2.887414E-02	1.676182E-03	9.433821E-06	6.528123E-09	3.068029E-12	1.195333E-15	4.133521E-19	0.000000E+00	0.000000E+00	0.000000E+00	0.000000E+00	0.000000E+00	0.000000E+00	5.590417E-20	2.423361E-18	0.000000E+00	3.342816E-18	2.166287E-18	2.302659E-18	7.981168E-19	0.000000E+00	0.000000E+00	0.000000E+00	0.000000E+00	0.000000E+00	0.000000E+00	0.000000E+00	0.000000E+00	0.000000E+00	0.000000E+00	0.000000E+00	0.000000E+00	0.000000E+00	0.000000E+00	0.000000E+00	0.000000E+00	0.000000E+00	8.964944E-18	1.688407E-17	1.405318E-17	
6.930026E-02	2.887403E-02	1.698401E-03	1.063926E-05	7.048950E-09	3.170733E-12	1.215729E-15	0.000000E+00	0.000000E+00	0.000000E+00	0.000000E+00	0.000000E+00	0.000000E+00	4.777266E-19	2.154005E-18	2.815538E-18	9.668881E-19	2.108265E-18	0.000000E+00	4.134368E-18	1.594540E-18	4.889498E-19	6.477684E-19	0.000000E+00	0.000000E+00	0.000000E+00	0.000000E+00	0.000000E+00	0.000000E+00	0.000000E+00	2.221132E-18	0.000000E+00	2.389798E-18	6.231092E-18	2.808126E-18	4.190113E-18	3.974437E-18	1.567170E-18	1.479602E-17	2.859149E-17	2.504041E-17	
6.930977E-02	2.886795E-02	1.713736E-03	1.188052E-05	7.581490E-09	3.273075E-12	1.242563E-15	2.866359E-18	0.000000E+00	3.083200E-19	2.131135E-18	1.917683E-18	1.910906E-18	8.199279E-19	0.000000E+00	0.000000E+00	2.570745E-19	1.497131E-18	1.175682E-18	1.609363E-19	0.000000E+00	0.000000E+00	0.000000E+00	0.000000E+00	0.000000E+00	0.000000E+00	0.000000E+00	0.000000E+00	0.000000E+00	0.000000E+00	0.000000E+00	0.000000E+00	0.000000E+00	8.379273E-19	0.000000E+00	1.101672E-19	0.000000E+00	1.905877E-18	9.209260E-18	5.023911E-18	8.049619E-18	
6.931060E-02	2.886077E-02	1.724850E-03	1.314304E-05	8.123377E-09	3.375365E-12	1.256834E-15	5.027988E-18	2.253108E-18	0.000000E+00	0.000000E+00	0.000000E+00	0.000000E+00	0.000000E+00	0.000000E+00	0.000000E+00	0.000000E+00	0.000000E+00	0.000000E+00	0.000000E+00	0.000000E+00	6.589916E-19	0.000000E+00	0.000000E+00	0.000000E+00	4.266928E-19	3.950773E-18	6.031933E-18	1.427886E-18	1.353770E-18	0.000000E+00	0.000000E+00	0.000000E+00	0.000000E+00	0.000000E+00	0.000000E+00	0.000000E+00	0.000000E+00	0.000000E+00	0.000000E+00	0.000000E+00	
6.930896E-02	2.885430E-02	1.733204E-03	1.441725E-05	8.673222E-09	3.477695E-12	1.276919E-15	2.907017E-18	7.352246E-19	0.000000E+00	1.016440E-18	1.585646E-18	0.000000E+00	0.000000E+00	1.650020E-18	5.299885E-18	3.217878E-18	4.336809E-19	2.296730E-18	9.135250E-19	6.812262E-19	6.500978E-20	5.869938E-19	0.000000E+00	2.106994E-19	0.000000E+00	0.000000E+00	1.398346E-18	0.000000E+00	1.064297E-18	0.000000E+00	2.551793E-18	0.000000E+00	1.447262E-18	1.863420E-18	2.933699E-18	0.000000E+00	1.529424E-19	1.028875E-17	1.186905E-18	0.000000E+00	
6.930693E-02	2.884893E-02	1.739649E-03	1.569480E-05	9.229686E-09	3.579869E-12	1.295852E-15	0.000000E+00	0.000000E+00	0.000000E+00	0.000000E+00	2.747775E-18	0.000000E+00	0.000000E+00	0.000000E+00	0.000000E+00	1.701689E-18	1.135448E-18	0.000000E+00	0.000000E+00	1.125919E-18	0.000000E+00	0.000000E+00	0.000000E+00	0.000000E+00	0.000000E+00	0.000000E+00	0.000000E+00	0.000000E+00	0.000000E+00	0.000000E+00	0.000000E+00	0.000000E+00	0.000000E+00	0.000000E+00	0.000000E+00	3.155198E-18	0.000000E+00	0.000000E+00	0.000000E+00	0.000000E+00	
