   0.4472450162570220E-23
   0.4474083911168765E-23
   0.4474121676289583E-23
   0.4474160143225527E-23
   0.4474199265516880E-23
   0.4474239087656573E-23
   0.4474279593964549E-23
   0.4474320775787010E-23
   0.4474362628175853E-23
   0.4474405136907550E-23
   0.4474448298626335E-23
   0.4474492115012833E-23
   0.4474536540548837E-23
   0.4474581576383464E-23
   0.4474627198213910E-23
   0.4474673383562282E-23
   0.4474720104571188E-23
   0.4474767331510809E-23
   0.4474815024723816E-23
   0.4474863151181541E-23
   0.4474911660000221E-23
   0.4474960501478464E-23
   0.4475009617398768E-23
   0.4475058991403350E-23
   0.4475108417823495E-23
   0.4475157945474645E-23
   0.4475207444004969E-23
   0.4475256810837141E-23
   0.4475305933420893E-23
   0.4475354686591565E-23
   0.4475402926062384E-23
   0.4475450500866740E-23
   0.4475497241349103E-23
   0.4475542938857307E-23
   0.4475587380021408E-23
   0.4475630318254586E-23
   0.4475671481417973E-23
   0.4475710558817567E-23
   0.4475747205277921E-23
   0.4475781029925174E-23
   0.4475811595032935E-23
   0.4475838419008089E-23
   0.4475860907428555E-23
   0.4475878462740866E-23
   0.4475890344008086E-23
   0.4475895748090681E-23
   0.4475893770751713E-23
   0.4475883317527048E-23
   0.4475863207786144E-23
   0.4475832077896061E-23
   0.4475788321953030E-23
   0.4475730199137929E-23
   0.4475655589341099E-23
   0.4475562210304228E-23
   0.4475447447111224E-23
   0.4475308305818092E-23
   0.4475141643447295E-23
   0.4474944001503320E-23
   0.4474712171337934E-23
   0.4474443478847187E-23
   0.4474137181468380E-23
   0.4473796871769753E-23
   0.4583036544170056E-23
   0.4582835738268022E-23
   0.4582727011061095E-23
   0.4582941189409244E-23
   0.4583592190958582E-23
   0.4585055417829477E-23
   0.4587791665309909E-23
   0.4592482179435467E-23
   0.4600109677447436E-23
   0.4612039867479782E-23
   0.4554683051995731E-23
   0.4597901936343188E-23
   0.4631713059340142E-23
   0.4645796910875859E-23
   0.4667766132949989E-23
   0.4757695861264557E-23
   0.4833710256604309E-23
   0.4744437910124942E-23
   0.4968960474428249E-23
   0.5082684391411951E-23
   0.5063989018249278E-23
   0.5116928971980493E-23
   0.5072029013638527E-23
   0.5097389345341563E-23
   0.5250010695660098E-23
   0.5270621875026745E-23
   0.5257911679405951E-23
   0.5275219035533263E-23
   0.5260255578025844E-23
   0.5275499100064155E-23
   0.5290047631871889E-23
   0.5372597784952478E-23
   0.5386241219784741E-23
   0.5399573281253698E-23
   0.6182656922513586E-23
   0.6197421799294244E-23
   0.6211937666905471E-23
   0.6226284679739294E-23
   0.6240528616622718E-23
   0.5482453127304126E-23
   0.5495335558531399E-23
   0.5508308526455780E-23
   0.5524637596292698E-23
   0.5541581579729441E-23
   0.5554973627376029E-23
   0.5576013362010888E-23
   0.5589787496860271E-23
   0.5603777635496495E-23
   0.5633171650397979E-23
   0.5647648028559952E-23
   0.5662388887143356E-23
   0.5677409210291538E-23
   0.5692724726832650E-23
   0.5708350383465889E-23
   0.5698007679037202E-23
   0.5714265773691558E-23
   0.5788443192342878E-23
   0.5805477236601593E-23
   0.5822902231064271E-23
   0.5840735582617274E-23
   0.5858994971553283E-23
   0.5877698511221363E-23
   0.5869626142049767E-23
   0.5889236439289644E-23
   0.5881850847159369E-23
   0.5902424199296983E-23
   0.5923540838859443E-23
   0.5945224203620151E-23
   0.5967496817058751E-23
   0.5990382448898085E-23
   0.6028633966714726E-23
   0.6156626023878195E-23
   0.6181688407070661E-23
   0.6207485535237211E-23
   0.6234050050009926E-23
   0.6261415008887510E-23
   0.6289614573312710E-23
   0.6318686359072979E-23
   0.6273869445179290E-23
   0.6320068994755906E-23
   0.6351814261012620E-23
   0.6384591289043977E-23
   0.6418446189801131E-23
   0.6453428078422754E-23
   0.6489588217924198E-23
   0.6526981019491058E-23
   0.6565662662792362E-23
   0.6575418730136833E-23
   0.6586709599559731E-23
   0.6629403906069318E-23
   0.6673640262454574E-23
   0.6719491908985319E-23
   0.6767039206511434E-23
   0.6816363667877409E-23
   0.6867554459750552E-23
   0.6983126944611527E-23
   0.7006755050300716E-23
   0.7064173905955375E-23
   0.7123869184705213E-23
   0.7185960465498706E-23
   0.7250573919912998E-23
   0.7317843766669752E-23
   0.7387911856466986E-23
   0.7476915935249745E-23
   0.7777558734915160E-23
   0.7858126923785271E-23
   0.7942217286006167E-23
   0.8030030174898316E-23
   0.8121784502356451E-23
   0.8217710690695858E-23
   0.8119393583490066E-23
   0.8240107924349928E-23
   0.8348765973799777E-23
   0.8462648308886702E-23
   0.8582082149053341E-23
   0.8670236086970650E-23
   0.8874391678140230E-23
   0.9012833122548197E-23
   0.9158428717481165E-23
   0.9311666025362201E-23
   0.9393653665052633E-23
   0.9562885603306491E-23
   0.9741419716671197E-23
   0.9947674150050283E-23
   0.1004730077858336E-22
   0.1025694947274208E-22
   0.1047891911188875E-22
   0.1085438821405589E-22
   0.1112442517753603E-22
   0.1139110882300717E-22
   0.1158203459878383E-22
   0.1188212702621958E-22
   0.1228373976030394E-22
   0.1257080521587424E-22
   0.1293233752119416E-22
   0.1282764167875802E-22
   0.1323274649057919E-22
   0.1424149958981540E-22
   0.1471663187211839E-22
   0.1526195680891608E-22
   0.1581095453417626E-22
   0.1627142427955312E-22
   0.1692251610312906E-22
   0.1780275400051607E-22
   0.1838372197458657E-22
   0.1920495885814355E-22
   0.1992416228956964E-22
   0.2098057529559542E-22
   0.2192864248718054E-22
   0.2267073285890194E-22
   0.2429294738848442E-22
   0.2552675726026621E-22
   0.2664726269520614E-22
   0.2846266294305056E-22
   0.2995500047551052E-22
   0.3185654165391661E-22
   0.3601063852967669E-22
   0.3625248855622553E-22
   0.3873750745189469E-22
   0.4121864489304465E-22
   0.4405696928227935E-22
   0.4771718339472743E-22
   0.5082408819249989E-22
   0.5484793365340420E-22
   0.5901894082624594E-22
   0.6364661935516187E-22
   0.6937391038541085E-22
   0.7507451283816127E-22
   0.7992583794862542E-22
   0.8782403222285460E-22
   0.9439555036794040E-22
   0.1019246125341019E-21
   0.1095532817234330E-21
   0.1181123828084410E-21
   0.1266740863591715E-21
   0.1355724023949861E-21
   0.1422394296037641E-21
   0.1464241441104491E-21
   0.1497031081587314E-21
   0.1424009496893912E-21
   0.1288755942410337E-21
   0.1049964542144249E-21
   0.6975600350428119E-22
   0.4076722402275512E-22
   0.2383332884811357E-22
   0.1430012859818818E-22
   0.9090169824288559E-23
   0.6311801046181724E-23
   0.4469861626344084E-23
   0.3436538880096880E-23
   0.2752753481633841E-23
   0.2553690692364341E-23
   0.2394525423039734E-23
   0.2183740305394965E-23
   0.1913049816203219E-23
   0.1586615750086998E-23
   0.1232024334505015E-23
   0.8899560100558991E-24
   0.5967260862381207E-24
   0.3712435975230697E-24
   0.2150240336277597E-24
   0.1165976444460656E-24
   0.6036422034822434E-25
   0.3061137879331422E-25
   0.1570636085665019E-25
   0.8504544553971246E-26
   0.4849602281861032E-26
   0.3046809118470167E-26
   0.2032937212410297E-26
   0.1458631345754663E-26
   0.1156007460586008E-26
   0.9741488616917248E-27
   0.9032566289862764E-27
   0.8660654694732496E-27
   0.8514172236166411E-27
   0.9414009842961677E-27
   0.9325983143987286E-27
   0.9283452638499767E-27
   0.9263166574057924E-27
   0.9336250696844148E-27
   0.9839786099081026E-27
   0.1023620005397323E-26
   0.1066618823412968E-26
   0.1092880554613293E-26
   0.1148549526456353E-26
   0.1210643759112238E-26
   0.1229108260663536E-26
   0.1272498307580697E-26
   0.1337747609707008E-26
   0.1388632498060622E-26
   0.1741573611869932E-26
   0.1470523853425621E-26
