   0.1047290118497966E-19
   0.1047277049949331E-19
   0.1047276353760781E-19
   0.1047275619111632E-19
   0.1047274837855782E-19
   0.1047274012756771E-19
   0.1047273139630246E-19
   0.1047272214794344E-19
   0.1047271235239268E-19
   0.1047270196575073E-19
   0.1047269095969895E-19
   0.1047267930980684E-19
   0.1047266693512029E-19
   0.1047265381454668E-19
   0.1047263989205688E-19
   0.1047262511250228E-19
   0.1047260941989815E-19
   0.1047259274905656E-19
   0.1047257503216854E-19
   0.1047255620261707E-19
   0.1047253617358397E-19
   0.1047251485969443E-19
   0.1047249216980775E-19
   0.1047246805914207E-19
   0.1047244225849566E-19
   0.1047241480300495E-19
   0.1047238551319877E-19
   0.1047235424435913E-19
   0.1047232084138987E-19
   0.1047228513469778E-19
   0.1047224692908827E-19
   0.1047220602453655E-19
   0.1047216219779964E-19
   0.1047211518204722E-19
   0.1047206470190083E-19
   0.1047201044004815E-19
   0.1047195205082006E-19
   0.1047188913896614E-19
   0.1047182126469833E-19
   0.1047174793114644E-19
   0.1047166857170359E-19
   0.1047158256470057E-19
   0.1047148913376430E-19
   0.1047138748261193E-19
   0.1047127662940227E-19
   0.1047115544707590E-19
   0.1047102262938205E-19
   0.1047087663803833E-19
   0.1047071565388174E-19
   0.1047053751647156E-19
   0.1047033961811085E-19
   0.1047011881120043E-19
   0.1046987123698437E-19
   0.1046959212294987E-19
   0.1046927549553675E-19
   0.1046891374387121E-19
   0.1046849708561238E-19
   0.1046801264449234E-19
   0.1046744321994629E-19
   0.1046676520572277E-19
   0.1046594529649622E-19
   0.1046493508632695E-19
   0.1043244818528095E-19
   0.1043085947502934E-19
   0.1042871985570551E-19
   0.1042625623649007E-19
   0.1042284023176084E-19
   0.1041845077697340E-19
   0.1041272226131551E-19
   0.1040512416616171E-19
   0.1039488057476465E-19
   0.1038085741113606E-19
   0.1033320885509460E-19
   0.1027690393921401E-19
   0.1024231890979700E-19
   0.1016840913173568E-19
   0.1008343540257319E-19
   0.9955831210395539E-20
   0.9848874453426695E-20
   0.9717104900241827E-20
   0.9560110452067201E-20
   0.9450329303088374E-20
   0.9312910178007929E-20
   0.9217039583228944E-20
   0.9123159491290798E-20
   0.9074659268279237E-20
   0.8977134929967204E-20
   0.8938726183112242E-20
   0.8871944610387423E-20
   0.8841090361268035E-20
   0.8780443384347370E-20
   0.8754898800645873E-20
   0.8731359957787920E-20
   0.8680324465780886E-20
   0.8659853734067823E-20
   0.8640524968901239E-20
   0.8581029574159575E-20
   0.8561102727633342E-20
   0.8542156056665056E-20
   0.8524011831657236E-20
   0.8506525002946949E-20
   0.8444024600820822E-20
   0.8428712771283672E-20
   0.8413646158336716E-20
   0.8393505902691512E-20
   0.8372772299419285E-20
   0.8358198184180395E-20
   0.8331663297091372E-20
   0.8317279262494726E-20
   0.8302963099253807E-20
   0.8264447394941084E-20
   0.8250237131513689E-20
   0.8236065458774915E-20
   0.8221928322407830E-20
   0.8207822796895402E-20
   0.8193748351796685E-20
   0.8154251957421020E-20
   0.8140249290433585E-20
   0.8102894375934495E-20
   0.8088967426980190E-20
   0.8075082110236936E-20
   0.8061242679250230E-20
   0.8047453915920254E-20
   0.8033720920843089E-20
   0.7994600651885908E-20
   0.7980999734708785E-20
   0.7940355875979567E-20
   0.7926901569789618E-20
   0.7913526998574481E-20
   0.7900236040455596E-20
   0.7887031562414765E-20
   0.7873915373384105E-20
   0.7834458413040531E-20
   0.7796946833647754E-20
   0.7784103186860409E-20
   0.7771356989364170E-20
   0.7758708885338075E-20
   0.7746159528301077E-20
   0.7733709219381877E-20
   0.7721356919944945E-20
   0.7681070204074482E-20
   0.7642443796429351E-20
   0.7630458231590973E-20
   0.7618562405915256E-20
   0.7606753001657866E-20
   0.7595025908292989E-20
   0.7583376580364200E-20
   0.7571799757025279E-20
   0.7560289928373752E-20
   0.7521878618011958E-20
   0.7483512818570459E-20
   0.7472235954728949E-20
   0.7460997001557032E-20
   0.7449787490215305E-20
   0.7438597641355497E-20
   0.7427417872641579E-20
   0.7416237310284343E-20
   0.7378805819103502E-20
   0.7340780654183643E-20
   0.7329550691734126E-20
   0.7318270996075528E-20
   0.7306927360019870E-20
   0.7295505007432881E-20
   0.7283988379192078E-20
   0.7272361284480157E-20
   0.7234066545314731E-20
   0.7195945942899629E-20
   0.7183780390405356E-20
   0.7171429737776821E-20
   0.7158872943343444E-20
   0.7146087272532266E-20
   0.7133049430645331E-20
   0.7093571363167297E-20
   0.7053485091944588E-20
   0.7039701119423369E-20
   0.7025560676330688E-20
   0.7011034166559620E-20
   0.6969869015371187E-20
   0.6927459592373612E-20
   0.6911621487417824E-20
   0.6895263591189898E-20
   0.6878347381090536E-20
   0.6808757674274648E-20
   0.6790722849230281E-20
   0.6772007931315327E-20
   0.6725947171285932E-20
   0.6680462458540418E-20
   0.6659556283791861E-20
   0.6637774142763663E-20
   0.6586883268204596E-20
   0.6536517263069383E-20
   0.6511745613304604E-20
   0.6434869947882818E-20
   0.6407977703107146E-20
   0.6349601825835532E-20
   0.6291950048521839E-20
   0.6259866666168044E-20
   0.6171431684920861E-20
   0.6136375992467500E-20
   0.6040628399809327E-20
   0.6001902310026385E-20
   0.5904430077621334E-20
   0.5861801013499298E-20
   0.5764474166407810E-20
   0.5689299841192313E-20
   0.5610279122510272E-20
   0.5531851376835887E-20
   0.5449329570375083E-20
   0.5341360329882184E-20
   0.5250757255276909E-20
   0.5163029001158972E-20
   0.5042699325949843E-20
   0.4912787613609574E-20
   0.4757683990100356E-20
   0.4601732075852389E-20
   0.4463731837238442E-20
   0.4332948947464886E-20
   0.4162523368680650E-20
   0.4021076681385827E-20
   0.3865936362779036E-20
   0.3680638640939429E-20
   0.3524765877637981E-20
   0.3344665379809941E-20
   0.3159728061016084E-20
   0.2994205488224848E-20
   0.2827779230535819E-20
   0.2658289497088298E-20
   0.2485935448128958E-20
   0.2307334965734632E-20
   0.2130987583734128E-20
   0.1942904620911695E-20
   0.1766462570722356E-20
   0.1578786407340734E-20
   0.1399356448947819E-20
   0.1234106178042062E-20
   0.1076677740801316E-20
   0.9172232602516663E-21
   0.7767280410971465E-21
   0.6372119741207075E-21
   0.5141019156354304E-21
   0.3928111856162360E-21
   0.2861062752021733E-21
   0.1825765514286433E-21
   0.9349016065937752E-22
   0.4046873691558716E-22
   0.1873379857722930E-22
   0.8869151154884350E-23
   0.4214669306892979E-23
   0.2013566076602984E-23
   0.9924625535782293E-24
   0.4113736400540995E-24
   0.1514415778029856E-24
   0.2242375214093706E-25
   0.1734760096987393E-25
   0.1373948440889879E-25
   0.1099201378232145E-25
   0.8892895299174272E-26
   0.7267499572260565E-26
   0.5982658092365801E-26
   0.4925509162775709E-26
   0.4022276826501009E-26
   0.3267641685130482E-26
   0.2583451088429214E-26
   0.1973218933180705E-26
   0.1507225554171137E-26
   0.1108919932169776E-26
   0.7847912940242648E-27
   0.5453479733252970E-27
   0.3717160604441918E-27
   0.2539859367779509E-27
   0.1759804017979401E-27
   0.1268594563167022E-27
   0.9752667709697527E-28
   0.8076696651402665E-28
   0.7170293851225361E-28
   0.6695126429324091E-28
   0.6457983848687267E-28
   0.7381787734034711E-28
   0.7084703585733127E-28
   0.6905897841147826E-28
   0.6798910107145870E-28
   0.7705698273042488E-28
   0.1545718342408609E-27
   0.2185741392490914E-27
   0.2687971707042222E-27
   0.2990443500371708E-27
   0.3812827673186692E-27
   0.4663785870202578E-27
   0.4886499748457488E-27
   0.5341780123390716E-27
   0.6902414787749076E-27
   0.6971711031419201E-27
   0.9009471466591575E-27
   0.8011567115367488E-27
