   0.6352045660952594E+00   0.3583105601551839E+00   0.0000000000000000E+00   0.0000000000000000E+00   0.0000000000000000E+00 
   0.6352065744073404E+00   0.3583061441002894E+00   0.7829525520145509E-32   0.2004358533157250E-29   0.1681377802611117E-22 
   0.6352067517889800E+00   0.3583059092204597E+00   0.7829527706543021E-32   0.2004359092875013E-29   0.0000000000000000E+00 
   0.6352069427003516E+00   0.3583056613181373E+00   0.0000000000000000E+00   0.2004359695285083E-29   0.1681378777474601E-22 
   0.6352071446741715E+00   0.3583053977023319E+00   0.7829532549226893E-32   0.0000000000000000E+00   0.0000000000000000E+00 
   0.6352073619077797E+00   0.3583051193041853E+00   0.0000000000000000E+00   0.0000000000000000E+00   0.0000000000000000E+00 
   0.6352075944986526E+00   0.3583048246682545E+00   0.0000000000000000E+00   0.0000000000000000E+00   0.0000000000000000E+00 
   0.6352078431875813E+00   0.3583045126005545E+00   0.0000000000000000E+00   0.0000000000000000E+00   0.0000000000000000E+00 
   0.6352081092056485E+00   0.3583041820387884E+00   0.0000000000000000E+00   0.0000000000000000E+00   0.0000000000000000E+00 
   0.6352083933319236E+00   0.3583038316080118E+00   0.0000000000000000E+00   0.0000000000000000E+00   0.0000000000000000E+00 
   0.6352086972581094E+00   0.3583034602159077E+00   0.0000000000000000E+00   0.0000000000000000E+00   0.0000000000000000E+00 
   0.6352090234192559E+00   0.3583030671316841E+00   0.0000000000000000E+00   0.0000000000000000E+00   0.0000000000000000E+00 
   0.6352093710479266E+00   0.3583026496118213E+00   0.0000000000000000E+00   0.0000000000000000E+00   0.0000000000000000E+00 
   0.6352097431159992E+00   0.3583022068550717E+00   0.1565912915499042E-31   0.0000000000000000E+00   0.1681386190113099E-22 
   0.6352101410564905E+00   0.3583017370282597E+00   0.0000000000000000E+00   0.0000000000000000E+00   0.0000000000000000E+00 
   0.6352105666966921E+00   0.3583012382891180E+00   0.0000000000000000E+00   0.1002185565300609E-29   0.1681388370113042E-22 
   0.6352110220191434E+00   0.3583007086670715E+00   0.7829580341193523E-32   0.1002186283672771E-29   0.1681389575341535E-22 
   0.6352115092155384E+00   0.3583001461010101E+00   0.0000000000000000E+00   0.1002187052333149E-29   0.0000000000000000E+00 
   0.6352120303474865E+00   0.3582995481293568E+00   0.1565918553959985E-31   0.1002187874534390E-29   0.1681392244364436E-22 
   0.6352125884315108E+00   0.3582989126262135E+00   0.0000000000000000E+00   0.0000000000000000E+00   0.0000000000000000E+00 
   0.6352131856197017E+00   0.3582982365554014E+00   0.0000000000000000E+00   0.0000000000000000E+00   0.0000000000000000E+00 
   0.6352138250165391E+00   0.3582975170963337E+00   0.0000000000000000E+00   0.0000000000000000E+00   0.0000000000000000E+00 
   0.6352145097609319E+00   0.3582967511476626E+00   0.7829623330930155E-32   0.0000000000000000E+00   0.0000000000000000E+00 
   0.6352152467221875E+00   0.3582959371675548E+00   0.1565926482935791E-31   0.0000000000000000E+00   0.1681400758037381E-22 
   0.6352160300335398E+00   0.3582950660517120E+00   0.0000000000000000E+00   0.0000000000000000E+00   0.0000000000000000E+00 
   0.6352168731265171E+00   0.3582941389662194E+00   0.7829652461660076E-32   0.1002195515092490E-29   0.1681405063093796E-22 
   0.6352177775824189E+00   0.3582931498787524E+00   0.7829663609939787E-32   0.1002196942072293E-29   0.1681407457168634E-22 
   0.6352187481502687E+00   0.3582920938510059E+00   0.0000000000000000E+00   0.0000000000000000E+00   0.0000000000000000E+00 
   0.6352197902346406E+00   0.3582909656318616E+00   0.0000000000000000E+00   0.0000000000000000E+00   0.0000000000000000E+00 
   0.6352209097898565E+00   0.3582897594506442E+00   0.0000000000000000E+00   0.0000000000000000E+00   0.0000000000000000E+00 
   0.6352221129655962E+00   0.3582884686844517E+00   0.7829717047663188E-32   0.0000000000000000E+00   0.0000000000000000E+00 
   0.6352234073522701E+00   0.3582870865381089E+00   0.0000000000000000E+00   0.0000000000000000E+00   0.1681422359045351E-22 
   0.6352248012704911E+00   0.3582856054662301E+00   0.7829750183579327E-32   0.2004416046996308E-29   0.1681426048716160E-22 
   0.6352263025806320E+00   0.3582840163577871E+00   0.1565953737731105E-31   0.2004420784295815E-29   0.3362860045302029E-22 
   0.6352279214303072E+00   0.3582823098907413E+00   0.0000000000000000E+00   0.0000000000000000E+00   0.0000000000000000E+00 
   0.6352296685361613E+00   0.3582804752659186E+00   0.7829810177260616E-32   0.2004431405378718E-29   0.1681438932261116E-22 
   0.6352315562242402E+00   0.3582785006924063E+00   0.0000000000000000E+00   0.0000000000000000E+00   0.0000000000000000E+00 
   0.6352335979098747E+00   0.3582763727760911E+00   0.0000000000000000E+00   0.0000000000000000E+00   0.0000000000000000E+00 
   0.6352358089302296E+00   0.3582740765379187E+00   0.0000000000000000E+00   0.0000000000000000E+00   0.0000000000000000E+00 
   0.6352382064018371E+00   0.3582715950570393E+00   0.0000000000000000E+00   0.1002229173066250E-29   0.0000000000000000E+00 
   0.6352408098855797E+00   0.3582689090293354E+00   0.7829947504994798E-32   0.0000000000000000E+00   0.1681468423167473E-22 
   0.6352436424817446E+00   0.3582659972963121E+00   0.0000000000000000E+00   0.0000000000000000E+00   0.0000000000000000E+00 
   0.6352467269978056E+00   0.3582628333883426E+00   0.0000000000000000E+00   0.1002242616196348E-29   0.1681484085633122E-22 
   0.6352500949380444E+00   0.3582593901843875E+00   0.7830061952102491E-32   0.0000000000000000E+00   0.0000000000000000E+00 
   0.6352537787755927E+00   0.3582556341875976E+00   0.0000000000000000E+00   0.1002253741939965E-29   0.0000000000000000E+00 
   0.6352578175299970E+00   0.3582515269811486E+00   0.0000000000000000E+00   0.0000000000000000E+00   0.0000000000000000E+00 
   0.6352622564175716E+00   0.3582470239911544E+00   0.0000000000000000E+00   0.1002267117300616E-29   0.0000000000000000E+00 
   0.6352671485153063E+00   0.3582420727203609E+00   0.0000000000000000E+00   0.0000000000000000E+00   0.0000000000000000E+00 
   0.6352725564659744E+00   0.3582366110817880E+00   0.1566067762361921E-31   0.1002283367911630E-29   0.1681552455666088E-22 
   0.6352785547700360E+00   0.3582305653134339E+00   0.0000000000000000E+00   0.0000000000000000E+00   0.0000000000000000E+00 
   0.6352852332151182E+00   0.3582238463511079E+00   0.0000000000000000E+00   0.0000000000000000E+00   0.0000000000000000E+00 
   0.6352926998856931E+00   0.3582163466810913E+00   0.7830587098627007E-32   0.0000000000000000E+00   0.0000000000000000E+00 
   0.6353010871160554E+00   0.3582079344591163E+00   0.0000000000000000E+00   0.0000000000000000E+00   0.0000000000000000E+00 
   0.6353105582053942E+00   0.3581984465997679E+00   0.0000000000000000E+00   0.0000000000000000E+00   0.0000000000000000E+00 
   0.6353213176216496E+00   0.3581876789327545E+00   0.0000000000000000E+00   0.1002360299450441E-29   0.0000000000000000E+00 
   0.6353336241906041E+00   0.3581753712885686E+00   0.7831091529630408E-32   0.0000000000000000E+00   0.0000000000000000E+00 
   0.6353478114192533E+00   0.3581611891894050E+00   0.0000000000000000E+00   0.0000000000000000E+00   0.0000000000000000E+00 
   0.6353643145502467E+00   0.3581446923569551E+00   0.0000000000000000E+00   0.0000000000000000E+00   0.0000000000000000E+00 
   0.6353837164548429E+00   0.3581252925511827E+00   0.7831708964457158E-32   0.1002458747450516E-29   0.1681846693706676E-22 
   0.6354068115826795E+00   0.3581021823985336E+00   0.2349598090165826E-31   0.2004990370274838E-29   0.3363815652002093E-22 
   0.6354347167828573E+00   0.3580742226979759E+00   0.0000000000000000E+00   0.1002539211780364E-29   0.0000000000000000E+00 
   0.6354690502700335E+00   0.3580397576310297E+00   0.0000000000000000E+00   0.1002593380471911E-29   0.1682072570434743E-22 
   0.6364148882755029E+00   0.3569283925610766E+00   0.0000000000000000E+00   0.0000000000000000E+00   0.0000000000000000E+00 
   0.6364684777223893E+00   0.3568741475794087E+00   0.7845079679386304E-32   0.1004170198961447E-29   0.0000000000000000E+00 
   0.6365404206497288E+00   0.3568010606830198E+00   0.0000000000000000E+00   0.2008567409774035E-29   0.0000000000000000E+00 
   0.6366227529677730E+00   0.3567168955690670E+00   0.0000000000000000E+00   0.0000000000000000E+00   0.0000000000000000E+00 
   0.6367364133489666E+00   0.3566001534708237E+00   0.0000000000000000E+00   0.0000000000000000E+00   0.0000000000000000E+00 
   0.6368815696591924E+00   0.3564501141209793E+00   0.0000000000000000E+00   0.0000000000000000E+00   0.0000000000000000E+00 
   0.6370698574594799E+00   0.3562542691781760E+00   0.0000000000000000E+00   0.0000000000000000E+00   0.0000000000000000E+00 
   0.6373181718801059E+00   0.3559944682710559E+00   0.7855552968486574E-32   0.1005510779966281E-29   0.0000000000000000E+00 
   0.6376512958248425E+00   0.3556441651289125E+00   0.0000000000000000E+00   0.0000000000000000E+00   0.0000000000000000E+00 
   0.6381056481430971E+00   0.3551645596320424E+00   0.0000000000000000E+00   0.0000000000000000E+00   0.0000000000000000E+00 
   0.6398003815796092E+00   0.3535345155237095E+00   0.7886148565213113E-32   0.1009427016347279E-29   0.0000000000000000E+00 
   0.6416444542943577E+00   0.3516083300717618E+00   0.0000000000000000E+00   0.0000000000000000E+00   0.1698418728782272E-22 
   0.6427640707206949E+00   0.3504252644918357E+00   0.0000000000000000E+00   0.0000000000000000E+00   0.0000000000000000E+00 
   0.6452486168104210E+00   0.3478967728867556E+00   0.0000000000000000E+00   0.0000000000000000E+00   0.0000000000000000E+00 
   0.6480996753458482E+00   0.3449897361359328E+00   0.7988445258855777E-32   0.0000000000000000E+00   0.0000000000000000E+00 
   0.6523034149993308E+00   0.3406242227562092E+00   0.8040260350548897E-32   0.1029153324870259E-29   0.8633163814233252E-23 
   0.6558285628833530E+00   0.3369651315036415E+00   0.8083711152905580E-32   0.2069430055143828E-29   0.8679818758009980E-23 
   0.6604402663232006E+00   0.3324571792565964E+00   0.8140554786501971E-32   0.2083982025344505E-29   0.1748170828966111E-22 
   0.6654489176347742E+00   0.3270860783326375E+00   0.0000000000000000E+00   0.0000000000000000E+00   0.0000000000000000E+00 
   0.6690171454882200E+00   0.3233304047325462E+00   0.0000000000000000E+00   0.0000000000000000E+00   0.8854368195414782E-23 
   0.6737166936701616E+00   0.3186291070953626E+00   0.4152099693993366E-32   0.0000000000000000E+00   0.8916566197716557E-23 
   0.6768995751511530E+00   0.3153493947380326E+00   0.0000000000000000E+00   0.0000000000000000E+00   0.0000000000000000E+00 
   0.6801593943215427E+00   0.3121377083897713E+00   0.0000000000000000E+00   0.0000000000000000E+00   0.0000000000000000E+00 
   0.6817735616513885E+00   0.3104787258397552E+00   0.8403507953126056E-32   0.1075649018000135E-29   0.0000000000000000E+00 
   0.6848582985117238E+00   0.3071425882659081E+00   0.4220765135250628E-32   0.1080515874624161E-29   0.9064024109999231E-23 
   0.6861350929607363E+00   0.3058289232026093E+00   0.1268590196570882E-31   0.1082530301073819E-29   0.9080922343830247E-23 
   0.6884231129502884E+00   0.3035445196050703E+00   0.0000000000000000E+00   0.0000000000000000E+00   0.0000000000000000E+00 
   0.6894473041058741E+00   0.3024893729013139E+00   0.0000000000000000E+00   0.0000000000000000E+00   0.0000000000000000E+00 
   0.6915296592658340E+00   0.3004148859487393E+00   0.0000000000000000E+00   0.0000000000000000E+00   0.0000000000000000E+00 
   0.6923759077710268E+00   0.2995414603761476E+00   0.0000000000000000E+00   0.0000000000000000E+00   0.9163518840111944E-23 
   0.6931547992360214E+00   0.2987366908232059E+00   0.4271896268622004E-32   0.5468027223836166E-30   0.9173827382817970E-23 
   0.6947626218562972E+00   0.2969912798442422E+00   0.4281805240556892E-32   0.0000000000000000E+00   0.9195106738016632E-23 
   0.6954381214291115E+00   0.2962915557693901E+00   0.4285968328091944E-32   0.0000000000000000E+00   0.0000000000000000E+00 
   0.6960751228273898E+00   0.2956309410600500E+00   0.0000000000000000E+00   0.1098212902990883E-29   0.0000000000000000E+00 
   0.6969045446851543E+00   0.2935971193474949E+00   0.8590011718327623E-32   0.5497607499729679E-30   0.9223454850618476E-23 
   0.6975587203858720E+00   0.2929161693113589E+00   0.0000000000000000E+00   0.0000000000000000E+00   0.0000000000000000E+00 
   0.6981798459077723E+00   0.2922688033179932E+00   0.0000000000000000E+00   0.0000000000000000E+00   0.0000000000000000E+00 
   0.6987738434301710E+00   0.2916489434416577E+00   0.0000000000000000E+00   0.0000000000000000E+00   0.0000000000000000E+00 
   0.6993455445071718E+00   0.2910516299632830E+00   0.0000000000000000E+00   0.0000000000000000E+00   0.0000000000000000E+00 
   0.7026049985032311E+00   0.2889258621696527E+00   0.0000000000000000E+00   0.0000000000000000E+00   0.0000000000000000E+00 
   0.7031052079243149E+00   0.2884030193152570E+00   0.0000000000000000E+00   0.0000000000000000E+00   0.0000000000000000E+00 
   0.7035968294359178E+00   0.2878886272781789E+00   0.0000000000000000E+00   0.0000000000000000E+00   0.0000000000000000E+00 
   0.7042675098803955E+00   0.2871878335471967E+00   0.0000000000000000E+00   0.0000000000000000E+00   0.0000000000000000E+00 
   0.7049447944361783E+00   0.2864796922666047E+00   0.0000000000000000E+00   0.0000000000000000E+00   0.0000000000000000E+00 
   0.7054186604236783E+00   0.2859823575201688E+00   0.0000000000000000E+00   0.0000000000000000E+00   0.0000000000000000E+00 
   0.7062859322296057E+00   0.2850758820965256E+00   0.0000000000000000E+00   0.0000000000000000E+00   0.0000000000000000E+00 
   0.7067524802248247E+00   0.2845852079408068E+00   0.0000000000000000E+00   0.0000000000000000E+00   0.0000000000000000E+00 
   0.7072162542792222E+00   0.2840969410700705E+00   0.4358556676075941E-32   0.0000000000000000E+00   0.0000000000000000E+00 
   0.7084760862024477E+00   0.2827808288592140E+00   0.0000000000000000E+00   0.0000000000000000E+00   0.0000000000000000E+00 
   0.7089351926671343E+00   0.2822963728024031E+00   0.0000000000000000E+00   0.0000000000000000E+00   0.0000000000000000E+00 
   0.7093924267172690E+00   0.2818133381717679E+00   0.4371968374196212E-32   0.5596119518971151E-30   0.4694365296579755E-23 
   0.7098478959064425E+00   0.2813315921349052E+00   0.0000000000000000E+00   0.0000000000000000E+00   0.0000000000000000E+00 
   0.7103016676400187E+00   0.2808510409415787E+00   0.0000000000000000E+00   0.0000000000000000E+00   0.0000000000000000E+00 
   0.7107537291737173E+00   0.2803716730550418E+00   0.4380358048321785E-32   0.0000000000000000E+00   0.0000000000000000E+00 
   0.7121067660971059E+00   0.2790224173345157E+00   0.0000000000000000E+00   0.0000000000000000E+00   0.0000000000000000E+00 
   0.7125550319022032E+00   0.2785457608242040E+00   0.0000000000000000E+00   0.0000000000000000E+00   0.0000000000000000E+00 
   0.7137045990686065E+00   0.2772705837206022E+00   0.4398544188137971E-32   0.5630136560816602E-30   0.4722900859515864E-23 
   0.7141486057668522E+00   0.2767968235641561E+00   0.8802561181368165E-32   0.5633639156075625E-30   0.9451678098753848E-23 
   0.7145903693580661E+00   0.2763246477510694E+00   0.0000000000000000E+00   0.0000000000000000E+00   0.0000000000000000E+00 
   0.7150297076318464E+00   0.2758542112764396E+00   0.0000000000000000E+00   0.0000000000000000E+00   0.0000000000000000E+00 
   0.7154664189083063E+00   0.2753856877252667E+00   0.0000000000000000E+00   0.0000000000000000E+00   0.0000000000000000E+00 
   0.7159002896707785E+00   0.2749192621393255E+00   0.0000000000000000E+00   0.0000000000000000E+00   0.0000000000000000E+00 
   0.7172351516947347E+00   0.2735840683785410E+00   0.0000000000000000E+00   0.0000000000000000E+00   0.0000000000000000E+00 
   0.7176625729425882E+00   0.2731225657288755E+00   0.0000000000000000E+00   0.0000000000000000E+00   0.0000000000000000E+00 
   0.7190472047942043E+00   0.2717355716690606E+00   0.0000000000000000E+00   0.0000000000000000E+00   0.0000000000000000E+00 
   0.7194675167234399E+00   0.2712795350304862E+00   0.4434060910309111E-32   0.0000000000000000E+00   0.9522073299124811E-23 
   0.7198839472127302E+00   0.2708264777254088E+00   0.0000000000000000E+00   0.5678883022523094E-30   0.4763792355380141E-23 
   0.7202963132833364E+00   0.2703765473194069E+00   0.0000000000000000E+00   0.0000000000000000E+00   0.9533042330262364E-23 
   0.7207043423142263E+00   0.2699298575240454E+00   0.0000000000000000E+00   0.5685354798747145E-30   0.0000000000000000E+00 
   0.7211077560406965E+00   0.2694864869098543E+00   0.4444169665563722E-32   0.5688537171921564E-30   0.1431567252860358E-22 
   0.7223781741632651E+00   0.2681421296591754E+00   0.0000000000000000E+00   0.0000000000000000E+00   0.0000000000000000E+00 
   0.7234409991496787E+00   0.2668664636254931E+00   0.0000000000000000E+00   0.0000000000000000E+00   0.0000000000000000E+00 
   0.7238302822772469E+00   0.2664334903081388E+00   0.0000000000000000E+00   0.0000000000000000E+00   0.0000000000000000E+00 
   0.7242146456983735E+00   0.2660042304430693E+00   0.0000000000000000E+00   0.0000000000000000E+00   0.0000000000000000E+00 
   0.7245939930862012E+00   0.2655787286705167E+00   0.8931310520370129E-32   0.5716038733036883E-30   0.4794960824426306E-23 
   0.7249682256523690E+00   0.2651570309816392E+00   0.0000000000000000E+00   0.0000000000000000E+00   0.4797437287812865E-23 
   0.7253372535226843E+00   0.2647391725510368E+00   0.0000000000000000E+00   0.0000000000000000E+00   0.0000000000000000E+00 
   0.7257010248370915E+00   0.2643251446913278E+00   0.0000000000000000E+00   0.0000000000000000E+00   0.0000000000000000E+00 
   0.7271258758990965E+00   0.2629536016156964E+00   0.0000000000000000E+00   0.0000000000000000E+00   0.4811715419434971E-23 
   0.7283498990032193E+00   0.2616416255966571E+00   0.0000000000000000E+00   0.0000000000000000E+00   0.0000000000000000E+00 
   0.7286951188992854E+00   0.2612416866184024E+00   0.0000000000000000E+00   0.0000000000000000E+00   0.4822099798524098E-23 
   0.7290349865885409E+00   0.2608454135000964E+00   0.0000000000000000E+00   0.0000000000000000E+00   0.0000000000000000E+00 
   0.7293695061561170E+00   0.2604527276324199E+00   0.0000000000000000E+00   0.0000000000000000E+00   0.0000000000000000E+00 
   0.7296987014935642E+00   0.2600635255227512E+00   0.4497115454678203E-32   0.5756307781988099E-30   0.4828740951044763E-23 
   0.7300226058289803E+00   0.2596776908206293E+00   0.0000000000000000E+00   0.0000000000000000E+00   0.0000000000000000E+00 
   0.7303412693441199E+00   0.2592950851319666E+00   0.4501075584805197E-32   0.1152275349710130E-29   0.4832993108390599E-23 
   0.7306547450458329E+00   0.2589155635448526E+00   0.0000000000000000E+00   0.0000000000000000E+00   0.0000000000000000E+00 
   0.7319232932971441E+00   0.2576144697435118E+00   0.0000000000000000E+00   0.0000000000000000E+00   0.0000000000000000E+00 
   0.7331865262930897E+00   0.2563161237405696E+00   0.0000000000000000E+00   0.5783821868274159E-30   0.4851821439477956E-23 
   0.7334827938431379E+00   0.2559471185903930E+00   0.0000000000000000E+00   0.0000000000000000E+00   0.0000000000000000E+00 
   0.7337742541492477E+00   0.2555803977728721E+00   0.4522232987156627E-32   0.5788458223560483E-30   0.4855710696182526E-23 
   0.7340610200166164E+00   0.2552157287911253E+00   0.4524000318263807E-32   0.5790720407377673E-30   0.0000000000000000E+00 
   0.7343432326164286E+00   0.2548528387981449E+00   0.0000000000000000E+00   0.0000000000000000E+00   0.0000000000000000E+00 
   0.7346210222613361E+00   0.2544914637688266E+00   0.4527451598558302E-32   0.5795138046154626E-30   0.0000000000000000E+00 
   0.7348945450673423E+00   0.2541313003455595E+00   0.4529137312998495E-32   0.5797295760638073E-30   0.4863124159605463E-23 
   0.7359494604646705E+00   0.2528763327258410E+00   0.0000000000000000E+00   0.0000000000000000E+00   0.0000000000000000E+00 
   0.7371725884831717E+00   0.2515969372577774E+00   0.4543176839491807E-32   0.5815266354549512E-30   0.9756397972780975E-23 
   0.7374331578844685E+00   0.2512392957549487E+00   0.0000000000000000E+00   0.0000000000000000E+00   0.0000000000000000E+00 
   0.7376901351440854E+00   0.2508815072821656E+00   0.9092732934099590E-32   0.5819349077823738E-30   0.9763247645804966E-23 
   0.7379437175238238E+00   0.2505231762355175E+00   0.4547929289125018E-32   0.5821349490080023E-30   0.4883301890328120E-23 
   0.7381941064228797E+00   0.2501638921708852E+00   0.0000000000000000E+00   0.0000000000000000E+00   0.0000000000000000E+00 
   0.7384415105954195E+00   0.2498032231487846E+00   0.0000000000000000E+00   0.5825276385010740E-30   0.4886596008551218E-23 
   0.7386861432429829E+00   0.2494407206435039E+00   0.0000000000000000E+00   0.0000000000000000E+00   0.0000000000000000E+00 
   0.7397982658345248E+00   0.2481672627567455E+00   0.0000000000000000E+00   0.0000000000000000E+00   0.4895574261589359E-23 
   0.7405468272510436E+00   0.2469227353753169E+00   0.4563972191435988E-32   0.0000000000000000E+00   0.4900527825517755E-23 
   0.7407847826203628E+00   0.2465492237568037E+00   0.6848158056935741E-32   0.0000000000000000E+00   0.4902102482062986E-23 
   0.7410207603655016E+00   0.2461718644341956E+00   0.0000000000000000E+00   0.0000000000000000E+00   0.0000000000000000E+00 
   0.7412550009519346E+00   0.2457900787756270E+00   0.6852504973248575E-32   0.5847470910505451E-30   0.4905214125963331E-23 
   0.7414877608352843E+00   0.2454032403251090E+00   0.0000000000000000E+00   0.0000000000000000E+00   0.0000000000000000E+00 
   0.7417192898568586E+00   0.2450107094357964E+00   0.0000000000000000E+00   0.0000000000000000E+00   0.0000000000000000E+00 
   0.7431714397877752E+00   0.2436898123132865E+00   0.2290073807521043E-32   0.0000000000000000E+00   0.0000000000000000E+00 
   0.7442683250581291E+00   0.2423768296698741E+00   0.2293453846221414E-32   0.5871241846326820E-30   0.4925154632203193E-23 
   0.7444950915627282E+00   0.2419675073781458E+00   0.2294152624463960E-32   0.2936515359313869E-30   0.9853310494105279E-23 
   0.7447217325775299E+00   0.2415495792300250E+00   0.0000000000000000E+00   0.2937409300494353E-30   0.0000000000000000E+00 
   0.7449485027922488E+00   0.2411222325399003E+00   0.0000000000000000E+00   0.0000000000000000E+00   0.0000000000000000E+00 
   0.7461270348524068E+00   0.2397764768601579E+00   0.0000000000000000E+00   0.0000000000000000E+00   0.0000000000000000E+00 
   0.7471359533838177E+00   0.2384143867065049E+00   0.4604580816480641E-32   0.0000000000000000E+00   0.4944131004643333E-23 
   0.7473623709761009E+00   0.2379549645876506E+00   0.4605976222627567E-32   0.5895649564963286E-30   0.9891258621169508E-23 
   0.7475898058234709E+00   0.2374824649239748E+00   0.0000000000000000E+00   0.0000000000000000E+00   0.0000000000000000E+00 
   0.7478184780064092E+00   0.2369958288837173E+00   0.0000000000000000E+00   0.0000000000000000E+00   0.0000000000000000E+00 
   0.7499528751037794E+00   0.2346817006855036E+00   0.0000000000000000E+00   0.0000000000000000E+00   0.0000000000000000E+00 
   0.7501822465923016E+00   0.2341666602428752E+00   0.2311677523935685E-32   0.0000000000000000E+00   0.4964289682101012E-23 
   0.7504133279619692E+00   0.2336341072435038E+00   0.0000000000000000E+00   0.0000000000000000E+00   0.0000000000000000E+00 
   0.7515111517025527E+00   0.2321707231553534E+00   0.2315772528967816E-32   0.0000000000000000E+00   0.0000000000000000E+00 
   0.7527800056560873E+00   0.2307060641519928E+00   0.0000000000000000E+00   0.0000000000000000E+00   0.0000000000000000E+00 
   0.7530142013215828E+00   0.2301165641015226E+00   0.0000000000000000E+00   0.0000000000000000E+00   0.0000000000000000E+00 
   0.7532502637091748E+00   0.2295040944682287E+00   0.2321131581592131E-32   0.5942096848875855E-30   0.4984592116325479E-23 
   0.7541756872061490E+00   0.2279327150727131E+00   0.0000000000000000E+00   0.0000000000000000E+00   0.0000000000000000E+00 
   0.7552724980359976E+00   0.2263572587807309E+00   0.2327363072223484E-32   0.0000000000000000E+00   0.0000000000000000E+00 
   0.7555079637569446E+00   0.2256674961739774E+00   0.2328088656996042E-32   0.0000000000000000E+00   0.0000000000000000E+00 
   0.7576481400566956E+00   0.2231496804457386E+00   0.0000000000000000E+00   0.5976789976041408E-30   0.5013694820734076E-23 
   0.7578811994075578E+00   0.2224033260898148E+00   0.4670803507926814E-32   0.2989314245073161E-30   0.1003047415629387E-22 
   0.7589604377705715E+00   0.2206125871073150E+00   0.0000000000000000E+00   0.0000000000000000E+00   0.0000000000000000E+00 
   0.7602434621767505E+00   0.2187988600287634E+00   0.0000000000000000E+00   0.0000000000000000E+00   0.0000000000000000E+00 
   0.7605122273788524E+00   0.2179035409516909E+00   0.4687018469701011E-32   0.2999691820608647E-30   0.5032647760778453E-23 
   0.7633182490702261E+00   0.2151706063710079E+00   0.0000000000000000E+00   0.0000000000000000E+00   0.0000000000000000E+00 
   0.7635875805550317E+00   0.2141951537909359E+00   0.0000000000000000E+00   0.6023643900121646E-30   0.5052998740971164E-23 
   0.7649509687713079E+00   0.2110585347469706E+00   0.0000000000000000E+00   0.0000000000000000E+00   0.0000000000000000E+00 
   0.7651945166780221E+00   0.2099810269133457E+00   0.4715875305443587E-32   0.3018160195483896E-30   0.5063632552223554E-23 
   0.7672492717036685E+00   0.2068963883571947E+00   0.0000000000000000E+00   0.0000000000000000E+00   0.0000000000000000E+00 
   0.7674648536675055E+00   0.2057104201623251E+00   0.7094801006126481E-32   0.6054230191894597E-30   0.5078656382156856E-23 
   0.7697123277238552E+00   0.2025528923053505E+00   0.0000000000000000E+00   0.0000000000000000E+00   0.0000000000000000E+00 
   0.7707967148678997E+00   0.2002686462149184E+00   0.4750401517438074E-32   0.6080513942320735E-30   0.5100704790066325E-23 
   0.7715949278199202E+00   0.1978734158610354E+00   0.2377660442281108E-32   0.0000000000000000E+00   0.5105986920295126E-23 
   0.7728629677292939E+00   0.1954975319766246E+00   0.0000000000000000E+00   0.0000000000000000E+00   0.2557189052263473E-23 
   0.7738301668389082E+00   0.1930029956554795E+00   0.0000000000000000E+00   0.0000000000000000E+00   0.0000000000000000E+00 
   0.7759052649566190E+00   0.1895056616015748E+00   0.0000000000000000E+00   0.0000000000000000E+00   0.0000000000000000E+00 
   0.7766206224978222E+00   0.1868249339343765E+00   0.0000000000000000E+00   0.0000000000000000E+00   0.0000000000000000E+00 
   0.7775288251073418E+00   0.1841147127976601E+00   0.2395945675037529E-32   0.6133620928096074E-30   0.2572627079319708E-23 
   0.7797042285374880E+00   0.1803790944812595E+00   0.0000000000000000E+00   0.0000000000000000E+00   0.2579824885487301E-23 
   0.7806631262983514E+00   0.1762836656279713E+00   0.0000000000000000E+00   0.0000000000000000E+00   0.0000000000000000E+00 
   0.7830983148823436E+00   0.1712485130311650E+00   0.0000000000000000E+00   0.0000000000000000E+00   0.0000000000000000E+00 
   0.7857017752074726E+00   0.1661822969157461E+00   0.0000000000000000E+00   0.0000000000000000E+00   0.0000000000000000E+00 
   0.7863669717376346E+00   0.1618519555164414E+00   0.4846360634069189E-32   0.6203341611608562E-30   0.5203740106987248E-23 
   0.7875056881268330E+00   0.1575546765477716E+00   0.2426689257821989E-32   0.3106162250012146E-30   0.0000000000000000E+00 
   0.7888929302392435E+00   0.1520811122945644E+00   0.2430964027621039E-32   0.3111633955354931E-30   0.0000000000000000E+00 
   0.7848302367059157E+00   0.1480893546181104E+00   0.0000000000000000E+00   0.0000000000000000E+00   0.0000000000000000E+00 
   0.7889523313531879E+00   0.1426837679562983E+00   0.0000000000000000E+00   0.0000000000000000E+00   0.0000000000000000E+00 
   0.7895621492413272E+00   0.1364483623263409E+00   0.0000000000000000E+00   0.0000000000000000E+00   0.2612442009032504E-23 
   0.7889348075683913E+00   0.1314631609040646E+00   0.0000000000000000E+00   0.0000000000000000E+00   0.0000000000000000E+00 
   0.7883055650638841E+00   0.1254517231802850E+00   0.0000000000000000E+00   0.0000000000000000E+00   0.0000000000000000E+00 
   0.7861593841666451E+00   0.1191318984119720E+00   0.0000000000000000E+00   0.0000000000000000E+00   0.0000000000000000E+00 
   0.7839978971739903E+00   0.1138097785878493E+00   0.0000000000000000E+00   0.0000000000000000E+00   0.0000000000000000E+00 
   0.7800760703285397E+00   0.1081664897899685E+00   0.0000000000000000E+00   0.0000000000000000E+00   0.0000000000000000E+00 
   0.7755940163268508E+00   0.1024385061055182E+00   0.0000000000000000E+00   0.0000000000000000E+00   0.0000000000000000E+00 
   0.7699476669984805E+00   0.9655010365299019E-01   0.1186292213986772E-32   0.0000000000000000E+00   0.0000000000000000E+00 
   0.7618334647369133E+00   0.9038716640759444E-01   0.0000000000000000E+00   0.1502451591550053E-30   0.1260347744048951E-23 
   0.7531870441735148E+00   0.8421100109575319E-01   0.0000000000000000E+00   0.1485399533668643E-30   0.0000000000000000E+00 
   0.7448197874590697E+00   0.7722795070732968E-01   0.0000000000000000E+00   0.0000000000000000E+00   0.0000000000000000E+00 
   0.7287221858307513E+00   0.7127702120952920E-01   0.1122774303064611E-32   0.1437151107922702E-30   0.2411139456225849E-23 
   0.7139903269338962E+00   0.6421905037582870E-01   0.1100076280515858E-32   0.0000000000000000E+00   0.2362395823960467E-23 
   0.6954992478575507E+00   0.5767293851923437E-01   0.0000000000000000E+00   0.6858152078068004E-31   0.0000000000000000E+00 
   0.6746216843029406E+00   0.5122696574934348E-01   0.0000000000000000E+00   0.0000000000000000E+00   0.0000000000000000E+00 
   0.6494914364803306E+00   0.4528419417589416E-01   0.0000000000000000E+00   0.6404480031439611E-31   0.1074493448551491E-23 
   0.6210432456333695E+00   0.3914606651680708E-01   0.4784343134098975E-33   0.6123959211646689E-31   0.5137149323449310E-24 
   0.5885323809597286E+00   0.3362296089336721E-01   0.0000000000000000E+00   0.0000000000000000E+00   0.0000000000000000E+00 
   0.5527559106187061E+00   0.2780835457855242E-01   0.0000000000000000E+00   0.0000000000000000E+00   0.0000000000000000E+00 
   0.5118276656662314E+00   0.2274851401776695E-01   0.0000000000000000E+00   0.0000000000000000E+00   0.0000000000000000E+00 
   0.4605791756524717E+00   0.1795742802804503E-01   0.0000000000000000E+00   0.0000000000000000E+00   0.0000000000000000E+00 
   0.4157690318041095E+00   0.1301726661318171E-01   0.8007420283004235E-34   0.0000000000000000E+00   0.3439160824083026E-24 
   0.3581559702292686E+00   0.8404517421033930E-02   0.6897833078256118E-34   0.8829226340167831E-32   0.1481298374218852E-24 
   0.2935654302640553E+00   0.4362053815535565E-02   0.5653864527824671E-34   0.3618473297807789E-32   0.6070790810755361E-25 
   0.2221778887029844E+00   0.1914182170609674E-02   0.0000000000000000E+00   0.0000000000000000E+00   0.0000000000000000E+00 
   0.1543894887520234E+00   0.8988788578462001E-03   0.0000000000000000E+00   0.0000000000000000E+00   0.0000000000000000E+00 
   0.1009454807046396E+00   0.4305037374327543E-03   0.1215087025247683E-35   0.3110622784634068E-33   0.0000000000000000E+00 
   0.6410571301474728E-01   0.2059912667058947E-03   0.0000000000000000E+00   0.0000000000000000E+00   0.0000000000000000E+00 
   0.4103217424177467E-01   0.9797313918915359E-04   0.1234767078992945E-36   0.6322007444443878E-34   0.2121313688980859E-26 
   0.2716203672990285E-01   0.4863450215604314E-04   0.0000000000000000E+00   0.0000000000000000E+00   0.0000000000000000E+00 
   0.1889802156037638E-01   0.1999034096898599E-04   0.7108645627500873E-38   0.1455850624512179E-34   0.0000000000000000E+00 
   0.1378306122472812E-01   0.7467522594283749E-05   0.5184611394145798E-38   0.5309042067605297E-35   0.8907094552130068E-28 
   0.1045652339293211E-01   0.1104549521207140E-05   0.4916633671053116E-39   0.2013853151663356E-35   0.1689342465886844E-28 
   0.8107302171683057E-02   0.8564520894446068E-06   0.0000000000000000E+00   0.0000000000000000E+00   0.0000000000000000E+00 
   0.6434335632481560E-02   0.6800133667835225E-06   0.0000000000000000E+00   0.0000000000000000E+00   0.0000000000000000E+00 
   0.5156283128926644E-02   0.5451513206011558E-06   0.6061181689293539E-40   0.4965320039869267E-36   0.0000000000000000E+00 
   0.4177619041803506E-02   0.4418619770902525E-06   0.4910767583527640E-40   0.0000000000000000E+00   0.0000000000000000E+00 
   0.3419089067957851E-02   0.3616727414032465E-06   0.0000000000000000E+00   0.0000000000000000E+00   0.0000000000000000E+00 
   0.2817039749039184E-02   0.2980086045970129E-06   0.0000000000000000E+00   0.0000000000000000E+00   0.0000000000000000E+00 
   0.2318923157346033E-02   0.2453233099587224E-06   0.0000000000000000E+00   0.0000000000000000E+00   0.0000000000000000E+00 
   0.1894120424126300E-02   0.2003353642025775E-06   0.0000000000000000E+00   0.0000000000000000E+00   0.0000000000000000E+00 
   0.1539212788231125E-02   0.1627734596474455E-06   0.0000000000000000E+00   0.0000000000000000E+00   0.0000000000000000E+00 
   0.1216292096272464E-02   0.1285883385408565E-06   0.0000000000000000E+00   0.1171246684666331E-36   0.1965025861793092E-29 
   0.9294109496578017E-03   0.9821939638943244E-07   0.0000000000000000E+00   0.0000000000000000E+00   0.0000000000000000E+00 
   0.7099356989000124E-03   0.7500975210813704E-07   0.0000000000000000E+00   0.0000000000000000E+00   0.0000000000000000E+00 
   0.5223799322797364E-03   0.5518782820643830E-07   0.1535136648444398E-41   0.5030335769622604E-37   0.8439502975948466E-30 
   0.3697319016970098E-03   0.3904921911584399E-07   0.5432722022045204E-42   0.0000000000000000E+00   0.0000000000000000E+00 
   0.2568985674617786E-03   0.2712394437136256E-07   0.0000000000000000E+00   0.0000000000000000E+00   0.4150420203066979E-30 
   0.1750828922820140E-03   0.1848676748639743E-07   0.0000000000000000E+00   0.0000000000000000E+00   0.0000000000000000E+00 
   0.1195778633312816E-03   0.1262025548069761E-07   0.0000000000000000E+00   0.0000000000000000E+00   0.0000000000000000E+00 
   0.8282219781286849E-04   0.8738139346730417E-08   0.0000000000000000E+00   0.0000000000000000E+00   0.0000000000000000E+00 
   0.5970320668808342E-04   0.6298409560242841E-08   0.0000000000000000E+00   0.0000000000000000E+00   0.9645573257740012E-31 
   0.4587944590898587E-04   0.4838080189712724E-08   0.0000000000000000E+00   0.8836059870801035E-38   0.7412224252068053E-31 
   0.3798553563758226E-04   0.4004443408188917E-08   0.2790736409683539E-43   0.0000000000000000E+00   0.0000000000000000E+00 
   0.3371667371243117E-04   0.3553637255425932E-08   0.0000000000000000E+00   0.0000000000000000E+00   0.0000000000000000E+00 
   0.3147898466680906E-04   0.3317427592986923E-08   0.2312710540340966E-43   0.6062631918871422E-38   0.5085704261570016E-31 
   0.3035416893124462E-04   0.3197741686751961E-08   0.2230072131411466E-43   0.2923000144083636E-38   0.0000000000000000E+00 
   0.2985545486464921E-04   0.3619430102715672E-08   0.2193432408414058E-43   0.0000000000000000E+00   0.0000000000000000E+00 
   0.2959910442484589E-04   0.3473024877955476E-08   0.0000000000000000E+00   0.0000000000000000E+00   0.0000000000000000E+00 
   0.2948534671155404E-04   0.3384882914004993E-08   0.0000000000000000E+00   0.0000000000000000E+00   0.0000000000000000E+00 
   0.2943733703200452E-04   0.3332136380081572E-08   0.0000000000000000E+00   0.0000000000000000E+00   0.0000000000000000E+00 
   0.2941882031837181E-04   0.3786315726272319E-08   0.4322707136512749E-43   0.0000000000000000E+00   0.4752866760066064E-31 
   0.2941070027691057E-04   0.7648156137018616E-08   0.8643028007308967E-43   0.0000000000000000E+00   0.9503109793229840E-31 
   0.2940635026297414E-04   0.1085907929397828E-07   0.0000000000000000E+00   0.0000000000000000E+00   0.0000000000000000E+00 
   0.2940816656970415E-04   0.1328751025532520E-07   0.8642283417682019E-43   0.1132761372122418E-37   0.1900458221655418E-30 
   0.2940927021740649E-04   0.1474507466507050E-07   0.2592782325177560E-42   0.1132803883085577E-37   0.3801059086433096E-30 
   0.2940782650095869E-04   0.1877577759160496E-07   0.0000000000000000E+00   0.0000000000000000E+00   0.0000000000000000E+00 
   0.2940653730368603E-04   0.2308783963109688E-07   0.1728360923886390E-42   0.0000000000000000E+00   0.0000000000000000E+00 
   0.2940698346165461E-04   0.2394548285940317E-07   0.1728387146694972E-42   0.0000000000000000E+00   0.3800763530179409E-30 
   0.2940826739715029E-04   0.2632282256427599E-07   0.0000000000000000E+00   0.0000000000000000E+00   0.0000000000000000E+00 
   0.2939667661070195E-04   0.3399251030510480E-07   0.0000000000000000E+00   0.2264637590000751E-37   0.0000000000000000E+00 
   0.2940409434891110E-04   0.3419436906776173E-07   0.0000000000000000E+00   0.0000000000000000E+00   0.3800390121109267E-30 
   0.2941136767264145E-04   0.4409265068805311E-07   0.3457289654914728E-42   0.4531538696489832E-37   0.0000000000000000E+00 
   0.2940206616794933E-04   0.3929851060953221E-07   0.0000000000000000E+00   0.0000000000000000E+00   0.0000000000000000E+00 
