   0.1151216044867964E-02   0.2643141973052249E-02   0.2669191354372110E-02   0.4630308904303629E-20   0.0000000000000000E+00 
   0.1151641179402133E-02   0.2644117427833259E-02   0.2670164590889370E-02   0.0000000000000000E+00   0.0000000000000000E+00 
   0.1151651178022627E-02   0.2644140346501812E-02   0.2670187020882333E-02   0.4632036110373156E-20   0.0000000000000000E+00 
   0.1151661374372990E-02   0.2644163716905407E-02   0.2670209863038156E-02   0.4632075735197104E-20   0.2261755730076711E-23 
   0.1151671757571483E-02   0.2644187513929287E-02   0.2670233089212408E-02   0.0000000000000000E+00   0.0000000000000000E+00 
   0.1151682340251804E-02   0.2644211766433728E-02   0.2670256725482599E-02   0.4632157028579620E-20   0.0000000000000000E+00 
   0.1151693119618967E-02   0.2644236467852311E-02   0.2670280762012359E-02   0.0000000000000000E+00   0.0000000000000000E+00 
   0.1151704094765058E-02   0.2644261615942733E-02   0.2670305193106284E-02   0.1389672331951276E-19   0.0000000000000000E+00 
   0.1151715265866255E-02   0.2644287210935636E-02   0.2670330015260001E-02   0.0000000000000000E+00   0.0000000000000000E+00 
   0.1151726630750075E-02   0.2644313247669265E-02   0.2670355219370636E-02   0.9264655776478878E-20   0.6785636555038241E-23 
   0.1151738190221305E-02   0.2644339727796961E-02   0.2670380802806605E-02   0.9264744536852821E-20   0.4523801043385167E-23 
   0.1151749946449572E-02   0.2644366656099508E-02   0.2670406765869146E-02   0.9264834614321019E-20   0.6785767539785903E-23 
   0.1151761889603366E-02   0.2644394009790585E-02   0.2670433080665713E-02   0.0000000000000000E+00   0.0000000000000000E+00 
   0.1151774021986971E-02   0.2644421793933120E-02   0.2670459747062413E-02   0.4632509214880255E-20   0.2261967390078249E-23 
   0.1151786339517724E-02   0.2644449998913186E-02   0.2670486749719232E-02   0.0000000000000000E+00   0.0000000000000000E+00 
   0.1151798838753725E-02   0.2644478616570797E-02   0.2670514074282415E-02   0.0000000000000000E+00   0.0000000000000000E+00 
   0.1151811515029812E-02   0.2644507635924558E-02   0.2670541703139383E-02   0.0000000000000000E+00   0.0000000000000000E+00 
   0.1151824363401330E-02   0.2644537045333926E-02   0.2670569617475084E-02   0.0000000000000000E+00   0.0000000000000000E+00 
   0.1151837376579851E-02   0.2644566827757699E-02   0.2670597792461236E-02   0.4632748685474343E-20   0.2262084319079269E-23 
   0.1151850549198552E-02   0.2644596970553394E-02   0.2670626207154963E-02   0.0000000000000000E+00   0.0000000000000000E+00 
   0.1151863871583896E-02   0.2644627451165164E-02   0.2670654829813162E-02   0.4632847629507736E-20   0.2262132631595574E-23 
   0.1151877334669903E-02   0.2644658248402067E-02   0.2670683629310723E-02   0.0000000000000000E+00   0.0000000000000000E+00 
   0.1151890927401680E-02   0.2644689336506782E-02   0.2670712569327016E-02   0.0000000000000000E+00   0.0000000000000000E+00 
   0.1151904649956658E-02   0.2644720715464816E-02   0.2670741638358383E-02   0.0000000000000000E+00   0.0000000000000000E+00 
   0.1151918454042133E-02   0.2644752273970498E-02   0.2670770711804418E-02   0.4633048652718411E-20   0.2262230787460162E-23 
   0.1151932357420559E-02   0.2644784052327257E-02   0.2670799816731568E-02   0.9266198283437608E-20   0.4524510880584770E-23 
   0.1151946332111458E-02   0.2644815985800636E-02   0.2670828873126700E-02   0.4633149546529567E-20   0.4524560104032780E-23 
   0.1151960357827619E-02   0.2644848027282965E-02   0.2670857817325821E-02   0.0000000000000000E+00   0.0000000000000000E+00 
   0.1151974412255698E-02   0.2644880124984446E-02   0.2670886579484906E-02   0.0000000000000000E+00   0.0000000000000000E+00 
   0.1151988470494103E-02   0.2644912221134618E-02   0.2670915081981953E-02   0.0000000000000000E+00   0.0000000000000000E+00 
   0.1152002503473943E-02   0.2644944248352283E-02   0.2670943235466759E-02   0.4633347933565635E-20   0.2262376920686345E-23 
   0.1152016481188610E-02   0.2644976137065597E-02   0.2670970946301256E-02   0.0000000000000000E+00   0.0000000000000000E+00 
   0.1152030369732404E-02   0.2645007808703882E-02   0.2670998109299154E-02   0.0000000000000000E+00   0.0000000000000000E+00 
   0.1152044126171309E-02   0.2645039163924506E-02   0.2671024595605838E-02   0.0000000000000000E+00   0.0000000000000000E+00 
   0.1152057707548425E-02   0.2645070103277000E-02   0.2671050273058265E-02   0.4633533614188433E-20   0.2262467585052946E-23 
   0.1152071063762098E-02   0.2645100510843851E-02   0.2671074989113697E-02   0.0000000000000000E+00   0.0000000000000000E+00 
   0.1152084139602557E-02   0.2645130258924991E-02   0.2671098575351066E-02   0.4633617405309699E-20   0.2262508498686377E-23 
   0.1152096871687415E-02   0.2645159200992394E-02   0.2671120839656554E-02   0.0000000000000000E+00   0.0000000000000000E+00 
   0.1152109189821766E-02   0.2645187174800377E-02   0.2671141568464314E-02   0.4633691986472556E-20   0.0000000000000000E+00 
   0.1152121014345584E-02   0.2645213996300029E-02   0.2671160520018491E-02   0.0000000000000000E+00   0.0000000000000000E+00 
   0.1152132256466250E-02   0.2645239460368974E-02   0.2671177423387352E-02   0.0000000000000000E+00   0.2262575285570937E-23 
   0.1152142819092068E-02   0.2645263342762665E-02   0.2671191980243450E-02   0.0000000000000000E+00   0.2262587615707660E-23 
   0.1152152580082325E-02   0.2645285361585499E-02   0.2671203823283340E-02   0.0000000000000000E+00   0.0000000000000000E+00 
   0.1152161420799095E-02   0.2645305242905556E-02   0.2671212581552007E-02   0.9267630349085755E-20   0.0000000000000000E+00 
   0.1152169193781866E-02   0.2645322646229571E-02   0.2671217803000262E-02   0.0000000000000000E+00   0.2262609488433469E-23 
   0.1152175737079959E-02   0.2645337198078939E-02   0.2671218983052029E-02   0.4633826279375248E-20   0.4525220975952391E-23 
   0.1152180867192569E-02   0.2645348475614036E-02   0.2671215546420041E-02   0.4633820317769060E-20   0.4525215154071347E-23 
   0.1152184376737383E-02   0.2645355999645627E-02   0.2671206838269994E-02   0.0000000000000000E+00   0.0000000000000000E+00 
   0.1152186031653183E-02   0.2645359230858914E-02   0.2671192108238469E-02   0.0000000000000000E+00   0.2262587724123658E-23 
   0.1152185568599097E-02   0.2645357562185494E-02   0.2671170499715258E-02   0.9267484348385513E-20   0.4525138841985114E-23 
   0.1152182691545396E-02   0.2645350310195775E-02   0.2671141031133784E-02   0.0000000000000000E+00   0.2262544460133140E-23 
   0.1152177069511461E-02   0.2645336712824565E-02   0.2671102576258332E-02   0.0000000000000000E+00   0.0000000000000000E+00 
   0.1152168335063650E-02   0.2645315922103403E-02   0.2671053848557089E-02   0.0000000000000000E+00   0.0000000000000000E+00 
   0.1152156087469344E-02   0.2645287012054702E-02   0.2670993375642222E-02   0.9266869825810203E-20   0.2262419391066944E-23 
   0.1152139897594770E-02   0.2645248995723663E-02   0.2670919487086271E-02   0.9266613473384975E-20   0.0000000000000000E+00 
   0.1152119322422120E-02   0.2645200846575102E-02   0.2670830296068818E-02   0.4633152014940665E-20   0.0000000000000000E+00 
   0.1152093942667789E-02   0.2645141596761892E-02   0.2670723721968720E-02   0.0000000000000000E+00   0.0000000000000000E+00 
   0.1152063416799790E-02   0.2645070453768517E-02   0.2670597523096917E-02   0.0000000000000000E+00   0.0000000000000000E+00 
   0.1152027616081661E-02   0.2644987111268362E-02   0.2670449454478740E-02   0.0000000000000000E+00   0.2261958671920766E-23 
   0.1151986841028947E-02   0.2644892244393876E-02   0.2670277551164548E-02   0.0000000000000000E+00   0.4523626128299806E-23 
   0.1151942265311937E-02   0.2644788531983874E-02   0.2670080776186288E-02   0.0000000000000000E+00   0.0000000000000000E+00 
   0.1151896813693015E-02   0.2644682663092931E-02   0.2669860447253573E-02   0.0000000000000000E+00   0.0000000000000000E+00 
   0.1183553860406457E-02   0.2713930804836559E-02   0.2734207741941777E-02   0.4743094358143936E-20   0.0000000000000000E+00 
   0.1183569958033130E-02   0.2713965884236498E-02   0.2734060108885954E-02   0.0000000000000000E+00   0.0000000000000000E+00 
   0.1183633250128028E-02   0.2714108911560056E-02   0.2733957743637570E-02   0.0000000000000000E+00   0.0000000000000000E+00 
   0.1183793694235531E-02   0.2714474542067526E-02   0.2734042344786773E-02   0.0000000000000000E+00   0.0000000000000000E+00 
   0.1184107473885164E-02   0.2715191390701044E-02   0.2734370812468973E-02   0.0000000000000000E+00   0.0000000000000000E+00 
   0.1184672541965751E-02   0.2716484111835010E-02   0.2735166702132542E-02   0.0000000000000000E+00   0.2316776312939152E-23 
   0.1185623717379200E-02   0.2718661810155777E-02   0.2736698346294229E-02   0.0000000000000000E+00   0.0000000000000000E+00 
   0.1187160142480865E-02   0.2722181118356108E-02   0.2739362565350914E-02   0.0000000000000000E+00   0.0000000000000000E+00 
   0.1189570022603396E-02   0.2727702994797214E-02   0.2743731346565269E-02   0.0000000000000000E+00   0.0000000000000000E+00 
   0.1193257334956008E-02   0.2736154128134311E-02   0.2750598132330770E-02   0.0000000000000000E+00   0.0000000000000000E+00 
   0.1182715397740448E-02   0.2708542398516667E-02   0.2715230863521155E-02   0.0000000000000000E+00   0.2299890000804163E-23 
   0.1198619272993050E-02   0.2741475066881092E-02   0.2739687968739730E-02   0.1426710347197115E-19   0.2322119705724471E-23 
   0.1208944603301845E-02   0.2765104916588925E-02   0.2759207089366387E-02   0.4796692412345700E-20   0.2342134966965674E-23 
   0.1218236196888391E-02   0.2782778898062460E-02   0.2765921870798973E-02   0.0000000000000000E+00   0.0000000000000000E+00 
   0.1230191619544545E-02   0.2806474132647862E-02   0.2777096590989088E-02   0.0000000000000000E+00   0.0000000000000000E+00 
   0.1264663229893296E-02   0.2877612206502921E-02   0.2827514625717203E-02   0.4991861449378037E-20   0.2437432348329119E-23 
   0.1292477169998865E-02   0.2937115145713784E-02   0.2870244563105290E-02   0.5095082594916742E-20   0.2487833298299191E-23 
   0.1277466442734729E-02   0.2899341456933999E-02   0.2814256871457845E-02   0.1005911138043241E-19   0.2455837739363382E-23 
   0.1353657789581206E-02   0.3060007764057677E-02   0.2943195542939235E-02   0.0000000000000000E+00   0.2591927395010815E-23 
   0.1393100289366452E-02   0.3145118340381690E-02   0.3007830199435249E-02   0.0000000000000000E+00   0.0000000000000000E+00 
   0.1400833004611183E-02   0.3154171409859643E-02   0.2993038378304710E-02   0.0000000000000000E+00   0.0000000000000000E+00 
   0.1423481341187870E-02   0.3201003687811554E-02   0.3021822702178549E-02   0.5552856243935037E-20   0.2711355587858905E-23 
   0.1418953315005469E-02   0.3186684547163692E-02   0.2992817442377396E-02   0.0000000000000000E+00   0.0000000000000000E+00 
   0.1428703374179770E-02   0.3208837452905327E-02   0.3006657106802388E-02   0.5566445660148493E-20   0.2717991044994381E-23 
   0.1482819228726704E-02   0.3321238971315541E-02   0.3093728229385935E-02   0.0000000000000000E+00   0.0000000000000000E+00 
   0.1490839700676240E-02   0.3339437858967397E-02   0.3104941022007354E-02   0.1737900375154941E-19   0.5657227783707490E-23 
   0.1494092425889133E-02   0.3342231059526129E-02   0.3095492468349806E-02   0.0000000000000000E+00   0.0000000000000000E+00 
   0.1500792616964167E-02   0.3357428523720743E-02   0.3104923175253379E-02   0.1164842015802505E-19   0.0000000000000000E+00 
   0.1503081105358168E-02   0.3357988708635431E-02   0.3094292839617630E-02   0.0000000000000000E+00   0.0000000000000000E+00 
   0.1508922123417864E-02   0.3371224966937884E-02   0.3102625914158781E-02   0.0000000000000000E+00   0.0000000000000000E+00 
   0.1514458552808056E-02   0.3383773083741197E-02   0.3110594373194515E-02   0.0000000000000000E+00   0.0000000000000000E+00 
   0.1544173826481224E-02   0.3445395504303935E-02   0.3157540178317432E-02   0.0000000000000000E+00   0.0000000000000000E+00 
   0.1549319052827129E-02   0.3457040639233327E-02   0.3165035027913880E-02   0.1199401910856784E-19   0.2928227321427695E-23 
   0.1554314334683708E-02   0.3468346625775816E-02   0.3172372099060872E-02   0.0000000000000000E+00   0.2937803864530397E-23 
   0.1793990530261479E-02   0.3985491931513777E-02   0.3629895480573421E-02   0.6913726416913099E-20   0.3375842977008349E-23 
   0.1799651455580608E-02   0.3998244832370650E-02   0.3637979171766677E-02   0.0000000000000000E+00   0.0000000000000000E+00 
   0.1805180776242301E-02   0.4010701435774647E-02   0.3645941220483853E-02   0.1391491587154433E-19   0.3397196257701254E-23 
   0.1810613298620033E-02   0.4022940004446893E-02   0.3653823878559067E-02   0.0000000000000000E+00   0.3407562728593880E-23 
   0.1815977626694901E-02   0.4035024909335141E-02   0.3661661793864301E-02   0.6999652436374857E-20   0.0000000000000000E+00 
   0.1599807338879952E-02   0.3555333894583146E-02   0.3214801851111523E-02   0.0000000000000000E+00   0.0000000000000000E+00 
   0.1604515735448485E-02   0.3565940163088992E-02   0.3221949017149162E-02   0.0000000000000000E+00   0.3020468806073749E-23 
   0.1609241141718688E-02   0.3576584543642202E-02   0.3229152999330907E-02   0.6204385171671923E-20   0.1514742473552716E-23 
   0.1615947455560845E-02   0.3590694317747812E-02   0.3238254611587739E-02   0.0000000000000000E+00   0.0000000000000000E+00 
   0.1622832817840417E-02   0.3605131703544491E-02   0.3247567146428200E-02   0.0000000000000000E+00   0.1526832666046604E-23 
   0.1627673470572168E-02   0.3616028887693669E-02   0.3255020379365539E-02   0.3136405100646255E-20   0.1531447803049929E-23 
   0.1636784005019216E-02   0.3634383740118716E-02   0.3266506680042962E-02   0.0000000000000000E+00   0.0000000000000000E+00 
   0.1641742812543866E-02   0.3645539814877541E-02   0.3274181973601470E-02   0.9486005249214320E-20   0.4631838500592930E-23 
   0.1646766663897015E-02   0.3656841792452676E-02   0.3281982884714061E-02   0.0000000000000000E+00   0.3097465481103888E-23 
   0.1660442822338594E-02   0.3683235700787293E-02   0.3297894352263546E-02   0.0000000000000000E+00   0.0000000000000000E+00 
   0.1665628469494217E-02   0.3694887023392982E-02   0.3305974259192569E-02   0.0000000000000000E+00   0.0000000000000000E+00 
   0.1670895828935081E-02   0.3706721146493846E-02   0.3314207225971167E-02   0.6430136191722540E-20   0.3139714937364522E-23 
   0.1676249736605626E-02   0.3718748757834010E-02   0.3322601862776185E-02   0.3225500385737124E-20   0.0000000000000000E+00 
   0.1681695192613173E-02   0.3730980889844737E-02   0.3331167244774334E-02   0.0000000000000000E+00   0.1580131869637330E-23 
   0.1687236824092133E-02   0.3743427712012748E-02   0.3339912049438209E-02   0.3246905966325330E-20   0.0000000000000000E+00 
   0.1689404077696138E-02   0.3744206676650391E-02   0.3332493690653960E-02   0.6495163220894535E-20   0.0000000000000000E+00 
   0.1695150045478911E-02   0.3757094014415293E-02   0.3341603886003106E-02   0.0000000000000000E+00   0.0000000000000000E+00 
   0.1722268862304295E-02   0.3813038739149800E-02   0.3383684831939347E-02   0.0000000000000000E+00   0.3229769441216877E-23 
   0.1728276023329193E-02   0.3826492264791190E-02   0.3393238684914875E-02   0.0000000000000000E+00   0.0000000000000000E+00 
   0.1734404162371453E-02   0.3840214080632660E-02   0.3403019135845213E-02   0.0000000000000000E+00   0.0000000000000000E+00 
   0.1740658418432954E-02   0.3854215325119151E-02   0.3413036420782902E-02   0.0000000000000000E+00   0.0000000000000000E+00 
   0.1747043986596166E-02   0.3868507236168785E-02   0.3423300949208527E-02   0.0000000000000000E+00   0.0000000000000000E+00 
   0.1753566180568847E-02   0.3883101290663449E-02   0.3433823392670076E-02   0.0000000000000000E+00   0.0000000000000000E+00 
   0.1756566529218421E-02   0.3885533285827447E-02   0.3427703783179608E-02   0.0000000000000000E+00   0.0000000000000000E+00 
   0.1763377659291137E-02   0.3900747787864142E-02   0.3438752124388297E-02   0.3383359380736263E-20   0.0000000000000000E+00 
   0.1767066831463917E-02   0.3904118109150773E-02   0.3432946180749765E-02   0.0000000000000000E+00   0.1653458334211433E-23 
   0.1774199262225359E-02   0.3920004086661522E-02   0.3444550811972619E-02   0.3400061557528382E-20   0.3320372614773811E-23 
   0.1781499264714876E-02   0.3936257169080599E-02   0.3456471376839241E-02   0.0000000000000000E+00   0.0000000000000000E+00 
   0.1788973994930593E-02   0.3952892687397980E-02   0.3468721596947107E-02   0.0000000000000000E+00   0.1674115171593341E-23 
   0.1796630353282061E-02   0.3969925377448984E-02   0.3481314658160750E-02   0.0000000000000000E+00   0.0000000000000000E+00 
   0.1804475689495684E-02   0.3987370942294005E-02   0.3494264448886758E-02   0.0000000000000000E+00   0.0000000000000000E+00 
   0.1822104523333311E-02   0.4021138285402084E-02   0.3515075778728778E-02   0.0000000000000000E+00   0.1703018306600616E-23 
   0.1866839173208897E-02   0.4114468218840178E-02   0.3588265037941703E-02   0.0000000000000000E+00   0.0000000000000000E+00 
   0.1875429359844676E-02   0.4133482154533820E-02   0.3602463052435058E-02   0.0000000000000000E+00   0.0000000000000000E+00 
   0.1884247815560532E-02   0.4152991914934974E-02   0.3617088461395373E-02   0.0000000000000000E+00   0.0000000000000000E+00 
   0.1893304944524802E-02   0.4173019714658725E-02   0.3632160219511182E-02   0.0000000000000000E+00   0.0000000000000000E+00 
   0.1902611310430423E-02   0.4193588075399380E-02   0.3647697518563278E-02   0.0000000000000000E+00   0.0000000000000000E+00 
   0.1912177875416433E-02   0.4214720352766573E-02   0.3663720176297213E-02   0.3655687170310712E-20   0.3570007002256555E-23 
   0.1922016798017555E-02   0.4236442494958451E-02   0.3680249972999945E-02   0.0000000000000000E+00   0.0000000000000000E+00 
   0.1915041102523412E-02   0.4215523323160510E-02   0.3652496971447651E-02   0.0000000000000000E+00   0.0000000000000000E+00 
   0.1935677992215766E-02   0.4255264071225911E-02   0.3677821376080923E-02   0.0000000000000000E+00   0.0000000000000000E+00 
   0.1946409815396506E-02   0.4278843429906482E-02   0.3695896744392491E-02   0.0000000000000000E+00   0.0000000000000000E+00 
   0.1957467916052572E-02   0.4303125778776696E-02   0.3714571074533988E-02   0.0000000000000000E+00   0.0000000000000000E+00 
   0.1968867560414233E-02   0.4328143533286886E-02   0.3733870956521324E-02   0.0000000000000000E+00   0.0000000000000000E+00 
   0.1980625068107728E-02   0.4353931347633240E-02   0.3753824689758652E-02   0.3776433460765359E-20   0.0000000000000000E+00 
   0.1992757525849876E-02   0.4380525479731877E-02   0.3774461795732070E-02   0.0000000000000000E+00   0.0000000000000000E+00 
   0.2005283125970689E-02   0.4407964526522652E-02   0.3795813588409051E-02   0.0000000000000000E+00   0.0000000000000000E+00 
   0.2018220707990934E-02   0.4436288412169535E-02   0.3817912386934842E-02   0.3847866827397183E-20   0.0000000000000000E+00 
   0.2028198225730330E-02   0.4452095808014480E-02   0.3821920655024067E-02   0.0000000000000000E+00   0.0000000000000000E+00 
   0.2038716585554753E-02   0.4468990483842832E-02   0.3826812409235076E-02   0.0000000000000000E+00   0.0000000000000000E+00 
   0.2053019697672953E-02   0.4500150830226401E-02   0.3851222191936509E-02   0.0000000000000000E+00   0.0000000000000000E+00 
   0.2067823170073492E-02   0.4532380449348506E-02   0.3876523836074053E-02   0.0000000000000000E+00   0.0000000000000000E+00 
   0.2083152027856006E-02   0.4565732086502953E-02   0.3902759350684537E-02   0.3960141317738621E-20   0.1933662752802061E-23 
   0.2099033770393329E-02   0.4600263729052206E-02   0.3929974808401384E-02   0.0000000000000000E+00   0.0000000000000000E+00 
   0.2115496384543207E-02   0.4636034270441275E-02   0.3958216929592038E-02   0.8042237484367490E-20   0.3926873771663813E-23 
   0.2132570526329818E-02   0.4673108239478647E-02   0.3987536802458118E-02   0.4053275284402128E-20   0.1979138322461977E-23 
   0.2175902177516456E-02   0.4761163818231212E-02   0.4052942605447270E-02   0.0000000000000000E+00   0.0000000000000000E+00 
   0.2190956957792220E-02   0.4787153607297188E-02   0.4064872268819326E-02   0.0000000000000000E+00   0.0000000000000000E+00 
   0.2210200480317026E-02   0.4828728018454687E-02   0.4097761486748579E-02   0.4188253926360158E-20   0.2045045862480546E-23 
   0.2230201661767510E-02   0.4871908455963189E-02   0.4131962377575942E-02   0.8451413971369263E-20   0.4126666978207648E-23 
   0.2251002305248037E-02   0.4916782290978240E-02   0.4167543307211927E-02   0.4264628833213490E-20   0.2082338297467525E-23 
   0.2272646628532296E-02   0.4963441832487567E-02   0.4204576389798775E-02   0.4305099534230762E-20   0.2102099381948614E-23 
   0.2295181773439505E-02   0.5011985398827664E-02   0.4243138317650198E-02   0.4347204366299664E-20   0.2122658381982258E-23 
   0.2318657690696279E-02   0.5062517039794435E-02   0.4283310119662116E-02   0.0000000000000000E+00   0.0000000000000000E+00 
   0.2355005428256295E-02   0.5134019822577975E-02   0.4333015539892288E-02   0.0000000000000000E+00   0.2174341970790111E-23 
   0.2458203357152119E-02   0.5350641548319572E-02   0.4505410400046306E-02   0.4640941752703426E-20   0.2266084840187220E-23 
   0.2485417932447943E-02   0.5408903298358889E-02   0.4551574615315402E-02   0.0000000000000000E+00   0.0000000000000000E+00 
   0.2513836431757807E-02   0.5469692805628054E-02   0.4599760702090160E-02   0.0000000000000000E+00   0.0000000000000000E+00 
   0.2543530687781776E-02   0.5533158465458000E-02   0.4650082858539141E-02   0.0000000000000000E+00   0.0000000000000000E+00 
   0.2574579283399210E-02   0.5599462542230856E-02   0.4702665839932802E-02   0.0000000000000000E+00   0.2371464630092930E-23 
   0.2607065224495005E-02   0.5668776130164520E-02   0.4757640910275592E-02   0.0000000000000000E+00   0.0000000000000000E+00 
   0.2585864558479391E-02   0.5613568100846676E-02   0.4698443269250022E-02   0.0000000000000000E+00   0.0000000000000000E+00 
   0.2634262891991678E-02   0.5709177751650465E-02   0.4766108144462348E-02   0.0000000000000000E+00   0.0000000000000000E+00 
   0.2671356178016307E-02   0.5787902328820223E-02   0.4828342554290410E-02   0.5020205023232637E-20   0.0000000000000000E+00 
   0.2710278377622715E-02   0.5870431934821160E-02   0.4893566052964616E-02   0.0000000000000000E+00   0.0000000000000000E+00 
   0.2751149483988968E-02   0.5957011805535709E-02   0.4961964653312525E-02   0.1033376822573378E-19   0.5045785266471573E-23 
   0.2790420440305163E-02   0.6031580337264954E-02   0.5010525308120690E-02   0.0000000000000000E+00   0.0000000000000000E+00 
   0.2867436063867537E-02   0.6187134370748843E-02   0.5126073386035171E-02   0.0000000000000000E+00   0.2620353330556887E-23 
   0.2915302562589006E-02   0.6287945284501118E-02   0.5205277967760475E-02   0.0000000000000000E+00   0.0000000000000000E+00 
   0.2965724449273085E-02   0.6394027908341258E-02   0.5288565104783377E-02   0.5545935159325230E-20   0.2707976152014273E-23 
   0.3018884062485941E-02   0.6505751442746738E-02   0.5376211311458092E-02   0.0000000000000000E+00   0.0000000000000000E+00 
   0.3067361468557069E-02   0.6588738663493036E-02   0.5418917919623440E-02   0.0000000000000000E+00   0.0000000000000000E+00 
   0.3126614209848899E-02   0.6712661246564644E-02   0.5515617356341888E-02   0.0000000000000000E+00   0.0000000000000000E+00 
   0.3189249004776567E-02   0.6843507305259251E-02   0.5617613086725588E-02   0.0000000000000000E+00   0.2898338081165039E-23 
   0.3270983399463967E-02   0.7005159622968487E-02   0.5733548897973033E-02   0.1215201485092827E-19   0.5933601001429821E-23 
   0.3318507585155166E-02   0.7092802834087134E-02   0.5787834293092423E-02   0.6152025793382891E-20   0.0000000000000000E+00 
   0.3392952467432472E-02   0.7247347079424564E-02   0.5907448757654312E-02   0.0000000000000000E+00   0.0000000000000000E+00 
   0.3471961336084016E-02   0.7411157149540239E-02   0.6034061736137564E-02   0.6428154145730405E-20   0.0000000000000000E+00 
   0.3612983052512513E-02   0.7695931118236479E-02   0.6246828962695058E-02   0.6675156190152631E-20   0.0000000000000000E+00 
   0.3720420965461931E-02   0.7907774307396942E-02   0.6398593898816102E-02   0.0000000000000000E+00   0.0000000000000000E+00 
   0.3816692993130890E-02   0.8105984260998169E-02   0.6550468485988552E-02   0.0000000000000000E+00   0.0000000000000000E+00 
   0.3911457346526369E-02   0.8277079181284265E-02   0.6653941358804741E-02   0.7179221784146352E-20   0.7010958773580422E-23 
   0.4021008597889355E-02   0.8501386967794637E-02   0.6824620484530340E-02   0.7373777775698321E-20   0.0000000000000000E+00 
   0.4182062968057047E-02   0.8816985876143667E-02   0.7050246341560275E-02   0.0000000000000000E+00   0.0000000000000000E+00 
   0.4307076943585713E-02   0.9053654723054695E-02   0.7209542105411726E-02   0.0000000000000000E+00   0.0000000000000000E+00 
   0.4443622000253141E-02   0.9328601359928334E-02   0.7414331557065471E-02   0.0000000000000000E+00   0.0000000000000000E+00 
   0.4453534975216294E-02   0.9304210271046911E-02   0.7345143891198050E-02   0.8070115991304804E-20   0.0000000000000000E+00 
   0.4608685736373082E-02   0.9614491238222415E-02   0.7574228841780264E-02   0.0000000000000000E+00   0.0000000000000000E+00 
   0.5012407164981253E-02   0.1040434167094853E-01   0.8141461786879309E-02   0.0000000000000000E+00   0.0000000000000000E+00 
   0.5197740837374308E-02   0.1077177914865603E-01   0.8409541138012488E-02   0.9343029083605541E-20   0.2281012959864634E-23 
   0.5449781842213545E-02   0.1123565613840170E-01   0.8709615407919596E-02   0.0000000000000000E+00   0.0000000000000000E+00 
   0.5667643928810391E-02   0.1166404847034879E-01   0.9018711611937305E-02   0.1517542402983406E-19   0.4939916676378276E-23 
   0.5899502242335005E-02   0.1207611749379908E-01   0.9268485705387451E-02   0.0000000000000000E+00   0.0000000000000000E+00 
   0.6184372913951165E-02   0.1261215299440118E-01   0.9630047621350148E-02   0.1640894841149919E-19   0.1335363640258723E-22 
   0.6559142155027595E-02   0.1332526446673725E-01   0.1012093491383208E-01   0.0000000000000000E+00   0.0000000000000000E+00 
   0.6830269301113671E-02   0.1382154359605894E-01   0.1044042289625224E-01   0.1198827807516017E-19   0.5853651403886802E-23 
   0.7197127953714057E-02   0.1450499486029512E-01   0.1089525934775882E-01   0.0000000000000000E+00   0.0000000000000000E+00 
   0.7560971553100260E-02   0.1514827992106488E-01   0.1128561073633925E-01   0.0000000000000000E+00   0.0000000000000000E+00 
   0.8034818152822152E-02   0.1602864384670517E-01   0.1187056568832481E-01   0.0000000000000000E+00   0.3394197359491046E-23 
   0.8477259803506701E-02   0.1683669961033902E-01   0.1239243256972841E-01   0.0000000000000000E+00   0.3565309823245197E-23 
   0.8899560569228460E-02   0.1754590180279491E-01   0.1278734792632126E-01   0.0000000000000000E+00   0.0000000000000000E+00 
   0.9697645407279682E-02   0.1896448567234829E-01   0.1367371716870827E-01   0.0000000000000000E+00   0.0000000000000000E+00 
   0.1041465564561671E-01   0.2015309838190453E-01   0.1432849740005789E-01   0.0000000000000000E+00   0.0000000000000000E+00 
   0.1111677601745840E-01   0.2128180011517853E-01   0.1491461746494529E-01   0.0000000000000000E+00   0.0000000000000000E+00 
   0.1209127075937747E-01   0.2294634958014984E-01   0.1589343703170451E-01   0.0000000000000000E+00   0.0000000000000000E+00 
   0.1296412953015471E-01   0.2438431133148801E-01   0.1668612958459705E-01   0.0000000000000000E+00   0.5163578773469181E-23 
   0.1411803138567387E-01   0.2625436912767018E-01   0.1768946879537422E-01   0.1138601761818255E-19   0.5559578915128197E-23 
   0.1619990553068211E-01   0.2991274464078771E-01   0.1996091480103761E-01   0.1297258508981847E-19   0.0000000000000000E+00 
   0.1672183605260536E-01   0.3050915908035598E-01   0.2002291263934147E-01   0.0000000000000000E+00   0.0000000000000000E+00 
   0.1839083037148597E-01   0.3308845405755104E-01   0.2131119437017819E-01   0.4304948852806038E-19   0.2102025807034198E-22 
   0.2004683508037031E-01   0.3564464699677695E-01   0.2260325866034153E-01   0.0000000000000000E+00   0.0000000000000000E+00 
   0.2206974358366923E-01   0.3867974749720297E-01   0.2406164122652993E-01   0.0000000000000000E+00   0.0000000000000000E+00 
   0.2463945696541402E-01   0.4255080271430167E-01   0.2594860161151439E-01   0.1845346909753919E-19   0.0000000000000000E+00 
   0.2695165194244023E-01   0.4595193343978964E-01   0.2753724958583809E-01   0.0000000000000000E+00   0.0000000000000000E+00 
   0.2989351125725573E-01   0.5030245237907380E-01   0.2960235009649716E-01   0.2181521126029618E-19   0.0000000000000000E+00 
   0.3308993864143819E-01   0.5493576529746669E-01   0.3172530924553873E-01   0.0000000000000000E+00   0.1163310079739593E-22 
   0.3674115725757596E-01   0.6016062110809119E-01   0.3406895900060179E-01   0.0000000000000000E+00   0.0000000000000000E+00 
   0.4127236902659875E-01   0.6663079752617246E-01   0.3697383752013419E-01   0.0000000000000000E+00   0.0000000000000000E+00 
   0.4607389691395102E-01   0.7331327862846333E-01   0.3983166683777435E-01   0.0000000000000000E+00   0.0000000000000000E+00 
   0.5170600143621773E-01   0.8015495399578182E-01   0.4207336809171090E-01   0.0000000000000000E+00   0.0000000000000000E+00 
   0.5930391496229327E-01   0.9001985058701632E-01   0.4594557520348724E-01   0.1171196610879163E-18   0.1906244483852805E-22 
   0.6749712945194637E-01   0.9962768340721262E-01   0.4894880646857204E-01   0.4320662031591919E-19   0.2109698257613241E-22 
   0.7683968078651582E-01   0.1105612790656666E+00   0.5242595879760056E-01   0.4794831158230874E-19   0.0000000000000000E+00 
   0.8724823908875406E-01   0.1222978945524327E+00   0.5586928972027792E-01   0.5303825718566028E-19   0.5179517303287137E-22 
   0.9891775219657391E-01   0.1354309171234538E+00   0.5977812719937020E-01   0.0000000000000000E+00   0.0000000000000000E+00 
   0.1121642216725582E+00   0.1496678966067694E+00   0.6356273909090987E-01   0.0000000000000000E+00   0.0000000000000000E+00 
   0.1263374959026361E+00   0.1647474153639656E+00   0.6752726207330224E-01   0.0000000000000000E+00   0.0000000000000000E+00 
   0.1430913368102624E+00   0.1798592362013651E+00   0.6999037967777783E-01   0.0000000000000000E+00   0.0000000000000000E+00 
   0.1623491725542321E+00   0.1942105345587933E+00   0.7093616672289391E-01   0.1684507867905718E-18   0.1233770411063759E-21 
   0.1844817360131915E+00   0.2098160598115615E+00   0.7159944284077503E-01   0.0000000000000000E+00   0.4443027888086788E-22 
   0.2014931815734652E+00   0.2134123706225900E+00   0.6595709962971444E-01   0.0000000000000000E+00   0.0000000000000000E+00 
   0.2153367884865517E+00   0.2102548230942414E+00   0.5744276308137909E-01   0.1867748911145368E-18   0.9119867730201991E-22 
   0.2157549660630201E+00   0.1908350783819503E+00   0.4410454947079161E-01   0.0000000000000000E+00   0.0000000000000000E+00 
   0.2036689395790285E+00   0.1469269559946677E+00   0.2635148754469124E-01   0.0000000000000000E+00   0.0000000000000000E+00 
   0.1697299016322537E+00   0.9775615217479909E-01   0.1368924831990746E-01   0.0000000000000000E+00   0.0000000000000000E+00 
   0.1268251409170731E+00   0.6240766883547888E-01   0.7279174032535285E-02   0.0000000000000000E+00   0.0000000000000000E+00 
   0.9270584054637061E-01   0.4018392569222648E-01   0.3990246317595792E-02   0.0000000000000000E+00   0.0000000000000000E+00 
   0.7060551920452109E-01   0.2724483968148020E-01   0.2294217150613697E-02   0.0000000000000000E+00   0.0000000000000000E+00 
   0.5685495560204097E-01   0.1996886812316929E-01   0.1444976202975192E-02   0.6164226638029972E-20   0.3009876288100572E-23 
   0.4961122666729262E-01   0.1526375029588598E-01   0.8552238983384445E-03   0.0000000000000000E+00   0.0000000000000000E+00 
   0.4525663744083082E-01   0.1253530590582878E-01   0.5401987477635958E-03   0.0000000000000000E+00   0.0000000000000000E+00 
   0.4285998635236032E-01   0.1074495456453541E-01   0.3296873811721263E-03   0.9293778063185625E-20   0.4537977569914856E-23 
   0.4000346528940214E-01   0.1003774720172622E-01   0.3078901704681307E-03   0.0000000000000000E+00   0.2117765819029212E-23 
   0.3768625564218633E-01   0.9462193045264338E-02   0.2901884048693601E-03   0.0000000000000000E+00   0.0000000000000000E+00 
   0.3455160575895132E-01   0.8681557810266145E-02   0.2661905636767687E-03   0.0000000000000000E+00   0.0000000000000000E+00 
   0.3042239926026895E-01   0.7649440116641559E-02   0.2345007623787088E-03   0.6596806274040999E-20   0.0000000000000000E+00 
   0.2533922157676205E-01   0.6375264762967034E-02   0.1954069966511334E-03   0.0000000000000000E+00   0.0000000000000000E+00 
   0.1974702834294113E-01   0.4970904850167896E-02   0.1523408244336620E-03   0.0000000000000000E+00   0.0000000000000000E+00 
   0.1430686758461982E-01   0.3602974397218237E-02   0.1104064991565711E-03   0.3102307383341449E-20   0.1514798527022192E-23 
   0.9610537014823966E-02   0.2420946710709268E-02   0.7417978236289351E-04   0.0000000000000000E+00   0.0000000000000000E+00 
   0.5987035848972623E-02   0.1508482442232312E-02   0.4621835156862620E-04   0.0000000000000000E+00   0.0000000000000000E+00 
   0.3470561944209157E-02   0.8745523503784579E-03   0.2679400235100986E-04   0.0000000000000000E+00   0.0000000000000000E+00 
   0.1884079681104513E-02   0.4748639277424784E-03   0.1454724490202275E-04   0.0000000000000000E+00   0.9974234782174362E-25 
   0.9745973240651892E-03   0.2456095385260687E-03   0.7524602402741683E-05   0.0000000000000000E+00   0.0000000000000000E+00 
   0.4944206094538008E-03   0.1246076455853332E-03   0.3817445051639287E-05   0.0000000000000000E+00   0.0000000000000000E+00 
   0.2536899624755199E-03   0.6393477283782136E-04   0.1958685772038421E-05   0.0000000000000000E+00   0.0000000000000000E+00 
   0.1374541689199501E-03   0.3464070540663503E-04   0.1061239641078599E-05   0.0000000000000000E+00   0.0000000000000000E+00 
   0.7835796624948760E-04   0.1974771843210621E-04   0.6049830599903906E-06   0.0000000000000000E+00   0.0000000000000000E+00 
   0.4921664731042837E-04   0.1240321735073619E-04   0.3799803464952547E-06   0.0000000000000000E+00   0.2605507614082974E-26 
   0.3279216359064093E-04   0.8263771129186383E-05   0.2531697489659007E-06   0.0000000000000000E+00   0.0000000000000000E+00 
   0.2355660054416734E-04   0.5936448778266076E-05   0.1818683118467315E-06   0.0000000000000000E+00   0.0000000000000000E+00 
   0.1863999484724137E-04   0.4697308775028897E-05   0.1439073881638417E-06   0.0000000000000000E+00   0.0000000000000000E+00 
   0.1570557655641164E-04   0.3957852888406211E-05   0.1212531702346133E-06   0.0000000000000000E+00   0.0000000000000000E+00 
   0.1457437666947217E-04   0.3672644155606246E-05   0.1125164935320568E-06   0.1580157084766378E-23   0.7715610765460829E-27 
   0.1395497958799218E-04   0.3516487809713249E-05   0.1077338117697140E-06   0.3026003837258399E-23   0.1477540936161328E-26 
   0.1373137887083679E-04   0.3460098808162074E-05   0.1060056596683321E-06   0.0000000000000000E+00   0.0000000000000000E+00 
   0.1504648676667208E-04   0.3805635471666128E-05   0.1184109062967759E-06   0.0000000000000000E+00   0.0000000000000000E+00 
   0.1492929576618165E-04   0.3772442669936708E-05   0.1169363510330948E-06   0.0000000000000000E+00   0.0000000000000000E+00 
   0.1487652149218012E-04   0.3756804156635789E-05   0.1161648658240068E-06   0.0000000000000000E+00   0.0000000000000000E+00 
   0.1485373816173631E-04   0.3749597535963778E-05   0.1157608554272876E-06   0.0000000000000000E+00   0.0000000000000000E+00 
   0.1487808594914071E-04   0.3769894319922848E-05   0.1181493111395967E-06   0.0000000000000000E+00   0.0000000000000000E+00 
   0.1489087392245801E-04   0.3892831900618383E-05   0.1370579250305531E-06   0.3228943571387345E-23   0.7883163016082384E-27 
   0.1486150788600142E-04   0.3984453653478018E-05   0.1526825895567360E-06   0.0000000000000000E+00   0.0000000000000000E+00 
   0.1502770519635397E-04   0.4104271863516057E-05   0.1665943766829280E-06   0.0000000000000000E+00   0.0000000000000000E+00 
   0.1512716110631902E-04   0.4176798745160212E-05   0.1751279431247846E-06   0.0000000000000000E+00   0.0000000000000000E+00 
   0.1515357131311381E-04   0.4310169169255870E-05   0.1963714761802399E-06   0.1642953493859201E-23   0.8022233856734381E-27 
   0.1520184792111367E-04   0.4459971165146930E-05   0.2200605466507931E-06   0.1648187654186569E-23   0.1609558256041572E-26 
   0.1525630158564882E-04   0.4501335165600518E-05   0.2251890683984594E-06   0.0000000000000000E+00   0.0000000000000000E+00 
   0.1541971214348518E-04   0.4625748539149517E-05   0.2407974914538041E-06   0.1671808540506775E-23   0.1632625527838647E-26 
   0.1496193894234577E-04   0.4725209522706429E-05   0.2754588773211549E-06   0.0000000000000000E+00   0.0000000000000000E+00 
   0.1545885500111831E-04   0.4886712712479176E-05   0.2855166926418134E-06   0.0000000000000000E+00   0.0000000000000000E+00 
   0.1758928143550575E-04   0.5920076957666894E-05   0.3913805445661876E-06   0.0000000000000000E+00   0.0000000000000000E+00 
   0.1555857030391287E-04   0.5080914902171428E-05   0.3170312908271914E-06   0.3373727144854158E-23   0.8236638537241597E-27 
