   0.2097449415408957E+02
   0.2097448156732226E+02
   0.2097448082150609E+02
   0.2097448003149773E+02
   0.2097447919469346E+02
   0.2097447830829175E+02
   0.2097447736936648E+02
   0.2097447637480591E+02
   0.2097447532131267E+02
   0.2097447420541841E+02
   0.2097447302338123E+02
   0.2097447177130534E+02
   0.2097447044503607E+02
   0.2097446904018913E+02
   0.2097446755211891E+02
   0.2097446597585004E+02
   0.2097446430618002E+02
   0.2097446253756438E+02
   0.2097446066416558E+02
   0.2097445867980412E+02
   0.2097445657781200E+02
   0.2097445435125255E+02
   0.2097445199279831E+02
   0.2097444949456007E+02
   0.2097444684835548E+02
   0.2097444404531834E+02
   0.2097444107619163E+02
   0.2097443793110775E+02
   0.2097443459968614E+02
   0.2097443107091124E+02
   0.2097442733301031E+02
   0.2097442337360000E+02
   0.2097441917956424E+02
   0.2097441473705422E+02
   0.2097441003136628E+02
   0.2097440504679536E+02
   0.2097439976683041E+02
   0.2097439417403225E+02
   0.2097438824983820E+02
   0.2097438197473302E+02
   0.2097437532766278E+02
   0.2097436828676754E+02
   0.2097436082864867E+02
   0.2097435292861307E+02
   0.2097434456064876E+02
   0.2097433569666772E+02
   0.2097432630748290E+02
   0.2097431636195335E+02
   0.2097430582710638E+02
   0.2097429466828408E+02
   0.2097428284799541E+02
   0.2097427032735727E+02
   0.2097425706479999E+02
   0.2097424301648259E+02
   0.2097422813595085E+02
   0.2097421237345345E+02
   0.2097419567696785E+02
   0.2097417799105233E+02
   0.2097415925733455E+02
   0.2097413941402309E+02
   0.2097411839444205E+02
   0.2097409612922927E+02
   0.2097407254511521E+02
   0.2097404756321326E+02
   0.2097402110195079E+02
   0.2097399307194008E+02
   0.2097396338135181E+02
   0.2097393193127454E+02
   0.2097389861791298E+02
   0.2097386333112272E+02
   0.2097382595318916E+02
   0.2097378636029311E+02
   0.2097374442128983E+02
   0.2097369999770918E+02
   0.2097365294253473E+02
   0.2097360309849430E+02
   0.2097355030123544E+02
   0.2097349437566215E+02
   0.2097343513642376E+02
   0.2097337238840383E+02
   0.2097330592110324E+02
   0.2097323551596777E+02
   0.2097316093906172E+02
   0.2097308194424358E+02
   0.2097299826828220E+02
   0.2097290963549805E+02
   0.2097281575043729E+02
   0.2097271630275745E+02
   0.2097261096405371E+02
   0.2097249938297570E+02
   0.2097238119206745E+02
   0.2097225599775584E+02
   0.2097212338572558E+02
   0.2097198291774642E+02
   0.2097183412703547E+02
   0.2097167652363280E+02
   0.2097150958023989E+02
   0.2097133274516674E+02
   0.2097114543745128E+02
   0.2097094702976899E+02
   0.2097073687041686E+02
   0.2097051425889804E+02
   0.2097027845813846E+02
   0.2097002868960963E+02
   0.2096976412356849E+02
   0.2096948388883408E+02
   0.2096918704837809E+02
   0.2096887262619702E+02
   0.2096853958046358E+02
   0.2096818680354113E+02
   0.2096781313420801E+02
   0.2096741732593240E+02
   0.2096699807130944E+02
   0.2096655399231570E+02
   0.2096608360371047E+02
   0.2096558535701210E+02
   0.2096505759902275E+02
   0.2096449858407117E+02
   0.2096390646672731E+02
   0.2096327927743380E+02
   0.2096261495185023E+02
   0.2096191128208480E+02
   0.2096116594116862E+02
   0.2096037647335979E+02
   0.2095954025272715E+02
   0.2095865452961392E+02
   0.2095771635507355E+02
   0.2095672264199699E+02
   0.2095567010666133E+02
   0.2095455525667056E+02
   0.2095337442283411E+02
   0.2095212368613772E+02
   0.2095079892186211E+02
   0.2094939575832242E+02
   0.2094790955516054E+02
   0.2094633543289361E+02
   0.2094466814394617E+02
   0.2094290219984211E+02
   0.2094103182279591E+02
   0.2093905077545361E+02
   0.2093695258085818E+02
   0.2093473025478461E+02
   0.2093237655016671E+02
   0.2092988366524623E+02
   0.2092724341499975E+02
   0.2092444708577117E+02
   0.2092148548500003E+02
   0.2091834884486117E+02
   0.2091502692093221E+02
   0.2091150872564562E+02
   0.2090778277339910E+02
   0.2090383674139287E+02
   0.2089965771507722E+02
   0.2089523209288373E+02
   0.2089054519939429E+02
   0.2088558184771473E+02
   0.2088032568571337E+02
   0.2087475956438552E+02
   0.2086886534712691E+02
   0.2086262369541956E+02
   0.2085601436530074E+02
   0.2084901572697099E+02
   0.2084160501389858E+02
   0.2083375815967142E+02
   0.2082544985411478E+02
   0.2081665280026528E+02
   0.2080733869411340E+02
   0.2079747736252665E+02
   0.2078703701789550E+02
   0.2077598415046878E+02
   0.2076428279390613E+02
   0.2075189546187807E+02
   0.2073878251381572E+02
   0.2072490198331794E+02
   0.2071020965056007E+02
   0.2069465824966765E+02
   0.2067819853592266E+02
   0.2066077818658232E+02
   0.2064234232043289E+02
   0.2062283281831339E+02
   0.2060218813142770E+02
   0.2058034309592853E+02
   0.2055723018981375E+02
   0.2053277672507312E+02
   0.2050690803288667E+02
   0.2047954252989902E+02
   0.2045059706558555E+02
   0.2041998249276188E+02
   0.2038760593004586E+02
   0.2035336946353880E+02
   0.2031716911145510E+02
   0.2027889641099302E+02
   0.2023843765063514E+02
   0.2019567289555167E+02
   0.2015047762518440E+02
   0.2010271782727645E+02
   0.2005225684929431E+02
   0.1999894962055625E+02
   0.1994264465049210E+02
   0.1988318464639056E+02
   0.1982040186381498E+02
   0.1975412415683551E+02
   0.1968417204103537E+02
   0.1961035701576595E+02
   0.1953248543975003E+02
   0.1945035086954853E+02
   0.1936374422030589E+02
   0.1927244674596103E+02
   0.1917623222502809E+02
   0.1907486942595343E+02
   0.1896811296446042E+02
   0.1885571781151764E+02
   0.1873742933884162E+02
   0.1861298773043295E+02
   0.1848212901179798E+02
   0.1834457905216346E+02
   0.1820006602892022E+02
   0.1804831276523671E+02
   0.1788904385509165E+02
   0.1772198255440627E+02
   0.1754685233796921E+02
   0.1736337887826710E+02
   0.1717130237113684E+02
   0.1697036813604613E+02
   0.1676033788164630E+02
   0.1654097435526446E+02
   0.1631207878740874E+02
   0.1607347279114949E+02
   0.1582500482955772E+02
   0.1556656648373659E+02
   0.1529808267062885E+02
   0.1501954425097975E+02
   0.1473099593620620E+02
   0.1443255953223513E+02
   0.1412445135321628E+02
   0.1380696755078413E+02
   0.1348055043659725E+02
   0.1314577234670116E+02
   0.1280337626979031E+02
   0.1245431068969176E+02
   0.1209973949241478E+02
   0.1174112175233769E+02
   0.1138023562537756E+02
   0.1101923427343208E+02
   0.1066070471358729E+02
   0.1030768236459683E+02
   0.1000000000000000E+02
   0.1000000000000000E+02
   0.1000000000000000E+02
   0.1000000000000000E+02
   0.1000000000000000E+02
   0.1000000000000000E+02
   0.1000000000000000E+02
   0.1000000000000000E+02
   0.1000000000000000E+02
   0.1000000000000000E+02
   0.1000000000000000E+02
   0.1000000000000000E+02
   0.1000000000000000E+02
   0.1000000000000000E+02
   0.1000000000000000E+02
   0.1000000000000000E+02
   0.1000000000000000E+02
   0.1000000000000000E+02
   0.1000000000000000E+02
   0.1000000000000000E+02
   0.1000000000000000E+02
   0.1000000000000000E+02
   0.1000000000000000E+02
   0.1000000000000000E+02
   0.1000000000000000E+02
   0.1000000000000000E+02
   0.1000000000000000E+02
   0.1000000000000000E+02
   0.1000000000000000E+02
   0.1000000000000000E+02
   0.1000000000000000E+02
   0.1000000000000000E+02
   0.1000000000000000E+02
   0.1000000000000000E+02
   0.1000000000000000E+02
   0.1000000000000000E+02
   0.1000000000000000E+02
   0.1000000000000000E+02
   0.1000000000000000E+02
   0.1000000000000000E+02
   0.1000000000000000E+02
   0.1000000000000000E+02
   0.1000000000000000E+02
   0.1000000000000000E+02
   0.1000000000000000E+02
   0.1000000000000000E+02
   0.1000000000000000E+02
   0.1000000000000000E+02
