0.000000E+00	6.493720E-16	5.421023E-07	0.000000E+00	2.163213E-14	1.755511E-23	9.475447E-13	4.268396E-24	1.276178E-09	6.668336E-11	0.000000E+00	9.992697E-05	2.307309E-22	2.668546E-13	2.499948E-16	2.213384E-14	2.865660E-13	1.601457E-16	3.673073E-14	2.579618E-05	4.002536E-16	1.233196E-13	3.014585E-18	8.386737E-16	8.358476E-14	7.299658E-08	9.999946E-02	2.176981E-12	3.383779E-11	2.232789E-10	2.999984E-04	2.518254E-04	9.994706E-01	1.262666E-04	1.000000E+00	
0.000000E+00	6.742216E-16	5.420921E-07	0.000000E+00	2.200974E-14	1.865346E-23	9.478920E-13	4.535643E-24	1.275673E-09	6.794516E-11	0.000000E+00	9.992694E-05	2.451553E-22	2.774446E-13	2.652323E-16	2.214130E-14	2.918948E-13	1.666942E-16	3.699925E-14	2.578664E-05	4.167702E-16	1.252940E-13	3.138862E-18	8.547878E-16	8.529003E-14	7.302519E-08	9.999946E-02	2.176997E-12	3.385068E-11	2.233551E-10	2.999984E-04	2.569575E-04	9.994603E-01	1.262570E-04	1.000000E+00	
0.000000E+00	6.773555E-16	5.420909E-07	0.000000E+00	2.205687E-14	1.879368E-23	9.479357E-13	4.569761E-24	1.275611E-09	6.810247E-11	0.000000E+00	9.992694E-05	2.469966E-22	2.787801E-13	2.671757E-16	2.214224E-14	2.925592E-13	1.675206E-16	3.703347E-14	2.578545E-05	4.188550E-16	1.255396E-13	3.154549E-18	8.568010E-16	8.550286E-14	7.302652E-08	9.999946E-02	2.176999E-12	3.385230E-11	2.233647E-10	2.999984E-04	2.575980E-04	9.994590E-01	1.262558E-04	1.000000E+00	
0.000000E+00	6.808991E-16	5.420894E-07	0.000000E+00	2.211003E-14	1.895268E-23	9.479850E-13	4.608450E-24	1.275540E-09	6.827986E-11	0.000000E+00	9.992694E-05	2.490846E-22	2.802901E-13	2.693790E-16	2.214330E-14	2.933084E-13	1.684552E-16	3.707226E-14	2.578411E-05	4.212129E-16	1.258165E-13	3.172289E-18	8.590725E-16	8.574291E-14	7.302789E-08	9.999946E-02	2.177002E-12	3.385413E-11	2.233755E-10	2.999984E-04	2.583205E-04	9.994576E-01	1.262545E-04	1.000000E+00	
0.000000E+00	6.849100E-16	5.420878E-07	0.000000E+00	2.217002E-14	1.913322E-23	9.480408E-13	4.652381E-24	1.275460E-09	6.848003E-11	0.000000E+00	9.992693E-05	2.514555E-22	2.819991E-13	2.718801E-16	2.214451E-14	2.941539E-13	1.695132E-16	3.711628E-14	2.578259E-05	4.238822E-16	1.261291E-13	3.192373E-18	8.616370E-16	8.601387E-14	7.302931E-08	9.999946E-02	2.177004E-12	3.385620E-11	2.233878E-10	2.999984E-04	2.591359E-04	9.994559E-01	1.262530E-04	1.000000E+00	
0.000000E+00	6.894545E-16	5.420860E-07	0.000000E+00	2.223779E-14	1.933853E-23	9.481039E-13	4.702338E-24	1.275369E-09	6.870606E-11	0.000000E+00	9.992693E-05	2.541515E-22	2.839354E-13	2.747236E-16	2.214587E-14	2.951086E-13	1.707122E-16	3.716631E-14	2.578088E-05	4.269075E-16	1.264822E-13	3.215135E-18	8.645348E-16	8.631993E-14	7.303078E-08	9.999946E-02	2.177007E-12	3.385854E-11	2.234017E-10	2.999984E-04	2.600570E-04	9.994541E-01	1.262512E-04	1.000000E+00	
0.000000E+00	6.946101E-16	5.420839E-07	0.000000E+00	2.231441E-14	1.957240E-23	9.481754E-13	4.759246E-24	1.275267E-09	6.896149E-11	0.000000E+00	9.992693E-05	2.572226E-22	2.861320E-13	2.779616E-16	2.214741E-14	2.961875E-13	1.720728E-16	3.722327E-14	2.577895E-05	4.303407E-16	1.268812E-13	3.240964E-18	8.678119E-16	8.666594E-14	7.303228E-08	9.999946E-02	2.177010E-12	3.386119E-11	2.234175E-10	2.999984E-04	2.610983E-04	9.994520E-01	1.262493E-04	1.000000E+00	
0.000000E+00	7.004673E-16	5.420816E-07	0.000000E+00	2.240111E-14	1.983931E-23	9.482566E-13	4.824196E-24	1.275152E-09	6.925042E-11	0.000000E+00	9.992693E-05	2.607275E-22	2.886274E-13	2.816559E-16	2.214916E-14	2.974080E-13	1.736190E-16	3.728824E-14	2.577676E-05	4.342422E-16	1.273328E-13	3.270318E-18	8.715219E-16	8.705748E-14	7.303381E-08	9.999946E-02	2.177014E-12	3.386420E-11	2.234354E-10	2.999984E-04	2.622765E-04	9.994497E-01	1.262471E-04	1.000000E+00	
0.000000E+00	7.071318E-16	5.420790E-07	0.000000E+00	2.249931E-14	2.014459E-23	9.483488E-13	4.898482E-24	1.275021E-09	6.957756E-11	0.000000E+00	9.992693E-05	2.647362E-22	2.914666E-13	2.858794E-16	2.215116E-14	2.987900E-13	1.753788E-16	3.736249E-14	2.577428E-05	4.386831E-16	1.278442E-13	3.303729E-18	8.757266E-16	8.750101E-14	7.303538E-08	9.999946E-02	2.177018E-12	3.386761E-11	2.234557E-10	2.999984E-04	2.636113E-04	9.994470E-01	1.262446E-04	1.000000E+00	
0.000000E+00	7.147289E-16	5.420759E-07	0.000000E+00	2.261070E-14	2.049462E-23	9.484538E-13	4.983659E-24	1.274873E-09	6.994841E-11	0.000000E+00	9.992693E-05	2.693323E-22	2.947029E-13	2.907199E-16	2.215343E-14	3.003566E-13	1.773855E-16	3.744755E-14	2.577147E-05	4.437474E-16	1.284243E-13	3.341829E-18	8.804983E-16	8.800407E-14	7.303697E-08	9.999946E-02	2.177023E-12	3.387150E-11	2.234789E-10	2.999984E-04	2.651251E-04	9.994440E-01	1.262418E-04	1.000000E+00	
0.000000E+00	7.234062E-16	5.420725E-07	0.000000E+00	2.273720E-14	2.089706E-23	9.485735E-13	5.081593E-24	1.274705E-09	7.036935E-11	0.000000E+00	9.992693E-05	2.746166E-22	2.983990E-13	2.962824E-16	2.215602E-14	3.021350E-13	1.796785E-16	3.754526E-14	2.576828E-05	4.495346E-16	1.290831E-13	3.385366E-18	8.859211E-16	8.857542E-14	7.303857E-08	9.999946E-02	2.177029E-12	3.387593E-11	2.235053E-10	2.999984E-04	2.668445E-04	9.994405E-01	1.262386E-04	1.000000E+00	
0.000000E+00	7.333409E-16	5.420686E-07	0.000000E+00	2.288111E-14	2.136125E-23	9.487102E-13	5.194555E-24	1.274513E-09	7.084788E-11	0.000000E+00	9.992692E-05	2.807115E-22	3.026303E-13	3.026945E-16	2.215898E-14	3.041568E-13	1.823048E-16	3.765784E-14	2.576465E-05	4.561637E-16	1.298324E-13	3.435236E-18	8.920944E-16	8.922537E-14	7.304018E-08	9.999946E-02	2.177035E-12	3.388100E-11	2.235356E-10	2.999984E-04	2.688003E-04	9.994366E-01	1.262350E-04	1.000000E+00	
0.000000E+00	7.447446E-16	5.420642E-07	0.000000E+00	2.304510E-14	2.189857E-23	9.488669E-13	5.325316E-24	1.274296E-09	7.139278E-11	0.000000E+00	9.992692E-05	2.877663E-22	3.074867E-13	3.101120E-16	2.216238E-14	3.064592E-13	1.853209E-16	3.778800E-14	2.576052E-05	4.637774E-16	1.306864E-13	3.492511E-18	8.991353E-16	8.996606E-14	7.304177E-08	9.999946E-02	2.177042E-12	3.388679E-11	2.235703E-10	2.999984E-04	2.710292E-04	9.994322E-01	1.262309E-04	1.000000E+00	
0.000000E+00	7.578739E-16	5.420592E-07	0.000000E+00	2.323236E-14	2.252310E-23	9.490468E-13	5.477304E-24	1.274048E-09	7.201447E-11	0.000000E+00	9.992692E-05	2.959659E-22	3.130771E-13	3.187268E-16	2.216629E-14	3.090862E-13	1.887953E-16	3.793909E-14	2.575580E-05	4.725489E-16	1.316615E-13	3.558493E-18	9.071829E-16	9.081186E-14	7.304333E-08	9.999946E-02	2.177050E-12	3.389344E-11	2.236102E-10	2.999984E-04	2.735743E-04	9.994271E-01	1.262261E-04	1.000000E+00	
0.000000E+00	7.730422E-16	5.420534E-07	0.000000E+00	2.344670E-14	2.325241E-23	9.492541E-13	5.654798E-24	1.273764E-09	7.272534E-11	0.000000E+00	9.992692E-05	3.055408E-22	3.195346E-13	3.287785E-16	2.217080E-14	3.120904E-13	1.928117E-16	3.811526E-14	2.575041E-05	4.826900E-16	1.327777E-13	3.634774E-18	9.164045E-16	9.177997E-14	7.304484E-08	9.999946E-02	2.177060E-12	3.390111E-11	2.236562E-10	2.999984E-04	2.764874E-04	9.994213E-01	1.262207E-04	1.000000E+00	
0.000000E+00	7.906345E-16	5.420467E-07	0.000000E+00	2.369267E-14	2.410863E-23	9.494939E-13	5.863187E-24	1.273439E-09	7.354022E-11	0.000000E+00	9.992692E-05	3.167814E-22	3.270225E-13	3.405679E-16	2.217602E-14	3.155345E-13	1.974731E-16	3.832173E-14	2.574422E-05	4.944613E-16	1.340586E-13	3.723315E-18	9.270008E-16	9.289103E-14	7.304625E-08	9.999946E-02	2.177071E-12	3.390996E-11	2.237095E-10	2.999984E-04	2.798305E-04	9.994146E-01	1.262145E-04	1.000000E+00	
0.000000E+00	8.111310E-16	5.420390E-07	0.000000E+00	2.397583E-14	2.512009E-23	9.497723E-13	6.109364E-24	1.273065E-09	7.447705E-11	0.000000E+00	9.992692E-05	3.300590E-22	3.357442E-13	3.544790E-16	2.218209E-14	3.194945E-13	2.029081E-16	3.856517E-14	2.573710E-05	5.081884E-16	1.355334E-13	3.826560E-18	9.392170E-16	9.417007E-14	7.304753E-08	9.999946E-02	2.177083E-12	3.392024E-11	2.237715E-10	2.999984E-04	2.836790E-04	9.994069E-01	1.262074E-04	1.000000E+00	
0.000000E+00	8.351352E-16	5.420301E-07	0.000000E+00	2.430293E-14	2.632339E-23	9.500972E-13	6.402251E-24	1.272634E-09	7.555768E-11	0.000000E+00	9.992692E-05	3.458542E-22	3.459551E-13	3.710077E-16	2.218919E-14	3.240629E-13	2.092787E-16	3.885416E-14	2.572888E-05	5.242814E-16	1.372371E-13	3.947591E-18	9.533539E-16	9.564769E-14	7.304862E-08	9.999946E-02	2.177097E-12	3.393222E-11	2.238440E-10	2.999984E-04	2.881248E-04	9.993980E-01	1.261992E-04	1.000000E+00	
0.000000E+00	8.634164E-16	5.420198E-07	0.000000E+00	2.468234E-14	2.776670E-23	9.504784E-13	6.753572E-24	1.272135E-09	7.680893E-11	0.000000E+00	9.992691E-05	3.647983E-22	3.579805E-13	3.908039E-16	2.219754E-14	3.293535E-13	2.167915E-16	3.919993E-14	2.571936E-05	5.432637E-16	1.392137E-13	4.090342E-18	9.697848E-16	9.736169E-14	7.304945E-08	9.999946E-02	2.177114E-12	3.394627E-11	2.239293E-10	2.999984E-04	2.932816E-04	9.993877E-01	1.261896E-04	1.000000E+00	
0.000000E+00	8.969704E-16	5.420078E-07	0.000000E+00	2.512451E-14	2.951443E-23	9.509288E-13	7.179021E-24	1.271554E-09	7.826424E-11	0.000000E+00	9.992691E-05	3.877362E-22	3.722407E-13	4.147346E-16	2.220742E-14	3.355081E-13	2.257147E-16	3.961746E-14	2.570828E-05	5.658144E-16	1.415176E-13	4.259913E-18	9.889797E-16	9.935933E-14	7.304993E-08	9.999946E-02	2.177133E-12	3.396286E-11	2.240302E-10	2.999984E-04	2.992916E-04	9.993757E-01	1.261786E-04	1.000000E+00	
0.000000E+00	9.371050E-16	5.419937E-07	0.000000E+00	2.564268E-14	3.165434E-23	9.514649E-13	7.699975E-24	1.270876E-09	7.996563E-11	0.000000E+00	9.992691E-05	4.158182E-22	3.892867E-13	4.439775E-16	2.221922E-14	3.427049E-13	2.364006E-16	4.012706E-14	2.569530E-05	5.928273E-16	1.442180E-13	4.463017E-18	1.011537E-15	1.017004E-13	7.304993E-08	9.999946E-02	2.177156E-12	3.398258E-11	2.241506E-10	2.999984E-04	3.063344E-04	9.993616E-01	1.261656E-04	1.000000E+00	
0.000000E+00	9.855723E-16	5.419770E-07	0.000000E+00	2.625383E-14	3.430876E-23	9.521089E-13	8.346240E-24	1.270078E-09	8.196682E-11	0.000000E+00	9.992691E-05	4.506479E-22	4.098548E-13	4.801679E-16	2.223342E-14	3.511720E-13	2.493226E-16	4.075689E-14	2.568002E-05	6.255025E-16	1.474040E-13	4.708664E-18	1.038233E-15	1.044619E-13	7.304929E-08	9.999946E-02	2.177183E-12	3.400624E-11	2.242957E-10	2.999984E-04	3.146413E-04	9.993450E-01	1.261503E-04	1.000000E+00	
0.000000E+00	1.044766E-15	5.419571E-07	0.000000E+00	2.698018E-14	3.765226E-23	9.528909E-13	9.160354E-24	1.269132E-09	8.433740E-11	0.000000E+00	9.992692E-05	4.945130E-22	4.349486E-13	5.256300E-16	2.225070E-14	3.612052E-13	2.651280E-16	4.154690E-14	2.566188E-05	6.654828E-16	1.511917E-13	5.009189E-18	1.070091E-15	1.077441E-13	7.304777E-08	9.999946E-02	2.177215E-12	3.403493E-11	2.244723E-10	2.999984E-04	3.245141E-04	9.993253E-01	1.261321E-04	1.000000E+00	
0.000000E+00	1.118037E-15	5.419332E-07	0.000000E+00	2.785129E-14	4.194133E-23	9.538528E-13	1.020483E-23	1.268002E-09	8.716938E-11	0.000000E+00	9.992692E-05	5.507738E-22	4.659686E-13	5.837630E-16	2.227203E-14	3.731955E-13	2.847255E-16	4.255546E-14	2.564017E-05	7.150753E-16	1.557364E-13	5.381901E-18	1.108490E-15	1.116810E-13	7.304507E-08	9.999946E-02	2.177253E-12	3.407018E-11	2.246902E-10	2.999984E-04	3.363549E-04	9.993016E-01	1.261104E-04	1.000000E+00	
0.000000E+00	1.210212E-15	5.419042E-07	0.000000E+00	2.890748E-14	4.756545E-23	9.550542E-13	1.157462E-23	1.266637E-09	9.058685E-11	0.000000E+00	9.992692E-05	6.245311E-22	5.049228E-13	6.597002E-16	2.229875E-14	3.876710E-13	3.094258E-16	4.387053E-14	2.561391E-05	7.776098E-16	1.612497E-13	5.851782E-18	1.155334E-15	1.164549E-13	7.304074E-08	9.999946E-02	2.177299E-12	3.411415E-11	2.249632E-10	2.999984E-04	3.507118E-04	9.992730E-01	1.260841E-04	1.000000E+00	
0.000000E+00	1.328468E-15	5.418684E-07	0.000000E+00	3.020511E-14	5.513925E-23	9.565839E-13	1.341960E-23	1.264967E-09	9.476140E-11	0.000000E+00	9.992693E-05	7.238318E-22	5.547824E-13	7.614917E-16	2.233288E-14	4.053628E-13	3.411818E-16	4.562986E-14	2.558172E-05	8.580513E-16	1.680277E-13	6.456061E-18	1.213333E-15	1.223210E-13	7.303414E-08	9.999946E-02	2.177357E-12	3.417004E-11	2.253120E-10	2.999984E-04	3.683512E-04	9.992377E-01	1.260519E-04	1.000000E+00	
0.000000E+00	1.483904E-15	5.418237E-07	0.000000E+00	3.182553E-14	6.567909E-23	9.585775E-13	1.598765E-23	1.262893E-09	9.993734E-11	0.000000E+00	9.992694E-05	8.619757E-22	6.201131E-13	9.023494E-16	2.237751E-14	4.273132E-13	3.830204E-16	4.805907E-14	2.554165E-05	9.641019E-16	1.764993E-13	7.252464E-18	1.286480E-15	1.296478E-13	7.302434E-08	9.999946E-02	2.177428E-12	3.424275E-11	2.257681E-10	2.999984E-04	3.903795E-04	9.991937E-01	1.260118E-04	1.000000E+00	
0.000000E+00	1.694514E-15	5.417664E-07	0.000000E+00	3.389076E-14	8.096273E-23	9.612534E-13	1.971257E-23	1.260265E-09	1.064749E-10	0.000000E+00	9.992695E-05	1.062213E-21	7.082563E-13	1.105174E-15	2.243761E-14	4.550612E-13	4.398587E-16	5.154845E-14	2.549077E-05	1.108285E-15	1.873082E-13	8.334794E-18	1.380920E-15	1.389881E-13	7.300988E-08	9.999946E-02	2.177519E-12	3.434017E-11	2.263826E-10	2.999984E-04	4.184561E-04	9.991376E-01	1.259609E-04	1.000000E+00	
0.000000E+00	1.991219E-15	5.416912E-07	0.000000E+00	3.659243E-14	1.043248E-22	9.649826E-13	2.540840E-23	1.256850E-09	1.149280E-10	0.000000E+00	9.992697E-05	1.368126E-21	8.316921E-13	1.412439E-15	2.252166E-14	4.909790E-13	5.201641E-16	5.682030E-14	2.542453E-05	1.312191E-15	2.014688E-13	9.864645E-18	1.506637E-15	1.512107E-13	7.298847E-08	9.999946E-02	2.177638E-12	3.447568E-11	2.272421E-10	2.999984E-04	4.551879E-04	9.990642E-01	1.258946E-04	1.000000E+00	
0.000000E+00	2.431269E-15	5.415889E-07	0.000000E+00	4.025024E-14	1.426066E-22	9.704438E-13	3.474614E-23	1.252265E-09	1.261964E-10	0.000000E+00	9.992701E-05	1.869042E-21	1.013199E-12	1.910043E-15	2.264515E-14	5.389290E-13	6.396465E-16	6.533176E-14	2.533537E-05	1.615935E-15	2.206788E-13	1.214196E-17	1.681053E-15	1.677660E-13	7.295623E-08	9.999946E-02	2.177800E-12	3.467373E-11	2.285053E-10	2.999984E-04	5.049246E-04	9.989648E-01	1.258053E-04	1.000000E+00	
0.000000E+00	3.131540E-15	5.414430E-07	0.000000E+00	4.544049E-14	2.116028E-22	9.789994E-13	5.158679E-23	1.245827E-09	1.418445E-10	0.000000E+00	9.992706E-05	2.770943E-21	1.298366E-12	2.792554E-15	2.283922E-14	6.056504E-13	8.304420E-16	8.037400E-14	2.520987E-05	2.101714E-15	2.480127E-13	1.578054E-17	1.937576E-15	1.912707E-13	7.290611E-08	9.999946E-02	2.178030E-12	3.498337E-11	2.304910E-10	2.999983E-04	5.755089E-04	9.988238E-01	1.256798E-04	1.000000E+00	
0.000000E+00	4.350006E-15	5.414791E-07	0.000000E+00	5.323832E-14	3.536891E-22	9.959790E-13	8.613893E-23	1.219703E-09	1.622316E-10	0.000000E+00	9.992695E-05	4.630502E-21	1.756923E-12	4.480337E-15	2.319659E-14	6.907915E-13	1.164351E-15	1.099696E-13	2.495672E-05	2.947426E-15	2.901473E-13	2.215386E-17	2.333814E-15	2.264574E-13	7.301500E-08	9.999946E-02	2.178238E-12	3.555165E-11	2.341744E-10	2.999983E-04	6.820481E-04	9.986109E-01	1.254265E-04	1.000000E+00	
0.000000E+00	6.890713E-15	5.410981E-07	0.000000E+00	6.651443E-14	7.193153E-22	1.025063E-12	1.754322E-22	1.204199E-09	1.985382E-10	0.000000E+00	9.992709E-05	9.396625E-21	2.721253E-12	8.798821E-15	2.385887E-14	8.462994E-13	1.861754E-15	1.830050E-13	2.464992E-05	4.728402E-15	3.609820E-13	3.547414E-17	3.090851E-15	2.866072E-13	7.287082E-08	9.999946E-02	2.178826E-12	3.659947E-11	2.409573E-10	2.999983E-04	8.626848E-04	9.982500E-01	1.251195E-04	1.000000E+00	
0.000000E+00	1.223653E-14	5.404756E-07	0.000000E+00	8.793771E-14	1.736946E-21	1.083311E-12	4.245567E-22	1.179919E-09	2.524275E-10	0.000000E+00	9.992732E-05	2.261099E-20	4.633969E-12	2.012644E-14	2.518718E-14	1.078961E-12	3.332869E-15	3.733445E-13	2.416872E-05	8.502391E-15	4.765596E-13	6.359918E-17	4.530056E-15	3.838455E-13	7.263565E-08	9.999946E-02	2.179780E-12	3.869624E-11	2.545666E-10	2.999983E-04	1.154356E-03	9.976671E-01	1.246380E-04	1.000000E+00	
0.000000E+00	2.520187E-14	5.393754E-07	0.000000E+00	1.250942E-13	5.239164E-21	1.213456E-12	1.285265E-21	1.139796E-09	3.336533E-10	0.000000E+00	9.992772E-05	6.780208E-20	8.823999E-12	5.549218E-14	2.815765E-14	1.434462E-12	6.901173E-15	9.627176E-13	2.337242E-05	1.772013E-14	6.807715E-13	1.318932E-16	7.807442E-15	5.529256E-13	7.223463E-08	9.999946E-02	2.181447E-12	4.338430E-11	2.850104E-10	2.999982E-04	1.660776E-03	9.966551E-01	1.238410E-04	1.000000E+00	
0.000000E+00	6.060529E-14	5.374848E-07	0.000000E+00	1.920813E-13	1.995844E-20	1.520058E-12	4.919169E-21	1.065313E-09	4.441671E-10	0.000000E+00	9.992826E-05	2.559580E-19	1.821988E-11	1.794746E-13	3.512941E-14	1.926925E-12	1.660199E-14	3.008902E-12	2.203425E-05	4.298824E-14	1.062647E-12	3.177960E-16	1.667687E-14	8.578836E-13	7.168626E-08	9.999946E-02	2.184394E-12	5.442414E-11	3.565008E-10	2.999981E-04	2.575753E-03	9.948265E-01	1.225015E-04	1.000000E+00	
0.000000E+00	1.785256E-13	5.332524E-07	0.000000E+00	3.251924E-13	1.029010E-19	2.316973E-12	2.561257E-20	9.530849E-10	5.843777E-10	0.000000E+00	9.992938E-05	1.297155E-18	4.095314E-11	7.020966E-13	5.329395E-14	2.588644E-12	4.847540E-14	1.148299E-11	1.978726E-05	1.275185E-13	1.866168E-12	9.294326E-16	4.828960E-14	1.465533E-12	7.052873E-08	9.999947E-02	2.190635E-12	8.343048E-11	5.427309E-10	2.999978E-04	4.400591E-03	9.911790E-01	1.202515E-04	1.000000E+00	
0.000000E+00	6.398043E-13	5.239265E-07	0.000000E+00	6.035831E-13	7.092666E-19	4.336925E-12	1.790393E-19	7.760791E-10	6.867661E-10	0.000000E+00	9.993110E-05	8.694286E-18	8.936488E-11	2.959516E-12	9.923425E-14	3.155567E-12	1.693116E-13	4.713936E-11	1.623843E-05	4.559209E-13	3.749379E-12	3.250321E-15	1.760861E-13	2.722801E-12	6.873420E-08	9.999948E-02	2.204652E-12	1.581112E-10	1.013926E-09	2.999972E-04	8.249425E-03	9.834849E-01	1.166950E-04	1.000000E+00	
0.000000E+00	2.450487E-12	5.049357E-07	0.000000E+00	1.151642E-12	5.300258E-18	8.437746E-12	1.352444E-18	5.600930E-10	6.514209E-10	0.000000E+00	9.993290E-05	6.274616E-17	1.574103E-10	1.047036E-11	1.919746E-13	3.152443E-12	6.158013E-13	1.619082E-10	1.193438E-05	1.697021E-12	8.249648E-12	1.180944E-14	6.126031E-13	5.071687E-12	6.676536E-08	9.999950E-02	2.236432E-12	3.133184E-10	1.967410E-09	2.999962E-04	1.596227E-02	9.680635E-01	1.123736E-04	1.000000E+00	
0.000000E+00	8.924461E-12	4.713602E-07	0.000000E+00	2.135025E-12	3.524743E-17	1.482434E-11	8.944832E-18	3.669001E-10	5.040440E-10	0.000000E+00	9.993410E-05	4.036068E-16	2.090945E-10	2.733772E-11	3.349922E-13	2.606081E-12	2.064254E-12	4.111490E-10	8.038255E-06	5.740596E-12	1.880168E-11	3.931466E-14	1.715158E-12	8.770167E-12	6.529491E-08	9.999953E-02	2.308239E-12	5.616369E-10	3.448982E-09	2.999944E-04	3.027880E-02	9.394344E-01	1.084449E-04	1.000000E+00	
0.000000E+00	2.435358E-11	4.304901E-07	0.000000E+00	3.435237E-12	1.474291E-16	2.129714E-11	3.633792E-17	2.459295E-10	3.661341E-10	0.000000E+00	9.993420E-05	1.652023E-15	2.184284E-10	4.845305E-11	4.772999E-13	2.026085E-12	5.149428E-12	7.156759E-10	5.593317E-06	1.410918E-11	3.730607E-11	9.670086E-14	3.397163E-12	1.274523E-11	6.490900E-08	9.999957E-02	2.431643E-12	8.187996E-10	4.947630E-09	2.999926E-04	5.019600E-02	8.996024E-01	1.059589E-04	1.000000E+00	
0.000000E+00	4.480202E-11	3.982575E-07	0.000000E+00	4.571458E-12	3.447026E-16	2.554557E-11	8.200092E-17	1.872457E-10	2.884056E-10	0.000000E+00	9.993375E-05	3.819462E-15	2.083325E-10	6.389902E-11	5.685146E-13	1.685188E-12	8.897184E-12	9.349201E-10	4.390188E-06	2.379959E-11	5.757358E-11	1.644823E-13	4.933636E-12	1.557129E-11	6.514775E-08	9.999960E-02	2.566251E-12	9.905576E-10	5.931289E-09	2.999913E-04	6.856970E-02	8.628562E-01	1.047230E-04	1.000000E+00	
0.000000E+00	6.582138E-11	3.746535E-07	0.000000E+00	5.455115E-12	5.816904E-16	2.824005E-11	1.346565E-16	1.565379E-10	2.453270E-10	0.000000E+00	9.993361E-05	6.379819E-15	1.978954E-10	7.474343E-11	6.266359E-13	1.506299E-12	1.252262E-11	1.083536E-09	3.668064E-06	3.292500E-11	7.579350E-11	2.281513E-13	6.251427E-12	1.748280E-11	6.514031E-08	9.999963E-02	2.690031E-12	1.103736E-09	6.570794E-09	2.999905E-04	8.352269E-02	8.329509E-01	1.039771E-04	1.000000E+00	
0.000000E+00	8.499647E-11	3.579525E-07	0.000000E+00	6.133056E-12	8.227744E-16	2.988030E-11	1.856199E-16	1.377243E-10	2.179820E-10	0.000000E+00	9.993316E-05	8.977679E-15	1.880343E-10	8.157879E-11	6.607274E-13	1.384791E-12	1.574362E-11	1.177199E-09	3.257092E-06	4.064251E-11	9.150389E-11	2.832930E-13	7.223788E-12	1.878538E-11	6.548747E-08	9.999964E-02	2.796026E-12	1.173196E-09	6.957034E-09	2.999900E-04	9.539953E-02	8.091977E-01	1.035490E-04	1.000000E+00	
0.000000E+00	1.028035E-10	3.449907E-07	0.000000E+00	6.687860E-12	1.063710E-15	3.100320E-11	2.345302E-16	1.246998E-10	1.986818E-10	0.000000E+00	9.993268E-05	1.156519E-14	1.796323E-10	8.644731E-11	6.834680E-13	1.297375E-12	1.868897E-11	1.243429E-09	2.973160E-06	4.744796E-11	1.055078E-10	3.325926E-13	8.012503E-12	1.976848E-11	6.589682E-08	9.999966E-02	2.890637E-12	1.221574E-09	7.221694E-09	2.999897E-04	1.053914E-01	7.892141E-01	1.032516E-04	1.000000E+00	
0.000000E+00	1.201422E-10	3.340413E-07	0.000000E+00	7.176197E-12	1.311679E-15	3.184572E-11	2.831003E-16	1.146483E-10	1.835914E-10	0.000000E+00	9.993219E-05	1.421912E-14	1.722044E-10	9.026471E-11	7.001478E-13	1.228495E-12	2.153051E-11	1.294822E-09	2.750684E-06	5.381716E-11	1.187222E-10	3.791712E-13	8.706656E-12	2.058139E-11	6.632207E-08	9.999967E-02	2.980211E-12	1.258706E-09	7.421233E-09	2.999894E-04	1.143958E-01	7.712056E-01	1.030177E-04	1.000000E+00	
0.000000E+00	1.374267E-10	3.245076E-07	0.000000E+00	7.627964E-12	1.574358E-15	3.248124E-11	3.322050E-16	1.062023E-10	1.707547E-10	0.000000E+00	9.993153E-05	1.704688E-14	1.650176E-10	9.308460E-11	7.115990E-13	1.165365E-12	2.438116E-11	1.333942E-09	2.583967E-06	5.988777E-11	1.319058E-10	4.250477E-13	9.287756E-12	2.128704E-11	6.693142E-08	9.999968E-02	3.068347E-12	1.286352E-09	7.565653E-09	2.999892E-04	1.229012E-01	7.541951E-01	1.028408E-04	1.000000E+00	
0.000000E+00	1.562463E-10	3.149675E-07	0.000000E+00	8.071785E-12	1.863660E-15	3.306279E-11	3.857905E-16	9.891387E-11	1.596383E-10	0.000000E+00	9.993121E-05	2.009619E-14	1.587631E-10	9.622989E-11	7.233934E-13	1.118383E-12	2.741038E-11	1.373563E-09	2.392219E-06	6.645808E-11	1.452547E-10	4.725984E-13	9.984082E-12	2.196372E-11	6.720459E-08	9.999969E-02	3.161131E-12	1.314800E-09	7.713095E-09	2.999890E-04	1.314382E-01	7.371212E-01	1.026392E-04	1.000000E+00	
0.000000E+00	1.754599E-10	3.064846E-07	0.000000E+00	8.504206E-12	2.181440E-15	3.347605E-11	4.409393E-16	9.220793E-11	1.492838E-10	0.000000E+00	9.993048E-05	2.350614E-14	1.520398E-10	9.822721E-11	7.298011E-13	1.065678E-12	3.059263E-11	1.401197E-09	2.260592E-06	7.281184E-11	1.594864E-10	5.217263E-13	1.051797E-11	2.257972E-11	6.788180E-08	9.999969E-02	3.256544E-12	1.333731E-09	7.805042E-09	2.999889E-04	1.399145E-01	7.201688E-01	1.024983E-04	1.000000E+00	
0.000000E+00	1.965990E-10	2.979201E-07	0.000000E+00	8.941473E-12	2.537884E-15	3.383090E-11	5.013394E-16	8.608431E-11	1.397905E-10	0.000000E+00	9.992992E-05	2.728339E-14	1.457061E-10	1.003236E-10	7.357213E-13	1.020883E-12	3.406424E-11	1.427891E-09	2.116261E-06	7.971868E-11	1.744886E-10	5.739660E-13	1.112575E-11	2.318541E-11	6.839811E-08	9.999970E-02	3.359391E-12	1.352139E-09	7.892123E-09	2.999888E-04	1.486643E-01	7.026692E-01	1.023449E-04	1.000000E+00	
0.000000E+00	2.197548E-10	2.893820E-07	0.000000E+00	9.384711E-12	2.937867E-15	3.410819E-11	5.669698E-16	8.040113E-11	1.309365E-10	0.000000E+00	9.992943E-05	3.148404E-14	1.395378E-10	1.023274E-10	7.403486E-13	9.804990E-13	3.786445E-11	1.451926E-09	1.970268E-06	8.715437E-11	1.904596E-10	6.296301E-13	1.177744E-11	2.377908E-11	6.885004E-08	9.999971E-02	3.470385E-12	1.368605E-09	7.966095E-09	2.999887E-04	1.577196E-01	6.845589E-01	1.021899E-04	1.000000E+00	
0.000000E+00	2.437575E-10	2.815877E-07	0.000000E+00	9.826195E-12	3.383581E-15	3.425973E-11	6.348539E-16	7.503073E-11	1.224964E-10	0.000000E+00	9.992856E-05	3.625243E-14	1.330481E-10	1.033646E-10	7.406448E-13	9.349855E-13	4.196845E-11	1.466317E-09	1.865018E-06	9.450256E-11	2.079097E-10	6.885645E-13	1.227298E-11	2.434089E-11	6.967646E-08	9.999972E-02	3.587788E-12	1.377483E-09	7.995367E-09	2.999886E-04	1.669157E-01	6.661667E-01	1.020760E-04	1.000000E+00	
0.000000E+00	2.708009E-10	2.733909E-07	0.000000E+00	1.027883E-11	3.883229E-15	3.435758E-11	7.096406E-16	7.004652E-11	1.146511E-10	0.000000E+00	9.992799E-05	4.147374E-14	1.269957E-10	1.047893E-10	7.413212E-13	8.983018E-13	4.652244E-11	1.481826E-09	1.732441E-06	1.028127E-10	2.263178E-10	7.516451E-13	1.292374E-11	2.490726E-11	7.020087E-08	9.999973E-02	3.716445E-12	1.387524E-09	8.028565E-09	2.999886E-04	1.765557E-01	6.468869E-01	1.019347E-04	1.000000E+00	
0.000000E+00	2.992630E-10	2.656763E-07	0.000000E+00	1.073150E-11	4.437854E-15	3.434971E-11	7.871787E-16	6.534736E-11	1.072089E-10	0.000000E+00	9.992720E-05	4.732025E-14	1.208565E-10	1.055612E-10	7.388525E-13	8.597161E-13	5.148360E-11	1.490261E-09	1.622403E-06	1.112794E-10	2.462756E-10	8.185286E-13	1.348158E-11	2.545348E-11	7.095125E-08	9.999973E-02	3.853800E-12	1.392121E-09	8.028883E-09	2.999886E-04	1.863983E-01	6.272017E-01	1.018161E-04	1.000000E+00	
0.000000E+00	3.294570E-10	2.582662E-07	0.000000E+00	1.118479E-11	5.051273E-15	3.425081E-11	8.676450E-16	6.093758E-11	1.001934E-10	0.000000E+00	9.992630E-05	5.380402E-14	1.147921E-10	1.059111E-10	7.341046E-13	8.216575E-13	5.690585E-11	1.493506E-09	1.522647E-06	1.200585E-10	2.677575E-10	8.893912E-13	1.399333E-11	2.598622E-11	7.181807E-08	9.999974E-02	4.000977E-12	1.392835E-09	8.004993E-09	2.999886E-04	1.964666E-01	6.070652E-01	1.017081E-04	1.000000E+00	
0.000000E+00	3.614839E-10	2.511071E-07	0.000000E+00	1.163772E-11	5.726050E-15	3.406626E-11	9.506047E-16	5.680830E-11	9.359957E-11	0.000000E+00	9.992531E-05	6.093901E-14	1.088690E-10	1.059253E-10	7.274220E-13	7.849294E-13	6.283293E-11	1.492260E-09	1.428830E-06	1.292064E-10	2.907751E-10	9.642505E-13	1.447535E-11	2.650778E-11	7.276291E-08	9.999975E-02	4.158583E-12	1.393781E-09	7.960170E-09	2.999887E-04	2.067466E-01	5.865054E-01	1.016062E-04	1.000000E+00	
0.000000E+00	3.962213E-10	2.439131E-07	0.000000E+00	1.209212E-11	6.462798E-15	3.380134E-11	1.036900E-15	5.295560E-11	8.743444E-11	0.000000E+00	9.992442E-05	6.861828E-14	1.032241E-10	1.059546E-10	7.198766E-13	7.525103E-13	6.933685E-11	1.488973E-09	1.326419E-06	1.391152E-10	3.150459E-10	1.042894E-12	1.502973E-11	2.702347E-11	7.358829E-08	9.999976E-02	4.328064E-12	1.417773E-09	7.905321E-09	2.999888E-04	2.172960E-01	5.654066E-01	1.014957E-04	1.000000E+00	
0.000000E+00	4.327272E-10	2.370164E-07	0.000000E+00	1.254223E-11	7.262141E-15	3.345194E-11	1.123791E-15	4.935188E-11	8.164850E-11	0.000000E+00	9.992344E-05	7.694333E-14	9.773472E-11	1.056379E-10	7.104545E-13	7.209922E-13	7.642267E-11	1.481147E-09	1.231207E-06	1.493875E-10	3.408839E-10	1.125211E-12	1.554872E-11	2.752706E-11	7.450507E-08	9.999976E-02	4.508356E-12	1.438015E-09	7.829579E-09	2.999888E-04	2.279779E-01	5.440430E-01	1.013926E-04	1.000000E+00	
0.000000E+00	4.697592E-10	2.307112E-07	0.000000E+00	1.298262E-11	8.126833E-15	3.302874E-11	1.208368E-15	4.598109E-11	7.621385E-11	0.000000E+00	9.992216E-05	8.609191E-14	9.233432E-11	1.046700E-10	6.984739E-13	6.877238E-13	8.409639E-11	1.467014E-09	1.154930E-06	1.595410E-10	3.687256E-10	1.211440E-12	1.591732E-11	2.801622E-11	7.572486E-08	9.999977E-02	4.698385E-12	1.452625E-09	7.725529E-09	2.999890E-04	2.386501E-01	5.226985E-01	1.013088E-04	1.000000E+00	
0.000000E+00	5.092564E-10	2.244311E-07	0.000000E+00	1.341847E-11	9.050571E-15	3.253316E-11	1.292917E-15	4.284453E-11	7.114973E-11	0.000000E+00	9.992097E-05	9.572845E-14	8.722879E-11	1.037209E-10	6.858417E-13	6.582134E-13	9.246094E-11	1.451061E-09	1.071905E-06	1.704264E-10	3.978026E-10	1.300723E-12	1.635119E-11	2.849832E-11	7.684764E-08	9.999978E-02	4.900247E-12	1.465121E-09	7.612888E-09	2.999891E-04	2.494525E-01	5.010939E-01	1.012184E-04	1.000000E+00	
0.000000E+00	5.500127E-10	2.184689E-07	0.000000E+00	1.384473E-11	1.003386E-14	3.197428E-11	1.374510E-15	3.992218E-11	6.641984E-11	0.000000E+00	9.991967E-05	1.059967E-13	8.232844E-11	1.024796E-10	6.718315E-13	6.296219E-13	1.015267E-10	1.431450E-09	9.948528E-07	1.815815E-10	4.285106E-10	1.393181E-12	1.673875E-11	2.897042E-11	7.808743E-08	9.999978E-02	5.112681E-12	1.473668E-09	7.483870E-09	2.999892E-04	2.602461E-01	4.795067E-01	1.011341E-04	1.000000E+00	
0.000000E+00	5.905342E-10	2.130813E-07	0.000000E+00	1.425696E-11	1.108122E-14	3.137197E-11	1.450367E-15	3.720031E-11	6.199998E-11	0.000000E+00	9.991804E-05	1.171498E-13	7.758062E-11	1.006894E-10	6.559841E-13	5.997265E-13	1.113100E-10	1.406959E-09	9.331795E-07	1.924622E-10	4.613999E-10	1.489446E-12	1.696482E-11	2.943297E-11	7.966181E-08	9.999979E-02	5.334526E-12	1.476860E-09	7.333525E-09	2.999894E-04	2.708961E-01	4.582068E-01	1.010654E-04	1.000000E+00	
0.000000E+00	6.331192E-10	2.077417E-07	0.000000E+00	1.466016E-11	1.217701E-14	3.071445E-11	1.522713E-15	3.467174E-11	5.789057E-11	0.000000E+00	9.991647E-05	1.286648E-13	7.312043E-11	9.895165E-11	6.398515E-13	5.731110E-13	1.219106E-10	1.381312E-09	8.661931E-07	2.040363E-10	4.954407E-10	1.587862E-12	1.725426E-11	2.988826E-11	8.117066E-08	9.999979E-02	5.567183E-12	1.477873E-09	7.178012E-09	2.999896E-04	2.815400E-01	4.369191E-01	1.009916E-04	1.000000E+00	
0.000000E+00	6.774525E-10	2.025189E-07	0.000000E+00	1.505246E-11	1.331540E-14	3.000785E-11	1.590072E-15	3.232140E-11	5.406695E-11	0.000000E+00	9.991492E-05	1.404930E-13	6.891639E-11	9.719995E-11	6.233386E-13	5.489441E-13	1.333673E-10	1.354235E-09	7.975432E-07	2.162141E-10	5.306472E-10	1.688071E-12	1.758375E-11	3.033513E-11	8.267153E-08	9.999980E-02	5.809806E-12	1.476352E-09	7.016287E-09	2.999898E-04	2.921168E-01	4.157655E-01	1.009162E-04	1.000000E+00	
0.000000E+00	7.211670E-10	1.977863E-07	0.000000E+00	1.542888E-11	1.450773E-14	2.928288E-11	1.649241E-15	3.013595E-11	5.050272E-11	0.000000E+00	9.991302E-05	1.531223E-13	6.488672E-11	9.505031E-11	6.057337E-13	5.240311E-13	1.456998E-10	1.323913E-09	7.405034E-07	2.281236E-10	5.679946E-10	1.791632E-12	1.777564E-11	3.077574E-11	8.450714E-08	9.999980E-02	6.060725E-12	1.470428E-09	6.840912E-09	2.999900E-04	3.024599E-01	3.950794E-01	1.008526E-04	1.000000E+00	
0.000000E+00	7.651143E-10	1.933387E-07	0.000000E+00	1.579111E-11	1.574304E-14	2.853778E-11	1.700724E-15	2.810538E-11	4.718619E-11	0.000000E+00	9.991094E-05	1.662953E-13	6.107105E-11	9.274035E-11	5.876814E-13	5.000047E-13	1.589818E-10	1.291898E-09	6.876693E-07	2.401494E-10	6.070319E-10	1.897683E-12	1.792022E-11	3.121037E-11	8.653425E-08	9.999981E-02	6.319817E-12	1.461473E-09	6.658677E-09	2.999903E-04	3.126055E-01	3.747882E-01	1.007933E-04	1.000000E+00	
0.000000E+00	8.091081E-10	1.891639E-07	0.000000E+00	1.613890E-11	1.701731E-14	2.778053E-11	1.743978E-15	2.621860E-11	4.410045E-11	0.000000E+00	9.990864E-05	1.799997E-13	5.746362E-11	9.029589E-11	5.693424E-13	4.768473E-13	1.732766E-10	1.258564E-09	6.387405E-07	2.522660E-10	6.477829E-10	2.006195E-12	1.801947E-11	3.163965E-11	8.877558E-08	9.999981E-02	6.586314E-12	1.450146E-09	6.471347E-09	2.999905E-04	3.225288E-01	3.549417E-01	1.007379E-04	1.000000E+00	
0.000000E+00	8.513202E-10	1.854611E-07	0.000000E+00	1.647011E-11	1.834582E-14	2.703751E-11	1.777519E-15	2.446537E-11	4.122677E-11	0.000000E+00	9.990589E-05	1.947498E-13	5.402563E-11	8.752815E-11	5.504684E-13	4.529677E-13	1.886536E-10	1.223269E-09	5.995917E-07	2.638235E-10	6.911385E-10	2.119117E-12	1.796263E-11	3.206786E-11	9.147397E-08	9.999981E-02	6.859175E-12	1.435715E-09	6.276463E-09	2.999908E-04	3.321379E-01	3.357237E-01	1.006923E-04	1.000000E+00	
0.000000E+00	8.943601E-10	1.818441E-07	0.000000E+00	1.678849E-11	1.969450E-14	2.628391E-11	1.803082E-15	2.283550E-11	3.855450E-11	0.000000E+00	9.990301E-05	2.097124E-13	5.080749E-11	8.483946E-11	5.319108E-13	4.311596E-13	2.051966E-10	1.188142E-09	5.588032E-07	2.758506E-10	7.357362E-10	2.233476E-12	1.794816E-11	3.248954E-11	9.429125E-08	9.999982E-02	7.137845E-12	1.420223E-09	6.083026E-09	2.999910E-04	3.415421E-01	3.169152E-01	1.006451E-04	1.000000E+00	
0.000000E+00	9.369236E-10	1.784587E-07	0.000000E+00	1.709266E-11	2.107242E-14	2.553917E-11	1.819676E-15	2.131937E-11	3.606626E-11	0.000000E+00	9.989982E-05	2.252499E-13	4.777399E-11	8.208656E-11	5.134685E-13	4.101756E-13	2.229919E-10	1.152685E-09	5.209908E-07	2.878842E-10	7.822339E-10	2.350716E-12	1.789598E-11	3.290732E-11	9.742117E-08	9.999982E-02	7.421083E-12	1.403257E-09	5.889098E-09	2.999913E-04	3.506767E-01	2.986461E-01	1.006008E-04	1.000000E+00	
0.000000E+00	9.805516E-10	1.751116E-07	0.000000E+00	1.738442E-11	2.245165E-14	2.479086E-11	1.828011E-15	1.990793E-11	3.374998E-11	0.000000E+00	9.989648E-05	2.407646E-13	4.493798E-11	7.945799E-11	4.955351E-13	3.912049E-13	2.421204E-10	1.117900E-09	4.813894E-07	3.005320E-10	8.297658E-10	2.468720E-12	1.791074E-11	3.331644E-11	1.006997E-07	9.999982E-02	7.707492E-12	1.386284E-09	5.698919E-09	2.999916E-04	3.595895E-01	2.808205E-01	1.005545E-04	1.000000E+00	
0.000000E+00	1.021280E-09	1.722118E-07	0.000000E+00	1.766063E-11	2.388497E-14	2.408631E-11	1.826416E-15	1.859342E-11	3.158806E-11	0.000000E+00	9.989245E-05	2.577105E-13	4.223656E-11	7.656880E-11	4.774996E-13	3.713361E-13	2.627384E-10	1.082268E-09	4.505891E-07	3.123251E-10	8.806196E-10	2.593183E-12	1.775877E-11	3.372788E-11	1.046590E-07	9.999983E-02	7.996223E-12	1.368324E-09	5.506348E-09	2.999918E-04	3.681430E-01	2.637135E-01	1.005168E-04	1.000000E+00	
0.000000E+00	1.062367E-09	1.693848E-07	0.000000E+00	1.792468E-11	2.531950E-14	2.339392E-11	1.816516E-15	1.736798E-11	2.957250E-11	0.000000E+00	9.988810E-05	2.748785E-13	3.970574E-11	7.377666E-11	4.600311E-13	3.529980E-13	2.849323E-10	1.047496E-09	4.192512E-07	3.245084E-10	9.330026E-10	2.719727E-12	1.764777E-11	3.413149E-11	1.089413E-07	9.999983E-02	8.285336E-12	1.351958E-09	5.318481E-09	2.999921E-04	3.764466E-01	2.471063E-01	1.004784E-04	1.000000E+00	
0.000000E+00	1.102606E-09	1.667395E-07	0.000000E+00	1.817607E-11	2.676919E-14	2.273028E-11	1.798052E-15	1.622466E-11	2.769071E-11	0.000000E+00	9.988321E-05	2.927527E-13	3.732116E-11	7.097980E-11	4.429947E-13	3.353408E-13	3.088664E-10	1.013270E-09	3.902402E-07	3.366409E-10	9.877210E-10	2.850453E-12	1.751253E-11	3.453013E-11	1.137582E-07	9.999983E-02	8.573413E-12	1.337511E-09	5.134097E-09	2.999923E-04	3.844628E-01	2.310739E-01	1.004419E-04	1.000000E+00	
0.000000E+00	1.139911E-09	1.644429E-07	0.000000E+00	1.841420E-11	2.826943E-14	2.211904E-11	1.770868E-15	1.515701E-11	2.593021E-11	0.000000E+00	9.987744E-05	3.123351E-13	3.505590E-11	6.803640E-11	4.261933E-13	3.172766E-13	3.347755E-10	9.791264E-10	3.670713E-07	3.479420E-10	1.046260E-09	2.989496E-12	1.725048E-11	3.493004E-11	1.194398E-07	9.999984E-02	8.859473E-12	1.325058E-09	4.951343E-09	2.999925E-04	3.921452E-01	2.157093E-01	1.004107E-04	1.000000E+00	
0.000000E+00	1.178183E-09	1.621253E-07	0.000000E+00	1.864189E-11	2.974482E-14	2.152507E-11	1.736254E-15	1.415922E-11	2.428593E-11	0.000000E+00	9.987118E-05	3.319573E-13	3.293899E-11	6.526942E-11	4.101885E-13	3.009558E-13	3.627473E-10	9.465096E-10	3.419484E-07	3.598890E-10	1.106353E-09	3.130801E-12	1.707680E-11	3.531675E-11	1.256087E-07	9.999984E-02	9.140123E-12	1.317006E-09	4.776168E-09	2.999928E-04	3.995952E-01	2.008092E-01	1.003770E-04	1.000000E+00	
0.000000E+00	1.213762E-09	1.600932E-07	0.000000E+00	1.885774E-11	3.126232E-14	2.098656E-11	1.693817E-15	1.322573E-11	2.274517E-11	0.000000E+00	9.986386E-05	3.534310E-13	3.093044E-11	6.241797E-11	3.945736E-13	2.844906E-13	3.931366E-10	9.144312E-10	3.212162E-07	3.710919E-10	1.170623E-09	3.281687E-12	1.680727E-11	3.570163E-11	1.328308E-07	9.999984E-02	9.414666E-12	1.312841E-09	4.604545E-09	2.999930E-04	4.067331E-01	1.865334E-01	1.003470E-04	1.000000E+00	
0.000000E+00	1.249362E-09	1.581048E-07	0.000000E+00	1.906354E-11	3.276396E-14	2.048187E-11	1.644426E-15	1.235197E-11	2.130328E-11	0.000000E+00	9.985565E-05	3.755649E-13	2.904540E-11	5.968300E-11	3.797003E-13	2.691825E-13	4.261160E-10	8.838102E-10	3.001872E-07	3.825761E-10	1.237584E-09	3.438044E-12	1.658367E-11	3.607330E-11	1.409233E-07	9.999984E-02	9.679469E-12	1.314501E-09	4.440251E-09	2.999932E-04	4.136227E-01	1.727543E-01	1.003158E-04	1.000000E+00	
0.000000E+00	1.280373E-09	1.565118E-07	0.000000E+00	1.925807E-11	3.434720E-14	2.005404E-11	1.588003E-15	1.153283E-11	1.994787E-11	0.000000E+00	9.984580E-05	4.010037E-13	2.724482E-11	5.679146E-11	3.651305E-13	2.531235E-13	4.622272E-10	8.535834E-10	2.851607E-07	3.925587E-10	1.310821E-09	3.610413E-12	1.619514E-11	3.644684E-11	1.506449E-07	9.999984E-02	9.934216E-12	1.321431E-09	4.278915E-09	2.999934E-04	4.201846E-01	1.596305E-01	1.002893E-04	1.000000E+00	
0.000000E+00	1.312226E-09	1.548766E-07	0.000000E+00	1.944378E-11	3.588967E-14	1.966078E-11	1.525598E-15	1.076539E-11	1.867911E-11	0.000000E+00	9.983475E-05	4.270549E-13	2.556101E-11	5.408531E-11	3.514521E-13	2.385568E-13	5.015973E-10	8.252617E-10	2.683540E-07	4.031051E-10	1.387027E-09	3.789142E-12	1.590103E-11	3.679984E-11	1.615527E-07	9.999985E-02	1.017313E-11	1.336726E-09	4.126749E-09	2.999935E-04	4.265237E-01	1.469523E-01	1.002599E-04	1.000000E+00	
0.000000E+00	1.342238E-09	1.533991E-07	0.000000E+00	1.962014E-11	3.744690E-14	1.932934E-11	1.457426E-15	1.004571E-11	1.748827E-11	0.000000E+00	9.982187E-05	4.554489E-13	2.397012E-11	5.141206E-11	3.384262E-13	2.244029E-13	5.448128E-10	7.982831E-10	2.533036E-07	4.131599E-10	1.468631E-09	3.981442E-12	1.558219E-11	3.713959E-11	1.742739E-07	9.999985E-02	1.039431E-11	1.360910E-09	3.981428E-09	2.999937E-04	4.325968E-01	1.348062E-01	1.002305E-04	1.000000E+00	
0.000000E+00	1.369043E-09	1.521670E-07	0.000000E+00	1.978723E-11	3.904971E-14	1.907478E-11	1.384013E-15	9.370320E-12	1.636875E-11	0.000000E+00	9.980660E-05	4.874442E-13	2.246035E-11	4.871887E-11	3.259721E-13	2.102738E-13	5.925104E-10	7.724844E-10	2.412502E-07	4.221524E-10	1.557353E-09	4.192729E-12	1.518953E-11	3.746833E-11	1.893643E-07	9.999985E-02	1.059494E-11	1.395303E-09	3.842254E-09	2.999938E-04	4.383899E-01	1.232199E-01	1.002020E-04	1.000000E+00	
0.000000E+00	1.392501E-09	1.511773E-07	0.000000E+00	1.994550E-11	4.070049E-14	1.890304E-11	1.306026E-15	8.736385E-12	1.531599E-11	0.000000E+00	9.978842E-05	5.237338E-13	2.102831E-11	4.602280E-11	3.141263E-13	1.962516E-13	6.453672E-10	7.479972E-10	2.319283E-07	4.299771E-10	1.654173E-09	4.426336E-12	1.473013E-11	3.778320E-11	2.073353E-07	9.999985E-02	1.077108E-11	1.442080E-09	3.709737E-09	2.999940E-04	4.439087E-01	1.121823E-01	1.001735E-04	1.000000E+00	
0.000000E+00	1.413795E-09	1.503385E-07	0.000000E+00	2.009552E-11	4.236571E-14	1.881318E-11	1.224164E-15	8.141955E-12	1.432780E-11	0.000000E+00	9.976688E-05	5.641896E-13	1.967767E-11	4.339532E-11	3.030348E-13	1.827648E-13	7.040916E-10	7.252286E-10	2.238605E-07	4.370468E-10	1.759184E-09	4.682707E-12	1.426105E-11	3.807578E-11	2.286507E-07	9.999985E-02	1.091769E-11	1.504533E-09	3.585541E-09	2.999940E-04	4.491728E-01	1.016542E-01	1.001431E-04	1.000000E+00	
0.000000E+00	1.433866E-09	1.495803E-07	0.000000E+00	2.023768E-11	4.401388E-14	1.880991E-11	1.139110E-15	7.585516E-12	1.340244E-11	0.000000E+00	9.974129E-05	6.088066E-13	1.841025E-11	4.088409E-11	2.928204E-13	1.700750E-13	7.695583E-10	7.045331E-10	2.160368E-07	4.436858E-10	1.872784E-09	4.963012E-12	1.382291E-11	3.833820E-11	2.539691E-07	9.999985E-02	1.102960E-11	1.586865E-09	3.471118E-09	2.999941E-04	4.541940E-01	9.161169E-02	1.001089E-04	1.000000E+00	
0.000000E+00	1.449764E-09	1.491090E-07	0.000000E+00	2.037173E-11	4.571870E-14	1.892363E-11	1.051723E-15	7.063983E-12	1.253287E-11	0.000000E+00	9.971016E-05	6.608303E-13	1.720890E-11	3.838127E-11	2.832849E-13	1.574725E-13	8.431221E-10	6.854655E-10	2.112751E-07	4.486495E-10	1.998754E-09	5.280211E-12	1.331497E-11	3.857710E-11	2.847896E-07	9.999985E-02	1.110339E-11	1.692967E-09	3.364537E-09	2.999941E-04	4.589376E-01	8.212463E-02	1.000726E-04	1.000000E+00	
0.000000E+00	1.463749E-09	1.487656E-07	0.000000E+00	2.049814E-11	4.741147E-14	1.915757E-11	9.628229E-16	6.576994E-12	1.172013E-11	0.000000E+00	9.967242E-05	7.197029E-13	1.608309E-11	3.598864E-11	2.746768E-13	1.455633E-13	9.260101E-10	6.687085E-10	2.073291E-07	4.527763E-10	2.136951E-09	5.633870E-12	1.282683E-11	3.877885E-11	3.221668E-07	9.999985E-02	1.113271E-11	1.830570E-09	3.268609E-09	2.999941E-04	4.634283E-01	7.314317E-02	1.000306E-04	1.000000E+00	
0.000000E+00	1.473877E-09	1.486935E-07	0.000000E+00	2.061685E-11	4.914016E-14	1.954237E-11	8.734524E-16	6.122026E-12	1.095887E-11	0.000000E+00	9.962585E-05	7.887584E-13	1.502149E-11	3.364578E-11	2.668882E-13	1.339514E-13	1.020073E-09	6.540625E-10	2.060950E-07	4.552025E-10	2.291086E-09	6.037506E-12	1.229950E-11	3.894565E-11	3.683056E-07	9.999985E-02	1.111326E-11	2.007614E-09	3.182376E-09	2.999940E-04	4.676432E-01	6.471344E-02	9.998272E-05	1.000000E+00	
0.000000E+00	1.468162E-09	1.498289E-07	0.000000E+00	2.072734E-11	5.126407E-14	2.013554E-11	7.855426E-16	5.686092E-12	1.022013E-11	0.000000E+00	9.956544E-05	8.835953E-13	1.395910E-11	3.096911E-11	2.587633E-13	1.204064E-13	1.128230E-09	6.386886E-10	2.202108E-07	4.508895E-10	2.474744E-09	6.545474E-12	1.137177E-11	3.911749E-11	4.282099E-07	9.999985E-02	1.104511E-11	2.227662E-09	3.093370E-09	2.999939E-04	4.714668E-01	5.706609E-02	9.993754E-05	1.000000E+00	
0.000000E+00	1.467445E-09	1.506214E-07	0.000000E+00	2.082837E-11	5.308870E-14	2.092460E-11	7.012806E-16	5.296069E-12	9.562133E-12	0.000000E+00	9.949168E-05	9.844475E-13	1.302601E-11	2.873817E-11	2.527874E-13	1.094272E-13	1.248568E-09	6.289107E-10	2.292464E-07	4.482672E-10	2.669569E-09	7.091159E-12	1.074306E-11	3.919130E-11	5.013740E-07	9.999985E-02	1.090461E-11	2.510647E-09	3.029191E-09	2.999937E-04	4.749946E-01	5.001056E-02	9.987360E-05	1.000000E+00	
0.000000E+00	1.462342E-09	1.518364E-07	0.000000E+00	2.092272E-11	5.495710E-14	2.194574E-11	6.199004E-16	4.928053E-12	8.938971E-12	0.000000E+00	9.939762E-05	1.106717E-12	1.213708E-11	2.655664E-11	2.475309E-13	9.876625E-14	1.387210E-09	6.213124E-10	2.439454E-07	4.434535E-10	2.890781E-09	7.731350E-12	1.008596E-11	3.921627E-11	5.947089E-07	9.999985E-02	1.070220E-11	2.877466E-09	2.974097E-09	2.999934E-04	4.782485E-01	4.350266E-02	9.979544E-05	1.000000E+00	
0.000000E+00	1.453694E-09	1.534754E-07	0.000000E+00	2.101204E-11	5.687520E-14	2.321289E-11	5.412202E-16	4.573735E-12	8.337316E-12	0.000000E+00	9.927625E-05	1.256227E-12	1.127639E-11	2.441634E-11	2.427417E-13	8.843702E-14	1.549961E-09	6.154216E-10	2.650414E-07	4.367648E-10	3.144188E-09	8.489766E-12	9.415229E-12	3.919387E-11	7.151803E-07	9.999985E-02	1.043864E-11	3.369111E-09	2.925278E-09	2.999930E-04	4.812837E-01	3.743242E-02	9.969679E-05	1.000000E+00	
0.000000E+00	1.443361E-09	1.554275E-07	0.000000E+00	2.109610E-11	5.877649E-14	2.477700E-11	4.663852E-16	4.233951E-12	7.759752E-12	0.000000E+00	9.911798E-05	1.437718E-12	1.045160E-11	2.237379E-11	2.386028E-13	7.875036E-14	1.742294E-09	6.118866E-10	2.917159E-07	4.289168E-10	3.433818E-09	9.386353E-12	8.782856E-12	3.911121E-11	8.723040E-07	9.999984E-02	1.010975E-11	4.042691E-09	2.885042E-09	2.999924E-04	4.840983E-01	3.180303E-02	9.956712E-05	1.000000E+00	
0.000000E+00	1.429499E-09	1.579501E-07	0.000000E+00	2.117487E-11	6.072125E-14	2.666291E-11	3.970097E-16	3.900020E-12	7.190849E-12	0.000000E+00	9.890754E-05	1.664816E-12	9.638890E-12	2.035379E-11	2.345555E-13	6.935829E-14	1.971274E-09	6.094823E-10	3.295762E-07	4.190738E-10	3.769002E-09	1.046910E-11	8.133393E-12	3.896862E-11	1.081255E-06	9.999984E-02	9.714130E-12	4.976269E-09	2.847240E-09	2.999915E-04	4.866611E-01	2.667738E-02	9.939703E-05	1.000000E+00	
0.000000E+00	1.409737E-09	1.614683E-07	0.000000E+00	2.124896E-11	6.280404E-14	2.878140E-11	3.349571E-16	3.551445E-12	6.595352E-12	0.000000E+00	9.862189E-05	1.959314E-12	8.788127E-12	1.823078E-11	2.291821E-13	5.979233E-14	2.245742E-09	6.047000E-10	3.894313E-07	4.061747E-10	4.162135E-09	1.180948E-11	7.392231E-12	3.876754E-11	1.364950E-06	9.999984E-02	9.252432E-12	6.279166E-09	2.795416E-09	2.999902E-04	4.889446E-01	2.211034E-02	9.917472E-05	1.000000E+00	
0.000000E+00	1.386449E-09	1.659663E-07	0.000000E+00	2.131875E-11	6.497030E-14	3.097214E-11	2.816960E-16	3.173393E-12	5.950217E-12	0.000000E+00	9.822845E-05	2.341001E-12	7.874869E-12	1.600821E-11	2.213349E-13	5.027282E-14	2.576893E-09	5.946038E-10	4.760389E-07	3.911316E-10	4.622365E-09	1.347211E-11	6.597021E-12	3.849056E-11	1.755762E-06	9.999983E-02	8.725680E-12	8.129532E-09	2.715764E-09	2.999885E-04	4.909585E-01	1.808251E-02	9.887234E-05	1.000000E+00	
0.000000E+00	1.361654E-09	1.714727E-07	0.000000E+00	2.138467E-11	6.720057E-14	3.290161E-11	2.389027E-16	2.747840E-12	5.226860E-12	0.000000E+00	9.767734E-05	2.839254E-12	6.867062E-12	1.366309E-11	2.092231E-13	4.090579E-14	2.979130E-09	5.742731E-10	5.939048E-07	3.746576E-10	5.161366E-09	1.554868E-11	5.759057E-12	3.811944E-11	2.303277E-06	9.999983E-02	8.137636E-12	1.079910E-08	2.586388E-09	2.999859E-04	4.927097E-01	1.457993E-02	9.844455E-05	1.000000E+00	
0.000000E+00	1.334351E-09	1.785886E-07	0.000000E+00	2.144853E-11	6.964031E-14	3.358373E-11	2.092716E-16	2.230889E-12	4.352095E-12	0.000000E+00	9.688881E-05	3.511914E-12	5.671068E-12	1.102081E-11	1.883702E-13	3.127847E-14	3.470300E-09	5.306207E-10	7.555056E-07	3.561372E-10	5.798196E-09	1.820476E-11	4.794738E-12	3.764241E-11	3.086866E-06	9.999982E-02	7.496369E-12	1.462457E-08	2.351552E-09	2.999824E-04	4.941931E-01	1.161301E-02	9.782469E-05	1.000000E+00	
0.000000E+00	1.306457E-09	1.877948E-07	0.000000E+00	2.151241E-11	7.245208E-14	3.169529E-11	1.950905E-16	1.610570E-12	3.307107E-12	0.000000E+00	9.574002E-05	4.442154E-12	4.271032E-12	8.100208E-12	1.555137E-13	2.167565E-14	4.072294E-09	4.521913E-10	9.488313E-07	3.359869E-10	6.551385E-09	2.166245E-11	3.713945E-12	3.703140E-11	4.228812E-06	9.999981E-02	6.811714E-12	2.012965E-08	1.967256E-09	2.999774E-04	4.954222E-01	9.154637E-03	9.687838E-05	1.000000E+00	
0.000000E+00	1.290340E-09	1.974098E-07	0.000000E+00	2.157266E-11	7.556729E-14	2.896588E-11	1.936545E-16	1.062671E-12	2.389232E-12	0.000000E+00	9.405266E-05	5.695124E-12	3.063948E-12	5.722821E-12	1.228354E-13	1.446745E-14	4.812721E-09	3.719040E-10	1.091401E-06	3.183669E-10	7.420634E-09	2.609130E-11	2.860995E-12	3.621604E-11	5.905424E-06	9.999980E-02	6.090687E-12	2.929096E-08	1.582294E-09	2.999687E-04	4.964419E-01	7.115063E-03	9.534315E-05	1.000000E+00	
0.000000E+00	1.282590E-09	2.093918E-07	0.000000E+00	2.163530E-11	7.980553E-14	2.504432E-11	2.067469E-16	5.932147E-13	1.606043E-12	0.000000E+00	9.152847E-05	7.512829E-12	2.046647E-12	3.789242E-12	9.059941E-14	8.999922E-15	5.715736E-09	2.890487E-10	1.174327E-06	3.005742E-10	8.431641E-09	3.206077E-11	2.133488E-12	3.515378E-11	8.411576E-06	9.999979E-02	5.349145E-12	4.542203E-08	1.198471E-09	2.999530E-04	4.972399E-01	5.519062E-03	9.291385E-05	1.000000E+00	
0.000000E+00	1.288426E-09	2.249368E-07	0.000000E+00	2.170528E-11	8.615266E-14	2.186845E-11	2.342379E-16	2.710157E-13	1.073779E-12	0.000000E+00	8.773089E-05	1.028334E-11	1.361525E-12	2.525192E-12	6.650342E-14	5.574628E-15	6.795664E-09	2.276276E-10	1.171230E-06	2.824579E-10	9.585170E-09	4.038205E-11	1.615563E-12	3.374051E-11	1.217526E-05	9.999978E-02	4.599790E-12	7.710310E-08	9.164672E-10	2.999217E-04	4.978380E-01	4.322722E-03	8.912869E-05	1.000000E+00	
0.000000E+00	1.331392E-09	2.393890E-07	0.000000E+00	2.176984E-11	9.523739E-14	2.399557E-11	2.848736E-16	1.374181E-13	8.722962E-13	0.000000E+00	8.209890E-05	1.440457E-11	1.107848E-12	2.119298E-12	5.914474E-14	4.392584E-15	8.043775E-09	2.236511E-10	1.125634E-06	2.688241E-10	1.079693E-08	5.168875E-11	1.440803E-12	3.177241E-11	1.773542E-05	9.999976E-02	3.851726E-12	1.464598E-07	8.692520E-10	2.998524E-04	4.982932E-01	3.412434E-03	8.346559E-05	1.000000E+00	
0.000000E+00	1.412596E-09	2.586928E-07	0.000000E+00	2.184842E-11	1.112247E-13	3.008830E-11	3.740551E-16	7.027003E-14	7.990737E-13	0.000000E+00	7.394071E-05	2.143337E-11	1.020400E-12	2.067668E-12	5.868282E-14	3.953124E-15	9.371085E-09	2.549220E-10	1.035807E-06	2.535318E-10	1.200702E-08	6.869409E-11	1.355657E-12	2.910524E-11	2.573880E-05	9.999974E-02	3.127467E-12	2.987402E-07	9.553762E-10	2.997000E-04	4.986001E-01	2.798790E-03	7.523693E-05	1.000000E+00	
0.000000E+00	1.587763E-09	2.689815E-07	0.000000E+00	2.189772E-11	1.380307E-13	4.677872E-11	5.625972E-16	5.423867E-14	8.556583E-13	0.000000E+00	6.290988E-05	3.303470E-11	1.112355E-12	2.537404E-12	6.724444E-14	4.638067E-15	1.060357E-08	3.541381E-10	9.799477E-07	2.435723E-10	1.291949E-08	9.333617E-11	1.490959E-12	2.548853E-11	3.642879E-05	9.999973E-02	2.450780E-12	6.374018E-07	1.279468E-09	2.993609E-04	4.988271E-01	2.344735E-03	6.416070E-05	1.000000E+00	
0.000000E+00	1.901136E-09	2.691264E-07	0.000000E+00	2.191271E-11	1.893766E-13	8.171611E-11	9.545669E-16	5.040766E-14	9.979640E-13	0.000000E+00	4.942168E-05	5.473464E-11	1.332942E-12	3.662535E-12	8.216626E-14	6.443106E-15	1.143089E-08	5.616675E-10	9.086702E-07	2.335987E-10	1.331106E-08	1.335139E-10	1.787288E-12	2.098672E-11	4.924901E-05	9.999973E-02	1.876659E-12	1.304126E-06	1.973274E-09	2.986932E-04	4.989784E-01	2.042170E-03	5.060166E-05	1.000000E+00	
0.000000E+00	2.394202E-09	2.771237E-07	0.000000E+00	2.195177E-11	3.037669E-13	1.291321E-10	1.688357E-15	5.049874E-14	1.231115E-12	0.000000E+00	3.518048E-05	1.052813E-10	1.689032E-12	5.896195E-12	1.031576E-13	8.460812E-15	1.147773E-08	9.885850E-10	7.235474E-07	2.141479E-10	1.320080E-08	2.173905E-10	2.073116E-12	1.614264E-11	6.270187E-05	9.999972E-02	1.482332E-12	2.092412E-06	3.464869E-09	2.979029E-04	4.990248E-01	1.949600E-03	3.618381E-05	1.000000E+00	
0.000000E+00	3.360743E-09	2.745368E-07	0.000000E+00	2.195750E-11	5.203707E-13	2.643337E-10	4.286921E-15	5.284372E-14	1.701735E-12	0.000000E+00	2.268555E-05	1.999098E-10	2.436933E-12	1.218127E-11	1.403439E-13	1.821997E-14	1.075580E-08	2.054445E-09	7.773577E-07	2.079726E-10	1.227654E-08	3.579440E-10	3.208635E-12	1.143522E-11	7.465367E-05	9.999973E-02	1.399021E-12	2.636965E-06	7.250639E-09	2.973532E-04	4.990827E-01	1.833705E-03	2.374106E-05	1.000000E+00	
0.000000E+00	3.981751E-09	2.644240E-07	0.000000E+00	2.190308E-11	1.650812E-12	7.567843E-13	2.095335E-15	9.962771E-13	3.556230E-12	0.000000E+00	1.263448E-05	9.222703E-10	4.978025E-12	3.003193E-11	2.725211E-13	1.207300E-14	7.666992E-09	6.782460E-09	1.183890E-09	1.351074E-10	1.300852E-08	1.414816E-09	2.248982E-12	8.202813E-12	8.702482E-05	9.999974E-02	1.425854E-12	3.175402E-07	2.586730E-08	2.996498E-04	4.983565E-01	3.286825E-03	1.290428E-05	1.000000E+00	
0.000000E+00	6.060127E-09	2.267673E-07	0.000000E+00	2.178809E-11	3.103993E-12	2.597016E-12	5.481484E-15	1.096959E-12	4.719884E-12	0.000000E+00	7.827750E-06	1.963776E-09	6.900091E-12	6.665175E-11	3.690977E-13	2.571627E-14	7.080245E-09	1.496916E-08	1.301179E-09	1.589864E-10	1.329888E-08	2.753206E-09	4.824973E-12	6.088898E-12	9.172140E-05	9.999977E-02	2.000524E-12	4.255755E-07	5.598234E-08	2.995034E-04	4.984485E-01	3.102869E-03	8.062156E-06	1.000000E+00	
0.000000E+00	7.588063E-09	1.200608E-07	0.000000E+00	2.142600E-11	4.732438E-12	7.511328E-12	1.056499E-14	1.251073E-12	5.700077E-12	0.000000E+00	5.973062E-06	4.420967E-09	8.486492E-12	1.083353E-10	5.194693E-13	4.099480E-14	7.162225E-09	2.972788E-08	1.498734E-09	1.836885E-10	1.625401E-08	5.667608E-09	9.118038E-12	5.363876E-12	9.296495E-05	9.999988E-02	2.453942E-12	1.028278E-06	1.028257E-07	2.988390E-04	4.984859E-01	3.027999E-03	6.102561E-06	1.000000E+00	
0.000000E+00	9.076307E-09	7.493592E-09	0.000000E+00	2.104192E-11	6.379538E-12	1.923972E-11	1.831743E-14	1.435556E-12	6.438405E-12	0.000000E+00	4.851084E-06	1.010061E-08	9.700334E-12	1.552594E-10	7.183198E-13	5.433422E-14	6.708618E-09	5.627319E-08	1.873532E-09	1.976074E-10	1.960810E-08	1.176103E-08	2.100767E-11	4.637468E-12	7.487355E-05	9.999999E-02	2.341951E-12	2.022695E-05	1.738290E-07	2.795427E-04	4.985170E-01	2.965649E-03	4.869954E-06	1.000000E+00	
0.000000E+00	1.912088E-08	1.917588E-09	0.000000E+00	2.103238E-11	1.713543E-11	1.164976E-10	8.780290E-14	1.674030E-12	9.486724E-12	0.000000E+00	1.905637E-06	2.420157E-08	1.474428E-11	5.973060E-10	9.756230E-13	1.591517E-13	3.142188E-09	1.729610E-07	2.810794E-09	2.103857E-10	1.257112E-08	2.517623E-08	1.622646E-10	2.076874E-12	1.827343E-05	1.000000E-01	1.191757E-12	7.975544E-05	5.915845E-07	2.194790E-04	4.985658E-01	2.867212E-03	1.930525E-06	1.000000E+00	
0.000000E+00	4.117765E-08	2.290371E-09	0.000000E+00	2.105059E-11	2.953686E-11	3.653445E-07	1.997076E-13	1.589788E-12	1.585417E-11	0.000000E+00	5.481880E-07	2.324368E-08	2.556102E-11	4.258283E-09	1.100514E-12	1.196370E-11	1.001373E-09	6.320473E-07	2.039931E-08	2.117471E-10	3.873733E-09	2.119531E-08	2.594410E-09	4.863926E-13	1.761888E-06	1.000000E-01	2.544994E-13	9.763777E-05	2.129697E-06	1.988629E-04	4.990615E-01	1.873226E-03	6.192274E-07	1.000000E+00	
0.000000E+00	4.977819E-08	2.372152E-09	0.000000E+00	2.105315E-11	3.451489E-11	2.305030E-06	2.628874E-13	1.447463E-12	1.778657E-11	0.000000E+00	2.540342E-07	3.009396E-08	2.935573E-11	9.542639E-09	1.075478E-12	1.193569E-10	4.329231E-10	1.477175E-06	1.718232E-08	1.431537E-10	2.041726E-09	2.526702E-08	6.406647E-09	1.910879E-13	4.240985E-07	1.000000E-01	7.671349E-14	9.925745E-05	3.728738E-06	1.909103E-04	4.991273E-01	1.738300E-03	3.396845E-07	1.000000E+00	
0.000000E+00	5.454858E-08	2.421609E-09	0.000000E+00	2.105501E-11	3.352667E-11	8.398447E-06	2.738164E-13	1.386643E-12	1.776639E-11	0.000000E+00	1.290304E-07	3.259494E-08	2.989637E-11	1.588633E-08	1.018577E-12	4.938969E-10	2.197410E-10	2.949371E-06	1.101444E-08	9.073259E-11	1.201383E-09	2.705073E-08	1.124792E-08	8.612278E-14	1.245945E-07	1.000000E-01	2.577414E-14	9.967393E-05	4.918499E-06	1.756331E-04	4.991787E-01	1.631254E-03	2.248389E-07	1.000000E+00	
0.000000E+00	5.852218E-08	2.501770E-09	0.000000E+00	2.105764E-11	2.813373E-11	2.111714E-05	2.377889E-13	1.464327E-12	1.638641E-11	0.000000E+00	7.302160E-08	2.821550E-08	2.778193E-11	2.081103E-08	9.693919E-13	1.210409E-09	1.379432E-10	4.650410E-06	6.499331E-09	6.086618E-11	8.246786E-10	2.413091E-08	1.658044E-08	4.592508E-14	5.161471E-08	1.000000E-01	1.194966E-14	9.980538E-05	4.804943E-06	1.484651E-04	4.992503E-01	1.484844E-03	1.793037E-07	1.000000E+00	
0.000000E+00	6.265033E-08	1.198963E-08	0.000000E+00	2.109277E-11	1.926942E-11	3.549692E-05	1.617824E-13	1.631333E-12	1.472581E-11	0.000000E+00	4.035248E-08	1.806830E-08	2.512707E-11	2.269969E-08	7.704569E-13	2.173982E-09	8.965134E-11	5.598032E-06	5.282788E-09	4.059461E-11	5.815122E-10	1.589235E-08	2.088371E-08	2.654349E-14	3.167902E-08	9.999999E-02	8.530098E-15	9.987239E-05	4.272821E-06	1.192149E-04	4.993177E-01	1.348730E-03	1.661560E-07	1.000000E+00	
0.000000E+00	6.515861E-08	1.153073E-08	0.000000E+00	2.109238E-11	1.727231E-11	4.348020E-05	1.465182E-13	1.723771E-12	1.368175E-11	0.000000E+00	3.329694E-08	1.597625E-08	2.339830E-11	2.277586E-08	7.455476E-13	2.591883E-09	8.137197E-11	5.811302E-06	4.403767E-09	3.605014E-11	5.595672E-10	1.419204E-08	2.327822E-08	2.218419E-14	2.717612E-08	9.999999E-02	7.657953E-15	9.988539E-05	4.075989E-06	1.032156E-04	4.993504E-01	1.283066E-03	1.631502E-07	1.000000E+00	
0.000000E+00	6.364663E-08	2.336194E-09	0.000000E+00	2.105823E-11	2.248050E-11	4.135701E-05	2.046671E-13	1.478383E-12	1.308547E-11	0.000000E+00	3.978982E-08	2.254363E-08	2.354195E-11	2.220267E-08	9.836802E-13	2.100576E-09	8.947738E-11	5.986302E-06	4.398909E-09	3.493428E-11	6.891423E-10	2.014081E-08	1.848722E-08	2.481059E-14	2.190003E-08	1.000000E-01	5.583497E-15	9.987630E-05	7.952042E-06	1.034264E-04	4.992625E-01	1.454654E-03	1.530798E-07	1.000000E+00	
0.000000E+00	6.652880E-08	1.135146E-08	0.000000E+00	2.109269E-11	1.639445E-11	4.710889E-05	1.385788E-13	1.768983E-12	1.325350E-11	0.000000E+00	3.117012E-08	1.495171E-08	2.256687E-11	2.274103E-08	7.338693E-13	2.856496E-09	8.093249E-11	5.797649E-06	4.083312E-09	3.601009E-11	5.700398E-10	1.331882E-08	2.552392E-08	2.103907E-14	2.722452E-08	9.999999E-02	7.860891E-15	9.988711E-05	3.589602E-06	9.645385E-05	4.993799E-01	1.224556E-03	1.643671E-07	1.000000E+00	
0.000000E+00	6.671732E-08	1.134175E-08	0.000000E+00	2.109290E-11	1.627468E-11	4.742682E-05	1.370211E-13	1.776245E-12	1.324691E-11	0.000000E+00	3.115028E-08	1.478433E-08	2.249477E-11	2.278336E-08	7.323760E-13	2.913975E-09	8.191516E-11	5.768514E-06	4.051403E-09	3.672864E-11	5.738002E-10	1.316331E-08	2.625383E-08	2.111647E-14	2.795320E-08	9.999999E-02	8.105120E-15	9.988599E-05	3.393796E-06	9.604315E-05	4.993888E-01	1.207019E-03	1.653244E-07	1.000000E+00	
