2.405643E-08	9.503445E-09	2.764626E-10	1.334225E-12	9.063846E-14	2.209218E-14	5.439988E-15	1.514837E-15	3.897224E-16	1.068681E-16	2.792903E-17	7.735043E-18	2.057943E-18	5.993913E-19	1.592262E-19	3.717785E-20	1.019357E-20	2.445492E-21	5.612202E-22	1.316687E-22	3.011374E-23	6.441750E-24	2.468213E-24	8.594924E-25	3.620935E-25	1.227846E-24	8.877651E-25	5.287009E-25	7.593260E-25	2.148529E-24	2.445595E-25	5.412217E-25	5.090109E-25	0.000000E+00	0.000000E+00	0.000000E+00	0.000000E+00	0.000000E+00	0.000000E+00	2.025037E-24	0.000000E+00	
2.406514E-08	9.507425E-09	2.766458E-10	1.344308E-12	9.251383E-14	2.255082E-14	5.552915E-15	1.546270E-15	3.978080E-16	1.090842E-16	2.850800E-17	7.895307E-18	2.100566E-18	6.118013E-19	1.625254E-19	3.794864E-20	1.040691E-20	2.498265E-21	5.761555E-22	1.358454E-22	3.032821E-23	6.898557E-24	1.910028E-24	1.695155E-24	0.000000E+00	0.000000E+00	3.562370E-25	0.000000E+00	6.987414E-26	3.118083E-25	0.000000E+00	0.000000E+00	0.000000E+00	0.000000E+00	0.000000E+00	0.000000E+00	0.000000E+00	0.000000E+00	9.029113E-25	1.929819E-24	0.000000E+00	
2.406624E-08	9.507925E-09	2.766687E-10	1.345567E-12	9.274801E-14	2.260809E-14	5.567016E-15	1.550195E-15	3.988176E-16	1.093609E-16	2.858030E-17	7.915316E-18	2.105887E-18	6.133499E-19	1.629356E-19	3.804500E-20	1.043351E-20	2.504784E-21	5.775869E-22	1.360195E-22	3.150880E-23	6.810104E-24	2.160848E-24	5.161801E-25	5.735334E-25	6.028159E-25	1.015800E-24	9.857101E-25	1.244002E-25	1.230270E-24	1.569745E-24	8.160735E-25	7.209558E-26	6.507787E-25	1.458370E-24	1.102537E-24	2.399248E-24	2.974700E-25	4.713475E-25	0.000000E+00	0.000000E+00	
2.406748E-08	9.508489E-09	2.766946E-10	1.346988E-12	9.301219E-14	2.267270E-14	5.582924E-15	1.554623E-15	3.999566E-16	1.096731E-16	2.866186E-17	7.937894E-18	2.111891E-18	6.150969E-19	1.633980E-19	3.815177E-20	1.045964E-20	2.510068E-21	5.779706E-22	1.353309E-22	3.147729E-23	6.305233E-24	9.192691E-25	6.510816E-25	3.453317E-26	0.000000E+00	0.000000E+00	0.000000E+00	0.000000E+00	2.645524E-25	0.000000E+00	0.000000E+00	0.000000E+00	1.182408E-25	0.000000E+00	0.000000E+00	0.000000E+00	0.000000E+00	1.832379E-24	0.000000E+00	9.756127E-25	
2.406887E-08	9.509127E-09	2.767239E-10	1.348592E-12	9.331041E-14	2.274563E-14	5.600882E-15	1.559621E-15	4.012424E-16	1.100255E-16	2.875392E-17	7.963378E-18	2.118667E-18	6.170689E-19	1.639231E-19	3.827190E-20	1.049349E-20	2.517158E-21	5.767622E-22	1.348906E-22	2.999378E-23	6.031391E-24	3.416967E-25	4.806372E-26	0.000000E+00	1.235924E-25	0.000000E+00	4.273228E-25	7.272162E-25	4.156098E-25	0.000000E+00	2.239608E-24	1.346592E-24	1.379812E-24	0.000000E+00	3.514912E-25	5.210269E-26	0.000000E+00	7.138876E-25	1.756951E-24	6.089754E-25	
2.407046E-08	9.509849E-09	2.767570E-10	1.350404E-12	9.364732E-14	2.282802E-14	5.621169E-15	1.565268E-15	4.026950E-16	1.104236E-16	2.885794E-17	7.992172E-18	2.126327E-18	6.193017E-19	1.645172E-19	3.841436E-20	1.053411E-20	2.528832E-21	5.822269E-22	1.366241E-22	3.072524E-23	7.325072E-24	2.552224E-24	2.638254E-24	9.218944E-25	7.554889E-25	1.199371E-24	1.274294E-25	1.018022E-24	1.230270E-24	1.837326E-24	1.205834E-24	8.812018E-25	7.041940E-25	2.510319E-24	9.812672E-25	1.632854E-24	0.000000E+00	0.000000E+00	0.000000E+00	0.000000E+00	
2.407225E-08	9.510667E-09	2.767944E-10	1.352453E-12	9.402828E-14	2.292119E-14	5.644109E-15	1.571653E-15	4.043374E-16	1.108738E-16	2.897555E-17	8.024725E-18	2.134983E-18	6.218199E-19	1.651831E-19	3.856860E-20	1.057412E-20	2.536935E-21	5.840347E-22	1.361233E-22	3.119012E-23	6.728113E-24	7.504402E-25	1.038015E-25	0.000000E+00	0.000000E+00	0.000000E+00	0.000000E+00	3.346285E-25	0.000000E+00	0.000000E+00	0.000000E+00	0.000000E+00	1.131214E-24	2.100263E-25	0.000000E+00	8.747395E-25	8.613099E-26	0.000000E+00	0.000000E+00	0.000000E+00	
2.407429E-08	9.511595E-09	2.768369E-10	1.354772E-12	9.445945E-14	2.302664E-14	5.670072E-15	1.578880E-15	4.061964E-16	1.113833E-16	2.910866E-17	8.061572E-18	2.144783E-18	6.246733E-19	1.659430E-19	3.874625E-20	1.062506E-20	2.550376E-21	5.868976E-22	1.380160E-22	3.268292E-23	8.532723E-24	2.859993E-24	2.540511E-24	1.660420E-24	1.141412E-24	2.480532E-24	1.410811E-24	1.557830E-24	1.924972E-24	7.088389E-26	1.878322E-24	1.305091E-24	6.779408E-25	2.134897E-24	2.167714E-24	7.065164E-25	0.000000E+00	0.000000E+00	0.000000E+00	0.000000E+00	
2.407660E-08	9.512648E-09	2.768851E-10	1.357400E-12	9.494799E-14	2.314611E-14	5.699490E-15	1.587068E-15	4.083028E-16	1.119606E-16	2.925948E-17	8.103320E-18	2.155885E-18	6.279061E-19	1.668008E-19	3.894675E-20	1.067871E-20	2.561519E-21	5.894664E-22	1.368568E-22	3.083590E-23	5.822172E-24	0.000000E+00	0.000000E+00	0.000000E+00	0.000000E+00	0.000000E+00	0.000000E+00	0.000000E+00	0.000000E+00	0.000000E+00	0.000000E+00	0.000000E+00	0.000000E+00	0.000000E+00	0.000000E+00	0.000000E+00	0.000000E+00	0.000000E+00	0.000000E+00	0.000000E+00	
2.407923E-08	9.513847E-09	2.769399E-10	1.360382E-12	9.550224E-14	2.328166E-14	5.732865E-15	1.596358E-15	4.106924E-16	1.126155E-16	2.943060E-17	8.150683E-18	2.168481E-18	6.315736E-19	1.677752E-19	3.917235E-20	1.074100E-20	2.575338E-21	5.923478E-22	1.375850E-22	2.956767E-23	5.673942E-24	0.000000E+00	0.000000E+00	0.000000E+00	0.000000E+00	0.000000E+00	0.000000E+00	0.000000E+00	0.000000E+00	0.000000E+00	1.357093E-25	0.000000E+00	2.709138E-25	3.069616E-25	0.000000E+00	0.000000E+00	0.000000E+00	0.000000E+00	3.979696E-24	3.106168E-24	
2.408223E-08	9.515212E-09	2.770022E-10	1.363770E-12	9.613193E-14	2.343565E-14	5.770782E-15	1.606912E-15	4.134073E-16	1.133596E-16	2.962500E-17	8.204496E-18	2.182794E-18	6.357416E-19	1.688821E-19	3.943255E-20	1.081272E-20	2.593791E-21	5.966420E-22	1.402087E-22	3.164370E-23	7.420392E-24	2.536068E-24	9.281548E-25	1.829652E-25	6.621888E-25	0.000000E+00	3.881448E-25	0.000000E+00	6.149329E-25	1.717167E-24	1.403541E-24	1.878524E-24	1.687279E-24	0.000000E+00	0.000000E+00	0.000000E+00	8.697917E-25	1.077597E-24	0.000000E+00	3.268636E-24	
2.408566E-08	9.516771E-09	2.770733E-10	1.367626E-12	9.684850E-14	2.361089E-14	5.813931E-15	1.618922E-15	4.164968E-16	1.142064E-16	2.984622E-17	8.265728E-18	2.199077E-18	6.404794E-19	1.701391E-19	3.972498E-20	1.089163E-20	2.613250E-21	6.013926E-22	1.406377E-22	3.119901E-23	7.149377E-24	2.013829E-24	5.791880E-25	7.369097E-25	6.781427E-25	0.000000E+00	7.466032E-25	0.000000E+00	0.000000E+00	2.302212E-26	3.542175E-25	3.611847E-25	0.000000E+00	9.804594E-26	0.000000E+00	0.000000E+00	0.000000E+00	0.000000E+00	0.000000E+00	0.000000E+00	
2.408958E-08	9.518556E-09	2.771545E-10	1.372023E-12	9.766541E-14	2.381067E-14	5.863123E-15	1.632614E-15	4.200189E-16	1.151717E-16	3.009842E-17	8.335541E-18	2.217643E-18	6.458866E-19	1.715762E-19	4.006117E-20	1.098514E-20	2.635921E-21	6.071425E-22	1.429536E-22	3.222531E-23	6.827875E-24	1.932242E-24	3.453317E-25	3.612857E-25	5.163820E-25	1.175945E-24	1.290046E-24	1.424948E-24	1.975257E-24	7.288317E-25	9.435029E-25	1.041953E-24	1.956577E-24	1.743925E-24	1.358810E-24	2.894425E-24	3.293778E-25	3.799558E-24	3.343155E-24	9.088182E-24	
2.409409E-08	9.520604E-09	2.772476E-10	1.377047E-12	9.859869E-14	2.403891E-14	5.919321E-15	1.648257E-15	4.240428E-16	1.162745E-16	3.038655E-17	8.415295E-18	2.238855E-18	6.520606E-19	1.732149E-19	4.044348E-20	1.109039E-20	2.662492E-21	6.132753E-22	1.431228E-22	3.270271E-23	7.504402E-24	1.655977E-24	3.796630E-25	6.098841E-26	5.593970E-25	6.403784E-25	0.000000E+00	6.864226E-25	5.775724E-25	8.108228E-25	1.016608E-24	0.000000E+00	0.000000E+00	0.000000E+00	0.000000E+00	0.000000E+00	0.000000E+00	0.000000E+00	0.000000E+00	0.000000E+00	
2.409928E-08	9.522961E-09	2.773545E-10	1.382801E-12	9.966750E-14	2.430029E-14	5.983681E-15	1.666171E-15	4.286509E-16	1.175375E-16	3.071652E-17	8.506629E-18	2.263144E-18	6.591319E-19	1.750934E-19	4.088088E-20	1.120993E-20	2.690159E-21	6.179799E-22	1.435477E-22	3.169015E-23	6.109747E-24	1.401522E-25	1.292470E-26	0.000000E+00	0.000000E+00	0.000000E+00	0.000000E+00	0.000000E+00	3.291759E-25	0.000000E+00	0.000000E+00	0.000000E+00	0.000000E+00	4.418631E-25	0.000000E+00	0.000000E+00	0.000000E+00	2.933300E-25	0.000000E+00	2.845655E-24	
2.410528E-08	9.525683E-09	2.774777E-10	1.389411E-12	1.008949E-13	2.460045E-14	6.057588E-15	1.686742E-15	4.339427E-16	1.189879E-16	3.109544E-17	8.611517E-18	2.291040E-18	6.672546E-19	1.772510E-19	4.138458E-20	1.134840E-20	2.724575E-21	6.265247E-22	1.469389E-22	3.354363E-23	8.525453E-24	3.369711E-24	7.423623E-25	7.439779E-25	1.249455E-24	1.045285E-24	6.482543E-26	0.000000E+00	0.000000E+00	0.000000E+00	1.179177E-24	6.278575E-25	1.137575E-24	0.000000E+00	0.000000E+00	0.000000E+00	0.000000E+00	0.000000E+00	0.000000E+00	5.335174E-24	
2.411225E-08	9.528841E-09	2.776203E-10	1.397027E-12	1.023088E-13	2.494623E-14	6.142729E-15	1.710440E-15	4.400388E-16	1.206586E-16	3.153195E-17	8.732344E-18	2.323173E-18	6.766082E-19	1.797356E-19	4.196561E-20	1.150840E-20	2.761648E-21	6.358167E-22	1.488642E-22	3.310782E-23	6.915521E-24	1.493206E-24	0.000000E+00	1.191496E-25	0.000000E+00	0.000000E+00	0.000000E+00	0.000000E+00	0.000000E+00	0.000000E+00	0.000000E+00	0.000000E+00	0.000000E+00	0.000000E+00	1.010752E-25	0.000000E+00	0.000000E+00	0.000000E+00	0.000000E+00	2.875038E-24	
2.412037E-08	9.532520E-09	2.777859E-10	1.405835E-12	1.039435E-13	2.534602E-14	6.241170E-15	1.737840E-15	4.470873E-16	1.225904E-16	3.203666E-17	8.872047E-18	2.360326E-18	6.874240E-19	1.826079E-19	4.263455E-20	1.169058E-20	2.804819E-21	6.455927E-22	1.506769E-22	3.331179E-23	6.503950E-24	6.983375E-25	0.000000E+00	0.000000E+00	0.000000E+00	1.082443E-24	0.000000E+00	0.000000E+00	7.619513E-25	1.127074E-24	0.000000E+00	2.045737E-25	8.874622E-25	1.042458E-24	7.841656E-25	1.826017E-24	2.104908E-24	0.000000E+00	0.000000E+00	0.000000E+00	
2.412991E-08	9.536830E-09	2.779794E-10	1.416066E-12	1.058417E-13	2.581021E-14	6.355469E-15	1.769653E-15	4.552712E-16	1.248334E-16	3.262267E-17	9.034253E-18	2.403466E-18	6.999849E-19	1.859433E-19	4.341515E-20	1.190540E-20	2.856305E-21	6.572701E-22	1.539101E-22	3.519072E-23	8.859476E-24	2.615232E-24	5.565698E-25	5.947380E-25	5.559639E-25	5.529347E-25	7.896182E-26	3.362441E-25	1.161001E-24	8.055721E-25	8.409131E-25	0.000000E+00	0.000000E+00	0.000000E+00	0.000000E+00	0.000000E+00	3.268535E-25	0.000000E+00	1.084968E-24	4.691968E-24	
2.414117E-08	9.541912E-09	2.782066E-10	1.428009E-12	1.080565E-13	2.635184E-14	6.488836E-15	1.806774E-15	4.648204E-16	1.274505E-16	3.330644E-17	9.223521E-18	2.453803E-18	7.146380E-19	1.898344E-19	4.432205E-20	1.215398E-20	2.916476E-21	6.722046E-22	1.582290E-22	3.657407E-23	8.565035E-24	2.409648E-24	1.418486E-24	1.436863E-24	1.209267E-24	7.231772E-25	1.004087E-24	7.100505E-25	9.239139E-25	0.000000E+00	1.637801E-25	1.335485E-24	0.000000E+00	0.000000E+00	0.000000E+00	6.282614E-25	6.146299E-25	0.000000E+00	2.779820E-25	0.000000E+00	
2.415456E-08	9.547949E-09	2.784754E-10	1.442030E-12	1.106555E-13	2.698745E-14	6.645345E-15	1.850335E-15	4.760265E-16	1.305218E-16	3.410886E-17	9.445629E-18	2.512873E-18	7.318349E-19	1.944013E-19	4.538872E-20	1.244458E-20	2.985978E-21	6.876674E-22	1.610159E-22	3.678490E-23	8.076724E-24	2.610789E-24	1.556618E-24	1.435853E-24	9.816711E-25	3.578526E-25	3.013070E-25	0.000000E+00	0.000000E+00	0.000000E+00	0.000000E+00	0.000000E+00	0.000000E+00	0.000000E+00	0.000000E+00	0.000000E+00	0.000000E+00	3.912144E-24	2.607154E-25	0.000000E+00	
2.417065E-08	9.555183E-09	2.787958E-10	1.458605E-12	1.137263E-13	2.773840E-14	6.830257E-15	1.901801E-15	4.892664E-16	1.341504E-16	3.505690E-17	9.708044E-18	2.582663E-18	7.521540E-19	1.997970E-19	4.664737E-20	1.278983E-20	3.067482E-21	7.063452E-22	1.650165E-22	3.678975E-23	7.494709E-24	1.531577E-24	0.000000E+00	0.000000E+00	0.000000E+00	4.826567E-26	0.000000E+00	0.000000E+00	0.000000E+00	0.000000E+00	0.000000E+00	0.000000E+00	0.000000E+00	4.318666E-25	0.000000E+00	0.000000E+00	0.000000E+00	0.000000E+00	0.000000E+00	0.000000E+00	
2.419018E-08	9.563942E-09	2.791816E-10	1.478358E-12	1.173833E-13	2.863273E-14	7.050475E-15	1.963094E-15	5.050343E-16	1.384718E-16	3.618597E-17	1.002056E-17	2.665777E-18	7.763506E-19	2.062221E-19	4.814730E-20	1.320249E-20	3.168494E-21	7.287348E-22	1.697893E-22	3.862303E-23	9.281952E-24	2.646736E-24	9.245197E-25	0.000000E+00	0.000000E+00	4.079358E-26	2.249705E-25	1.130305E-24	9.047288E-25	3.540155E-25	9.877296E-25	2.113390E-25	8.229397E-26	0.000000E+00	0.000000E+00	0.000000E+00	0.000000E+00	0.000000E+00	0.000000E+00	0.000000E+00	
2.421419E-08	9.574684E-09	2.796514E-10	1.502128E-12	1.217804E-13	2.970802E-14	7.315256E-15	2.036789E-15	5.239929E-16	1.436676E-16	3.754351E-17	1.039632E-17	2.765712E-18	8.054433E-19	2.139490E-19	4.994954E-20	1.369585E-20	3.285979E-21	7.544372E-22	1.751385E-22	3.855397E-23	6.290289E-24	3.489668E-25	0.000000E+00	0.000000E+00	0.000000E+00	0.000000E+00	8.154676E-25	1.050132E-24	9.146243E-25	1.769472E-24	2.539097E-24	4.190732E-24	1.590243E-24	2.339976E-24	4.053508E-24	2.027865E-24	4.832019E-24	2.181850E-24	0.000000E+00	4.763054E-24	
2.424416E-08	9.588054E-09	2.802317E-10	1.531065E-12	1.271283E-13	3.101584E-14	7.637301E-15	2.126420E-15	5.470518E-16	1.499871E-16	3.919464E-17	1.085334E-17	2.887261E-18	8.408286E-19	2.233453E-19	5.214332E-20	1.429719E-20	3.430642E-21	7.897749E-22	1.846127E-22	4.155734E-23	9.685445E-24	2.252936E-24	8.708015E-25	9.693523E-25	4.854839E-25	1.526730E-25	6.926830E-25	0.000000E+00	1.924568E-25	6.143270E-25	0.000000E+00	1.413639E-25	2.539501E-25	0.000000E+00	1.884279E-24	7.204509E-25	2.446504E-24	9.042239E-25	0.000000E+00	0.000000E+00	
2.428232E-08	9.605011E-09	2.809608E-10	1.566801E-12	1.337248E-13	3.262899E-14	8.034536E-15	2.236977E-15	5.754945E-16	1.577819E-16	4.123129E-17	1.141706E-17	3.037187E-18	8.844768E-19	2.349377E-19	5.484899E-20	1.503865E-20	3.608175E-21	8.293253E-22	1.945260E-22	4.445732E-23	1.010267E-23	9.471380E-25	1.619222E-24	5.614165E-25	2.605134E-25	5.694945E-26	0.000000E+00	6.036237E-25	2.633407E-25	4.733670E-25	0.000000E+00	0.000000E+00	5.318311E-25	0.000000E+00	0.000000E+00	0.000000E+00	0.000000E+00	0.000000E+00	0.000000E+00	0.000000E+00	
2.433204E-08	9.627014E-09	2.818965E-10	1.611721E-12	1.420045E-13	3.465371E-14	8.533131E-15	2.375740E-15	6.111949E-16	1.675656E-16	4.378763E-17	1.212462E-17	3.225370E-18	9.392600E-19	2.494860E-19	5.824457E-20	1.597040E-20	3.831879E-21	8.818408E-22	2.056537E-22	4.718686E-23	1.026786E-23	1.960515E-24	0.000000E+00	0.000000E+00	6.020082E-25	4.562014E-25	1.338110E-24	5.044671E-25	1.876101E-24	1.244002E-24	6.805661E-25	1.584386E-24	9.516818E-25	0.000000E+00	2.355425E-24	1.456553E-24	0.000000E+00	0.000000E+00	0.000000E+00	0.000000E+00	
2.439877E-08	9.656399E-09	2.831302E-10	1.669465E-12	1.526283E-13	3.725165E-14	9.172897E-15	2.553788E-15	6.570037E-16	1.801193E-16	4.706778E-17	1.303251E-17	3.466836E-18	1.009556E-18	2.681562E-19	6.260199E-20	1.716489E-20	4.119071E-21	9.469853E-22	2.202914E-22	4.906336E-23	9.749664E-24	1.971824E-24	1.013781E-24	5.448568E-25	1.305798E-24	2.003934E-24	1.336696E-24	1.503506E-24	2.303221E-24	2.891295E-24	1.075779E-24	1.163829E-24	3.084459E-24	4.190126E-24	1.815314E-24	7.411506E-25	1.963746E-24	1.550964E-24	5.230362E-24	8.068040E-24	
2.449177E-08	9.697125E-09	2.848146E-10	1.745878E-12	1.666546E-13	4.068157E-14	1.001757E-14	2.788854E-15	7.174849E-16	1.966934E-16	5.139856E-17	1.423118E-17	3.785640E-18	1.102364E-18	2.928028E-19	6.835443E-20	1.874205E-20	4.497705E-21	1.035118E-21	2.418061E-22	5.577774E-23	1.216214E-23	2.963391E-24	1.718581E-24	8.582807E-25	2.660872E-24	2.208104E-24	1.930223E-24	1.621040E-24	2.214566E-24	1.425352E-24	1.166454E-24	1.043164E-24	7.334766E-25	5.111314E-25	7.613454E-26	2.000703E-24	2.121165E-24	1.756951E-24	2.657136E-24	0.000000E+00	
2.462800E-08	9.756401E-09	2.872229E-10	1.851008E-12	1.858949E-13	4.538638E-14	1.117626E-14	3.111294E-15	8.004511E-16	2.194284E-16	5.733938E-17	1.587543E-17	4.222968E-18	1.229677E-18	3.266129E-19	7.624587E-20	2.090558E-20	5.016080E-21	1.154463E-21	2.700850E-22	6.095126E-23	1.295055E-23	3.136259E-24	8.986703E-25	7.290337E-25	1.123641E-24	7.536714E-25	1.868830E-24	9.756127E-25	1.377086E-24	4.099552E-25	4.240916E-26	2.904018E-25	8.951362E-25	0.000000E+00	0.000000E+00	0.000000E+00	0.000000E+00	0.000000E+00	1.368604E-24	3.906288E-24	
2.484155E-08	9.848636E-09	2.908934E-10	2.003728E-12	2.137365E-13	5.219427E-14	1.285298E-14	3.577863E-15	9.205118E-16	2.523267E-16	6.593638E-17	1.825476E-17	4.855821E-18	1.413903E-18	3.755388E-19	8.766304E-20	2.403323E-20	5.764644E-21	1.325953E-21	3.079204E-22	6.879372E-23	1.430279E-23	2.568784E-24	3.150395E-26	0.000000E+00	0.000000E+00	0.000000E+00	3.029226E-26	8.831203E-25	1.018426E-24	1.083655E-24	7.892143E-25	1.355377E-24	5.802987E-25	3.760279E-25	1.951730E-24	1.829249E-24	1.506737E-24	0.000000E+00	0.000000E+00	0.000000E+00	
2.523545E-08	1.001634E-08	2.972856E-10	2.239556E-12	2.557996E-13	6.230828E-14	1.529967E-14	4.241331E-15	1.086326E-15	2.960566E-16	7.687184E-17	2.113357E-17	5.582359E-18	1.615806E-18	4.268963E-19	9.898007E-20	2.703575E-20	6.460149E-21	1.481085E-21	3.459715E-22	7.746175E-23	1.661066E-23	3.056691E-24	0.000000E+00	1.235924E-25	0.000000E+00	0.000000E+00	0.000000E+00	0.000000E+00	0.000000E+00	0.000000E+00	0.000000E+00	0.000000E+00	0.000000E+00	0.000000E+00	0.000000E+00	0.000000E+00	0.000000E+00	0.000000E+00	0.000000E+00	5.752904E-24	
2.596219E-08	1.032518E-08	3.089981E-10	2.668864E-12	3.330418E-13	8.114221E-14	1.992580E-14	5.523094E-15	1.414755E-15	3.855207E-16	1.001057E-16	2.751852E-17	7.268924E-18	2.103845E-18	5.558271E-19	1.288695E-19	3.520078E-20	8.409107E-21	1.927906E-21	4.505024E-22	1.018927E-22	2.185607E-23	3.410908E-24	1.373249E-25	0.000000E+00	0.000000E+00	0.000000E+00	0.000000E+00	0.000000E+00	0.000000E+00	0.000000E+00	3.800669E-25	0.000000E+00	0.000000E+00	0.000000E+00	0.000000E+00	0.000000E+00	0.000000E+00	0.000000E+00	0.000000E+00	4.400354E-24	
2.742053E-08	1.093991E-08	3.317346E-10	3.442347E-12	4.711759E-13	1.148200E-13	2.819957E-14	7.814981E-15	2.002156E-15	5.454982E-16	1.416582E-16	3.893613E-17	1.028506E-17	2.976547E-18	7.863863E-19	1.823183E-19	4.979909E-20	1.189678E-20	2.726724E-21	6.359379E-22	1.426160E-22	3.034921E-23	7.363038E-24	8.510105E-25	2.185082E-25	0.000000E+00	0.000000E+00	3.877409E-26	7.684136E-25	1.932040E-24	1.906393E-25	0.000000E+00	0.000000E+00	0.000000E+00	0.000000E+00	0.000000E+00	0.000000E+00	2.880592E-24	7.578113E-25	4.765982E-25	1.133991E-23	
3.068622E-08	1.231029E-08	3.817148E-10	5.068625E-12	7.602046E-13	1.852771E-13	4.551428E-14	1.260954E-14	3.231465E-15	8.802007E-16	2.286153E-16	6.282501E-17	1.659637E-17	4.802468E-18	1.268791E-18	2.941519E-19	8.034470E-20	1.919509E-20	4.400739E-21	1.029019E-21	2.334241E-22	5.221133E-23	1.221667E-23	2.631388E-24	2.300192E-24	1.265005E-24	5.913049E-25	2.151356E-24	2.226683E-24	1.249657E-24	1.508353E-24	1.489571E-24	2.020090E-24	2.550204E-24	4.711456E-25	0.000000E+00	0.000000E+00	0.000000E+00	0.000000E+00	0.000000E+00	0.000000E+00	
3.836834E-08	1.554386E-08	5.009003E-10	9.083870E-12	1.474546E-12	3.587703E-13	8.801220E-14	2.430858E-14	6.215276E-15	1.686051E-15	4.362722E-16	1.193122E-16	3.137847E-17	9.042648E-18	2.380638E-18	5.493947E-19	1.496734E-19	3.564915E-20	8.150229E-21	1.900973E-21	4.299231E-22	9.505953E-23	2.028370E-23	4.545051E-24	1.447970E-24	0.000000E+00	0.000000E+00	0.000000E+00	0.000000E+00	0.000000E+00	0.000000E+00	0.000000E+00	0.000000E+00	0.000000E+00	0.000000E+00	0.000000E+00	0.000000E+00	0.000000E+00	0.000000E+00	5.483808E-24	0.000000E+00	
5.843358E-08	2.413418E-08	8.352692E-10	2.232572E-11	3.868608E-12	9.410710E-13	2.310599E-13	6.375283E-14	1.631887E-14	4.423260E-15	1.145349E-15	3.130529E-16	8.235816E-17	2.372555E-17	6.246794E-18	1.441609E-18	3.927260E-19	9.353755E-20	2.138521E-20	4.983774E-21	1.121778E-21	2.421773E-22	4.888201E-23	9.325169E-24	2.084107E-25	4.362085E-25	5.719178E-25	2.545761E-24	3.351132E-24	2.370066E-24	3.971517E-24	2.907653E-24	4.097129E-24	4.034929E-25	6.079858E-24	5.355873E-24	2.579083E-24	0.000000E+00	8.132260E-24	3.370519E-24	1.376480E-23	
1.092356E-07	4.693063E-08	1.850605E-09	7.611465E-11	1.379717E-11	3.354212E-12	8.250390E-13	2.271749E-13	5.828682E-14	1.577299E-14	4.090385E-15	1.116773E-15	2.940157E-16	8.464224E-17	2.229138E-17	5.144650E-18	1.401487E-18	3.338382E-19	7.635035E-20	1.780022E-20	4.016739E-21	8.726513E-22	1.862934E-22	3.960450E-23	6.727305E-24	0.000000E+00	1.850655E-24	0.000000E+00	0.000000E+00	0.000000E+00	0.000000E+00	2.315136E-24	0.000000E+00	0.000000E+00	0.000000E+00	0.000000E+00	0.000000E+00	0.000000E+00	0.000000E+00	2.334523E-25	0.000000E+00	
2.107412E-07	9.750533E-08	4.714860E-09	2.865156E-10	5.322836E-11	1.291464E-11	3.185092E-12	8.727370E-13	2.246481E-13	6.051532E-14	1.571090E-14	4.272419E-15	1.124155E-15	3.226693E-16	8.488752E-17	1.955517E-17	5.320806E-18	1.265965E-18	2.893628E-19	6.740401E-20	1.519274E-20	3.295659E-21	7.002149E-22	1.419681E-22	2.380729E-23	7.609415E-24	4.486485E-24	1.422040E-23	1.361778E-23	4.657738E-24	2.654410E-24	3.866100E-24	8.706399E-24	4.028467E-24	1.260966E-24	0.000000E+00	0.000000E+00	0.000000E+00	0.000000E+00	3.500170E-24	3.985007E-23	
3.600933E-07	1.884679E-07	1.185712E-08	9.756079E-10	1.834762E-10	4.441950E-11	1.101856E-11	3.000268E-12	7.780759E-13	2.085817E-13	5.441386E-14	1.474932E-14	3.890190E-15	1.114367E-15	2.934233E-16	6.762312E-17	1.839907E-17	4.379298E-18	1.002067E-18	2.334414E-19	5.264917E-20	1.142961E-20	2.392633E-21	4.840751E-22	1.014330E-22	2.356172E-23	1.345784E-23	1.461137E-23	1.652099E-23	1.135112E-23	0.000000E+00	2.778810E-25	0.000000E+00	0.000000E+00	1.222030E-23	0.000000E+00	0.000000E+00	0.000000E+00	1.250464E-23	1.453221E-23	0.000000E+00	
4.929482E-07	2.989155E-07	2.395215E-08	2.386341E-09	4.512576E-10	1.089654E-10	2.721770E-11	7.357163E-12	1.924885E-12	5.131682E-13	1.346336E-13	3.635787E-14	9.616645E-15	2.748216E-15	7.243666E-16	1.670423E-16	4.544613E-17	1.082261E-17	2.480027E-18	5.778031E-19	1.304329E-19	2.837750E-20	5.980089E-21	1.236396E-21	2.516568E-22	6.214194E-23	5.335315E-23	1.946459E-23	2.668304E-23	2.157132E-23	3.729098E-23	3.150072E-23	2.042102E-23	2.222402E-23	5.143706E-23	4.166276E-23	2.612728E-23	8.113317E-23	1.015461E-22	1.094108E-22	9.819215E-23	
5.645774E-07	3.848231E-07	3.615893E-08	3.994562E-09	7.580365E-10	1.827950E-10	4.594491E-11	1.236295E-11	3.260650E-12	8.670378E-13	2.288592E-13	6.175060E-14	1.640069E-14	4.686441E-15	1.238141E-15	2.862674E-16	7.796835E-17	1.860102E-17	4.272719E-18	9.961823E-19	2.251331E-19	4.901607E-20	1.034901E-20	2.113847E-21	4.148311E-22	5.198313E-23	2.065367E-23	4.122978E-24	5.932436E-24	0.000000E+00	0.000000E+00	0.000000E+00	0.000000E+00	0.000000E+00	0.000000E+00	0.000000E+00	0.000000E+00	0.000000E+00	4.526875E-24	5.925650E-23	1.045899E-22	
6.022264E-07	4.477716E-07	4.681322E-08	5.523845E-09	1.055653E-09	2.557356E-10	6.499628E-11	1.758221E-11	4.710362E-12	1.265768E-12	3.402256E-13	9.315293E-14	2.519590E-14	7.295460E-15	1.953660E-15	4.594242E-16	1.262904E-16	3.046392E-17	7.071396E-18	1.657298E-18	3.763617E-19	8.223748E-20	1.739565E-20	3.550259E-21	7.057143E-22	1.108228E-22	7.560948E-25	0.000000E+00	0.000000E+00	0.000000E+00	0.000000E+00	0.000000E+00	0.000000E+00	0.000000E+00	0.000000E+00	0.000000E+00	3.612453E-24	0.000000E+00	4.368548E-24	7.576781E-23	0.000000E+00	
6.193065E-07	4.902952E-07	5.509021E-08	6.777685E-09	1.300219E-09	3.154199E-10	8.062654E-11	2.182987E-11	5.893321E-12	1.588738E-12	4.303979E-13	1.184100E-13	3.225696E-14	9.380617E-15	2.524525E-15	5.973211E-16	1.646978E-16	3.988335E-17	9.293796E-18	2.182068E-18	4.964641E-19	1.086875E-19	2.302363E-20	4.701617E-21	9.383201E-22	1.774432E-22	4.685849E-23	0.000000E+00	3.176244E-23	4.820912E-24	0.000000E+00	0.000000E+00	0.000000E+00	0.000000E+00	0.000000E+00	0.000000E+00	0.000000E+00	0.000000E+00	3.866423E-23	6.666236E-23	8.407192E-23	
6.276487E-07	5.220993E-07	6.195507E-08	7.860912E-09	1.512774E-09	3.673693E-10	9.432309E-11	2.555523E-11	6.939391E-12	1.875237E-12	5.109975E-13	1.410790E-13	3.863447E-14	1.127042E-14	3.043998E-15	7.234390E-16	1.998972E-16	4.854207E-17	1.134308E-17	2.666497E-18	6.074753E-19	1.330941E-19	2.819463E-20	5.752162E-21	1.132720E-21	2.015219E-22	8.834030E-24	0.000000E+00	0.000000E+00	0.000000E+00	0.000000E+00	0.000000E+00	0.000000E+00	0.000000E+00	0.000000E+00	0.000000E+00	0.000000E+00	0.000000E+00	0.000000E+00	0.000000E+00	0.000000E+00	
6.314856E-07	5.480310E-07	6.805915E-08	8.857499E-09	1.709752E-09	4.156837E-10	1.071625E-10	2.906171E-11	7.933620E-12	2.149360E-12	5.888736E-13	1.631454E-13	4.489531E-14	1.313649E-14	3.559787E-15	8.495208E-16	2.351923E-16	5.725889E-17	1.341393E-17	3.157018E-18	7.201401E-19	1.579274E-19	3.351782E-20	6.946172E-21	1.400378E-21	2.786823E-22	5.670065E-23	4.007949E-23	0.000000E+00	0.000000E+00	1.739664E-23	0.000000E+00	0.000000E+00	1.927072E-23	0.000000E+00	3.282550E-23	0.000000E+00	0.000000E+00	1.403590E-22	0.000000E+00	1.581854E-22	
6.316280E-07	5.689831E-07	7.347087E-08	9.762161E-09	1.887096E-09	4.585044E-10	1.183886E-10	3.205527E-11	8.766614E-12	2.372412E-12	6.506523E-13	1.801132E-13	4.958734E-14	1.450104E-14	3.930173E-15	9.381029E-16	2.597027E-16	6.323659E-17	1.482013E-17	3.488142E-18	7.958648E-19	1.746688E-19	3.705216E-20	7.648422E-21	1.541154E-21	2.921499E-22	5.468439E-23	6.779004E-24	2.027885E-23	9.344556E-24	1.546440E-23	5.059373E-23	0.000000E+00	0.000000E+00	2.986251E-23	0.000000E+00	0.000000E+00	1.324781E-25	0.000000E+00	1.676042E-22	5.583146E-23	
6.312207E-07	5.906572E-07	7.934697E-08	1.078592E-08	2.095573E-09	5.109822E-10	1.328105E-10	3.612589E-11	9.967297E-12	2.716883E-12	7.526014E-13	2.101233E-13	5.840083E-14	1.720026E-14	4.692515E-15	1.129303E-15	3.138588E-16	7.680112E-17	1.808202E-17	4.265580E-18	9.753195E-19	2.143393E-19	4.550940E-20	9.336232E-21	1.827643E-21	2.810217E-22	0.000000E+00	0.000000E+00	0.000000E+00	0.000000E+00	0.000000E+00	0.000000E+00	0.000000E+00	0.000000E+00	0.000000E+00	0.000000E+00	1.235278E-23	6.898557E-23	0.000000E+00	1.264035E-22	2.166115E-22	
6.272944E-07	6.072872E-07	8.443710E-08	1.168570E-08	2.273869E-09	5.541350E-10	1.442256E-10	3.917632E-11	1.082542E-11	2.947974E-12	8.172975E-13	2.280205E-13	6.339783E-14	1.866233E-14	5.092022E-15	1.225687E-15	3.406299E-16	8.336550E-17	1.963466E-17	4.632104E-18	1.059300E-18	2.328463E-19	4.945255E-20	1.012659E-20	1.976303E-21	3.482430E-22	4.826082E-23	0.000000E+00	0.000000E+00	0.000000E+00	0.000000E+00	0.000000E+00	0.000000E+00	0.000000E+00	0.000000E+00	0.000000E+00	0.000000E+00	1.885390E-23	7.851753E-25	5.873629E-23	1.871141E-22	
6.223608E-07	6.239403E-07	8.986077E-08	1.267871E-08	2.476054E-09	6.044578E-10	1.579781E-10	4.299631E-11	1.194436E-11	3.264052E-12	9.099726E-13	2.549320E-13	7.123652E-14	2.104172E-14	5.760628E-15	1.392517E-15	3.877188E-16	9.512963E-17	2.246029E-17	5.304871E-18	1.214607E-18	2.672863E-19	5.682741E-20	1.170697E-20	2.304874E-21	4.134869E-22	8.413978E-23	2.615959E-23	0.000000E+00	0.000000E+00	0.000000E+00	0.000000E+00	0.000000E+00	0.000000E+00	0.000000E+00	0.000000E+00	0.000000E+00	0.000000E+00	1.409761E-23	0.000000E+00	0.000000E+00	
6.159657E-07	6.398243E-07	9.547677E-08	1.374182E-08	2.696716E-09	6.603023E-10	1.735489E-10	4.741072E-11	1.326638E-11	3.646097E-12	1.024456E-12	2.888552E-13	8.129219E-14	2.413704E-14	6.639576E-15	1.614602E-15	4.507231E-16	1.109735E-16	2.628738E-17	6.218747E-18	1.426058E-18	3.142920E-19	6.689822E-20	1.384203E-20	2.810101E-21	5.805515E-22	1.151461E-22	3.012101E-23	0.000000E+00	9.061505E-23	7.307624E-23	1.020211E-22	7.615232E-23	9.484789E-23	1.229526E-22	5.954408E-23	9.819215E-23	9.085416E-23	0.000000E+00	0.000000E+00	1.087258E-22	
6.071437E-07	6.514573E-07	1.003531E-07	1.468045E-08	2.886109E-09	7.062972E-10	1.858650E-10	5.071218E-11	1.420832E-11	3.901737E-12	1.096996E-12	3.091051E-13	8.701363E-14	2.582336E-14	7.104106E-15	1.727912E-15	4.823329E-16	1.187764E-16	2.814582E-17	6.658852E-18	1.527384E-18	3.366187E-19	7.163388E-20	1.470311E-20	2.939722E-21	5.831365E-22	3.718435E-23	0.000000E+00	0.000000E+00	0.000000E+00	1.859218E-23	0.000000E+00	0.000000E+00	3.873532E-23	5.140798E-23	1.318642E-23	2.725495E-23	0.000000E+00	0.000000E+00	3.594035E-23	2.784949E-23	
5.975676E-07	6.640891E-07	1.059018E-07	1.579618E-08	3.122523E-09	7.667872E-10	2.030086E-10	5.562980E-11	1.570565E-11	4.340204E-12	1.230286E-12	3.490380E-13	9.897902E-14	2.953434E-14	8.164461E-15	1.997980E-15	5.591338E-16	1.381703E-16	3.284949E-17	7.784161E-18	1.788194E-18	3.945992E-19	8.404514E-20	1.729560E-20	3.449679E-21	6.184338E-22	1.241288E-22	0.000000E+00	0.000000E+00	0.000000E+00	0.000000E+00	0.000000E+00	0.000000E+00	0.000000E+00	0.000000E+00	0.000000E+00	0.000000E+00	0.000000E+00	1.543920E-22	0.000000E+00	0.000000E+00	
5.862559E-07	6.735923E-07	1.109634E-07	1.684257E-08	3.342716E-09	8.222427E-10	2.185227E-10	5.999264E-11	1.701570E-11	4.716628E-12	1.343102E-12	3.823078E-13	1.088389E-13	3.256139E-14	9.024000E-15	2.215502E-15	6.207715E-16	1.536874E-16	3.660628E-17	8.681845E-18	1.996383E-18	4.409441E-19	9.405626E-20	1.944271E-20	3.919634E-21	7.848005E-22	1.597880E-22	3.117437E-23	3.013393E-23	6.685946E-23	7.726384E-23	4.583744E-23	3.227943E-23	7.160282E-24	0.000000E+00	1.721570E-23	0.000000E+00	8.436596E-23	1.283584E-22	8.208152E-23	0.000000E+00	
5.736645E-07	6.808228E-07	1.157307E-07	1.786035E-08	3.557672E-09	8.761733E-10	2.335891E-10	6.420653E-11	1.827849E-11	5.077730E-12	1.451022E-12	4.139997E-13	1.182090E-13	3.542998E-14	9.837474E-15	2.421175E-15	6.789983E-16	1.683409E-16	4.015476E-17	9.529703E-18	2.192883E-18	4.845468E-19	1.033052E-19	2.127531E-20	4.258287E-21	8.295975E-22	1.655912E-22	5.703023E-23	4.714929E-23	7.703766E-23	9.777533E-24	6.979336E-23	7.514419E-23	7.776790E-23	3.192400E-23	1.240028E-22	1.004281E-22	1.827972E-22	3.431830E-23	1.914018E-22	0.000000E+00	
5.614486E-07	6.878070E-07	1.205587E-07	1.890894E-08	3.780594E-09	9.322007E-10	2.492880E-10	6.860550E-11	1.960055E-11	5.456710E-12	1.564573E-12	4.474132E-13	1.281087E-13	3.846504E-14	1.069930E-14	2.639514E-15	7.408391E-16	1.839216E-16	4.393246E-17	1.043289E-17	2.402428E-18	5.312054E-19	1.133854E-19	2.340165E-20	4.687426E-21	8.394074E-22	1.082443E-22	0.000000E+00	0.000000E+00	0.000000E+00	0.000000E+00	0.000000E+00	0.000000E+00	3.302260E-24	0.000000E+00	0.000000E+00	0.000000E+00	0.000000E+00	0.000000E+00	0.000000E+00	0.000000E+00	
5.578867E-07	7.062044E-07	1.277868E-07	2.039974E-08	4.102328E-09	1.014908E-09	2.729226E-10	7.541623E-11	2.169055E-11	6.072309E-12	1.752954E-12	5.040982E-13	1.451878E-13	4.378151E-14	1.222362E-14	3.030077E-15	8.519289E-16	2.120625E-16	5.078347E-17	1.207483E-17	2.783926E-18	6.161650E-19	1.315307E-19	2.718545E-20	5.385540E-21	9.698434E-22	1.562337E-22	0.000000E+00	0.000000E+00	0.000000E+00	0.000000E+00	0.000000E+00	2.772348E-23	0.000000E+00	0.000000E+00	1.799764E-23	8.481832E-24	4.013765E-23	6.628754E-23	0.000000E+00	0.000000E+00	
5.528212E-07	7.224993E-07	1.348521E-07	2.190036E-08	4.429832E-09	1.099539E-09	2.972850E-10	8.247399E-11	2.387151E-11	6.718381E-12	1.951807E-12	5.641996E-13	1.633758E-13	4.946119E-14	1.385619E-14	3.449907E-15	9.714116E-16	2.423854E-16	5.818001E-17	1.384927E-17	3.196748E-18	7.082842E-19	1.513922E-19	3.127706E-20	6.256432E-21	1.212026E-21	1.923195E-22	7.001955E-23	0.000000E+00	3.790814E-23	2.894486E-23	2.846665E-23	2.669596E-23	3.624085E-23	9.297381E-23	7.898929E-23	0.000000E+00	4.876811E-23	1.427404E-22	1.212854E-22	5.360841E-23	
5.464712E-07	7.353679E-07	1.411759E-07	2.326821E-08	4.724726E-09	1.174130E-09	3.183238E-10	8.841555E-11	2.566893E-11	7.238116E-12	2.108590E-12	6.106598E-13	1.772251E-13	5.372928E-14	1.507295E-14	3.760077E-15	1.059359E-15	2.646165E-16	6.358877E-17	1.514475E-17	3.497910E-18	7.754170E-19	1.658133E-19	3.427538E-20	6.883991E-21	1.285826E-21	2.162819E-22	2.997883E-23	0.000000E+00	0.000000E+00	0.000000E+00	0.000000E+00	0.000000E+00	0.000000E+00	0.000000E+00	0.000000E+00	0.000000E+00	0.000000E+00	0.000000E+00	0.000000E+00	0.000000E+00	
5.387953E-07	7.471202E-07	1.476799E-07	2.473603E-08	5.052302E-09	1.259598E-09	3.432499E-10	9.570481E-11	2.794821E-11	7.920012E-12	2.320479E-12	6.751757E-13	1.968877E-13	5.990096E-14	1.685421E-14	4.220897E-15	1.190638E-15	2.980350E-16	7.176683E-17	1.710986E-17	3.955936E-18	8.777429E-19	1.878296E-19	3.883347E-20	7.810498E-21	1.537651E-21	3.097016E-22	6.804853E-23	2.679936E-23	2.575892E-23	1.874081E-24	0.000000E+00	4.978593E-23	2.420796E-23	3.603406E-23	0.000000E+00	0.000000E+00	1.144514E-22	0.000000E+00	5.942129E-23	0.000000E+00	
5.299787E-07	7.564778E-07	1.538095E-07	2.616753E-08	5.376042E-09	1.344588E-09	3.682311E-10	1.030539E-10	3.026213E-11	8.616420E-12	2.538071E-12	7.417166E-13	2.172503E-13	6.631189E-14	1.870881E-14	4.702361E-15	1.327859E-15	3.330269E-16	8.034556E-17	1.917316E-17	4.437249E-18	9.853237E-19	2.109994E-19	4.371606E-20	8.772509E-21	1.708193E-21	3.086935E-22	7.727030E-23	8.989127E-23	3.764964E-23	3.728129E-23	0.000000E+00	1.318965E-23	3.657689E-24	0.000000E+00	0.000000E+00	4.458697E-23	4.596992E-23	9.934568E-23	0.000000E+00	2.995331E-22	
5.204255E-07	7.624293E-07	1.589874E-07	2.740754E-08	5.652513E-09	1.415375E-09	3.885460E-10	1.088640E-10	3.204890E-11	9.140785E-12	2.698510E-12	7.898282E-13	2.317538E-13	7.081891E-14	2.000255E-14	5.035520E-15	1.422529E-15	3.570865E-16	8.623214E-17	2.058705E-17	4.766950E-18	1.059012E-18	2.267945E-19	4.693982E-20	9.342346E-21	1.768383E-21	3.552353E-22	4.020873E-23	0.000000E+00	0.000000E+00	0.000000E+00	0.000000E+00	0.000000E+00	0.000000E+00	0.000000E+00	0.000000E+00	0.000000E+00	2.958463E-23	0.000000E+00	0.000000E+00	0.000000E+00	
5.098135E-07	7.670984E-07	1.642088E-07	2.872098E-08	5.957730E-09	1.496466E-09	4.127275E-10	1.160569E-10	3.434131E-11	9.838153E-12	2.918453E-12	8.575993E-13	2.526346E-13	7.742662E-14	2.192154E-14	5.536615E-15	1.565465E-15	3.936433E-16	9.522239E-17	2.275292E-17	5.273254E-18	1.172438E-18	2.513313E-19	5.209670E-20	1.045795E-20	2.012518E-21	3.810588E-22	7.329596E-23	0.000000E+00	2.509976E-23	4.400859E-23	2.833094E-23	8.909640E-23	2.053734E-23	2.339370E-23	0.000000E+00	0.000000E+00	0.000000E+00	0.000000E+00	0.000000E+00	0.000000E+00	
4.982465E-07	7.702034E-07	1.693381E-07	3.007686E-08	6.284353E-09	1.585762E-09	4.401222E-10	1.244248E-10	3.707109E-11	1.068691E-11	3.190936E-12	9.428247E-13	2.792108E-13	8.591922E-14	2.440320E-14	6.189770E-15	1.752044E-15	4.415307E-16	1.070359E-16	2.560385E-17	5.940506E-18	1.322033E-18	2.835363E-19	5.886259E-20	1.184216E-20	2.312267E-21	4.561255E-22	7.422007E-23	3.813432E-23	0.000000E+00	2.399470E-23	0.000000E+00	4.752411E-23	2.889316E-23	2.407225E-23	6.535373E-23	0.000000E+00	1.354185E-23	1.349855E-22	1.295378E-22	2.278172E-22	
4.863633E-07	7.704228E-07	1.735308E-07	3.123673E-08	6.563545E-09	1.661188E-09	4.630426E-10	1.313451E-10	3.931051E-11	1.137753E-11	3.411263E-12	1.011349E-12	3.004998E-13	9.270003E-14	2.638166E-14	6.710166E-15	1.900571E-15	4.796526E-16	1.164464E-16	2.787563E-17	6.472630E-18	1.441440E-18	3.094110E-19	6.425653E-20	1.294945E-20	2.545584E-21	5.570027E-22	1.701278E-22	1.000630E-22	1.331955E-22	9.438906E-23	1.072879E-22	8.269867E-23	1.160638E-22	8.967801E-23	5.514322E-23	5.984135E-24	8.090860E-24	0.000000E+00	0.000000E+00	1.051747E-23	
4.740798E-07	7.686563E-07	1.771887E-07	3.230712E-08	6.826129E-09	1.732738E-09	4.849869E-10	1.380190E-10	4.148552E-11	1.205259E-11	3.627734E-12	1.078960E-12	3.215816E-13	9.943405E-14	2.835050E-14	7.229696E-15	2.048893E-15	5.177817E-16	1.258745E-16	3.015369E-17	7.006776E-18	1.561384E-18	3.353317E-19	6.961498E-20	1.401779E-20	2.729903E-21	4.618640E-22	9.488666E-23	0.000000E+00	0.000000E+00	0.000000E+00	0.000000E+00	0.000000E+00	0.000000E+00	0.000000E+00	0.000000E+00	2.805305E-23	6.613567E-23	1.394058E-22	1.279804E-22	3.291080E-22	
4.616436E-07	7.652666E-07	1.803586E-07	3.329181E-08	7.072433E-09	1.800438E-09	5.059392E-10	1.444370E-10	4.359122E-11	1.271018E-11	3.839616E-12	1.145402E-12	3.423693E-13	1.060920E-13	3.030082E-14	7.745910E-15	2.196301E-15	5.557327E-16	1.352736E-16	3.242686E-17	7.540336E-18	1.681319E-18	3.612868E-19	7.504902E-20	1.512847E-20	2.902887E-21	5.342165E-22	1.438648E-22	2.832447E-23	6.585133E-24	1.492803E-24	0.000000E+00	1.121864E-23	0.000000E+00	0.000000E+00	2.652794E-23	1.095917E-22	0.000000E+00	1.155920E-22	1.513288E-22	2.552014E-22	
4.495787E-07	7.597443E-07	1.825279E-07	3.402995E-08	7.253635E-09	1.848342E-09	5.202474E-10	1.486544E-10	4.493286E-11	1.311698E-11	3.967540E-12	1.184697E-12	3.544705E-13	1.099142E-13	3.141254E-14	8.038203E-15	2.279649E-15	5.771491E-16	1.405753E-16	3.370847E-17	7.841363E-18	1.749104E-18	3.759548E-19	7.811608E-20	1.571794E-20	3.050409E-21	5.951694E-22	1.523951E-22	2.969449E-23	2.933906E-23	1.938058E-23	7.852400E-23	7.725738E-23	8.475370E-23	4.353684E-23	1.097307E-23	0.000000E+00	2.508684E-23	0.000000E+00	0.000000E+00	0.000000E+00	
4.372568E-07	7.534583E-07	1.846082E-07	3.478963E-08	7.449961E-09	1.902624E-09	5.371687E-10	1.538562E-10	4.664701E-11	1.365452E-11	4.141218E-12	1.239295E-12	3.715915E-13	1.154062E-13	3.302407E-14	8.466253E-15	2.401918E-15	6.086922E-16	1.484064E-16	3.560500E-17	8.287211E-18	1.849496E-18	3.977006E-19	8.269460E-20	1.665708E-20	3.245831E-21	6.489361E-22	1.526213E-22	0.000000E+00	8.426902E-24	1.633682E-23	0.000000E+00	0.000000E+00	0.000000E+00	0.000000E+00	1.874081E-25	0.000000E+00	0.000000E+00	1.790071E-23	4.592791E-23	1.960838E-22	
4.250831E-07	7.461028E-07	1.862515E-07	3.545977E-08	7.627397E-09	1.952117E-09	5.527329E-10	1.586729E-10	4.824380E-11	1.415809E-11	4.304594E-12	1.290836E-12	3.878012E-13	1.206176E-13	3.455587E-14	8.874249E-15	2.518490E-15	6.388082E-16	1.558946E-16	3.742010E-17	8.714470E-18	1.945808E-18	4.185775E-19	8.712196E-20	1.755572E-20	3.438822E-21	6.981663E-22	1.596523E-22	4.165630E-23	3.775304E-23	1.388112E-23	0.000000E+00	1.503142E-23	3.927169E-23	0.000000E+00	2.853773E-23	5.127874E-24	0.000000E+00	0.000000E+00	0.000000E+00	0.000000E+00	
4.128423E-07	7.385740E-07	1.880099E-07	3.620202E-08	7.834207E-09	2.012478E-09	5.724669E-10	1.650005E-10	5.039962E-11	1.485469E-11	4.534845E-12	1.364577E-12	4.112629E-13	1.282354E-13	3.680681E-14	9.477551E-15	2.690960E-15	6.834678E-16	1.670180E-16	4.011934E-17	9.349971E-18	2.088976E-18	4.496362E-19	9.355598E-20	1.884116E-20	3.641559E-21	6.798391E-22	9.600465E-23	4.068695E-23	3.715850E-24	2.204307E-23	0.000000E+00	3.425691E-23	4.364024E-23	5.032231E-23	1.114432E-23	5.333699E-23	0.000000E+00	2.588817E-23	4.782138E-25	0.000000E+00	
4.017173E-07	7.301642E-07	1.889077E-07	3.669098E-08	7.967856E-09	2.049613E-09	5.841177E-10	1.685871E-10	5.158451E-11	1.522769E-11	4.655515E-12	1.402591E-12	4.232070E-13	1.320713E-13	3.793491E-14	9.778886E-15	2.777070E-15	7.057605E-16	1.725768E-16	4.146898E-17	9.668302E-18	2.160892E-18	4.652566E-19	9.680658E-20	1.949108E-20	3.768467E-21	7.243000E-22	1.574487E-22	6.753800E-23	6.782235E-23	8.615603E-23	6.205793E-23	0.000000E+00	1.849524E-23	3.991793E-23	4.791185E-23	0.000000E+00	0.000000E+00	0.000000E+00	0.000000E+00	0.000000E+00	
3.911442E-07	7.224557E-07	1.900349E-07	3.725325E-08	8.126423E-09	2.095371E-09	5.989378E-10	1.732943E-10	5.317662E-11	1.573968E-11	4.823930E-12	1.456367E-12	4.402788E-13	1.376043E-13	3.956936E-14	1.021755E-14	2.902454E-15	7.382665E-16	1.806878E-16	4.343941E-17	1.013309E-17	2.265840E-18	4.880383E-19	1.016397E-19	2.050092E-20	3.976309E-21	7.552030E-22	1.616556E-22	0.000000E+00	3.472220E-23	6.324701E-23	1.020469E-22	8.956169E-23	1.659983E-22	9.308367E-23	1.286815E-22	1.267557E-22	1.691811E-22	9.227587E-23	1.608640E-22	1.706965E-22	
3.815988E-07	7.155914E-07	1.912108E-07	3.781444E-08	8.284355E-09	2.140907E-09	6.136607E-10	1.779688E-10	5.475565E-11	1.624743E-11	4.990849E-12	1.509665E-12	4.571973E-13	1.430885E-13	4.118960E-14	1.065266E-14	3.026808E-15	7.705172E-16	1.887388E-16	4.539602E-17	1.059469E-17	2.370138E-18	5.106712E-19	1.063600E-19	2.143036E-20	4.129105E-21	7.515711E-22	9.071199E-23	1.197473E-23	0.000000E+00	0.000000E+00	0.000000E+00	0.000000E+00	6.245214E-23	0.000000E+00	0.000000E+00	1.101507E-23	0.000000E+00	0.000000E+00	0.000000E+00	0.000000E+00	
3.737098E-07	7.095941E-07	1.920720E-07	3.823514E-08	8.394834E-09	2.170225E-09	6.224208E-10	1.805501E-10	5.557300E-11	1.649621E-11	5.068791E-12	1.533649E-12	4.645816E-13	1.454203E-13	4.186965E-14	1.083299E-14	3.078316E-15	7.838338E-16	1.920608E-16	4.620272E-17	1.078535E-17	2.413276E-18	5.200890E-19	1.083748E-19	2.181341E-20	4.224398E-21	7.433640E-22	9.047288E-23	6.539897E-24	0.000000E+00	0.000000E+00	0.000000E+00	0.000000E+00	0.000000E+00	0.000000E+00	0.000000E+00	4.004071E-23	1.336543E-22	2.710309E-22	2.157423E-22	2.420343E-22	
3.667854E-07	7.058755E-07	1.937737E-07	3.887789E-08	8.568939E-09	2.219620E-09	6.381157E-10	1.854778E-10	5.721796E-11	1.702096E-11	5.240033E-12	1.588068E-12	4.817830E-13	1.509805E-13	4.350929E-14	1.127243E-14	3.203857E-15	8.163671E-16	2.001776E-16	4.817491E-17	1.125066E-17	2.518404E-18	5.429080E-19	1.131567E-19	2.285846E-20	4.463945E-21	8.826211E-22	2.025752E-22	9.472510E-23	3.710034E-23	1.654361E-23	3.289335E-24	1.454028E-23	3.916183E-24	1.093429E-23	0.000000E+00	0.000000E+00	0.000000E+00	0.000000E+00	0.000000E+00	0.000000E+00	
3.617876E-07	7.041078E-07	1.955693E-07	3.947534E-08	8.719166E-09	2.259535E-09	6.499922E-10	1.889931E-10	5.832964E-11	1.735972E-11	5.346226E-12	1.620788E-12	4.918584E-13	1.541678E-13	4.443801E-14	1.151800E-14	3.273942E-15	8.344459E-16	2.046739E-16	4.926535E-17	1.150776E-17	2.576491E-18	5.555732E-19	1.157864E-19	2.331646E-20	4.508419E-21	7.926006E-22	1.047482E-22	0.000000E+00	0.000000E+00	0.000000E+00	0.000000E+00	0.000000E+00	0.000000E+00	0.000000E+00	0.000000E+00	0.000000E+00	0.000000E+00	6.782235E-23	2.060164E-22	3.030292E-22	
3.583272E-07	7.053929E-07	1.983032E-07	4.028975E-08	8.925208E-09	2.315835E-09	6.671998E-10	1.942351E-10	6.002930E-11	1.788941E-11	5.515651E-12	1.673834E-12	5.084140E-13	1.594677E-13	4.599145E-14	1.193121E-14	3.391879E-15	8.649140E-16	2.122548E-16	5.110464E-17	1.194124E-17	2.674267E-18	5.767676E-19	1.202322E-19	2.420411E-20	4.667935E-21	8.527521E-22	1.342101E-22	5.570544E-24	0.000000E+00	0.000000E+00	0.000000E+00	0.000000E+00	0.000000E+00	0.000000E+00	0.000000E+00	0.000000E+00	2.417565E-23	4.434787E-23	0.000000E+00	0.000000E+00	
3.575625E-07	7.094174E-07	2.010731E-07	4.099004E-08	9.077486E-09	2.351379E-09	6.761885E-10	1.964596E-10	6.059702E-11	1.802535E-11	5.547717E-12	1.681104E-12	5.099497E-13	1.597679E-13	4.604691E-14	1.193563E-14	3.392878E-15	8.648833E-16	2.121906E-16	5.108092E-17	1.193468E-17	2.672698E-18	5.764717E-19	1.202086E-19	2.425931E-20	4.757555E-21	9.226360E-22	1.781863E-22	3.605990E-23	1.128972E-23	1.893468E-24	0.000000E+00	3.844451E-23	1.319612E-23	0.000000E+00	4.990549E-23	1.082346E-22	9.428567E-24	4.147858E-23	1.175178E-22	2.418211E-22	
3.586445E-07	7.178955E-07	2.053932E-07	4.206433E-08	9.327257E-09	2.415705E-09	6.946009E-10	2.017468E-10	6.221179E-11	1.850206E-11	5.692909E-12	1.724783E-12	5.231088E-13	1.638605E-13	4.722440E-14	1.224135E-14	3.479894E-15	8.871307E-16	2.176747E-16	5.240427E-17	1.224524E-17	2.742575E-18	5.915921E-19	1.233974E-19	2.495601E-20	4.876475E-21	9.250852E-22	1.759698E-22	3.454772E-23	1.807519E-23	4.285183E-23	3.693232E-23	5.529832E-23	3.255085E-23	9.237281E-23	3.549768E-23	8.315750E-23	0.000000E+00	0.000000E+00	0.000000E+00	0.000000E+00	
3.624447E-07	7.311069E-07	2.108869E-07	4.335135E-08	9.617642E-09	2.488941E-09	7.150388E-10	2.074732E-10	6.391379E-11	1.899116E-11	5.838030E-12	1.767448E-12	5.356883E-13	1.677015E-13	4.831567E-14	1.251984E-14	3.558973E-15	9.071885E-16	2.225826E-16	5.358348E-17	1.252086E-17	2.804399E-18	6.049868E-19	1.261916E-19	2.545242E-20	4.962179E-21	9.561820E-22	1.900964E-22	6.512109E-23	4.404091E-23	4.385350E-23	3.372053E-23	4.421539E-23	6.349257E-23	2.500283E-23	5.120119E-23	5.935021E-23	4.149797E-23	1.294925E-22	4.997980E-23	1.418292E-22	
3.696540E-07	7.497817E-07	2.175365E-07	4.480250E-08	9.926242E-09	2.562456E-09	7.340954E-10	2.123880E-10	6.523452E-11	1.932961E-11	5.926233E-12	1.790140E-12	5.414709E-13	1.692231E-13	4.870101E-14	1.260210E-14	3.581676E-15	9.124206E-16	2.237467E-16	5.384651E-17	1.257936E-17	2.816930E-18	6.075803E-19	1.266795E-19	2.552465E-20	4.937454E-21	8.960434E-22	9.860251E-23	3.845097E-24	0.000000E+00	0.000000E+00	1.083736E-23	1.741603E-23	4.465483E-24	9.538426E-24	3.348466E-23	2.046626E-23	6.412912E-23	0.000000E+00	0.000000E+00	0.000000E+00	
3.808567E-07	7.751110E-07	2.256696E-07	4.647749E-08	1.026379E-08	2.638384E-09	7.521763E-10	2.165497E-10	6.617356E-11	1.951197E-11	5.954347E-12	1.791498E-12	5.399450E-13	1.682424E-13	4.832251E-14	1.247170E-14	3.543102E-15	9.015208E-16	2.208353E-16	5.311198E-17	1.240122E-17	2.775812E-18	5.984856E-19	1.247448E-19	2.514545E-20	4.923741E-21	9.366140E-22	1.711295E-22	5.532417E-23	2.422734E-23	0.000000E+00	6.270417E-23	2.804013E-23	2.579123E-23	0.000000E+00	2.025300E-23	6.461379E-23	1.501268E-22	1.871044E-22	2.363378E-22	0.000000E+00	
3.965661E-07	8.088729E-07	2.360267E-07	4.856493E-08	1.068017E-08	2.731503E-09	7.741431E-10	2.215417E-10	6.727383E-11	1.971537E-11	5.981286E-12	1.790504E-12	5.371843E-13	1.667466E-13	4.776883E-14	1.228743E-14	3.488467E-15	8.862199E-16	2.167769E-16	5.209223E-17	1.215468E-17	2.719086E-18	5.860192E-19	1.221229E-19	2.464387E-20	4.750291E-21	8.547361E-22	1.451573E-22	8.329967E-24	0.000000E+00	1.059825E-23	0.000000E+00	0.000000E+00	0.000000E+00	0.000000E+00	0.000000E+00	0.000000E+00	0.000000E+00	0.000000E+00	0.000000E+00	0.000000E+00	
4.176014E-07	8.533284E-07	2.494527E-07	5.126806E-08	1.122652E-08	2.856382E-09	8.046214E-10	2.288291E-10	6.902589E-11	2.009686E-11	6.058490E-12	1.803550E-12	5.383826E-13	1.664209E-13	4.753696E-14	1.218238E-14	3.455710E-15	8.763335E-16	2.140149E-16	5.138042E-17	1.197922E-17	2.678081E-18	5.768858E-19	1.201583E-19	2.424280E-20	4.719272E-21	8.736320E-22	1.549542E-22	4.009241E-23	4.717514E-25	2.138391E-23	0.000000E+00	0.000000E+00	0.000000E+00	0.000000E+00	0.000000E+00	0.000000E+00	0.000000E+00	0.000000E+00	0.000000E+00	0.000000E+00	
4.459574E-07	9.106065E-07	2.659349E-07	5.446336E-08	1.184490E-08	2.990616E-09	8.347587E-10	2.351616E-10	7.021271E-11	2.023336E-11	6.038498E-12	1.781445E-12	5.274453E-13	1.619350E-13	4.603071E-14	1.172382E-14	3.320127E-15	8.393846E-16	2.044307E-16	4.900186E-17	1.140935E-17	2.547863E-18	5.483777E-19	1.141211E-19	2.293623E-20	4.469231E-21	8.185857E-22	1.032296E-22	2.789150E-23	1.439165E-23	0.000000E+00	0.000000E+00	0.000000E+00	0.000000E+00	0.000000E+00	0.000000E+00	0.000000E+00	0.000000E+00	0.000000E+00	0.000000E+00	1.054849E-22	
4.830643E-07	9.848576E-07	2.870813E-07	5.854735E-08	1.263748E-08	3.163852E-09	8.741294E-10	2.436136E-10	7.187577E-11	2.046152E-11	6.032429E-12	1.759798E-12	5.157132E-13	1.569858E-13	4.434283E-14	1.120561E-14	3.165410E-15	7.970602E-16	1.934323E-16	4.627087E-17	1.075500E-17	2.398410E-18	5.156823E-19	1.073322E-19	2.163055E-20	4.228470E-21	8.690696E-22	1.645055E-22	4.723977E-23	3.916183E-23	0.000000E+00	0.000000E+00	0.000000E+00	0.000000E+00	0.000000E+00	0.000000E+00	1.270498E-23	0.000000E+00	0.000000E+00	0.000000E+00	0.000000E+00	
5.318904E-07	1.080380E-06	3.135785E-07	6.354956E-08	1.358200E-08	3.363261E-09	9.167572E-10	2.518043E-10	7.307786E-11	2.044522E-11	5.920548E-12	1.698028E-12	4.898138E-13	1.471411E-13	4.114103E-14	1.026800E-14	2.886758E-15	7.220674E-16	1.742117E-16	4.153444E-17	9.627010E-18	2.141955E-18	4.598084E-19	9.543966E-20	1.922077E-20	3.733557E-21	7.052361E-22	1.788649E-22	2.141622E-23	6.057806E-23	0.000000E+00	6.236166E-24	0.000000E+00	3.025672E-23	0.000000E+00	9.499652E-23	3.551707E-23	0.000000E+00	1.166842E-22	4.113285E-23	5.723896E-22	
5.988410E-07	1.199143E-06	3.425086E-07	6.823117E-08	1.425300E-08	3.442798E-09	9.091107E-10	2.409446E-10	6.700741E-11	1.787210E-11	4.909909E-12	1.334195E-12	3.651541E-13	1.048038E-13	2.820246E-14	6.720265E-15	1.845117E-15	4.488522E-16	1.056966E-16	2.485169E-17	5.693364E-18	1.254948E-18	2.676455E-19	5.530592E-20	1.106998E-20	2.136556E-21	3.373087E-22	2.184274E-23	2.911934E-23	2.272162E-23	3.072200E-23	7.033620E-23	0.000000E+00	0.000000E+00	8.063072E-23	6.696932E-23	1.631743E-23	4.946928E-23	0.000000E+00	0.000000E+00	0.000000E+00	
6.816383E-07	1.351707E-06	3.818527E-07	7.511715E-08	1.541740E-08	3.649753E-09	9.380792E-10	2.407017E-10	6.421068E-11	1.627529E-11	4.199689E-12	1.061015E-12	2.683085E-13	7.139276E-14	1.784601E-14	3.866769E-15	9.937720E-16	2.246154E-16	4.940549E-17	1.114296E-17	2.462532E-18	5.270967E-19	1.101040E-19	2.252343E-20	4.533544E-21	9.832851E-22	2.146921E-22	1.047805E-22	1.042377E-22	7.559655E-23	8.940013E-23	1.072491E-22	1.603955E-23	5.220285E-23	0.000000E+00	0.000000E+00	0.000000E+00	0.000000E+00	0.000000E+00	1.250723E-22	0.000000E+00	
7.916398E-07	1.549235E-06	4.311918E-07	8.346261E-08	1.676822E-08	3.879535E-09	9.681923E-10	2.401239E-10	6.136847E-11	1.475451E-11	3.559924E-12	8.268498E-13	1.889466E-13	4.500787E-14	9.932168E-15	1.766215E-15	3.790016E-16	6.648131E-17	1.054307E-17	1.805628E-18	2.868359E-19	4.151454E-20	5.706797E-21	7.326494E-22	5.588639E-23	0.000000E+00	0.000000E+00	9.848619E-24	0.000000E+00	4.650306E-23	0.000000E+00	0.000000E+00	0.000000E+00	0.000000E+00	0.000000E+00	0.000000E+00	0.000000E+00	0.000000E+00	0.000000E+00	0.000000E+00	0.000000E+00	
9.420652E-07	1.813561E-06	4.955313E-07	9.404665E-08	1.842690E-08	4.156154E-09	1.005702E-09	2.413815E-10	5.942086E-11	1.370973E-11	3.160763E-12	6.991485E-13	1.517977E-13	3.436067E-14	7.258756E-15	1.204310E-15	2.480473E-16	4.101464E-17	6.046542E-18	9.908607E-19	1.491586E-19	2.042288E-20	2.693507E-21	4.661163E-22	2.535567E-22	1.992730E-22	1.934052E-22	1.165808E-22	7.767743E-23	7.784545E-23	9.820185E-23	7.399389E-23	1.131169E-22	3.988562E-23	1.833627E-22	2.070278E-22	1.867489E-22	5.283487E-22	3.045705E-22	6.051343E-23	0.000000E+00	
1.150593E-06	2.175103E-06	5.823296E-07	1.081379E-07	2.061979E-08	4.526158E-09	1.060298E-09	2.459730E-10	5.828373E-11	1.290045E-11	2.842679E-12	5.990290E-13	1.236021E-13	2.656165E-14	5.374629E-15	8.291320E-16	1.638214E-16	2.540469E-17	3.440234E-18	5.352480E-19	7.514595E-20	9.498980E-21	1.108732E-21	1.901481E-22	0.000000E+00	9.228234E-24	1.307979E-23	1.030874E-22	5.131105E-23	2.569430E-22	1.948786E-22	1.083865E-22	4.658061E-23	9.829232E-23	0.000000E+00	1.855082E-22	3.766386E-22	2.054251E-22	0.000000E+00	2.264148E-22	1.619206E-22	
1.445289E-06	2.675122E-06	6.994542E-07	1.266111E-07	2.338584E-08	4.968658E-09	1.118385E-09	2.484736E-10	5.601066E-11	1.172290E-11	2.425507E-12	4.764190E-13	9.117796E-14	1.811072E-14	3.425169E-15	4.731773E-16	8.720820E-17	1.225757E-17	1.461492E-18	2.112062E-19	2.681544E-20	3.100066E-21	2.659903E-22	0.000000E+00	0.000000E+00	0.000000E+00	0.000000E+00	5.314635E-23	0.000000E+00	1.535454E-23	1.415254E-22	9.163610E-23	4.839007E-23	0.000000E+00	0.000000E+00	0.000000E+00	0.000000E+00	0.000000E+00	0.000000E+00	0.000000E+00	0.000000E+00	
1.871730E-06	3.369964E-06	8.544101E-07	1.496036E-07	2.655583E-08	5.424809E-09	1.165789E-09	2.468886E-10	5.280814E-11	1.045135E-11	2.039280E-12	3.766758E-13	6.769827E-14	1.259334E-14	2.273613E-15	2.885046E-16	5.139116E-17	6.791433E-18	7.419639E-19	1.033686E-19	1.247275E-20	1.300742E-21	1.248009E-22	0.000000E+00	0.000000E+00	0.000000E+00	0.000000E+00	0.000000E+00	0.000000E+00	0.000000E+00	0.000000E+00	0.000000E+00	0.000000E+00	0.000000E+00	0.000000E+00	0.000000E+00	0.000000E+00	0.000000E+00	0.000000E+00	0.000000E+00	0.000000E+00	
2.495997E-06	4.351917E-06	1.064656E-06	1.791992E-07	3.035204E-08	5.912456E-09	1.199859E-09	2.389905E-10	4.768104E-11	8.734549E-12	1.564464E-12	2.624109E-13	4.249850E-14	7.043304E-15	1.155599E-15	1.248524E-16	2.008423E-17	2.293763E-18	2.050653E-19	2.568261E-20	2.942592E-21	3.683022E-22	2.478440E-22	3.934278E-22	5.567959E-22	3.918768E-22	7.057919E-22	4.512787E-22	5.286718E-22	4.949125E-22	2.691439E-22	3.092105E-22	1.920868E-22	1.999968E-22	5.495840E-22	4.756806E-22	6.864307E-22	2.194355E-22	4.541739E-23	4.471428E-22	0.000000E+00	
3.424614E-06	5.759956E-06	1.353879E-06	2.177348E-07	3.496267E-08	6.447904E-09	1.225240E-09	2.273797E-10	4.189635E-11	7.037128E-12	1.148069E-12	1.739583E-13	2.535068E-14	3.742914E-15	5.638757E-16	5.320147E-17	8.029687E-18	8.366216E-19	6.609442E-20	7.927285E-21	6.636056E-22	2.409164E-23	0.000000E+00	1.112558E-22	0.000000E+00	0.000000E+00	0.000000E+00	0.000000E+00	7.025865E-23	1.036561E-22	3.620983E-22	4.314264E-22	6.325864E-22	2.063816E-22	0.000000E+00	2.331615E-23	2.479474E-22	1.250464E-21	1.759956E-21	2.235016E-21	1.537703E-21	
4.815703E-06	7.757788E-06	1.738423E-06	2.643981E-07	3.988085E-08	6.905203E-09	1.219967E-09	2.097712E-10	3.558562E-11	5.474898E-12	8.150676E-13	1.119158E-13	1.469329E-14	1.920391E-15	2.638396E-16	2.117799E-17	2.906285E-18	2.612087E-19	1.666479E-20	1.694686E-21	4.332358E-22	0.000000E+00	4.597056E-22	0.000000E+00	0.000000E+00	0.000000E+00	0.000000E+00	1.271790E-23	4.797648E-23	0.000000E+00	0.000000E+00	4.172092E-23	0.000000E+00	0.000000E+00	0.000000E+00	0.000000E+00	0.000000E+00	0.000000E+00	0.000000E+00	0.000000E+00	0.000000E+00	
6.907080E-06	1.059896E-05	2.250150E-06	3.201747E-07	4.477753E-08	7.154268E-09	1.147060E-09	1.770854E-10	2.652485E-11	3.544396E-12	4.503387E-13	5.150107E-14	5.516107E-15	5.640120E-16	6.138008E-17	3.695254E-18	3.846526E-19	2.517193E-20	4.954812E-22	0.000000E+00	0.000000E+00	0.000000E+00	0.000000E+00	0.000000E+00	0.000000E+00	0.000000E+00	2.967510E-22	0.000000E+00	4.104884E-23	0.000000E+00	0.000000E+00	0.000000E+00	0.000000E+00	0.000000E+00	2.572532E-22	0.000000E+00	0.000000E+00	0.000000E+00	0.000000E+00	0.000000E+00	0.000000E+00	
1.043602E-05	1.529600E-05	3.085157E-06	4.109838E-07	5.349165E-08	7.939271E-09	1.172497E-09	1.664840E-10	2.290399E-11	2.817547E-12	3.318774E-13	3.549265E-14	3.585409E-15	3.447638E-16	3.688845E-17	2.095558E-18	2.254721E-19	1.560311E-20	1.387182E-21	0.000000E+00	0.000000E+00	0.000000E+00	0.000000E+00	0.000000E+00	7.444626E-24	0.000000E+00	9.891012E-22	7.136501E-22	1.106974E-21	7.748614E-22	2.998530E-22	4.627042E-22	0.000000E+00	7.627639E-22	0.000000E+00	0.000000E+00	0.000000E+00	0.000000E+00	0.000000E+00	0.000000E+00	0.000000E+00	
1.682323E-05	2.348517E-05	4.483345E-06	5.538305E-07	6.617605E-08	8.940567E-09	1.177721E-09	1.467149E-10	1.727442E-11	1.771080E-12	1.684905E-13	1.400592E-14	1.059369E-15	7.140438E-17	5.094637E-18	2.014797E-19	1.268730E-20	2.324378E-22	0.000000E+00	7.626605E-22	0.000000E+00	9.702829E-22	0.000000E+00	5.467664E-22	2.953035E-22	1.084434E-21	3.333538E-22	0.000000E+00	0.000000E+00	0.000000E+00	7.254374E-22	3.662342E-22	0.000000E+00	0.000000E+00	0.000000E+00	0.000000E+00	0.000000E+00	4.226893E-21	9.380228E-22	0.000000E+00	3.000391E-21	
2.982529E-05	3.934671E-05	7.040903E-06	7.926811E-07	8.566892E-08	1.044885E-08	1.236748E-09	1.392136E-10	1.494282E-11	1.415694E-12	1.266486E-13	1.007019E-14	7.378166E-16	4.815932E-17	3.448466E-18	1.325971E-19	9.587023E-21	2.360773E-21	1.235808E-21	5.641372E-22	2.324378E-21	0.000000E+00	0.000000E+00	0.000000E+00	0.000000E+00	2.018321E-22	7.055851E-22	1.277994E-21	7.444626E-23	1.615897E-21	4.268252E-22	0.000000E+00	1.406207E-22	2.225116E-21	0.000000E+00	2.048720E-21	0.000000E+00	4.773453E-21	0.000000E+00	3.713214E-21	1.348904E-20	
5.851560E-05	7.392659E-05	1.257501E-05	1.301257E-06	1.263433E-07	1.349526E-08	1.339479E-09	1.210994E-10	9.855799E-12	6.673976E-13	3.995197E-14	1.990591E-15	8.589573E-17	3.055552E-18	1.021006E-19	0.000000E+00	0.000000E+00	0.000000E+00	3.044025E-22	1.730462E-21	6.021875E-22	0.000000E+00	0.000000E+00	0.000000E+00	1.900861E-21	0.000000E+00	0.000000E+00	1.095187E-21	0.000000E+00	2.886033E-21	0.000000E+00	0.000000E+00	0.000000E+00	0.000000E+00	0.000000E+00	6.412718E-21	0.000000E+00	0.000000E+00	5.422169E-22	0.000000E+00	0.000000E+00	
1.251918E-04	1.479524E-04	2.326666E-05	2.126331E-06	1.834933E-07	1.774363E-08	1.628733E-09	1.394941E-10	1.096467E-11	7.264246E-13	4.295289E-14	2.124528E-15	9.119061E-17	3.209752E-18	1.051644E-19	0.000000E+00	0.000000E+00	0.000000E+00	0.000000E+00	0.000000E+00	0.000000E+00	0.000000E+00	0.000000E+00	0.000000E+00	0.000000E+00	0.000000E+00	0.000000E+00	0.000000E+00	0.000000E+00	0.000000E+00	0.000000E+00	0.000000E+00	0.000000E+00	0.000000E+00	0.000000E+00	0.000000E+00	0.000000E+00	0.000000E+00	0.000000E+00	0.000000E+00	0.000000E+00	
2.758928E-04	3.112625E-04	4.621513E-05	3.727635E-06	2.786189E-07	2.313524E-08	1.832534E-09	1.391517E-10	1.004507E-11	6.321701E-13	3.636302E-14	1.774492E-15	7.561055E-17	2.663495E-18	1.086849E-19	7.967404E-21	1.524659E-20	2.944763E-20	3.626360E-20	2.358457E-20	9.171779E-21	1.864796E-20	3.896352E-20	8.007108E-22	0.000000E+00	0.000000E+00	0.000000E+00	0.000000E+00	0.000000E+00	0.000000E+00	0.000000E+00	1.176582E-20	2.564260E-21	0.000000E+00	0.000000E+00	0.000000E+00	0.000000E+00	0.000000E+00	0.000000E+00	3.974934E-20	1.673386E-20	
5.853920E-04	6.257579E-04	8.670666E-05	5.881020E-06	3.630871E-07	2.359004E-08	1.320855E-09	6.242679E-11	2.420921E-12	7.160187E-14	1.697631E-15	3.050388E-17	4.417277E-19	8.142104E-20	4.097522E-20	4.272222E-20	9.317362E-21	7.676236E-22	0.000000E+00	4.497216E-20	6.508919E-20	3.912233E-20	7.019786E-20	0.000000E+00	0.000000E+00	0.000000E+00	0.000000E+00	7.411538E-22	0.000000E+00	0.000000E+00	0.000000E+00	0.000000E+00	0.000000E+00	0.000000E+00	0.000000E+00	0.000000E+00	0.000000E+00	0.000000E+00	2.554995E-20	0.000000E+00	0.000000E+00	
1.015855E-03	9.592599E-04	1.117824E-04	5.246387E-06	2.527561E-07	1.475456E-08	7.973482E-10	3.725801E-11	1.435174E-12	4.213413E-14	9.927025E-16	1.767610E-17	2.356869E-19	0.000000E+00	2.541099E-20	0.000000E+00	0.000000E+00	0.000000E+00	0.000000E+00	0.000000E+00	0.000000E+00	0.000000E+00	0.000000E+00	0.000000E+00	0.000000E+00	0.000000E+00	0.000000E+00	0.000000E+00	1.339371E-20	1.720536E-20	1.150112E-20	0.000000E+00	4.777795E-21	0.000000E+00	0.000000E+00	9.403389E-21	0.000000E+00	0.000000E+00	5.483877E-20	0.000000E+00	1.220257E-20	
1.305759E-03	1.198125E-03	1.287444E-04	4.196372E-06	1.335796E-07	5.916326E-09	2.892410E-10	1.317285E-11	5.044535E-13	1.474625E-14	3.463687E-16	6.168729E-18	3.049319E-20	0.000000E+00	0.000000E+00	0.000000E+00	0.000000E+00	0.000000E+00	0.000000E+00	0.000000E+00	0.000000E+00	0.000000E+00	0.000000E+00	0.000000E+00	0.000000E+00	0.000000E+00	0.000000E+00	0.000000E+00	0.000000E+00	0.000000E+00	0.000000E+00	0.000000E+00	2.196992E-21	0.000000E+00	0.000000E+00	6.585681E-20	1.810533E-20	0.000000E+00	0.000000E+00	0.000000E+00	0.000000E+00	
2.244227E-04	9.016849E-05	2.936828E-06	1.215548E-08	1.130738E-11	7.346315E-15	2.859160E-18	0.000000E+00	1.048203E-20	2.276401E-21	8.364450E-21	2.911676E-22	0.000000E+00	0.000000E+00	5.095433E-21	6.101284E-21	0.000000E+00	0.000000E+00	1.124966E-22	0.000000E+00	0.000000E+00	0.000000E+00	0.000000E+00	0.000000E+00	0.000000E+00	0.000000E+00	0.000000E+00	0.000000E+00	1.295365E-21	0.000000E+00	0.000000E+00	0.000000E+00	0.000000E+00	0.000000E+00	1.097503E-20	2.446304E-20	2.132968E-20	4.959527E-20	3.487393E-20	4.437245E-20	6.133958E-20	
3.007050E-04	1.209095E-04	3.944630E-06	1.632390E-08	1.517798E-11	9.855895E-15	3.835153E-18	0.000000E+00	0.000000E+00	2.488159E-21	1.487602E-20	0.000000E+00	6.617445E-21	6.405687E-21	1.336724E-20	2.006409E-20	1.154082E-20	1.641126E-20	1.402898E-21	3.930762E-21	1.201066E-20	7.616679E-21	5.823352E-21	9.370302E-21	1.422751E-21	3.060568E-21	2.390883E-20	1.583885E-20	1.732447E-20	7.537270E-21	1.687779E-20	1.761729E-20	2.766423E-20	2.894470E-20	3.385485E-20	2.214197E-20	3.864588E-20	9.565517E-21	0.000000E+00	0.000000E+00	0.000000E+00	
7.262039E-04	2.924589E-04	9.575586E-06	3.960890E-08	3.678676E-11	2.385828E-14	9.315668E-18	0.000000E+00	1.969352E-20	1.312901E-20	1.556423E-20	2.128170E-20	1.259962E-20	0.000000E+00	0.000000E+00	0.000000E+00	0.000000E+00	0.000000E+00	0.000000E+00	1.900530E-20	4.273546E-20	1.671567E-20	1.809209E-20	0.000000E+00	6.207163E-21	0.000000E+00	0.000000E+00	4.837352E-21	0.000000E+00	0.000000E+00	0.000000E+00	0.000000E+00	0.000000E+00	0.000000E+00	0.000000E+00	0.000000E+00	0.000000E+00	2.029239E-20	8.503086E-20	5.734016E-21	0.000000E+00	
1.420433E-02	5.818771E-03	2.030193E-04	8.331088E-07	7.595699E-10	4.818877E-13	1.897218E-16	0.000000E+00	0.000000E+00	0.000000E+00	0.000000E+00	0.000000E+00	0.000000E+00	3.811648E-20	0.000000E+00	0.000000E+00	0.000000E+00	0.000000E+00	0.000000E+00	3.782002E-19	4.472334E-19	8.881140E-19	4.686210E-19	0.000000E+00	6.261691E-19	4.245753E-19	7.208250E-19	0.000000E+00	1.958764E-19	5.250545E-19	0.000000E+00	6.893789E-19	1.862943E-18	7.214603E-19	6.179105E-19	4.517862E-19	0.000000E+00	0.000000E+00	0.000000E+00	0.000000E+00	0.000000E+00	
5.556181E-02	2.320180E-02	9.878017E-04	4.031657E-06	3.469450E-09	2.043377E-12	8.093569E-16	0.000000E+00	0.000000E+00	4.743385E-19	1.423015E-18	0.000000E+00	0.000000E+00	0.000000E+00	0.000000E+00	0.000000E+00	2.710505E-20	6.725442E-19	1.892272E-18	4.260576E-18	3.284794E-18	3.761673E-18	6.648362E-18	2.945981E-18	6.197740E-18	2.867207E-18	3.293264E-18	3.978090E-18	3.545680E-18	7.784233E-19	7.640237E-19	0.000000E+00	0.000000E+00	3.404649E-18	2.229391E-18	0.000000E+00	0.000000E+00	0.000000E+00	0.000000E+00	0.000000E+00	1.683901E-18	
3.799394E-02	4.764988E-02	1.175842E-02	2.342488E-04	1.268056E-06	1.502551E-08	1.740985E-10	1.180462E-12	5.011562E-15	1.593777E-17	1.843144E-18	1.843144E-18	3.896352E-18	5.000883E-18	2.568204E-18	2.303930E-19	0.000000E+00	0.000000E+00	4.665457E-18	1.799098E-18	0.000000E+00	0.000000E+00	1.812651E-19	0.000000E+00	4.649364E-18	4.139450E-18	4.752702E-18	2.212450E-18	2.168404E-18	2.181957E-18	1.338312E-18	5.949559E-18	1.840179E-18	1.661455E-18	6.301925E-19	0.000000E+00	0.000000E+00	0.000000E+00	0.000000E+00	0.000000E+00	0.000000E+00	
3.440723E-02	4.793300E-02	1.598821E-02	9.255089E-04	3.457503E-06	3.874112E-08	3.994056E-10	2.865881E-12	1.212100E-14	3.052029E-17	2.791821E-18	5.773377E-18	2.290377E-18	2.181957E-18	4.960225E-18	3.916680E-18	3.527045E-18	1.633080E-18	1.036768E-18	4.396101E-18	3.711698E-18	0.000000E+00	0.000000E+00	0.000000E+00	2.090477E-18	0.000000E+00	0.000000E+00	0.000000E+00	0.000000E+00	0.000000E+00	0.000000E+00	0.000000E+00	0.000000E+00	0.000000E+00	0.000000E+00	1.189234E-18	5.185959E-18	0.000000E+00	0.000000E+00	7.146840E-18	1.391252E-18	
3.205218E-02	4.729168E-02	1.840681E-02	1.915000E-03	8.197641E-06	7.164845E-08	6.643851E-10	5.006423E-12	2.118469E-14	4.819279E-17	0.000000E+00	0.000000E+00	0.000000E+00	0.000000E+00	2.127747E-18	0.000000E+00	1.544988E-18	2.134523E-18	0.000000E+00	1.744888E-19	2.273436E-18	0.000000E+00	0.000000E+00	0.000000E+00	0.000000E+00	0.000000E+00	4.573978E-19	4.828088E-19	0.000000E+00	4.506215E-19	1.159588E-18	2.957839E-18	6.352747E-21	0.000000E+00	4.596848E-18	0.000000E+00	3.768873E-18	1.499248E-18	0.000000E+00	0.000000E+00	0.000000E+00	
2.880803E-02	4.627829E-02	2.140192E-02	3.292357E-03	2.464267E-05	1.400276E-07	1.231764E-09	9.454472E-12	4.030625E-14	1.039208E-16	2.642743E-18	1.273938E-18	4.878910E-19	3.611748E-18	3.245830E-18	3.066259E-18	2.639355E-18	1.219727E-19	4.404571E-18	6.810145E-19	1.590728E-18	0.000000E+00	0.000000E+00	2.066760E-19	0.000000E+00	0.000000E+00	0.000000E+00	3.083200E-19	0.000000E+00	0.000000E+00	0.000000E+00	0.000000E+00	5.196547E-19	0.000000E+00	0.000000E+00	0.000000E+00	6.494202E-18	0.000000E+00	0.000000E+00	0.000000E+00	8.300923E-20	
2.571441E-02	4.473358E-02	2.419747E-02	5.134898E-03	9.165304E-05	3.696860E-07	7.956081E-09	2.928582E-10	1.068813E-11	3.185952E-13	7.785520E-15	1.346715E-16	0.000000E+00	0.000000E+00	9.622294E-19	0.000000E+00	4.031877E-19	0.000000E+00	0.000000E+00	2.478418E-18	1.688984E-18	0.000000E+00	1.838061E-18	0.000000E+00	0.000000E+00	0.000000E+00	2.600391E-18	2.827396E-18	3.158586E-18	0.000000E+00	7.851995E-19	2.669001E-18	1.299349E-18	0.000000E+00	3.095905E-19	0.000000E+00	1.326454E-18	0.000000E+00	0.000000E+00	0.000000E+00	0.000000E+00	
2.449820E-02	4.362323E-02	2.512967E-02	6.365501E-03	2.678654E-04	8.900441E-07	2.903578E-08	1.253010E-09	4.797186E-11	1.444146E-12	3.525497E-14	6.338381E-16	3.740497E-18	0.000000E+00	0.000000E+00	1.456897E-19	0.000000E+00	0.000000E+00	0.000000E+00	0.000000E+00	0.000000E+00	0.000000E+00	0.000000E+00	2.939204E-18	0.000000E+00	2.428443E-18	2.317482E-18	1.495860E-18	2.032879E-18	1.592422E-18	2.049820E-19	0.000000E+00	0.000000E+00	0.000000E+00	0.000000E+00	0.000000E+00	1.422592E-18	4.555343E-18	0.000000E+00	0.000000E+00	2.664766E-18	
3.129558E-02	4.631711E-02	1.904390E-02	3.116264E-03	1.032973E-04	1.419532E-07	1.212793E-09	8.083850E-12	3.603891E-14	9.080193E-17	1.395910E-18	4.472334E-19	0.000000E+00	0.000000E+00	0.000000E+00	0.000000E+00	0.000000E+00	0.000000E+00	0.000000E+00	0.000000E+00	0.000000E+00	2.793515E-18	2.398797E-18	0.000000E+00	0.000000E+00	0.000000E+00	0.000000E+00	0.000000E+00	0.000000E+00	0.000000E+00	9.994989E-19	0.000000E+00	4.078464E-19	0.000000E+00	0.000000E+00	0.000000E+00	0.000000E+00	0.000000E+00	3.851882E-18	2.609709E-18	1.718545E-17	
2.279914E-02	4.193579E-02	2.628000E-02	8.117501E-03	7.520515E-04	2.545761E-06	7.670345E-08	3.280611E-09	1.287996E-10	3.947874E-12	9.479006E-14	1.768171E-15	2.287667E-17	0.000000E+00	6.776264E-19	0.000000E+00	2.402185E-18	1.467061E-18	0.000000E+00	5.285486E-19	0.000000E+00	2.608861E-18	0.000000E+00	1.046933E-18	0.000000E+00	2.474183E-18	0.000000E+00	0.000000E+00	0.000000E+00	0.000000E+00	0.000000E+00	0.000000E+00	0.000000E+00	0.000000E+00	0.000000E+00	0.000000E+00	0.000000E+00	9.449500E-18	1.014449E-17	2.023562E-18	1.407345E-18	
2.214071E-02	4.123210E-02	2.662376E-02	8.789434E-03	1.094720E-03	5.150213E-06	1.064437E-07	4.455380E-09	1.764499E-10	5.469297E-12	1.297653E-13	2.475179E-15	3.970213E-17	3.882799E-18	1.653408E-18	0.000000E+00	8.910787E-19	1.673737E-18	7.386127E-19	1.290878E-18	0.000000E+00	0.000000E+00	0.000000E+00	0.000000E+00	0.000000E+00	0.000000E+00	0.000000E+00	0.000000E+00	0.000000E+00	0.000000E+00	0.000000E+00	0.000000E+00	0.000000E+00	0.000000E+00	0.000000E+00	0.000000E+00	0.000000E+00	0.000000E+00	0.000000E+00	0.000000E+00	0.000000E+00	
