1.484000E+00 4.411000E+00 7.236000E+00 1.967000E-02 4.997000E-06
8.798000E+00 1.732000E+01 1.442000E+01 1.922000E-15 4.693000E-19
9.071000E+00 1.754000E+01 1.419000E+01 0.000000E+00 0.000000E+00
9.272000E+00 1.773000E+01 1.410000E+01 0.000000E+00 0.000000E+00
9.458000E+00 1.789000E+01 1.396000E+01 0.000000E+00 0.000000E+00
9.604000E+00 1.800000E+01 1.383000E+01 0.000000E+00 4.879000E-19
9.775000E+00 1.813000E+01 1.370000E+01 0.000000E+00 9.831000E-19
9.910000E+00 1.822000E+01 1.358000E+01 0.000000E+00 4.939000E-19
1.002000E+01 1.829000E+01 1.348000E+01 0.000000E+00 0.000000E+00
1.015000E+01 1.841000E+01 1.343000E+01 0.000000E+00 0.000000E+00
1.023000E+01 1.845000E+01 1.335000E+01 0.000000E+00 0.000000E+00
1.022000E+01 1.834000E+01 1.316000E+01 1.018000E-15 9.945000E-19
1.037000E+01 1.855000E+01 1.322000E+01 0.000000E+00 0.000000E+00
1.043000E+01 1.858000E+01 1.317000E+01 1.031000E-15 0.000000E+00
1.048000E+01 1.862000E+01 1.312000E+01 0.000000E+00 0.000000E+00
1.058000E+01 1.874000E+01 1.315000E+01 1.040000E-15 5.079000E-19
1.056000E+01 1.866000E+01 1.304000E+01 1.036000E-15 1.012000E-18
1.060000E+01 1.868000E+01 1.300000E+01 0.000000E+00 0.000000E+00
1.061000E+01 1.867000E+01 1.296000E+01 0.000000E+00 0.000000E+00
1.067000E+01 1.875000E+01 1.298000E+01 2.081000E-15 1.016000E-18
1.072000E+01 1.877000E+01 1.294000E+01 0.000000E+00 0.000000E+00
1.074000E+01 1.878000E+01 1.291000E+01 0.000000E+00 0.000000E+00
1.088000E+01 1.901000E+01 1.304000E+01 0.000000E+00 1.030000E-18
1.080000E+01 1.884000E+01 1.289000E+01 0.000000E+00 5.106000E-19
1.084000E+01 1.888000E+01 1.288000E+01 0.000000E+00 0.000000E+00
1.085000E+01 1.887000E+01 1.286000E+01 1.048000E-15 1.534000E-18
1.087000E+01 1.888000E+01 1.283000E+01 0.000000E+00 5.119000E-19
1.092000E+01 1.896000E+01 1.286000E+01 1.052000E-15 1.028000E-18
1.094000E+01 1.895000E+01 1.281000E+01 1.052000E-15 0.000000E+00
1.095000E+01 1.895000E+01 1.279000E+01 1.052000E-15 0.000000E+00
1.099000E+01 1.899000E+01 1.278000E+01 1.054000E-15 0.000000E+00
1.100000E+01 1.899000E+01 1.277000E+01 2.108000E-15 1.029000E-18
1.102000E+01 1.901000E+01 1.276000E+01 0.000000E+00 5.154000E-19
1.099000E+01 1.894000E+01 1.270000E+01 1.051000E-15 0.000000E+00
1.110000E+01 1.908000E+01 1.276000E+01 0.000000E+00 0.000000E+00
1.111000E+01 1.909000E+01 1.274000E+01 0.000000E+00 0.000000E+00
1.115000E+01 1.914000E+01 1.276000E+01 0.000000E+00 5.189000E-19
1.116000E+01 1.915000E+01 1.274000E+01 3.189000E-15 1.038000E-18
1.118000E+01 1.916000E+01 1.272000E+01 0.000000E+00 0.000000E+00
1.121000E+01 1.919000E+01 1.273000E+01 1.065000E-15 0.000000E+00
1.121000E+01 1.917000E+01 1.270000E+01 2.129000E-15 5.197000E-19
1.127000E+01 1.926000E+01 1.273000E+01 0.000000E+00 0.000000E+00
1.130000E+01 1.930000E+01 1.274000E+01 0.000000E+00 0.000000E+00
1.132000E+01 1.931000E+01 1.273000E+01 0.000000E+00 0.000000E+00
1.133000E+01 1.931000E+01 1.271000E+01 2.144000E-15 5.234000E-19
1.137000E+01 1.936000E+01 1.272000E+01 0.000000E+00 0.000000E+00
1.138000E+01 1.936000E+01 1.270000E+01 0.000000E+00 0.000000E+00
1.141000E+01 1.939000E+01 1.270000E+01 0.000000E+00 5.255000E-19
1.122000E+01 1.905000E+01 1.245000E+01 0.000000E+00 5.163000E-19
1.145000E+01 1.944000E+01 1.269000E+01 2.158000E-15 1.580000E-18
1.147000E+01 1.946000E+01 1.270000E+01 0.000000E+00 0.000000E+00
1.150000E+01 1.949000E+01 1.269000E+01 1.082000E-15 0.000000E+00
1.152000E+01 1.949000E+01 1.267000E+01 0.000000E+00 0.000000E+00
1.153000E+01 1.951000E+01 1.268000E+01 0.000000E+00 0.000000E+00
1.158000E+01 1.957000E+01 1.269000E+01 0.000000E+00 5.303000E-19
1.160000E+01 1.958000E+01 1.268000E+01 0.000000E+00 5.306000E-19
1.161000E+01 1.959000E+01 1.268000E+01 0.000000E+00 0.000000E+00
1.163000E+01 1.961000E+01 1.267000E+01 0.000000E+00 5.314000E-19
1.164000E+01 1.962000E+01 1.267000E+01 0.000000E+00 0.000000E+00
1.168000E+01 1.966000E+01 1.267000E+01 0.000000E+00 0.000000E+00
1.169000E+01 1.968000E+01 1.267000E+01 0.000000E+00 5.334000E-19
1.176000E+01 1.976000E+01 1.269000E+01 2.193000E-15 1.071000E-18
1.177000E+01 1.977000E+01 1.270000E+01 2.195000E-15 0.000000E+00
1.177000E+01 1.975000E+01 1.266000E+01 0.000000E+00 5.354000E-19
1.179000E+01 1.977000E+01 1.265000E+01 2.195000E-15 5.359000E-19
1.181000E+01 1.978000E+01 1.264000E+01 0.000000E+00 5.361000E-19
1.183000E+01 1.979000E+01 1.261000E+01 1.099000E-15 5.365000E-19
1.183000E+01 1.978000E+01 1.259000E+01 0.000000E+00 5.361000E-19
1.183000E+01 1.975000E+01 1.254000E+01 0.000000E+00 0.000000E+00
1.182000E+01 1.969000E+01 1.247000E+01 0.000000E+00 0.000000E+00
1.178000E+01 1.961000E+01 1.240000E+01 1.089000E-15 5.317000E-19
1.174000E+01 1.949000E+01 1.228000E+01 2.164000E-15 1.057000E-18
1.183000E+01 1.942000E+01 1.201000E+01 0.000000E+00 0.000000E+00
1.185000E+01 1.921000E+01 1.166000E+01 1.066000E-15 0.000000E+00
1.185000E+01 1.897000E+01 1.129000E+01 0.000000E+00 0.000000E+00
1.174000E+01 1.855000E+01 1.081000E+01 0.000000E+00 0.000000E+00
1.162000E+01 1.802000E+01 1.019000E+01 0.000000E+00 4.883000E-19
1.140000E+01 1.734000E+01 9.510000E+00 0.000000E+00 0.000000E+00
1.103000E+01 1.644000E+01 8.725000E+00 1.826000E-15 8.915000E-19
1.043000E+01 1.522000E+01 7.801000E+00 0.000000E+00 0.000000E+00
9.726000E+00 1.385000E+01 6.805000E+00 0.000000E+00 0.000000E+00
8.810000E+00 1.226000E+01 5.791000E+00 0.000000E+00 3.323000E-19
7.796000E+00 1.058000E+01 4.789000E+00 0.000000E+00 0.000000E+00
6.753000E+00 8.890000E+00 3.856000E+00 0.000000E+00 0.000000E+00
5.727000E+00 7.333000E+00 3.058000E+00 0.000000E+00 0.000000E+00
4.796000E+00 5.990000E+00 2.409000E+00 6.650000E-16 1.623000E-19
4.000000E+00 4.886000E+00 1.902000E+00 5.425000E-16 2.649000E-19
3.361000E+00 4.029000E+00 1.525000E+00 0.000000E+00 0.000000E+00
2.830000E+00 3.338000E+00 1.232000E+00 0.000000E+00 0.000000E+00
2.380000E+00 2.770000E+00 1.002000E+00 0.000000E+00 7.508000E-20
2.037000E+00 2.328000E+00 8.189000E-01 0.000000E+00 6.310000E-20
1.749000E+00 1.969000E+00 6.757000E-01 0.000000E+00 0.000000E+00
1.512000E+00 1.671000E+00 5.572000E-01 9.277000E-17 0.000000E+00
1.307000E+00 1.418000E+00 4.586000E-01 0.000000E+00 0.000000E+00
1.129000E+00 1.198000E+00 3.729000E-01 0.000000E+00 3.246000E-20
9.714000E-01 1.006000E+00 3.008000E-01 0.000000E+00 2.727000E-20
8.289000E-01 8.365000E-01 2.387000E-01 0.000000E+00 0.000000E+00
6.966000E-01 6.846000E-01 1.860000E-01 0.000000E+00 1.888000E-20
5.763000E-01 5.511000E-01 1.422000E-01 0.000000E+00 0.000000E+00
4.672000E-01 4.353000E-01 1.066000E-01 0.000000E+00 0.000000E+00
3.767000E-01 3.295000E-01 7.431000E-02 0.000000E+00 0.000000E+00
2.984000E-01 2.347000E-01 4.691000E-02 0.000000E+00 0.000000E+00
2.264000E-01 1.568000E-01 2.709000E-02 0.000000E+00 0.000000E+00
1.616000E-01 9.583000E-02 1.375000E-02 0.000000E+00 0.000000E+00
1.042000E-01 5.189000E-02 5.959000E-03 1.447000E-18 0.000000E+00
6.039000E-02 2.420000E-02 2.004000E-03 8.381000E-19 4.092000E-22
3.124000E-02 9.591000E-03 4.396000E-04 0.000000E+00 0.000000E+00
1.372000E-02 3.872000E-03 1.325000E-04 0.000000E+00 0.000000E+00
5.431000E-03 1.533000E-03 5.247000E-05 0.000000E+00 3.680000E-23
2.252000E-03 6.357000E-04 2.176000E-05 0.000000E+00 0.000000E+00
9.929000E-04 2.803000E-04 9.594000E-06 1.378000E-20 0.000000E+00
4.727000E-04 1.334000E-04 4.568000E-06 6.561000E-21 0.000000E+00
2.224000E-04 6.277000E-05 2.149000E-06 0.000000E+00 0.000000E+00
9.536000E-05 2.692000E-05 9.214000E-07 1.323000E-21 6.462000E-25
3.718000E-05 1.050000E-05 3.593000E-07 0.000000E+00 0.000000E+00
1.448000E-05 4.088000E-06 1.399000E-07 0.000000E+00 0.000000E+00
1.365000E-05 3.852000E-06 1.318000E-07 0.000000E+00 9.247000E-26
9.786000E-06 2.762000E-06 9.455000E-08 0.000000E+00 0.000000E+00
9.141000E-06 2.580000E-06 8.832000E-08 0.000000E+00 0.000000E+00
9.300000E-06 2.625000E-06 8.985000E-08 0.000000E+00 0.000000E+00
9.922000E-06 2.801000E-06 9.587000E-08 0.000000E+00 0.000000E+00
9.657000E-06 2.726000E-06 9.331000E-08 0.000000E+00 0.000000E+00
