2.607000E-01 5.025000E-01 3.504000E-12 6.918000E-12 1.021000E-11
4.212000E+01 1.642000E+01 0.000000E+00 0.000000E+00 0.000000E+00
4.250000E+01 1.552000E+01 0.000000E+00 0.000000E+00 0.000000E+00
4.272000E+01 1.497000E+01 0.000000E+00 0.000000E+00 0.000000E+00
4.292000E+01 1.440000E+01 1.084000E-27 3.467000E-26 1.818000E-20
4.307000E+01 1.392000E+01 0.000000E+00 0.000000E+00 0.000000E+00
4.322000E+01 1.346000E+01 0.000000E+00 0.000000E+00 0.000000E+00
4.335000E+01 1.310000E+01 5.472000E-28 3.502000E-26 2.754000E-20
4.344000E+01 1.280000E+01 5.483000E-28 0.000000E+00 9.200000E-21
4.344000E+01 1.250000E+01 0.000000E+00 0.000000E+00 9.198000E-21
4.350000E+01 1.229000E+01 5.490000E-28 0.000000E+00 1.842000E-20
4.383000E+01 1.216000E+01 0.000000E+00 3.541000E-26 0.000000E+00
4.358000E+01 1.190000E+01 1.100000E-27 7.041000E-26 1.846000E-20
4.359000E+01 1.175000E+01 0.000000E+00 0.000000E+00 0.000000E+00
4.360000E+01 1.161000E+01 0.000000E+00 0.000000E+00 0.000000E+00
4.343000E+01 1.145000E+01 0.000000E+00 0.000000E+00 0.000000E+00
4.361000E+01 1.138000E+01 0.000000E+00 0.000000E+00 0.000000E+00
4.362000E+01 1.127000E+01 0.000000E+00 0.000000E+00 0.000000E+00
4.366000E+01 1.121000E+01 0.000000E+00 0.000000E+00 0.000000E+00
4.353000E+01 1.110000E+01 0.000000E+00 1.758000E-26 9.218000E-21
4.354000E+01 1.099000E+01 0.000000E+00 1.759000E-26 0.000000E+00
4.354000E+01 1.091000E+01 0.000000E+00 1.759000E-26 1.844000E-20
4.313000E+01 1.077000E+01 0.000000E+00 1.742000E-26 9.133000E-21
4.345000E+01 1.077000E+01 5.484000E-28 3.510000E-26 9.200000E-21
4.340000E+01 1.069000E+01 0.000000E+00 1.753000E-26 9.191000E-21
4.339000E+01 1.064000E+01 0.000000E+00 0.000000E+00 0.000000E+00
4.339000E+01 1.057000E+01 0.000000E+00 0.000000E+00 0.000000E+00
4.324000E+01 1.049000E+01 0.000000E+00 0.000000E+00 9.157000E-21
4.328000E+01 1.043000E+01 0.000000E+00 0.000000E+00 0.000000E+00
4.326000E+01 1.039000E+01 5.461000E-28 1.747000E-26 0.000000E+00
4.321000E+01 1.030000E+01 0.000000E+00 5.235000E-26 9.149000E-21
4.318000E+01 1.025000E+01 0.000000E+00 0.000000E+00 0.000000E+00
4.312000E+01 1.020000E+01 0.000000E+00 0.000000E+00 0.000000E+00
4.322000E+01 1.018000E+01 0.000000E+00 0.000000E+00 0.000000E+00
4.298000E+01 1.005000E+01 0.000000E+00 3.472000E-26 9.100000E-21
4.294000E+01 1.001000E+01 0.000000E+00 3.469000E-26 0.000000E+00
4.282000E+01 9.938000E+00 0.000000E+00 0.000000E+00 0.000000E+00
4.278000E+01 9.891000E+00 0.000000E+00 1.728000E-26 9.058000E-21
4.273000E+01 9.842000E+00 0.000000E+00 0.000000E+00 0.000000E+00
4.264000E+01 9.783000E+00 0.000000E+00 0.000000E+00 0.000000E+00
4.263000E+01 9.742000E+00 0.000000E+00 0.000000E+00 0.000000E+00
4.244000E+01 9.660000E+00 0.000000E+00 1.714000E-26 8.988000E-21
4.234000E+01 9.598000E+00 1.069000E-27 5.130000E-26 2.690000E-20
4.227000E+01 9.544000E+00 0.000000E+00 0.000000E+00 8.952000E-21
4.218000E+01 9.485000E+00 0.000000E+00 0.000000E+00 0.000000E+00
4.200000E+01 9.405000E+00 2.651000E-28 1.696000E-26 0.000000E+00
4.190000E+01 9.343000E+00 2.644000E-28 0.000000E+00 0.000000E+00
4.175000E+01 9.269000E+00 0.000000E+00 0.000000E+00 0.000000E+00
4.224000E+01 9.338000E+00 0.000000E+00 0.000000E+00 0.000000E+00
4.141000E+01 9.133000E+00 0.000000E+00 0.000000E+00 0.000000E+00
4.123000E+01 9.071000E+00 7.806000E-28 1.665000E-26 8.731000E-21
4.105000E+01 8.989000E+00 0.000000E+00 0.000000E+00 0.000000E+00
4.089000E+01 8.915000E+00 5.161000E-28 4.955000E-26 1.732000E-20
4.068000E+01 8.862000E+00 2.567000E-28 1.643000E-26 0.000000E+00
4.042000E+01 8.763000E+00 2.551000E-28 1.632000E-26 0.000000E+00
4.023000E+01 8.679000E+00 2.539000E-28 1.625000E-26 8.519000E-21
3.998000E+01 8.616000E+00 0.000000E+00 0.000000E+00 0.000000E+00
3.976000E+01 8.525000E+00 0.000000E+00 0.000000E+00 0.000000E+00
3.948000E+01 8.454000E+00 0.000000E+00 1.594000E-26 0.000000E+00
3.918000E+01 8.345000E+00 0.000000E+00 0.000000E+00 0.000000E+00
3.887000E+01 8.264000E+00 0.000000E+00 0.000000E+00 0.000000E+00
3.846000E+01 8.129000E+00 0.000000E+00 1.553000E-26 0.000000E+00
3.809000E+01 8.036000E+00 2.404000E-28 3.077000E-26 0.000000E+00
3.779000E+01 7.937000E+00 2.385000E-28 1.526000E-26 0.000000E+00
3.738000E+01 7.814000E+00 0.000000E+00 0.000000E+00 0.000000E+00
3.693000E+01 7.699000E+00 0.000000E+00 0.000000E+00 0.000000E+00
3.645000E+01 7.543000E+00 0.000000E+00 0.000000E+00 0.000000E+00
3.593000E+01 7.407000E+00 0.000000E+00 0.000000E+00 0.000000E+00
3.538000E+01 7.248000E+00 0.000000E+00 0.000000E+00 0.000000E+00
3.477000E+01 7.076000E+00 0.000000E+00 0.000000E+00 0.000000E+00
3.408000E+01 6.900000E+00 0.000000E+00 0.000000E+00 0.000000E+00
3.336000E+01 6.686000E+00 2.105000E-28 1.347000E-26 0.000000E+00
3.254000E+01 6.293000E+00 0.000000E+00 0.000000E+00 0.000000E+00
3.175000E+01 5.912000E+00 0.000000E+00 1.282000E-26 3.361000E-21
3.070000E+01 5.495000E+00 1.937000E-28 1.240000E-26 3.251000E-21
2.963000E+01 5.084000E+00 0.000000E+00 0.000000E+00 0.000000E+00
2.839000E+01 4.574000E+00 0.000000E+00 5.733000E-27 6.012000E-21
2.684000E+01 4.039000E+00 8.469000E-29 0.000000E+00 2.842000E-21
2.507000E+01 3.502000E+00 0.000000E+00 0.000000E+00 0.000000E+00
2.328000E+01 2.995000E+00 7.347000E-29 0.000000E+00 2.465000E-21
2.112000E+01 2.447000E+00 0.000000E+00 0.000000E+00 0.000000E+00
1.881000E+01 1.963000E+00 5.937000E-29 1.900000E-27 1.992000E-21
1.635000E+01 1.524000E+00 0.000000E+00 0.000000E+00 0.000000E+00
1.389000E+01 1.200000E+00 0.000000E+00 0.000000E+00 0.000000E+00
1.151000E+01 9.260000E-01 0.000000E+00 0.000000E+00 0.000000E+00
9.401000E+00 7.075000E-01 0.000000E+00 0.000000E+00 0.000000E+00
7.583000E+00 5.367000E-01 5.982000E-30 0.000000E+00 0.000000E+00
6.105000E+00 4.089000E-01 0.000000E+00 0.000000E+00 0.000000E+00
4.825000E+00 3.079000E-01 0.000000E+00 0.000000E+00 0.000000E+00
3.743000E+00 2.291000E-01 7.382000E-31 0.000000E+00 0.000000E+00
2.895000E+00 1.674000E-01 0.000000E+00 0.000000E+00 0.000000E+00
2.206000E+00 1.211000E-01 0.000000E+00 1.392000E-29 5.840000E-23
1.654000E+00 8.527000E-02 8.152000E-32 0.000000E+00 4.377000E-23
1.211000E+00 5.838000E-02 5.971000E-32 7.643000E-30 3.206000E-23
8.642000E-01 3.816000E-02 2.130000E-32 0.000000E+00 2.287000E-23
5.984000E-01 2.394000E-02 1.475000E-32 1.888000E-30 1.584000E-23
4.001000E-01 1.423000E-02 4.932000E-33 0.000000E+00 0.000000E+00
2.569000E-01 7.998000E-03 3.167000E-33 4.053000E-31 6.800000E-24
1.583000E-01 4.228000E-03 4.878000E-34 1.249000E-31 4.190000E-24
9.372000E-02 2.116000E-03 0.000000E+00 0.000000E+00 0.000000E+00
5.357000E-02 1.025000E-03 0.000000E+00 0.000000E+00 0.000000E+00
2.996000E-02 4.862000E-04 0.000000E+00 1.182000E-32 0.000000E+00
1.697000E-02 2.238000E-04 0.000000E+00 0.000000E+00 0.000000E+00
1.034000E-02 1.031000E-04 0.000000E+00 0.000000E+00 0.000000E+00
7.196000E-03 4.994000E-05 0.000000E+00 0.000000E+00 0.000000E+00
5.792000E-03 2.250000E-05 0.000000E+00 0.000000E+00 0.000000E+00
5.055000E-03 4.938000E-06 0.000000E+00 0.000000E+00 0.000000E+00
4.387000E-03 9.448000E-07 6.600000E-39 2.703000E-35 9.071000E-28
3.576000E-03 7.702000E-07 0.000000E+00 2.204000E-35 7.394000E-28
2.108000E-03 4.541000E-07 0.000000E+00 0.000000E+00 0.000000E+00
1.580000E-03 3.402000E-07 1.188000E-39 9.735000E-36 1.633000E-28
1.085000E-03 2.337000E-07 0.000000E+00 0.000000E+00 1.122000E-28
6.798000E-04 1.464000E-07 2.557000E-40 0.000000E+00 0.000000E+00
3.907000E-04 8.416000E-08 0.000000E+00 0.000000E+00 0.000000E+00
2.079000E-04 4.478000E-08 2.346000E-40 2.563000E-36 2.150000E-29
1.041000E-04 2.243000E-08 0.000000E+00 0.000000E+00 0.000000E+00
5.927000E-05 1.277000E-08 0.000000E+00 0.000000E+00 0.000000E+00
3.708000E-05 7.987000E-09 0.000000E+00 2.285000E-37 0.000000E+00
3.065000E-05 6.602000E-09 2.306000E-41 1.889000E-37 3.169000E-30
2.903000E-05 6.252000E-09 0.000000E+00 0.000000E+00 0.000000E+00
2.861000E-05 6.162000E-09 2.152000E-41 1.763000E-37 2.958000E-30
2.868000E-05 6.176000E-09 0.000000E+00 0.000000E+00 0.000000E+00
