1.133000E+02 6.201000E+01 1.986000E+01 1.103000E-02 6.490000E-08
2.974000E+02 1.513000E+00 1.841000E-01 4.534000E-18 2.362000E-20
2.974000E+02 1.317000E+00 1.603000E-01 0.000000E+00 0.000000E+00
2.975000E+02 1.209000E+00 1.456000E-01 0.000000E+00 7.874000E-21
2.975000E+02 1.097000E+00 1.312000E-01 0.000000E+00 0.000000E+00
2.974000E+02 1.004000E+00 1.193000E-01 4.030000E-18 2.952000E-20
2.973000E+02 9.276000E-01 1.092000E-01 0.000000E+00 0.000000E+00
2.973000E+02 8.696000E-01 1.016000E-01 0.000000E+00 0.000000E+00
2.972000E+02 8.231000E-01 9.544000E-02 0.000000E+00 0.000000E+00
2.971000E+02 7.805000E-01 8.977000E-02 7.550000E-19 1.081000E-20
2.971000E+02 7.482000E-01 8.550000E-02 0.000000E+00 1.966000E-20
2.970000E+02 7.160000E-01 8.121000E-02 0.000000E+00 5.896000E-21
2.969000E+02 6.891000E-01 7.760000E-02 0.000000E+00 0.000000E+00
2.969000E+02 6.675000E-01 7.471000E-02 0.000000E+00 0.000000E+00
2.968000E+02 6.459000E-01 7.180000E-02 0.000000E+00 9.820000E-22
2.967000E+02 6.296000E-01 6.961000E-02 0.000000E+00 0.000000E+00
2.967000E+02 6.133000E-01 6.743000E-02 2.513000E-18 2.061000E-20
2.966000E+02 5.970000E-01 6.523000E-02 0.000000E+00 0.000000E+00
2.966000E+02 5.860000E-01 6.376000E-02 0.000000E+00 0.000000E+00
2.965000E+02 5.751000E-01 6.229000E-02 0.000000E+00 0.000000E+00
2.964000E+02 5.589000E-01 6.007000E-02 1.004000E-18 1.962000E-21
2.964000E+02 5.480000E-01 5.859000E-02 5.021000E-19 1.569000E-20
2.963000E+02 5.425000E-01 5.784000E-02 1.130000E-18 6.864000E-21
2.963000E+02 5.315000E-01 5.636000E-02 0.000000E+00 9.803000E-22
2.962000E+02 5.206000E-01 5.487000E-02 0.000000E+00 0.000000E+00
2.962000E+02 5.150000E-01 5.412000E-02 0.000000E+00 2.940000E-21
2.961000E+02 5.041000E-01 5.263000E-02 2.508000E-19 4.899000E-21
2.961000E+02 4.985000E-01 5.187000E-02 0.000000E+00 0.000000E+00
2.960000E+02 4.875000E-01 5.037000E-02 3.761000E-19 0.000000E+00
2.959000E+02 4.819000E-01 4.961000E-02 0.000000E+00 0.000000E+00
2.959000E+02 4.710000E-01 4.811000E-02 0.000000E+00 0.000000E+00
2.958000E+02 4.654000E-01 4.734000E-02 0.000000E+00 8.319000E-21
2.957000E+02 4.597000E-01 4.658000E-02 2.129000E-18 9.296000E-21
2.957000E+02 4.541000E-01 4.582000E-02 0.000000E+00 0.000000E+00
2.956000E+02 4.431000E-01 4.429000E-02 1.252000E-18 8.803000E-21
2.955000E+02 4.375000E-01 4.352000E-02 2.003000E-18 1.907000E-20
2.955000E+02 4.318000E-01 4.275000E-02 1.251000E-18 1.711000E-20
2.954000E+02 4.261000E-01 4.197000E-02 0.000000E+00 0.000000E+00
2.953000E+02 4.204000E-01 4.119000E-02 0.000000E+00 0.000000E+00
2.952000E+02 4.147000E-01 4.040000E-02 6.252000E-19 8.303000E-21
2.952000E+02 4.089000E-01 3.961000E-02 0.000000E+00 0.000000E+00
2.951000E+02 4.032000E-01 3.881000E-02 4.999000E-19 0.000000E+00
2.950000E+02 3.974000E-01 3.801000E-02 7.496000E-19 2.928000E-21
2.949000E+02 3.916000E-01 3.721000E-02 0.000000E+00 0.000000E+00
2.948000E+02 3.856000E-01 3.639000E-02 0.000000E+00 0.000000E+00
2.946000E+02 3.797000E-01 3.556000E-02 1.497000E-18 6.336000E-21
2.944000E+02 3.736000E-01 3.473000E-02 0.000000E+00 3.897000E-21
2.943000E+02 3.676000E-01 3.389000E-02 0.000000E+00 0.000000E+00
2.941000E+02 3.614000E-01 3.304000E-02 6.227000E-20 0.000000E+00
2.939000E+02 3.579000E-01 3.255000E-02 4.979000E-19 6.321000E-21
2.937000E+02 3.543000E-01 3.206000E-02 0.000000E+00 0.000000E+00
2.935000E+02 3.480000E-01 3.118000E-02 0.000000E+00 0.000000E+00
2.933000E+02 3.416000E-01 3.028000E-02 0.000000E+00 0.000000E+00
2.931000E+02 3.404000E-01 3.012000E-02 0.000000E+00 0.000000E+00
2.928000E+02 3.337000E-01 2.919000E-02 2.046000E-18 1.017000E-20
2.926000E+02 3.269000E-01 2.824000E-02 3.717000E-19 9.197000E-21
2.923000E+02 3.253000E-01 2.802000E-02 0.000000E+00 0.000000E+00
2.920000E+02 3.183000E-01 2.702000E-02 0.000000E+00 0.000000E+00
2.917000E+02 3.163000E-01 2.676000E-02 0.000000E+00 0.000000E+00
2.914000E+02 3.088000E-01 2.570000E-02 0.000000E+00 4.820000E-21
2.910000E+02 3.064000E-01 2.537000E-02 4.314000E-19 1.444000E-21
2.906000E+02 2.985000E-01 2.425000E-02 0.000000E+00 0.000000E+00
2.902000E+02 2.955000E-01 2.383000E-02 0.000000E+00 0.000000E+00
2.898000E+02 2.896000E-01 2.300000E-02 0.000000E+00 2.397000E-22
2.893000E+02 2.833000E-01 2.211000E-02 0.000000E+00 0.000000E+00
2.887000E+02 2.793000E-01 2.154000E-02 0.000000E+00 0.000000E+00
2.881000E+02 2.695000E-01 2.016000E-02 0.000000E+00 9.533000E-22
2.874000E+02 2.644000E-01 1.944000E-02 0.000000E+00 0.000000E+00
2.866000E+02 2.561000E-01 1.828000E-02 0.000000E+00 0.000000E+00
2.857000E+02 2.471000E-01 1.703000E-02 1.210000E-19 2.364000E-21
2.847000E+02 2.400000E-01 1.604000E-02 8.742000E-19 0.000000E+00
2.835000E+02 2.281000E-01 1.442000E-02 0.000000E+00 1.407000E-21
2.820000E+02 2.198000E-01 1.399000E-02 5.375000E-19 0.000000E+00
2.803000E+02 2.112000E-01 1.353000E-02 7.717000E-19 3.710000E-21
2.783000E+02 2.024000E-01 1.305000E-02 0.000000E+00 1.611000E-21
2.758000E+02 1.932000E-01 1.254000E-02 0.000000E+00 9.125000E-22
2.728000E+02 1.805000E-01 1.184000E-02 2.022000E-19 1.128000E-21
2.691000E+02 1.674000E-01 1.109000E-02 0.000000E+00 0.000000E+00
2.648000E+02 1.540000E-01 1.031000E-02 0.000000E+00 0.000000E+00
2.597000E+02 1.403000E-01 9.482000E-03 9.625000E-20 2.148000E-21
2.540000E+02 1.249000E-01 8.536000E-03 0.000000E+00 4.201000E-22
2.476000E+02 1.110000E-01 7.653000E-03 6.555000E-20 6.146000E-22
2.411000E+02 9.750000E-02 6.777000E-03 0.000000E+00 1.994000E-22
2.346000E+02 8.673000E-02 6.081000E-03 0.000000E+00 0.000000E+00
2.286000E+02 7.745000E-02 5.466000E-03 0.000000E+00 0.000000E+00
2.233000E+02 6.969000E-02 4.938000E-03 0.000000E+00 0.000000E+00
2.189000E+02 6.330000E-02 4.492000E-03 0.000000E+00 0.000000E+00
2.154000E+02 5.816000E-02 4.124000E-03 1.654000E-19 7.573000E-22
2.125000E+02 5.408000E-02 3.819000E-03 0.000000E+00 0.000000E+00
2.101000E+02 5.086000E-02 3.572000E-03 0.000000E+00 0.000000E+00
2.082000E+02 4.682000E-02 3.271000E-03 3.307000E-20 0.000000E+00
2.067000E+02 4.349000E-02 3.016000E-03 1.915000E-19 7.053000E-22
2.055000E+02 3.975000E-02 2.730000E-03 0.000000E+00 4.461000E-22
2.044000E+02 3.596000E-02 2.443000E-03 0.000000E+00 1.691000E-22
2.036000E+02 3.130000E-02 2.099000E-03 0.000000E+00 0.000000E+00
2.029000E+02 2.646000E-02 1.745000E-03 8.324000E-20 8.391000E-23
2.023000E+02 2.110000E-02 1.360000E-03 0.000000E+00 1.883000E-22
2.018000E+02 1.563000E-02 9.726000E-04 0.000000E+00 0.000000E+00
2.014000E+02 9.911000E-03 5.777000E-04 0.000000E+00 8.330000E-23
2.011000E+02 4.366000E-03 2.027000E-04 0.000000E+00 0.000000E+00
2.008000E+02 1.686000E-03 2.378000E-05 0.000000E+00 0.000000E+00
2.006000E+02 1.742000E-03 2.374000E-05 0.000000E+00 0.000000E+00
2.004000E+02 1.803000E-03 2.372000E-05 3.398000E-21 2.266000E-23
2.002000E+02 1.870000E-03 2.370000E-05 0.000000E+00 1.925000E-23
2.001000E+02 1.942000E-03 2.368000E-05 7.117000E-21 3.620000E-23
2.000000E+02 2.019000E-03 2.367000E-05 0.000000E+00 0.000000E+00
1.999000E+02 2.099000E-03 2.366000E-05 6.903000E-21 3.262000E-23
1.998000E+02 2.188000E-03 2.365000E-05 2.520000E-21 1.452000E-23
1.997000E+02 2.280000E-03 2.363000E-05 3.881000E-21 0.000000E+00
1.996000E+02 2.375000E-03 2.362000E-05 0.000000E+00 0.000000E+00
1.993000E+02 2.448000E-03 2.359000E-05 0.000000E+00 0.000000E+00
1.987000E+02 2.514000E-03 2.352000E-05 0.000000E+00 0.000000E+00
1.975000E+02 2.570000E-03 2.338000E-05 0.000000E+00 0.000000E+00
1.947000E+02 2.599000E-03 2.305000E-05 0.000000E+00 3.381000E-23
1.878000E+02 2.566000E-03 2.223000E-05 0.000000E+00 0.000000E+00
1.716000E+02 2.392000E-03 2.031000E-05 9.935000E-21 9.882000E-23
1.342000E+02 1.891000E-03 1.588000E-05 1.304000E-20 8.453000E-23
1.016000E+02 1.450000E-03 1.203000E-05 0.000000E+00 0.000000E+00
8.501000E+01 1.224000E-03 1.006000E-05 0.000000E+00 0.000000E+00
7.986000E+01 1.159000E-03 9.454000E-06 7.167000E-21 4.180000E-23
7.844000E+01 1.158000E-03 9.286000E-06 0.000000E+00 0.000000E+00
7.866000E+01 1.152000E-03 9.312000E-06 6.019000E-21 3.037000E-23
