1.132000E-01 3.389000E-01 5.623000E-01 7.819000E-01 9.964000E-01 1.204000E+00 1.404000E+00 1.595000E+00 1.776000E+00 1.945000E+00 2.102000E+00 2.247000E+00 2.377000E+00 2.494000E+00 2.596000E+00 2.684000E+00 2.756000E+00 2.814000E+00 2.858000E+00 2.887000E+00 2.903000E+00 2.905000E+00 2.895000E+00 2.872000E+00 2.838000E+00 2.794000E+00 2.740000E+00 2.677000E+00 2.607000E+00 2.530000E+00 2.447000E+00 2.358000E+00 2.266000E+00 2.171000E+00 2.073000E+00 1.973000E+00 1.873000E+00 1.773000E+00 1.673000E+00 1.574000E+00 1.477000E+00
4.536000E-02 1.236000E-01 1.694000E-01 1.756000E-01 1.496000E-01 1.074000E-01 6.561000E-02 3.417000E-02 1.517000E-02 5.748000E-03 1.862000E-03 5.163000E-04 1.247000E-04 2.654000E-05 4.921000E-06 7.910000E-07 1.147000E-07 1.470000E-08 1.684000E-09 1.773000E-10 1.665000E-11 1.399000E-12 1.069000E-13 7.326000E-15 4.479000E-16 1.176000E-17 0.000000E+00 0.000000E+00 0.000000E+00 0.000000E+00 0.000000E+00 0.000000E+00 0.000000E+00 0.000000E+00 0.000000E+00 0.000000E+00 0.000000E+00 0.000000E+00 0.000000E+00 0.000000E+00 0.000000E+00
5.961000E-02 1.618000E-01 2.198000E-01 2.250000E-01 1.883000E-01 1.323000E-01 7.873000E-02 3.976000E-02 1.704000E-02 6.215000E-03 1.931000E-03 5.117000E-04 1.179000E-04 2.384000E-05 4.199000E-06 6.404000E-07 8.811000E-08 1.071000E-08 1.165000E-09 1.170000E-10 1.050000E-11 8.435000E-13 6.190000E-14 4.081000E-15 2.444000E-16 1.045000E-17 0.000000E+00 0.000000E+00 0.000000E+00 0.000000E+00 0.000000E+00 0.000000E+00 0.000000E+00 0.000000E+00 0.000000E+00 0.000000E+00 0.000000E+00 0.000000E+00 0.000000E+00 0.000000E+00 0.000000E+00
6.307000E-02 1.707000E-01 2.308000E-01 2.343000E-01 1.940000E-01 1.344000E-01 7.862000E-02 3.891000E-02 1.630000E-02 5.790000E-03 1.748000E-03 4.487000E-04 9.985000E-05 1.945000E-05 3.295000E-06 4.827000E-07 6.364000E-08 7.413000E-09 7.712000E-10 7.437000E-11 6.407000E-12 4.953000E-13 3.504000E-14 2.220000E-15 1.158000E-16 0.000000E+00 0.000000E+00 0.000000E+00 0.000000E+00 0.000000E+00 0.000000E+00 0.000000E+00 0.000000E+00 0.000000E+00 0.000000E+00 0.000000E+00 0.000000E+00 0.000000E+00 0.000000E+00 0.000000E+00 0.000000E+00
7.228000E-02 1.951000E-01 2.624000E-01 2.643000E-01 2.164000E-01 1.478000E-01 8.490000E-02 4.114000E-02 1.682000E-02 5.810000E-03 1.700000E-03 4.212000E-04 9.011000E-05 1.680000E-05 2.712000E-06 3.777000E-07 4.705000E-08 5.164000E-09 5.050000E-10 4.568000E-11 3.690000E-12 2.679000E-13 1.784000E-14 1.058000E-15 4.203000E-17 0.000000E+00 0.000000E+00 0.000000E+00 0.000000E+00 0.000000E+00 0.000000E+00 0.000000E+00 0.000000E+00 0.000000E+00 0.000000E+00 0.000000E+00 0.000000E+00 0.000000E+00 0.000000E+00 0.000000E+00 0.000000E+00
8.550000E-02 2.303000E-01 3.083000E-01 3.083000E-01 2.500000E-01 1.687000E-01 9.543000E-02 4.540000E-02 1.816000E-02 6.119000E-03 1.740000E-03 4.171000E-04 8.589000E-05 1.532000E-05 2.351000E-06 3.097000E-07 3.603000E-08 3.665000E-09 3.292000E-10 2.687000E-11 1.941000E-12 1.248000E-13 7.314000E-15 3.834000E-16 1.908000E-17 0.000000E+00 0.000000E+00 0.000000E+00 0.000000E+00 0.000000E+00 0.000000E+00 8.674000E-19 0.000000E+00 8.674000E-19 0.000000E+00 0.000000E+00 0.000000E+00 0.000000E+00 0.000000E+00 0.000000E+00 0.000000E+00
9.431000E-02 2.534000E-01 3.376000E-01 3.352000E-01 2.691000E-01 1.793000E-01 9.999000E-02 4.677000E-02 1.836000E-02 6.058000E-03 1.684000E-03 3.939000E-04 7.903000E-05 1.369000E-05 2.038000E-06 2.597000E-07 2.909000E-08 2.836000E-09 2.427000E-10 1.866000E-11 1.253000E-12 7.381000E-14 3.839000E-15 1.438000E-16 0.000000E+00 0.000000E+00 0.000000E+00 0.000000E+00 0.000000E+00 0.000000E+00 0.000000E+00 0.000000E+00 0.000000E+00 0.000000E+00 0.000000E+00 0.000000E+00 0.000000E+00 0.000000E+00 0.000000E+00 0.000000E+00 0.000000E+00
1.034000E-01 2.774000E-01 3.679000E-01 3.630000E-01 2.891000E-01 1.907000E-01 1.051000E-01 4.850000E-02 1.876000E-02 6.095000E-03 1.667000E-03 3.834000E-04 7.564000E-05 1.289000E-05 1.887000E-06 2.367000E-07 2.612000E-08 2.511000E-09 2.119000E-10 1.612000E-11 1.071000E-12 6.246000E-14 3.252000E-15 1.485000E-16 6.018000E-18 0.000000E+00 0.000000E+00 0.000000E+00 0.000000E+00 1.003000E-18 1.003000E-18 0.000000E+00 1.003000E-18 1.003000E-18 0.000000E+00 0.000000E+00 0.000000E+00 0.000000E+00 0.000000E+00 5.015000E-19 0.000000E+00
1.116000E-01 2.989000E-01 3.952000E-01 3.880000E-01 3.069000E-01 2.008000E-01 1.096000E-01 5.002000E-02 1.912000E-02 6.130000E-03 1.654000E-03 3.751000E-04 7.296000E-05 1.225000E-05 1.770000E-06 2.190000E-07 2.387000E-08 2.267000E-09 1.891000E-10 1.426000E-11 9.385000E-13 5.426000E-14 2.808000E-15 1.398000E-16 1.645000E-17 8.226000E-18 1.097000E-17 1.097000E-17 8.226000E-18 8.226000E-18 2.742000E-18 5.484000E-18 6.855000E-18 5.484000E-18 2.742000E-18 2.742000E-18 4.113000E-18 4.113000E-18 2.742000E-18 2.742000E-18 2.742000E-18
1.194000E-01 3.192000E-01 4.207000E-01 4.111000E-01 3.232000E-01 2.099000E-01 1.135000E-01 5.127000E-02 1.937000E-02 6.135000E-03 1.634000E-03 3.656000E-04 7.015000E-05 1.162000E-05 1.656000E-06 2.023000E-07 2.178000E-08 2.044000E-09 1.686000E-10 1.260000E-11 8.221000E-13 4.709000E-14 2.400000E-15 9.050000E-17 0.000000E+00 0.000000E+00 0.000000E+00 0.000000E+00 0.000000E+00 0.000000E+00 0.000000E+00 0.000000E+00 0.000000E+00 0.000000E+00 0.000000E+00 0.000000E+00 0.000000E+00 0.000000E+00 0.000000E+00 0.000000E+00 0.000000E+00
1.268000E-01 3.386000E-01 4.453000E-01 4.336000E-01 3.393000E-01 2.190000E-01 1.176000E-01 5.271000E-02 1.974000E-02 6.192000E-03 1.633000E-03 3.616000E-04 6.864000E-05 1.125000E-05 1.586000E-06 1.918000E-07 2.045000E-08 1.902000E-09 1.555000E-10 1.154000E-11 7.476000E-13 4.253000E-14 2.144000E-15 7.106000E-17 0.000000E+00 0.000000E+00 0.000000E+00 0.000000E+00 0.000000E+00 0.000000E+00 0.000000E+00 0.000000E+00 0.000000E+00 0.000000E+00 0.000000E+00 0.000000E+00 0.000000E+00 0.000000E+00 0.000000E+00 0.000000E+00 0.000000E+00
1.341000E-01 3.575000E-01 4.690000E-01 4.551000E-01 3.544000E-01 2.274000E-01 1.212000E-01 5.390000E-02 2.000000E-02 6.215000E-03 1.622000E-03 3.553000E-04 6.670000E-05 1.081000E-05 1.508000E-06 1.804000E-07 1.904000E-08 1.753000E-09 1.420000E-10 1.046000E-11 6.730000E-13 3.807000E-14 1.927000E-15 9.438000E-17 6.509000E-18 9.763000E-18 6.509000E-18 6.509000E-18 3.254000E-18 3.254000E-18 3.254000E-18 6.509000E-18 1.627000E-18 4.882000E-18 3.254000E-18 3.254000E-18 3.254000E-18 1.627000E-18 1.627000E-18 4.882000E-18 0.000000E+00
1.410000E-01 3.756000E-01 4.917000E-01 4.757000E-01 3.690000E-01 2.356000E-01 1.248000E-01 5.512000E-02 2.030000E-02 6.254000E-03 1.617000E-03 3.511000E-04 6.528000E-05 1.047000E-05 1.447000E-06 1.715000E-07 1.795000E-08 1.639000E-09 1.316000E-10 9.641000E-12 6.161000E-13 3.465000E-14 1.761000E-15 9.213000E-17 1.706000E-17 2.047000E-17 1.706000E-17 1.706000E-17 1.365000E-17 1.365000E-17 1.024000E-17 6.824000E-18 6.824000E-18 8.530000E-18 5.118000E-18 8.530000E-18 8.530000E-18 6.824000E-18 6.824000E-18 8.530000E-18 5.118000E-18
1.475000E-01 3.928000E-01 5.134000E-01 4.955000E-01 3.831000E-01 2.436000E-01 1.285000E-01 5.640000E-02 2.064000E-02 6.316000E-03 1.622000E-03 3.493000E-04 6.444000E-05 1.026000E-05 1.406000E-06 1.653000E-07 1.717000E-08 1.557000E-09 1.242000E-10 9.051000E-12 5.752000E-13 3.212000E-14 1.568000E-15 2.850000E-17 0.000000E+00 0.000000E+00 0.000000E+00 0.000000E+00 0.000000E+00 0.000000E+00 0.000000E+00 0.000000E+00 0.000000E+00 0.000000E+00 0.000000E+00 0.000000E+00 0.000000E+00 0.000000E+00 0.000000E+00 0.000000E+00 0.000000E+00
1.539000E-01 4.095000E-01 5.343000E-01 5.144000E-01 3.964000E-01 2.510000E-01 1.317000E-01 5.750000E-02 2.091000E-02 6.354000E-03 1.619000E-03 3.461000E-04 6.333000E-05 9.996000E-06 1.359000E-06 1.585000E-07 1.634000E-08 1.471000E-09 1.165000E-10 8.443000E-12 5.336000E-13 2.966000E-14 1.446000E-15 4.078000E-17 0.000000E+00 0.000000E+00 0.000000E+00 0.000000E+00 0.000000E+00 0.000000E+00 0.000000E+00 0.000000E+00 0.000000E+00 0.000000E+00 0.000000E+00 0.000000E+00 0.000000E+00 0.000000E+00 0.000000E+00 0.000000E+00 0.000000E+00
1.596000E-01 4.244000E-01 5.532000E-01 5.316000E-01 4.087000E-01 2.579000E-01 1.349000E-01 5.862000E-02 2.121000E-02 6.412000E-03 1.625000E-03 3.451000E-04 6.277000E-05 9.844000E-06 1.330000E-06 1.542000E-07 1.580000E-08 1.414000E-09 1.113000E-10 8.036000E-12 5.058000E-13 2.799000E-14 1.351000E-15 3.455000E-17 0.000000E+00 0.000000E+00 0.000000E+00 0.000000E+00 0.000000E+00 0.000000E+00 0.000000E+00 0.000000E+00 0.000000E+00 0.000000E+00 0.000000E+00 0.000000E+00 0.000000E+00 0.000000E+00 0.000000E+00 0.000000E+00 0.000000E+00
1.657000E-01 4.403000E-01 5.731000E-01 5.497000E-01 4.215000E-01 2.652000E-01 1.382000E-01 5.979000E-02 2.153000E-02 6.473000E-03 1.631000E-03 3.443000E-04 6.222000E-05 9.693000E-06 1.301000E-06 1.498000E-07 1.526000E-08 1.357000E-09 1.063000E-10 7.640000E-12 4.788000E-13 2.643000E-14 1.320000E-15 6.363000E-17 1.193000E-17 1.193000E-17 7.954000E-18 1.193000E-17 3.977000E-18 7.954000E-18 7.954000E-18 7.954000E-18 3.977000E-18 7.954000E-18 5.965000E-18 5.965000E-18 0.000000E+00 3.977000E-18 3.977000E-18 3.977000E-18 5.965000E-18
1.714000E-01 4.551000E-01 5.917000E-01 5.665000E-01 4.333000E-01 2.718000E-01 1.410000E-01 6.076000E-02 2.177000E-02 6.510000E-03 1.630000E-03 3.420000E-04 6.141000E-05 9.501000E-06 1.267000E-06 1.449000E-07 1.467000E-08 1.297000E-09 1.009000E-10 7.222000E-12 4.505000E-13 2.474000E-14 1.215000E-15 4.516000E-17 0.000000E+00 0.000000E+00 0.000000E+00 0.000000E+00 0.000000E+00 0.000000E+00 0.000000E+00 0.000000E+00 0.000000E+00 0.000000E+00 0.000000E+00 0.000000E+00 0.000000E+00 2.053000E-18 0.000000E+00 0.000000E+00 0.000000E+00
1.767000E-01 4.691000E-01 6.094000E-01 5.827000E-01 4.450000E-01 2.785000E-01 1.441000E-01 6.192000E-02 2.211000E-02 6.588000E-03 1.643000E-03 3.433000E-04 6.135000E-05 9.449000E-06 1.254000E-06 1.428000E-07 1.439000E-08 1.267000E-09 9.822000E-11 7.006000E-12 4.356000E-13 2.386000E-14 1.159000E-15 3.806000E-17 0.000000E+00 0.000000E+00 0.000000E+00 0.000000E+00 0.000000E+00 0.000000E+00 0.000000E+00 0.000000E+00 0.000000E+00 0.000000E+00 0.000000E+00 0.000000E+00 0.000000E+00 0.000000E+00 0.000000E+00 0.000000E+00 0.000000E+00
1.816000E-01 4.819000E-01 6.255000E-01 5.974000E-01 4.554000E-01 2.844000E-01 1.468000E-01 6.289000E-02 2.238000E-02 6.643000E-03 1.650000E-03 3.433000E-04 6.107000E-05 9.361000E-06 1.237000E-06 1.402000E-07 1.406000E-08 1.232000E-09 9.516000E-11 6.766000E-12 4.193000E-13 2.285000E-14 1.076000E-15 0.000000E+00 0.000000E+00 0.000000E+00 0.000000E+00 0.000000E+00 0.000000E+00 0.000000E+00 0.000000E+00 0.000000E+00 0.000000E+00 0.000000E+00 0.000000E+00 0.000000E+00 0.000000E+00 0.000000E+00 0.000000E+00 0.000000E+00 0.000000E+00
1.868000E-01 4.955000E-01 6.424000E-01 6.123000E-01 4.656000E-01 2.898000E-01 1.491000E-01 6.355000E-02 2.250000E-02 6.640000E-03 1.640000E-03 3.388000E-04 5.985000E-05 9.108000E-06 1.194000E-06 1.344000E-07 1.339000E-08 1.166000E-09 8.942000E-11 6.327000E-12 3.902000E-13 2.122000E-14 1.034000E-15 4.012000E-17 4.457000E-18 8.915000E-18 0.000000E+00 8.915000E-18 0.000000E+00 0.000000E+00 4.457000E-18 0.000000E+00 0.000000E+00 2.229000E-18 0.000000E+00 2.229000E-18 0.000000E+00 0.000000E+00 0.000000E+00 0.000000E+00 2.229000E-18
1.918000E-01 5.084000E-01 6.586000E-01 6.270000E-01 4.759000E-01 2.957000E-01 1.516000E-01 6.446000E-02 2.274000E-02 6.686000E-03 1.644000E-03 3.381000E-04 5.946000E-05 9.003000E-06 1.175000E-06 1.316000E-07 1.304000E-08 1.130000E-09 8.631000E-11 6.086000E-12 3.741000E-13 2.030000E-14 1.005000E-15 7.769000E-17 3.656000E-17 2.285000E-17 3.199000E-17 2.285000E-17 1.828000E-17 1.828000E-17 9.140000E-18 1.142000E-17 1.371000E-17 9.140000E-18 9.140000E-18 9.140000E-18 1.142000E-17 1.371000E-17 1.142000E-17 9.140000E-18 9.140000E-18
1.957000E-01 5.185000E-01 6.714000E-01 6.388000E-01 4.845000E-01 3.006000E-01 1.540000E-01 6.535000E-02 2.302000E-02 6.754000E-03 1.657000E-03 3.401000E-04 5.965000E-05 9.010000E-06 1.173000E-06 1.310000E-07 1.295000E-08 1.120000E-09 8.533000E-11 6.006000E-12 3.685000E-13 1.997000E-14 9.877000E-16 6.057000E-17 2.795000E-17 2.329000E-17 2.329000E-17 9.318000E-18 9.318000E-18 9.318000E-18 1.398000E-17 9.318000E-18 6.988000E-18 6.988000E-18 6.988000E-18 9.318000E-18 6.988000E-18 4.659000E-18 6.988000E-18 4.659000E-18 6.988000E-18
2.012000E-01 5.329000E-01 6.895000E-01 6.552000E-01 4.960000E-01 3.071000E-01 1.569000E-01 6.639000E-02 2.330000E-02 6.810000E-03 1.664000E-03 3.399000E-04 5.933000E-05 8.915000E-06 1.154000E-06 1.283000E-07 1.262000E-08 1.086000E-09 8.236000E-11 5.777000E-12 3.531000E-13 1.903000E-14 9.186000E-16 2.871000E-17 4.784000E-18 0.000000E+00 0.000000E+00 0.000000E+00 0.000000E+00 0.000000E+00 0.000000E+00 0.000000E+00 0.000000E+00 0.000000E+00 0.000000E+00 0.000000E+00 0.000000E+00 0.000000E+00 0.000000E+00 0.000000E+00 0.000000E+00
2.060000E-01 5.454000E-01 7.050000E-01 6.691000E-01 5.057000E-01 3.124000E-01 1.592000E-01 6.714000E-02 2.348000E-02 6.836000E-03 1.663000E-03 3.381000E-04 5.872000E-05 8.777000E-06 1.131000E-06 1.250000E-07 1.223000E-08 1.047000E-09 7.904000E-11 5.523000E-12 3.364000E-13 1.808000E-14 8.708000E-16 4.892000E-17 9.784000E-18 0.000000E+00 4.892000E-18 0.000000E+00 4.892000E-18 9.784000E-18 0.000000E+00 9.784000E-18 0.000000E+00 2.446000E-18 2.446000E-18 4.892000E-18 2.446000E-18 0.000000E+00 2.446000E-18 2.446000E-18 2.446000E-18
2.106000E-01 5.574000E-01 7.203000E-01 6.831000E-01 5.159000E-01 3.184000E-01 1.620000E-01 6.822000E-02 2.381000E-02 6.919000E-03 1.679000E-03 3.406000E-04 5.902000E-05 8.798000E-06 1.130000E-06 1.246000E-07 1.216000E-08 1.039000E-09 7.820000E-11 5.454000E-12 3.315000E-13 1.775000E-14 8.297000E-16 1.999000E-17 0.000000E+00 0.000000E+00 0.000000E+00 0.000000E+00 0.000000E+00 0.000000E+00 0.000000E+00 0.000000E+00 0.000000E+00 0.000000E+00 0.000000E+00 0.000000E+00 0.000000E+00 0.000000E+00 0.000000E+00 0.000000E+00 0.000000E+00
2.155000E-01 5.702000E-01 7.362000E-01 6.973000E-01 5.257000E-01 3.237000E-01 1.643000E-01 6.895000E-02 2.398000E-02 6.940000E-03 1.677000E-03 3.385000E-04 5.835000E-05 8.651000E-06 1.105000E-06 1.212000E-07 1.176000E-08 9.995000E-10 7.487000E-11 5.201000E-12 3.148000E-13 1.681000E-14 7.867000E-16 1.022000E-17 0.000000E+00 0.000000E+00 0.000000E+00 0.000000E+00 0.000000E+00 0.000000E+00 0.000000E+00 0.000000E+00 0.000000E+00 0.000000E+00 0.000000E+00 0.000000E+00 0.000000E+00 0.000000E+00 0.000000E+00 0.000000E+00 0.000000E+00
2.199000E-01 5.818000E-01 7.509000E-01 7.108000E-01 5.353000E-01 3.293000E-01 1.669000E-01 6.994000E-02 2.428000E-02 7.012000E-03 1.691000E-03 3.404000E-04 5.853000E-05 8.653000E-06 1.102000E-06 1.205000E-07 1.167000E-08 9.886000E-10 7.386000E-11 5.121000E-12 3.093000E-13 1.645000E-14 7.503000E-16 0.000000E+00 0.000000E+00 0.000000E+00 0.000000E+00 0.000000E+00 0.000000E+00 0.000000E+00 0.000000E+00 0.000000E+00 0.000000E+00 0.000000E+00 0.000000E+00 0.000000E+00 0.000000E+00 0.000000E+00 0.000000E+00 0.000000E+00 0.000000E+00
2.250000E-01 5.952000E-01 7.674000E-01 7.255000E-01 5.455000E-01 3.348000E-01 1.692000E-01 7.068000E-02 2.445000E-02 7.031000E-03 1.688000E-03 3.381000E-04 5.783000E-05 8.501000E-06 1.077000E-06 1.171000E-07 1.127000E-08 9.494000E-10 7.055000E-11 4.871000E-12 2.931000E-13 1.561000E-14 7.668000E-16 5.858000E-17 1.598000E-17 2.130000E-17 1.598000E-17 1.598000E-17 1.598000E-17 1.598000E-17 1.065000E-17 1.598000E-17 1.065000E-17 7.988000E-18 1.065000E-17 7.988000E-18 2.663000E-18 1.065000E-17 7.988000E-18 7.988000E-18 5.325000E-18
2.299000E-01 6.079000E-01 7.835000E-01 7.402000E-01 5.560000E-01 3.409000E-01 1.720000E-01 7.175000E-02 2.477000E-02 7.110000E-03 1.703000E-03 3.403000E-04 5.804000E-05 8.508000E-06 1.074000E-06 1.164000E-07 1.118000E-08 9.390000E-10 6.959000E-11 4.794000E-12 2.878000E-13 1.527000E-14 7.176000E-16 1.631000E-17 0.000000E+00 0.000000E+00 0.000000E+00 0.000000E+00 0.000000E+00 0.000000E+00 0.000000E+00 0.000000E+00 0.000000E+00 0.000000E+00 0.000000E+00 0.000000E+00 0.000000E+00 0.000000E+00 0.000000E+00 0.000000E+00 0.000000E+00
2.351000E-01 6.213000E-01 8.001000E-01 7.549000E-01 5.661000E-01 3.462000E-01 1.743000E-01 7.245000E-02 2.492000E-02 7.122000E-03 1.698000E-03 3.376000E-04 5.726000E-05 8.344000E-06 1.047000E-06 1.128000E-07 1.076000E-08 8.991000E-10 6.625000E-11 4.544000E-12 2.717000E-13 1.440000E-14 7.107000E-16 5.552000E-17 2.221000E-17 2.776000E-17 2.221000E-17 2.776000E-17 2.221000E-17 2.221000E-17 1.666000E-17 1.943000E-17 1.666000E-17 1.666000E-17 1.388000E-17 1.110000E-17 1.388000E-17 8.328000E-18 1.388000E-17 8.328000E-18 1.110000E-17
2.401000E-01 6.346000E-01 8.169000E-01 7.702000E-01 5.770000E-01 3.525000E-01 1.772000E-01 7.354000E-02 2.525000E-02 7.201000E-03 1.712000E-03 3.396000E-04 5.744000E-05 8.346000E-06 1.044000E-06 1.122000E-07 1.067000E-08 8.882000E-10 6.526000E-11 4.465000E-12 2.663000E-13 1.398000E-14 6.235000E-16 0.000000E+00 0.000000E+00 0.000000E+00 0.000000E+00 0.000000E+00 0.000000E+00 0.000000E+00 0.000000E+00 0.000000E+00 0.000000E+00 0.000000E+00 0.000000E+00 0.000000E+00 0.000000E+00 0.000000E+00 0.000000E+00 0.000000E+00 0.000000E+00
2.452000E-01 6.478000E-01 8.336000E-01 7.855000E-01 5.879000E-01 3.588000E-01 1.801000E-01 7.462000E-02 2.557000E-02 7.277000E-03 1.726000E-03 3.415000E-04 5.759000E-05 8.342000E-06 1.041000E-06 1.114000E-07 1.056000E-08 8.767000E-10 6.422000E-11 4.384000E-12 2.608000E-13 1.373000E-14 6.594000E-16 3.471000E-17 1.157000E-17 5.784000E-18 0.000000E+00 0.000000E+00 5.784000E-18 5.784000E-18 5.784000E-18 5.784000E-18 0.000000E+00 5.784000E-18 0.000000E+00 0.000000E+00 0.000000E+00 2.892000E-18 5.784000E-18 0.000000E+00 2.892000E-18
2.508000E-01 6.624000E-01 8.520000E-01 8.022000E-01 6.000000E-01 3.657000E-01 1.833000E-01 7.582000E-02 2.593000E-02 7.364000E-03 1.743000E-03 3.438000E-04 5.783000E-05 8.350000E-06 1.038000E-06 1.108000E-07 1.047000E-08 8.663000E-10 6.326000E-11 4.308000E-12 2.556000E-13 1.336000E-14 5.675000E-16 0.000000E+00 0.000000E+00 0.000000E+00 0.000000E+00 0.000000E+00 0.000000E+00 0.000000E+00 0.000000E+00 0.000000E+00 0.000000E+00 0.000000E+00 0.000000E+00 0.000000E+00 0.000000E+00 0.000000E+00 0.000000E+00 0.000000E+00 0.000000E+00
2.561000E-01 6.762000E-01 8.689000E-01 8.172000E-01 6.100000E-01 3.710000E-01 1.854000E-01 7.644000E-02 2.604000E-02 7.364000E-03 1.734000E-03 3.403000E-04 5.690000E-05 8.165000E-06 1.009000E-06 1.069000E-07 1.003000E-08 8.250000E-10 5.987000E-11 4.056000E-12 2.395000E-13 1.244000E-14 5.306000E-16 0.000000E+00 0.000000E+00 0.000000E+00 0.000000E+00 0.000000E+00 0.000000E+00 0.000000E+00 0.000000E+00 0.000000E+00 0.000000E+00 0.000000E+00 0.000000E+00 0.000000E+00 0.000000E+00 0.000000E+00 0.000000E+00 0.000000E+00 0.000000E+00
2.617000E-01 6.908000E-01 8.873000E-01 8.338000E-01 6.219000E-01 3.777000E-01 1.885000E-01 7.760000E-02 2.639000E-02 7.444000E-03 1.749000E-03 3.422000E-04 5.705000E-05 8.160000E-06 1.005000E-06 1.061000E-07 9.925000E-09 8.132000E-10 5.882000E-11 3.974000E-12 2.340000E-13 1.214000E-14 5.048000E-16 0.000000E+00 0.000000E+00 0.000000E+00 0.000000E+00 0.000000E+00 0.000000E+00 0.000000E+00 0.000000E+00 0.000000E+00 0.000000E+00 0.000000E+00 0.000000E+00 0.000000E+00 0.000000E+00 0.000000E+00 0.000000E+00 0.000000E+00 0.000000E+00
2.672000E-01 7.052000E-01 9.054000E-01 8.503000E-01 6.336000E-01 3.844000E-01 1.916000E-01 7.872000E-02 2.672000E-02 7.520000E-03 1.762000E-03 3.439000E-04 5.715000E-05 8.148000E-06 9.996000E-07 1.052000E-07 9.806000E-09 8.007000E-10 5.771000E-11 3.888000E-12 2.284000E-13 1.186000E-14 5.403000E-16 0.000000E+00 0.000000E+00 0.000000E+00 0.000000E+00 0.000000E+00 0.000000E+00 0.000000E+00 0.000000E+00 0.000000E+00 0.000000E+00 0.000000E+00 0.000000E+00 0.000000E+00 0.000000E+00 0.000000E+00 0.000000E+00 0.000000E+00 0.000000E+00
2.731000E-01 7.205000E-01 9.247000E-01 8.679000E-01 6.461000E-01 3.915000E-01 1.948000E-01 7.992000E-02 2.707000E-02 7.602000E-03 1.777000E-03 3.458000E-04 5.729000E-05 8.140000E-06 9.952000E-07 1.044000E-07 9.692000E-09 7.885000E-10 5.664000E-11 3.805000E-12 2.229000E-13 1.154000E-14 5.133000E-16 0.000000E+00 0.000000E+00 0.000000E+00 0.000000E+00 0.000000E+00 0.000000E+00 0.000000E+00 0.000000E+00 0.000000E+00 0.000000E+00 0.000000E+00 0.000000E+00 0.000000E+00 0.000000E+00 0.000000E+00 0.000000E+00 0.000000E+00 0.000000E+00
2.791000E-01 7.362000E-01 9.445000E-01 8.858000E-01 6.588000E-01 3.988000E-01 1.981000E-01 8.114000E-02 2.743000E-02 7.685000E-03 1.792000E-03 3.477000E-04 5.743000E-05 8.131000E-06 9.905000E-07 1.035000E-07 9.575000E-09 7.760000E-10 5.554000E-11 3.720000E-12 2.174000E-13 1.123000E-14 5.112000E-16 6.553000E-18 0.000000E+00 0.000000E+00 0.000000E+00 0.000000E+00 0.000000E+00 0.000000E+00 0.000000E+00 0.000000E+00 0.000000E+00 0.000000E+00 0.000000E+00 0.000000E+00 0.000000E+00 0.000000E+00 0.000000E+00 0.000000E+00 0.000000E+00
2.852000E-01 7.521000E-01 9.644000E-01 9.039000E-01 6.717000E-01 4.060000E-01 2.015000E-01 8.236000E-02 2.778000E-02 7.766000E-03 1.806000E-03 3.494000E-04 5.753000E-05 8.117000E-06 9.853000E-07 1.026000E-07 9.451000E-09 7.631000E-10 5.441000E-11 3.634000E-12 2.116000E-13 1.085000E-14 4.550000E-16 0.000000E+00 0.000000E+00 0.000000E+00 0.000000E+00 0.000000E+00 0.000000E+00 0.000000E+00 0.000000E+00 0.000000E+00 0.000000E+00 0.000000E+00 0.000000E+00 0.000000E+00 0.000000E+00 0.000000E+00 0.000000E+00 0.000000E+00 0.000000E+00
2.916000E-01 7.689000E-01 9.855000E-01 9.230000E-01 6.852000E-01 4.137000E-01 2.050000E-01 8.365000E-02 2.816000E-02 7.853000E-03 1.821000E-03 3.514000E-04 5.767000E-05 8.107000E-06 9.803000E-07 1.017000E-07 9.330000E-09 7.504000E-10 5.330000E-11 3.548000E-12 2.061000E-13 1.065000E-14 5.334000E-16 4.787000E-17 2.735000E-17 2.735000E-17 2.051000E-17 1.368000E-17 2.735000E-17 2.051000E-17 1.368000E-17 1.368000E-17 1.368000E-17 1.368000E-17 1.026000E-17 1.368000E-17 1.026000E-17 1.026000E-17 1.026000E-17 6.838000E-18 1.026000E-17
2.978000E-01 7.851000E-01 1.006000E+00 9.414000E-01 6.982000E-01 4.211000E-01 2.083000E-01 8.485000E-02 2.851000E-02 7.931000E-03 1.835000E-03 3.529000E-04 5.772000E-05 8.085000E-06 9.739000E-07 1.006000E-07 9.194000E-09 7.364000E-10 5.210000E-11 3.457000E-12 2.001000E-13 1.027000E-14 4.886000E-16 2.094000E-17 1.396000E-17 6.979000E-18 6.979000E-18 6.979000E-18 6.979000E-18 6.979000E-18 6.979000E-18 3.490000E-18 0.000000E+00 0.000000E+00 6.979000E-18 3.490000E-18 0.000000E+00 3.490000E-18 3.490000E-18 6.979000E-18 6.979000E-18
3.044000E-01 8.023000E-01 1.027000E+00 9.609000E-01 7.120000E-01 4.289000E-01 2.118000E-01 8.613000E-02 2.887000E-02 8.015000E-03 1.849000E-03 3.545000E-04 5.780000E-05 8.066000E-06 9.678000E-07 9.958000E-08 9.060000E-09 7.227000E-10 5.092000E-11 3.366000E-12 1.941000E-13 9.852000E-15 3.849000E-16 0.000000E+00 0.000000E+00 0.000000E+00 0.000000E+00 0.000000E+00 0.000000E+00 0.000000E+00 0.000000E+00 0.000000E+00 0.000000E+00 0.000000E+00 0.000000E+00 0.000000E+00 0.000000E+00 0.000000E+00 0.000000E+00 0.000000E+00 0.000000E+00
3.113000E-01 8.202000E-01 1.050000E+00 9.811000E-01 7.263000E-01 4.369000E-01 2.155000E-01 8.746000E-02 2.926000E-02 8.102000E-03 1.864000E-03 3.563000E-04 5.789000E-05 8.048000E-06 9.617000E-07 9.854000E-08 8.926000E-09 7.088000E-10 4.973000E-11 3.276000E-12 1.883000E-13 9.571000E-15 3.933000E-16 0.000000E+00 0.000000E+00 0.000000E+00 0.000000E+00 0.000000E+00 0.000000E+00 0.000000E+00 0.000000E+00 0.000000E+00 0.000000E+00 0.000000E+00 0.000000E+00 0.000000E+00 0.000000E+00 0.000000E+00 0.000000E+00 0.000000E+00 0.000000E+00
3.220000E-01 8.484000E-01 1.085000E+00 1.014000E+00 7.497000E-01 4.505000E-01 2.218000E-01 8.987000E-02 3.000000E-02 8.286000E-03 1.901000E-03 3.622000E-04 5.865000E-05 8.122000E-06 9.664000E-07 9.861000E-08 8.891000E-09 7.028000E-10 4.909000E-11 3.221000E-12 1.845000E-13 9.354000E-15 4.067000E-16 0.000000E+00 0.000000E+00 0.000000E+00 0.000000E+00 0.000000E+00 0.000000E+00 0.000000E+00 0.000000E+00 0.000000E+00 0.000000E+00 0.000000E+00 0.000000E+00 0.000000E+00 0.000000E+00 0.000000E+00 0.000000E+00 0.000000E+00 0.000000E+00
3.333000E-01 8.778000E-01 1.122000E+00 1.048000E+00 7.740000E-01 4.645000E-01 2.284000E-01 9.235000E-02 3.076000E-02 8.475000E-03 1.939000E-03 3.683000E-04 5.941000E-05 8.195000E-06 9.709000E-07 9.862000E-08 8.850000E-09 6.963000E-10 4.841000E-11 3.164000E-12 1.806000E-13 9.206000E-15 4.517000E-16 5.452000E-17 2.337000E-17 3.115000E-17 3.115000E-17 3.115000E-17 2.337000E-17 3.115000E-17 1.558000E-17 2.726000E-17 1.558000E-17 1.168000E-17 1.558000E-17 1.168000E-17 1.168000E-17 1.558000E-17 1.558000E-17 1.168000E-17 1.168000E-17
3.452000E-01 9.089000E-01 1.162000E+00 1.083000E+00 7.997000E-01 4.793000E-01 2.353000E-01 9.496000E-02 3.156000E-02 8.673000E-03 1.979000E-03 3.746000E-04 6.021000E-05 8.271000E-06 9.756000E-07 9.864000E-08 8.808000E-09 6.896000E-10 4.771000E-11 3.104000E-12 1.764000E-13 8.786000E-15 2.579000E-16 0.000000E+00 0.000000E+00 0.000000E+00 0.000000E+00 0.000000E+00 0.000000E+00 0.000000E+00 0.000000E+00 0.000000E+00 0.000000E+00 0.000000E+00 0.000000E+00 0.000000E+00 0.000000E+00 0.000000E+00 0.000000E+00 0.000000E+00 0.000000E+00
3.575000E-01 9.411000E-01 1.202000E+00 1.121000E+00 8.262000E-01 4.946000E-01 2.424000E-01 9.764000E-02 3.238000E-02 8.875000E-03 2.019000E-03 3.809000E-04 6.099000E-05 8.344000E-06 9.797000E-07 9.859000E-08 8.758000E-09 6.821000E-10 4.695000E-11 3.042000E-12 1.723000E-13 8.793000E-15 4.839000E-16 1.001000E-16 7.509000E-17 1.001000E-16 7.509000E-17 5.840000E-17 5.006000E-17 5.840000E-17 5.006000E-17 4.589000E-17 4.589000E-17 3.754000E-17 3.754000E-17 3.754000E-17 4.171000E-17 3.754000E-17 2.920000E-17 2.920000E-17 2.503000E-17
3.717000E-01 9.782000E-01 1.249000E+00 1.163000E+00 8.569000E-01 5.122000E-01 2.507000E-01 1.008000E-01 3.334000E-02 9.116000E-03 2.067000E-03 3.887000E-04 6.201000E-05 8.445000E-06 9.870000E-07 9.883000E-08 8.732000E-09 6.764000E-10 4.632000E-11 2.986000E-12 1.683000E-13 8.425000E-15 3.814000E-16 0.000000E+00 0.000000E+00 0.000000E+00 0.000000E+00 0.000000E+00 0.000000E+00 0.000000E+00 0.000000E+00 0.000000E+00 0.000000E+00 4.334000E-18 0.000000E+00 0.000000E+00 0.000000E+00 0.000000E+00 0.000000E+00 0.000000E+00 0.000000E+00
3.838000E-01 1.010000E+00 1.289000E+00 1.200000E+00 8.836000E-01 5.278000E-01 2.580000E-01 1.036000E-01 3.424000E-02 9.348000E-03 2.116000E-03 3.972000E-04 6.322000E-05 8.589000E-06 1.001000E-06 9.996000E-08 8.805000E-09 6.799000E-10 4.641000E-11 2.984000E-12 1.677000E-13 8.302000E-15 2.684000E-16 0.000000E+00 0.000000E+00 0.000000E+00 0.000000E+00 0.000000E+00 0.000000E+00 0.000000E+00 0.000000E+00 0.000000E+00 0.000000E+00 0.000000E+00 0.000000E+00 0.000000E+00 0.000000E+00 0.000000E+00 0.000000E+00 0.000000E+00 0.000000E+00
3.974000E-01 1.046000E+00 1.335000E+00 1.242000E+00 9.137000E-01 5.454000E-01 2.664000E-01 1.069000E-01 3.527000E-02 9.613000E-03 2.172000E-03 4.069000E-04 6.462000E-05 8.758000E-06 1.018000E-06 1.013000E-07 8.898000E-09 6.849000E-10 4.660000E-11 2.987000E-12 1.674000E-13 8.279000E-15 3.149000E-16 0.000000E+00 0.000000E+00 0.000000E+00 0.000000E+00 0.000000E+00 0.000000E+00 0.000000E+00 0.000000E+00 0.000000E+00 0.000000E+00 0.000000E+00 0.000000E+00 0.000000E+00 0.000000E+00 0.000000E+00 0.000000E+00 0.000000E+00 0.000000E+00
4.123000E-01 1.084000E+00 1.383000E+00 1.286000E+00 9.454000E-01 5.635000E-01 2.748000E-01 1.100000E-01 3.622000E-02 9.844000E-03 2.218000E-03 4.139000E-04 6.546000E-05 8.829000E-06 1.021000E-06 1.011000E-07 8.822000E-09 6.749000E-10 4.564000E-11 2.909000E-12 1.622000E-13 7.948000E-15 2.688000E-16 0.000000E+00 0.000000E+00 0.000000E+00 0.000000E+00 0.000000E+00 0.000000E+00 0.000000E+00 0.000000E+00 0.000000E+00 0.000000E+00 0.000000E+00 0.000000E+00 0.000000E+00 0.000000E+00 0.000000E+00 0.000000E+00 0.000000E+00 0.000000E+00
4.280000E-01 1.126000E+00 1.435000E+00 1.333000E+00 9.789000E-01 5.827000E-01 2.836000E-01 1.133000E-01 3.721000E-02 1.009000E-02 2.265000E-03 4.211000E-04 6.632000E-05 8.902000E-06 1.024000E-06 1.008000E-07 8.740000E-09 6.643000E-10 4.463000E-11 2.828000E-12 1.568000E-13 7.727000E-15 3.386000E-16 0.000000E+00 0.000000E+00 0.000000E+00 0.000000E+00 0.000000E+00 0.000000E+00 0.000000E+00 0.000000E+00 0.000000E+00 0.000000E+00 0.000000E+00 0.000000E+00 0.000000E+00 0.000000E+00 0.000000E+00 0.000000E+00 0.000000E+00 0.000000E+00
4.438000E-01 1.167000E+00 1.488000E+00 1.382000E+00 1.015000E+00 6.039000E-01 2.939000E-01 1.174000E-01 3.853000E-02 1.044000E-02 2.343000E-03 4.353000E-04 6.851000E-05 9.189000E-06 1.056000E-06 1.039000E-07 8.997000E-09 6.832000E-10 4.585000E-11 2.902000E-12 1.608000E-13 7.950000E-15 3.511000E-16 0.000000E+00 0.000000E+00 1.033000E-17 1.033000E-17 0.000000E+00 2.065000E-17 0.000000E+00 1.033000E-17 5.163000E-18 5.163000E-18 5.163000E-18 1.033000E-17 0.000000E+00 0.000000E+00 5.163000E-18 0.000000E+00 0.000000E+00 0.000000E+00
4.612000E-01 1.212000E+00 1.545000E+00 1.434000E+00 1.051000E+00 6.249000E-01 3.035000E-01 1.210000E-01 3.961000E-02 1.070000E-02 2.393000E-03 4.429000E-04 6.939000E-05 9.259000E-06 1.058000E-06 1.034000E-07 8.896000E-09 6.707000E-10 4.470000E-11 2.810000E-12 1.547000E-13 7.547000E-15 3.002000E-16 0.000000E+00 0.000000E+00 0.000000E+00 0.000000E+00 0.000000E+00 0.000000E+00 0.000000E+00 0.000000E+00 0.000000E+00 0.000000E+00 0.000000E+00 0.000000E+00 0.000000E+00 0.000000E+00 0.000000E+00 0.000000E+00 0.000000E+00 0.000000E+00
4.797000E-01 1.261000E+00 1.606000E+00 1.489000E+00 1.091000E+00 6.473000E-01 3.139000E-01 1.248000E-01 4.076000E-02 1.098000E-02 2.446000E-03 4.509000E-04 7.031000E-05 9.331000E-06 1.060000E-06 1.029000E-07 8.788000E-09 6.575000E-10 4.348000E-11 2.713000E-12 1.484000E-13 7.310000E-15 3.566000E-16 4.457000E-17 3.343000E-17 3.343000E-17 2.229000E-17 3.343000E-17 2.229000E-17 2.229000E-17 3.343000E-17 2.229000E-17 2.229000E-17 1.114000E-17 2.229000E-17 1.671000E-17 1.114000E-17 1.114000E-17 1.671000E-17 5.571000E-18 5.571000E-18
4.987000E-01 1.311000E+00 1.669000E+00 1.548000E+00 1.133000E+00 6.722000E-01 3.258000E-01 1.295000E-01 4.227000E-02 1.138000E-02 2.534000E-03 4.666000E-04 7.269000E-05 9.636000E-06 1.093000E-06 1.060000E-07 9.036000E-09 6.750000E-10 4.456000E-11 2.776000E-12 1.516000E-13 7.430000E-15 3.274000E-16 3.638000E-17 9.094000E-18 2.728000E-17 0.000000E+00 1.819000E-17 4.547000E-18 0.000000E+00 0.000000E+00 0.000000E+00 9.094000E-18 0.000000E+00 4.547000E-18 0.000000E+00 0.000000E+00 4.547000E-18 2.273000E-18 4.547000E-18 2.273000E-18
5.197000E-01 1.365000E+00 1.738000E+00 1.610000E+00 1.177000E+00 6.974000E-01 3.374000E-01 1.338000E-01 4.355000E-02 1.168000E-02 2.592000E-03 4.752000E-04 7.366000E-05 9.708000E-06 1.094000E-06 1.053000E-07 8.906000E-09 6.596000E-10 4.317000E-11 2.666000E-12 1.443000E-13 6.840000E-15 1.705000E-16 0.000000E+00 0.000000E+00 0.000000E+00 0.000000E+00 0.000000E+00 0.000000E+00 0.000000E+00 0.000000E+00 0.000000E+00 0.000000E+00 0.000000E+00 0.000000E+00 0.000000E+00 0.000000E+00 0.000000E+00 0.000000E+00 0.000000E+00 0.000000E+00
5.412000E-01 1.422000E+00 1.809000E+00 1.676000E+00 1.226000E+00 7.256000E-01 3.509000E-01 1.390000E-01 4.523000E-02 1.212000E-02 2.687000E-03 4.922000E-04 7.619000E-05 1.003000E-05 1.128000E-06 1.084000E-07 9.147000E-09 6.759000E-10 4.413000E-11 2.719000E-12 1.470000E-13 7.084000E-15 2.664000E-16 0.000000E+00 0.000000E+00 0.000000E+00 0.000000E+00 0.000000E+00 0.000000E+00 0.000000E+00 0.000000E+00 0.000000E+00 0.000000E+00 0.000000E+00 0.000000E+00 0.000000E+00 0.000000E+00 0.000000E+00 0.000000E+00 0.000000E+00 0.000000E+00
5.652000E-01 1.485000E+00 1.888000E+00 1.747000E+00 1.276000E+00 7.542000E-01 3.639000E-01 1.439000E-01 4.666000E-02 1.246000E-02 2.751000E-03 5.016000E-04 7.722000E-05 1.010000E-05 1.127000E-06 1.075000E-07 8.988000E-09 6.577000E-10 4.252000E-11 2.593000E-12 1.388000E-13 6.562000E-15 2.163000E-16 0.000000E+00 0.000000E+00 0.000000E+00 0.000000E+00 0.000000E+00 0.000000E+00 0.000000E+00 0.000000E+00 0.000000E+00 0.000000E+00 0.000000E+00 0.000000E+00 0.000000E+00 0.000000E+00 0.000000E+00 0.000000E+00 0.000000E+00 0.000000E+00
5.902000E-01 1.550000E+00 1.971000E+00 1.823000E+00 1.331000E+00 7.864000E-01 3.792000E-01 1.498000E-01 4.854000E-02 1.295000E-02 2.856000E-03 5.199000E-04 7.992000E-05 1.043000E-05 1.162000E-06 1.106000E-07 9.214000E-09 6.722000E-10 4.332000E-11 2.633000E-12 1.406000E-13 6.625000E-15 2.151000E-16 0.000000E+00 0.000000E+00 0.000000E+00 0.000000E+00 0.000000E+00 0.000000E+00 0.000000E+00 0.000000E+00 0.000000E+00 0.000000E+00 0.000000E+00 0.000000E+00 0.000000E+00 0.000000E+00 0.000000E+00 0.000000E+00 0.000000E+00 0.000000E+00
6.178000E-01 1.622000E+00 2.061000E+00 1.905000E+00 1.389000E+00 8.190000E-01 3.941000E-01 1.553000E-01 5.015000E-02 1.333000E-02 2.927000E-03 5.300000E-04 8.099000E-05 1.049000E-05 1.160000E-06 1.094000E-07 9.017000E-09 6.504000E-10 4.141000E-11 2.486000E-12 1.311000E-13 6.100000E-15 1.688000E-16 0.000000E+00 0.000000E+00 0.000000E+00 0.000000E+00 0.000000E+00 0.000000E+00 0.000000E+00 0.000000E+00 0.000000E+00 0.000000E+00 0.000000E+00 0.000000E+00 0.000000E+00 0.000000E+00 0.000000E+00 0.000000E+00 0.000000E+00 0.000000E+00
6.470000E-01 1.698000E+00 2.158000E+00 1.994000E+00 1.453000E+00 8.563000E-01 4.117000E-01 1.621000E-01 5.228000E-02 1.388000E-02 3.043000E-03 5.500000E-04 8.386000E-05 1.084000E-05 1.194000E-06 1.123000E-07 9.220000E-09 6.622000E-10 4.198000E-11 2.508000E-12 1.318000E-13 6.246000E-15 2.711000E-16 4.714000E-17 3.536000E-17 0.000000E+00 0.000000E+00 5.893000E-18 2.357000E-17 1.179000E-17 5.893000E-18 0.000000E+00 0.000000E+00 1.179000E-17 0.000000E+00 1.179000E-17 0.000000E+00 0.000000E+00 2.946000E-18 8.839000E-18 8.839000E-18
6.798000E-01 1.784000E+00 2.265000E+00 2.092000E+00 1.523000E+00 8.963000E-01 4.303000E-01 1.690000E-01 5.440000E-02 1.440000E-02 3.147000E-03 5.666000E-04 8.601000E-05 1.106000E-05 1.210000E-06 1.130000E-07 9.201000E-09 6.547000E-10 4.109000E-11 2.429000E-12 1.264000E-13 5.942000E-15 2.847000E-16 1.238000E-17 2.476000E-17 3.714000E-17 2.476000E-17 3.714000E-17 0.000000E+00 3.714000E-17 3.095000E-17 1.238000E-17 1.238000E-17 6.190000E-18 2.476000E-17 6.190000E-18 9.284000E-18 1.547000E-17 6.190000E-18 9.284000E-18 3.095000E-18
7.152000E-01 1.877000E+00 2.382000E+00 2.197000E+00 1.598000E+00 9.394000E-01 4.502000E-01 1.765000E-01 5.665000E-02 1.495000E-02 3.256000E-03 5.838000E-04 8.817000E-05 1.127000E-05 1.225000E-06 1.135000E-07 9.152000E-09 6.444000E-10 3.999000E-11 2.333000E-12 1.199000E-13 5.404000E-15 1.172000E-16 0.000000E+00 0.000000E+00 0.000000E+00 0.000000E+00 0.000000E+00 0.000000E+00 0.000000E+00 0.000000E+00 0.000000E+00 0.000000E+00 0.000000E+00 0.000000E+00 0.000000E+00 0.000000E+00 0.000000E+00 0.000000E+00 0.000000E+00 0.000000E+00
7.542000E-01 1.978000E+00 2.510000E+00 2.315000E+00 1.682000E+00 9.881000E-01 4.730000E-01 1.852000E-01 5.936000E-02 1.564000E-02 3.397000E-03 6.075000E-04 9.147000E-05 1.165000E-05 1.260000E-06 1.162000E-07 9.310000E-09 6.509000E-10 4.009000E-11 2.319000E-12 1.182000E-13 5.409000E-15 1.647000E-16 0.000000E+00 0.000000E+00 0.000000E+00 0.000000E+00 0.000000E+00 0.000000E+00 0.000000E+00 0.000000E+00 0.000000E+00 0.000000E+00 0.000000E+00 0.000000E+00 0.000000E+00 0.000000E+00 0.000000E+00 0.000000E+00 0.000000E+00 0.000000E+00
7.990000E-01 2.095000E+00 2.656000E+00 2.446000E+00 1.775000E+00 1.040000E+00 4.967000E-01 1.938000E-01 6.186000E-02 1.622000E-02 3.503000E-03 6.222000E-04 9.293000E-05 1.172000E-05 1.253000E-06 1.140000E-07 8.980000E-09 6.159000E-10 3.713000E-11 2.094000E-12 1.042000E-13 4.652000E-15 1.308000E-16 0.000000E+00 0.000000E+00 0.000000E+00 0.000000E+00 0.000000E+00 0.000000E+00 0.000000E+00 0.000000E+00 0.000000E+00 0.000000E+00 0.000000E+00 0.000000E+00 0.000000E+00 0.000000E+00 0.000000E+00 0.000000E+00 0.000000E+00 0.000000E+00
8.484000E-01 2.224000E+00 2.819000E+00 2.594000E+00 1.881000E+00 1.101000E+00 5.250000E-01 2.045000E-01 6.515000E-02 1.704000E-02 3.670000E-03 6.496000E-04 9.662000E-05 1.212000E-05 1.288000E-06 1.164000E-07 9.085000E-09 6.165000E-10 3.673000E-11 2.041000E-12 9.984000E-14 4.229000E-15 0.000000E+00 0.000000E+00 0.000000E+00 0.000000E+00 0.000000E+00 0.000000E+00 0.000000E+00 0.000000E+00 0.000000E+00 0.000000E+00 0.000000E+00 0.000000E+00 0.000000E+00 0.000000E+00 0.000000E+00 0.000000E+00 0.000000E+00 0.000000E+00 0.000000E+00
9.055000E-01 2.373000E+00 3.006000E+00 2.764000E+00 2.001000E+00 1.169000E+00 5.562000E-01 2.160000E-01 6.859000E-02 1.786000E-02 3.829000E-03 6.738000E-04 9.951000E-05 1.237000E-05 1.301000E-06 1.161000E-07 8.916000E-09 5.935000E-10 3.458000E-11 1.867000E-12 8.866000E-14 3.639000E-15 0.000000E+00 0.000000E+00 0.000000E+00 0.000000E+00 0.000000E+00 0.000000E+00 0.000000E+00 0.000000E+00 0.000000E+00 0.000000E+00 0.000000E+00 0.000000E+00 0.000000E+00 0.000000E+00 0.000000E+00 0.000000E+00 0.000000E+00 0.000000E+00 0.000000E+00
9.709000E-01 2.544000E+00 3.219000E+00 2.957000E+00 2.137000E+00 1.247000E+00 5.916000E-01 2.291000E-01 7.245000E-02 1.879000E-02 4.005000E-03 7.002000E-04 1.026000E-04 1.263000E-05 1.313000E-06 1.154000E-07 8.694000E-09 5.652000E-10 3.200000E-11 1.661000E-12 7.568000E-14 2.993000E-15 4.467000E-17 0.000000E+00 0.000000E+00 0.000000E+00 0.000000E+00 0.000000E+00 0.000000E+00 0.000000E+00 0.000000E+00 0.000000E+00 0.000000E+00 0.000000E+00 0.000000E+00 0.000000E+00 0.000000E+00 0.000000E+00 0.000000E+00 0.000000E+00 0.000000E+00
1.046000E+00 2.740000E+00 3.465000E+00 3.180000E+00 2.296000E+00 1.338000E+00 6.335000E-01 2.447000E-01 7.716000E-02 1.994000E-02 4.232000E-03 7.362000E-04 1.072000E-04 1.310000E-05 1.347000E-06 1.171000E-07 8.672000E-09 5.521000E-10 3.046000E-11 1.522000E-12 6.646000E-14 2.597000E-15 1.443000E-16 0.000000E+00 0.000000E+00 4.809000E-17 2.405000E-17 2.405000E-17 0.000000E+00 0.000000E+00 2.405000E-17 3.607000E-17 3.607000E-17 1.202000E-17 2.405000E-17 0.000000E+00 0.000000E+00 0.000000E+00 0.000000E+00 3.607000E-17 1.202000E-17
1.136000E+00 2.973000E+00 3.757000E+00 3.442000E+00 2.479000E+00 1.440000E+00 6.795000E-01 2.613000E-01 8.195000E-02 2.104000E-02 4.431000E-03 7.635000E-04 1.099000E-04 1.324000E-05 1.337000E-06 1.136000E-07 8.150000E-09 4.976000E-10 2.597000E-11 1.184000E-12 4.577000E-14 1.512000E-15 1.043000E-16 2.607000E-17 0.000000E+00 0.000000E+00 2.607000E-17 2.607000E-17 2.607000E-17 0.000000E+00 0.000000E+00 0.000000E+00 0.000000E+00 1.303000E-17 1.303000E-17 1.303000E-17 0.000000E+00 1.303000E-17 0.000000E+00 0.000000E+00 0.000000E+00
1.259000E+00 3.287000E+00 4.130000E+00 3.752000E+00 2.675000E+00 1.534000E+00 7.132000E-01 2.699000E-01 8.320000E-02 2.098000E-02 4.341000E-03 7.349000E-04 1.040000E-04 1.231000E-05 1.224000E-06 1.025000E-07 7.254000E-09 4.374000E-10 2.256000E-11 1.020000E-12 3.891000E-14 1.204000E-15 0.000000E+00 0.000000E+00 0.000000E+00 0.000000E+00 0.000000E+00 0.000000E+00 0.000000E+00 0.000000E+00 0.000000E+00 0.000000E+00 0.000000E+00 0.000000E+00 0.000000E+00 0.000000E+00 0.000000E+00 0.000000E+00 0.000000E+00 0.000000E+00 0.000000E+00
1.407000E+00 3.662000E+00 4.573000E+00 4.120000E+00 2.904000E+00 1.644000E+00 7.527000E-01 2.801000E-01 8.479000E-02 2.098000E-02 4.259000E-03 7.075000E-04 9.827000E-05 1.143000E-05 1.118000E-06 9.212000E-08 6.427000E-09 3.823000E-10 1.947000E-11 8.732000E-13 3.325000E-14 1.142000E-15 1.269000E-16 1.269000E-16 9.519000E-17 9.519000E-17 6.346000E-17 3.173000E-17 9.519000E-17 6.346000E-17 3.173000E-17 3.173000E-17 3.173000E-17 1.587000E-17 4.760000E-17 4.760000E-17 4.760000E-17 3.173000E-17 3.173000E-17 3.173000E-17 1.587000E-17
1.585000E+00 4.114000E+00 5.107000E+00 4.561000E+00 3.179000E+00 1.774000E+00 7.996000E-01 2.922000E-01 8.678000E-02 2.105000E-02 4.187000E-03 6.815000E-04 9.281000E-05 1.059000E-05 1.017000E-06 8.242000E-08 5.663000E-09 3.321000E-10 1.669000E-11 7.414000E-13 2.743000E-14 5.670000E-16 0.000000E+00 0.000000E+00 0.000000E+00 0.000000E+00 0.000000E+00 0.000000E+00 0.000000E+00 0.000000E+00 0.000000E+00 0.000000E+00 0.000000E+00 0.000000E+00 0.000000E+00 0.000000E+00 0.000000E+00 0.000000E+00 0.000000E+00 0.000000E+00 0.000000E+00
1.802000E+00 4.664000E+00 5.754000E+00 5.091000E+00 3.506000E+00 1.929000E+00 8.548000E-01 3.066000E-01 8.919000E-02 2.118000E-02 4.120000E-03 6.562000E-04 8.748000E-05 9.776000E-06 9.209000E-07 7.327000E-08 4.953000E-09 2.861000E-10 1.417000E-11 6.243000E-13 2.300000E-14 5.589000E-16 0.000000E+00 0.000000E+00 0.000000E+00 0.000000E+00 0.000000E+00 0.000000E+00 0.000000E+00 0.000000E+00 0.000000E+00 0.000000E+00 0.000000E+00 0.000000E+00 0.000000E+00 0.000000E+00 0.000000E+00 0.000000E+00 0.000000E+00 0.000000E+00 0.000000E+00
2.084000E+00 5.369000E+00 6.564000E+00 5.732000E+00 3.879000E+00 2.089000E+00 9.031000E-01 3.148000E-01 8.883000E-02 2.042000E-02 3.842000E-03 5.919000E-04 7.635000E-05 8.265000E-06 7.559000E-07 5.846000E-08 3.855000E-09 2.175000E-10 1.054000E-11 4.586000E-13 1.667000E-14 5.466000E-16 0.000000E+00 0.000000E+00 4.555000E-17 0.000000E+00 0.000000E+00 0.000000E+00 0.000000E+00 0.000000E+00 0.000000E+00 2.277000E-17 0.000000E+00 0.000000E+00 0.000000E+00 0.000000E+00 0.000000E+00 0.000000E+00 2.277000E-17 0.000000E+00 0.000000E+00
2.430000E+00 6.233000E+00 7.551000E+00 6.503000E+00 4.322000E+00 2.276000E+00 9.578000E-01 3.239000E-01 8.835000E-02 1.959000E-02 3.552000E-03 5.270000E-04 6.550000E-05 6.838000E-06 6.046000E-07 4.529000E-08 2.904000E-09 1.596000E-10 7.543000E-12 3.237000E-13 1.164000E-14 3.610000E-16 0.000000E+00 0.000000E+00 0.000000E+00 4.512000E-17 0.000000E+00 0.000000E+00 0.000000E+00 0.000000E+00 2.256000E-17 0.000000E+00 0.000000E+00 0.000000E+00 0.000000E+00 0.000000E+00 2.256000E-17 0.000000E+00 0.000000E+00 0.000000E+00 0.000000E+00
2.853000E+00 7.281000E+00 8.736000E+00 7.417000E+00 4.836000E+00 2.486000E+00 1.017000E+00 3.325000E-01 8.739000E-02 1.861000E-02 3.235000E-03 4.595000E-04 5.471000E-05 5.474000E-06 4.653000E-07 3.357000E-08 2.083000E-09 1.111000E-10 5.103000E-12 2.163000E-13 7.616000E-15 3.088000E-16 0.000000E+00 1.029000E-16 1.029000E-16 5.146000E-17 1.544000E-16 1.029000E-16 0.000000E+00 0.000000E+00 2.573000E-17 2.573000E-17 2.573000E-17 7.719000E-17 2.573000E-17 5.146000E-17 5.146000E-17 5.146000E-17 2.573000E-17 2.573000E-17 2.573000E-17
3.356000E+00 8.524000E+00 1.013000E+01 8.468000E+00 5.413000E+00 2.713000E+00 1.075000E+00 3.390000E-01 8.544000E-02 1.738000E-02 2.876000E-03 3.879000E-04 4.383000E-05 4.164000E-06 3.371000E-07 2.323000E-08 1.385000E-09 7.119000E-11 3.160000E-12 1.317000E-13 4.140000E-15 0.000000E+00 0.000000E+00 0.000000E+00 0.000000E+00 0.000000E+00 0.000000E+00 0.000000E+00 0.000000E+00 0.000000E+00 0.000000E+00 0.000000E+00 0.000000E+00 0.000000E+00 0.000000E+00 0.000000E+00 0.000000E+00 0.000000E+00 0.000000E+00 0.000000E+00 0.000000E+00
3.967000E+00 1.002000E+01 1.176000E+01 9.662000E+00 6.030000E+00 2.930000E+00 1.117000E+00 3.361000E-01 8.024000E-02 1.535000E-02 2.373000E-03 2.972000E-04 3.107000E-05 2.727000E-06 2.046000E-07 1.312000E-08 7.341000E-10 3.568000E-11 1.505000E-12 6.158000E-14 1.876000E-15 1.390000E-16 1.390000E-16 6.950000E-17 3.475000E-17 0.000000E+00 6.950000E-17 0.000000E+00 0.000000E+00 0.000000E+00 0.000000E+00 0.000000E+00 3.475000E-17 1.737000E-17 0.000000E+00 0.000000E+00 1.737000E-17 3.475000E-17 0.000000E+00 0.000000E+00 0.000000E+00
4.646000E+00 1.167000E+01 1.355000E+01 1.095000E+01 6.684000E+00 3.155000E+00 1.158000E+00 3.324000E-01 7.498000E-02 1.341000E-02 1.918000E-03 2.194000E-04 2.073000E-05 1.628000E-06 1.088000E-07 6.239000E-09 3.143000E-10 1.395000E-11 5.447000E-13 2.186000E-14 8.095000E-16 3.238000E-16 3.238000E-16 2.428000E-16 1.619000E-16 1.214000E-16 1.619000E-16 1.214000E-16 8.095000E-17 4.047000E-17 1.619000E-16 1.214000E-16 1.417000E-16 8.095000E-17 6.071000E-17 8.095000E-17 1.012000E-16 1.012000E-16 4.047000E-17 1.012000E-16 0.000000E+00
5.398000E+00 1.347000E+01 1.546000E+01 1.227000E+01 7.313000E+00 3.345000E+00 1.179000E+00 3.216000E-01 6.815000E-02 1.129000E-02 1.470000E-03 1.493000E-04 1.213000E-05 7.857000E-07 4.086000E-08 1.730000E-09 5.820000E-11 1.603000E-12 3.646000E-14 9.348000E-16 0.000000E+00 9.348000E-17 0.000000E+00 0.000000E+00 0.000000E+00 9.348000E-17 0.000000E+00 0.000000E+00 4.674000E-17 4.674000E-17 4.674000E-17 0.000000E+00 2.337000E-17 4.674000E-17 4.674000E-17 0.000000E+00 2.337000E-17 2.337000E-17 0.000000E+00 2.337000E-17 4.674000E-17
6.197000E+00 1.535000E+01 1.735000E+01 1.349000E+01 7.844000E+00 3.488000E+00 1.192000E+00 3.143000E-01 6.433000E-02 1.030000E-02 1.297000E-03 1.278000E-04 1.009000E-05 6.359000E-07 3.226000E-08 1.336000E-09 4.402000E-11 1.189000E-12 2.546000E-14 0.000000E+00 0.000000E+00 0.000000E+00 0.000000E+00 0.000000E+00 0.000000E+00 0.000000E+00 0.000000E+00 0.000000E+00 0.000000E+00 0.000000E+00 0.000000E+00 0.000000E+00 0.000000E+00 0.000000E+00 0.000000E+00 0.000000E+00 0.000000E+00 0.000000E+00 0.000000E+00 0.000000E+00 0.000000E+00
6.976000E+00 1.716000E+01 1.913000E+01 1.461000E+01 8.302000E+00 3.599000E+00 1.194000E+00 3.050000E-01 6.043000E-02 9.373000E-03 1.144000E-03 1.095000E-04 8.412000E-06 5.169000E-07 2.564000E-08 1.039000E-09 3.362000E-11 8.927000E-13 1.885000E-14 2.655000E-16 0.000000E+00 0.000000E+00 0.000000E+00 0.000000E+00 0.000000E+00 0.000000E+00 0.000000E+00 0.000000E+00 0.000000E+00 0.000000E+00 0.000000E+00 0.000000E+00 0.000000E+00 0.000000E+00 0.000000E+00 0.000000E+00 0.000000E+00 0.000000E+00 0.000000E+00 0.000000E+00 0.000000E+00
7.688000E+00 1.880000E+01 2.070000E+01 1.555000E+01 8.662000E+00 3.669000E+00 1.185000E+00 2.940000E-01 5.649000E-02 8.503000E-03 1.008000E-03 9.393000E-05 7.040000E-06 4.226000E-07 2.053000E-08 8.160000E-10 2.596000E-11 6.775000E-13 1.379000E-14 0.000000E+00 0.000000E+00 0.000000E+00 0.000000E+00 0.000000E+00 0.000000E+00 0.000000E+00 0.000000E+00 0.000000E+00 0.000000E+00 0.000000E+00 0.000000E+00 0.000000E+00 0.000000E+00 0.000000E+00 0.000000E+00 0.000000E+00 0.000000E+00 0.000000E+00 0.000000E+00 0.000000E+00 0.000000E+00
8.314000E+00 2.022000E+01 2.203000E+01 1.631000E+01 8.928000E+00 3.707000E+00 1.169000E+00 2.822000E-01 5.274000E-02 7.723000E-03 8.920000E-04 8.108000E-05 5.940000E-06 3.492000E-07 1.665000E-08 6.503000E-10 2.037000E-11 5.250000E-13 1.101000E-14 0.000000E+00 0.000000E+00 0.000000E+00 0.000000E+00 0.000000E+00 0.000000E+00 0.000000E+00 0.000000E+00 0.000000E+00 0.000000E+00 0.000000E+00 0.000000E+00 0.000000E+00 0.000000E+00 0.000000E+00 0.000000E+00 0.000000E+00 0.000000E+00 0.000000E+00 0.000000E+00 0.000000E+00 0.000000E+00
8.837000E+00 2.139000E+01 2.309000E+01 1.689000E+01 9.110000E+00 3.717000E+00 1.148000E+00 2.704000E-01 4.926000E-02 7.038000E-03 7.939000E-04 7.060000E-05 5.069000E-06 2.924000E-07 1.371000E-08 5.275000E-10 1.631000E-11 4.153000E-13 8.312000E-15 0.000000E+00 0.000000E+00 0.000000E+00 1.484000E-16 0.000000E+00 2.969000E-16 0.000000E+00 0.000000E+00 0.000000E+00 7.421000E-17 0.000000E+00 0.000000E+00 0.000000E+00 0.000000E+00 0.000000E+00 0.000000E+00 0.000000E+00 0.000000E+00 0.000000E+00 0.000000E+00 0.000000E+00 0.000000E+00
9.285000E+00 2.238000E+01 2.398000E+01 1.736000E+01 9.248000E+00 3.720000E+00 1.129000E+00 2.603000E-01 4.639000E-02 6.485000E-03 7.164000E-04 6.250000E-05 4.409000E-06 2.503000E-07 1.157000E-08 4.391000E-10 1.342000E-11 3.383000E-13 6.523000E-15 0.000000E+00 0.000000E+00 0.000000E+00 0.000000E+00 0.000000E+00 0.000000E+00 0.000000E+00 0.000000E+00 0.000000E+00 0.000000E+00 0.000000E+00 0.000000E+00 0.000000E+00 0.000000E+00 0.000000E+00 0.000000E+00 0.000000E+00 0.000000E+00 0.000000E+00 0.000000E+00 0.000000E+00 0.000000E+00
9.663000E+00 2.322000E+01 2.472000E+01 1.774000E+01 9.356000E+00 3.723000E+00 1.114000E+00 2.524000E-01 4.412000E-02 6.053000E-03 6.568000E-04 5.637000E-05 3.917000E-06 2.193000E-07 1.001000E-08 3.758000E-10 1.138000E-11 2.839000E-13 5.477000E-15 0.000000E+00 0.000000E+00 0.000000E+00 0.000000E+00 0.000000E+00 0.000000E+00 0.000000E+00 8.055000E-17 0.000000E+00 0.000000E+00 0.000000E+00 0.000000E+00 0.000000E+00 0.000000E+00 8.055000E-17 0.000000E+00 0.000000E+00 0.000000E+00 0.000000E+00 0.000000E+00 0.000000E+00 0.000000E+00
1.003000E+01 2.400000E+01 2.534000E+01 1.798000E+01 9.347000E+00 3.659000E+00 1.073000E+00 2.372000E-01 4.040000E-02 5.402000E-03 5.720000E-04 4.799000E-05 3.267000E-06 1.795000E-07 8.062000E-09 2.980000E-10 8.906000E-12 2.192000E-13 3.997000E-15 0.000000E+00 0.000000E+00 0.000000E+00 0.000000E+00 0.000000E+00 0.000000E+00 0.000000E+00 0.000000E+00 0.000000E+00 0.000000E+00 0.000000E+00 0.000000E+00 0.000000E+00 0.000000E+00 0.000000E+00 0.000000E+00 0.000000E+00 0.000000E+00 0.000000E+00 0.000000E+00 0.000000E+00 0.000000E+00
1.035000E+01 2.466000E+01 2.586000E+01 1.815000E+01 9.324000E+00 3.600000E+00 1.037000E+00 2.243000E-01 3.730000E-02 4.872000E-03 5.045000E-04 4.147000E-05 2.771000E-06 1.497000E-07 6.626000E-09 2.416000E-10 7.138000E-12 1.735000E-13 3.080000E-15 0.000000E+00 0.000000E+00 0.000000E+00 0.000000E+00 0.000000E+00 0.000000E+00 0.000000E+00 0.000000E+00 0.000000E+00 0.000000E+00 0.000000E+00 0.000000E+00 0.000000E+00 0.000000E+00 0.000000E+00 0.000000E+00 0.000000E+00 0.000000E+00 0.000000E+00 0.000000E+00 0.000000E+00 0.000000E+00
1.066000E+01 2.530000E+01 2.631000E+01 1.825000E+01 9.233000E+00 3.504000E+00 9.886000E-01 2.082000E-01 3.363000E-02 4.269000E-03 4.301000E-04 3.449000E-05 2.252000E-06 1.193000E-07 5.186000E-09 1.860000E-10 5.421000E-12 1.299000E-13 1.931000E-15 0.000000E+00 0.000000E+00 0.000000E+00 0.000000E+00 0.000000E+00 0.000000E+00 0.000000E+00 0.000000E+00 0.000000E+00 0.000000E+00 0.000000E+00 0.000000E+00 0.000000E+00 0.000000E+00 0.000000E+00 0.000000E+00 0.000000E+00 0.000000E+00 0.000000E+00 0.000000E+00 0.000000E+00 0.000000E+00
1.096000E+01 2.590000E+01 2.671000E+01 1.829000E+01 9.108000E+00 3.394000E+00 9.365000E-01 1.916000E-01 3.000000E-02 3.691000E-03 3.609000E-04 2.816000E-05 1.795000E-06 9.297000E-08 3.968000E-09 1.399000E-10 4.016000E-12 9.524000E-14 8.985000E-16 0.000000E+00 0.000000E+00 0.000000E+00 0.000000E+00 0.000000E+00 0.000000E+00 0.000000E+00 0.000000E+00 0.000000E+00 0.000000E+00 0.000000E+00 0.000000E+00 0.000000E+00 0.000000E+00 0.000000E+00 0.000000E+00 0.000000E+00 0.000000E+00 0.000000E+00 0.000000E+00 0.000000E+00 0.000000E+00
1.129000E+01 2.653000E+01 2.708000E+01 1.826000E+01 8.908000E+00 3.240000E+00 8.683000E-01 1.712000E-01 2.573000E-02 3.037000E-03 2.854000E-04 2.148000E-05 1.325000E-06 6.670000E-08 2.778000E-09 9.575000E-11 2.696000E-12 5.928000E-14 0.000000E+00 0.000000E+00 0.000000E+00 0.000000E+00 0.000000E+00 0.000000E+00 0.000000E+00 0.000000E+00 0.000000E+00 0.000000E+00 0.000000E+00 0.000000E+00 0.000000E+00 0.000000E+00 0.000000E+00 0.000000E+00 0.000000E+00 0.000000E+00 0.000000E+00 0.000000E+00 0.000000E+00 0.000000E+00 0.000000E+00
1.162000E+01 2.714000E+01 2.741000E+01 1.818000E+01 8.678000E+00 3.074000E+00 7.975000E-01 1.508000E-01 2.163000E-02 2.434000E-03 2.184000E-04 1.574000E-05 9.356000E-07 4.558000E-08 1.847000E-09 6.208000E-11 1.715000E-12 3.955000E-14 5.651000E-16 0.000000E+00 0.000000E+00 0.000000E+00 0.000000E+00 1.884000E-16 0.000000E+00 1.884000E-16 0.000000E+00 0.000000E+00 9.418000E-17 0.000000E+00 0.000000E+00 0.000000E+00 9.418000E-17 0.000000E+00 0.000000E+00 0.000000E+00 4.709000E-17 0.000000E+00 4.709000E-17 0.000000E+00 0.000000E+00
1.196000E+01 2.777000E+01 2.772000E+01 1.806000E+01 8.404000E+00 2.886000E+00 7.206000E-01 1.296000E-01 1.755000E-02 1.859000E-03 1.570000E-04 1.071000E-05 6.065000E-07 2.836000E-08 1.111000E-09 3.622000E-11 9.736000E-13 1.927000E-14 0.000000E+00 0.000000E+00 0.000000E+00 0.000000E+00 0.000000E+00 0.000000E+00 0.000000E+00 0.000000E+00 0.000000E+00 0.000000E+00 0.000000E+00 0.000000E+00 0.000000E+00 0.000000E+00 0.000000E+00 0.000000E+00 0.000000E+00 0.000000E+00 0.000000E+00 0.000000E+00 0.000000E+00 0.000000E+00 0.000000E+00
1.230000E+01 2.838000E+01 2.799000E+01 1.790000E+01 8.116000E+00 2.695000E+00 6.451000E-01 1.097000E-01 1.388000E-02 1.365000E-03 1.068000E-04 6.779000E-06 3.605000E-07 1.601000E-08 6.025000E-10 1.894000E-11 4.963000E-13 9.060000E-15 0.000000E+00 0.000000E+00 0.000000E+00 0.000000E+00 0.000000E+00 0.000000E+00 0.000000E+00 0.000000E+00 0.000000E+00 0.000000E+00 0.000000E+00 0.000000E+00 0.000000E+00 0.000000E+00 0.000000E+00 0.000000E+00 0.000000E+00 0.000000E+00 0.000000E+00 0.000000E+00 0.000000E+00 0.000000E+00 0.000000E+00
1.263000E+01 2.898000E+01 2.824000E+01 1.771000E+01 7.813000E+00 2.501000E+00 5.708000E-01 9.087000E-02 1.058000E-02 9.430000E-04 6.621000E-05 3.763000E-06 1.815000E-07 7.453000E-09 2.648000E-10 7.946000E-12 2.015000E-13 4.827000E-15 4.022000E-16 0.000000E+00 0.000000E+00 0.000000E+00 2.011000E-16 0.000000E+00 0.000000E+00 0.000000E+00 2.011000E-16 1.006000E-16 0.000000E+00 0.000000E+00 1.006000E-16 0.000000E+00 1.006000E-16 0.000000E+00 5.028000E-17 0.000000E+00 0.000000E+00 0.000000E+00 0.000000E+00 5.028000E-17 0.000000E+00
1.295000E+01 2.954000E+01 2.846000E+01 1.751000E+01 7.521000E+00 2.320000E+00 5.036000E-01 7.451000E-02 7.850000E-03 6.124000E-04 3.621000E-05 1.670000E-06 6.479000E-08 2.201000E-09 6.824000E-11 1.871000E-12 4.345000E-14 0.000000E+00 0.000000E+00 0.000000E+00 0.000000E+00 0.000000E+00 0.000000E+00 0.000000E+00 0.000000E+00 0.000000E+00 0.000000E+00 0.000000E+00 0.000000E+00 0.000000E+00 0.000000E+00 0.000000E+00 0.000000E+00 0.000000E+00 0.000000E+00 0.000000E+00 0.000000E+00 0.000000E+00 0.000000E+00 0.000000E+00 0.000000E+00
1.375000E+01 3.078000E+01 2.857000E+01 1.678000E+01 6.821000E+00 1.989000E+00 4.055000E-01 5.554000E-02 5.319000E-03 3.670000E-04 1.827000E-05 6.490000E-07 1.692000E-08 3.213000E-10 4.476000E-12 4.656000E-14 0.000000E+00 0.000000E+00 0.000000E+00 0.000000E+00 0.000000E+00 2.136000E-16 0.000000E+00 0.000000E+00 0.000000E+00 0.000000E+00 0.000000E+00 0.000000E+00 0.000000E+00 0.000000E+00 1.068000E-16 0.000000E+00 0.000000E+00 0.000000E+00 0.000000E+00 1.068000E-16 0.000000E+00 0.000000E+00 0.000000E+00 0.000000E+00 0.000000E+00
1.509000E+01 3.270000E+01 2.848000E+01 1.545000E+01 5.764000E+00 1.551000E+00 2.928000E-01 3.708000E-02 3.292000E-03 2.119000E-04 9.903000E-06 3.323000E-07 8.226000E-09 1.489000E-10 1.987000E-12 1.952000E-14 0.000000E+00 0.000000E+00 0.000000E+00 0.000000E+00 0.000000E+00 0.000000E+00 0.000000E+00 0.000000E+00 0.000000E+00 0.000000E+00 0.000000E+00 0.000000E+00 0.000000E+00 0.000000E+00 0.000000E+00 0.000000E+00 0.000000E+00 0.000000E+00 0.000000E+00 0.000000E+00 0.000000E+00 0.000000E+00 0.000000E+00 0.000000E+00 0.000000E+00
1.664000E+01 3.475000E+01 2.817000E+01 1.394000E+01 4.695000E+00 1.147000E+00 1.972000E-01 2.276000E-02 1.850000E-03 1.101000E-04 4.787000E-06 1.507000E-07 3.520000E-09 6.042000E-11 7.683000E-13 6.270000E-15 0.000000E+00 0.000000E+00 0.000000E+00 0.000000E+00 0.000000E+00 0.000000E+00 0.000000E+00 0.000000E+00 0.000000E+00 0.000000E+00 0.000000E+00 0.000000E+00 0.000000E+00 0.000000E+00 0.000000E+00 0.000000E+00 0.000000E+00 0.000000E+00 0.000000E+00 0.000000E+00 0.000000E+00 0.000000E+00 0.000000E+00 0.000000E+00 0.000000E+00
1.843000E+01 3.693000E+01 2.759000E+01 1.222000E+01 3.628000E+00 7.835000E-01 1.196000E-01 1.231000E-02 9.001000E-04 4.874000E-05 1.950000E-06 5.707000E-08 1.247000E-09 2.015000E-11 2.432000E-13 1.794000E-15 0.000000E+00 0.000000E+00 0.000000E+00 0.000000E+00 0.000000E+00 0.000000E+00 0.000000E+00 0.000000E+00 0.000000E+00 0.000000E+00 1.281000E-16 0.000000E+00 0.000000E+00 0.000000E+00 0.000000E+00 0.000000E+00 0.000000E+00 0.000000E+00 0.000000E+00 0.000000E+00 0.000000E+00 0.000000E+00 0.000000E+00 0.000000E+00 0.000000E+00
2.031000E+01 3.900000E+01 2.677000E+01 1.049000E+01 2.685000E+00 4.981000E-01 6.582000E-02 5.921000E-03 3.839000E-04 1.876000E-05 6.860000E-07 1.857000E-08 3.781000E-10 5.722000E-12 6.278000E-14 0.000000E+00 0.000000E+00 0.000000E+00 0.000000E+00 0.000000E+00 0.000000E+00 0.000000E+00 0.000000E+00 0.000000E+00 0.000000E+00 0.000000E+00 0.000000E+00 0.000000E+00 0.000000E+00 0.000000E+00 0.000000E+00 0.000000E+00 0.000000E+00 0.000000E+00 0.000000E+00 0.000000E+00 0.000000E+00 0.000000E+00 0.000000E+00 0.000000E+00 0.000000E+00
2.239000E+01 4.106000E+01 2.568000E+01 8.660000E+00 1.816000E+00 2.689000E-01 2.868000E-02 2.137000E-03 1.185000E-04 5.099000E-06 1.674000E-07 4.136000E-09 7.733000E-11 1.081000E-12 1.111000E-14 0.000000E+00 0.000000E+00 0.000000E+00 0.000000E+00 0.000000E+00 0.000000E+00 0.000000E+00 0.000000E+00 0.000000E+00 0.000000E+00 0.000000E+00 0.000000E+00 0.000000E+00 0.000000E+00 0.000000E+00 0.000000E+00 0.000000E+00 0.000000E+00 1.424000E-16 0.000000E+00 0.000000E+00 0.000000E+00 0.000000E+00 0.000000E+00 0.000000E+00 0.000000E+00
2.458000E+01 4.297000E+01 2.435000E+01 6.856000E+00 1.074000E+00 1.032000E-01 6.654000E-03 3.180000E-04 1.302000E-05 4.631000E-07 1.321000E-08 2.909000E-10 4.858000E-12 6.113000E-14 1.193000E-15 8.945000E-16 5.963000E-16 8.945000E-16 0.000000E+00 2.982000E-16 1.491000E-16 5.963000E-16 4.473000E-16 4.473000E-16 2.982000E-16 2.982000E-16 1.491000E-16 7.454000E-17 7.454000E-17 7.454000E-17 7.454000E-17 2.236000E-16 0.000000E+00 1.491000E-16 2.236000E-16 7.454000E-17 0.000000E+00 0.000000E+00 3.727000E-17 7.454000E-17 1.118000E-16
3.076000E+01 4.569000E+01 1.923000E+01 3.835000E+00 4.137000E-01 2.574000E-02 8.386000E-04 1.382000E-05 1.220000E-07 6.012000E-10 1.646000E-12 2.536000E-15 0.000000E+00 0.000000E+00 0.000000E+00 0.000000E+00 0.000000E+00 0.000000E+00 0.000000E+00 0.000000E+00 0.000000E+00 0.000000E+00 0.000000E+00 0.000000E+00 0.000000E+00 0.000000E+00 0.000000E+00 0.000000E+00 0.000000E+00 0.000000E+00 0.000000E+00 0.000000E+00 0.000000E+00 0.000000E+00 0.000000E+00 0.000000E+00 3.963000E-17 0.000000E+00 0.000000E+00 0.000000E+00 7.926000E-17
4.272000E+01 4.607000E+01 1.028000E+01 8.560000E-01 3.866000E-02 1.273000E-03 2.408000E-05 2.400000E-07 1.355000E-09 4.537000E-12 9.589000E-15 6.393000E-16 0.000000E+00 0.000000E+00 0.000000E+00 0.000000E+00 0.000000E+00 0.000000E+00 1.598000E-16 0.000000E+00 0.000000E+00 0.000000E+00 0.000000E+00 0.000000E+00 0.000000E+00 0.000000E+00 7.991000E-17 7.991000E-17 0.000000E+00 0.000000E+00 0.000000E+00 0.000000E+00 0.000000E+00 3.996000E-17 0.000000E+00 0.000000E+00 0.000000E+00 0.000000E+00 0.000000E+00 0.000000E+00 0.000000E+00
6.933000E+01 2.884000E+01 1.768000E+00 3.688000E-02 3.011000E-04 9.542000E-07 7.875000E-10 2.001000E-13 4.810000E-16 0.000000E+00 0.000000E+00 0.000000E+00 2.405000E-16 2.405000E-16 2.405000E-16 0.000000E+00 2.405000E-16 0.000000E+00 0.000000E+00 1.203000E-16 1.203000E-16 1.203000E-16 0.000000E+00 6.013000E-17 0.000000E+00 6.013000E-17 6.013000E-17 6.013000E-17 6.013000E-17 3.007000E-17 0.000000E+00 6.013000E-17 0.000000E+00 3.007000E-17 6.013000E-17 3.007000E-17 0.000000E+00 0.000000E+00 3.007000E-17 1.503000E-17 0.000000E+00
6.932000E+01 2.883000E+01 1.768000E+00 3.687000E-02 3.011000E-04 9.541000E-07 7.875000E-10 2.001000E-13 0.000000E+00 0.000000E+00 0.000000E+00 0.000000E+00 0.000000E+00 0.000000E+00 0.000000E+00 0.000000E+00 0.000000E+00 0.000000E+00 0.000000E+00 0.000000E+00 0.000000E+00 0.000000E+00 0.000000E+00 0.000000E+00 0.000000E+00 0.000000E+00 0.000000E+00 0.000000E+00 0.000000E+00 0.000000E+00 0.000000E+00 0.000000E+00 0.000000E+00 0.000000E+00 0.000000E+00 0.000000E+00 0.000000E+00 0.000000E+00 0.000000E+00 0.000000E+00 0.000000E+00
6.931000E+01 2.883000E+01 1.768000E+00 3.687000E-02 3.010000E-04 9.539000E-07 7.872000E-10 2.001000E-13 0.000000E+00 0.000000E+00 0.000000E+00 0.000000E+00 0.000000E+00 0.000000E+00 0.000000E+00 0.000000E+00 0.000000E+00 0.000000E+00 0.000000E+00 0.000000E+00 0.000000E+00 0.000000E+00 0.000000E+00 0.000000E+00 0.000000E+00 0.000000E+00 0.000000E+00 0.000000E+00 0.000000E+00 0.000000E+00 0.000000E+00 0.000000E+00 0.000000E+00 0.000000E+00 0.000000E+00 0.000000E+00 0.000000E+00 0.000000E+00 0.000000E+00 0.000000E+00 1.503000E-17
6.930000E+01 2.882000E+01 1.768000E+00 3.686000E-02 3.010000E-04 9.537000E-07 7.871000E-10 2.010000E-13 4.808000E-16 4.808000E-16 7.213000E-16 7.213000E-16 4.808000E-16 2.404000E-16 4.808000E-16 3.606000E-16 3.606000E-16 3.606000E-16 1.202000E-16 2.404000E-16 1.202000E-16 1.202000E-16 1.202000E-16 6.010000E-17 1.202000E-16 6.010000E-17 6.010000E-17 6.010000E-17 0.000000E+00 6.010000E-17 6.010000E-17 9.016000E-17 3.005000E-17 6.010000E-17 6.010000E-17 6.010000E-17 6.010000E-17 3.005000E-17 3.005000E-17 3.005000E-17 4.508000E-17
6.928000E+01 2.882000E+01 1.767000E+00 3.685000E-02 3.009000E-04 9.535000E-07 7.869000E-10 1.995000E-13 0.000000E+00 0.000000E+00 0.000000E+00 0.000000E+00 0.000000E+00 0.000000E+00 0.000000E+00 0.000000E+00 0.000000E+00 1.202000E-16 0.000000E+00 0.000000E+00 0.000000E+00 0.000000E+00 0.000000E+00 0.000000E+00 0.000000E+00 0.000000E+00 0.000000E+00 0.000000E+00 0.000000E+00 0.000000E+00 0.000000E+00 0.000000E+00 0.000000E+00 0.000000E+00 3.005000E-17 0.000000E+00 0.000000E+00 0.000000E+00 0.000000E+00 0.000000E+00 0.000000E+00
6.927000E+01 2.881000E+01 1.767000E+00 3.685000E-02 3.009000E-04 9.534000E-07 7.868000E-10 2.004000E-13 0.000000E+00 2.403000E-16 2.403000E-16 0.000000E+00 0.000000E+00 0.000000E+00 0.000000E+00 0.000000E+00 0.000000E+00 0.000000E+00 0.000000E+00 0.000000E+00 0.000000E+00 0.000000E+00 0.000000E+00 6.008000E-17 0.000000E+00 0.000000E+00 0.000000E+00 0.000000E+00 0.000000E+00 0.000000E+00 0.000000E+00 0.000000E+00 0.000000E+00 0.000000E+00 0.000000E+00 3.004000E-17 0.000000E+00 0.000000E+00 0.000000E+00 0.000000E+00 1.502000E-17
6.928000E+01 2.882000E+01 1.767000E+00 3.685000E-02 3.009000E-04 9.535000E-07 7.869000E-10 1.995000E-13 0.000000E+00 0.000000E+00 0.000000E+00 0.000000E+00 0.000000E+00 0.000000E+00 0.000000E+00 0.000000E+00 0.000000E+00 0.000000E+00 0.000000E+00 0.000000E+00 0.000000E+00 0.000000E+00 0.000000E+00 0.000000E+00 0.000000E+00 0.000000E+00 0.000000E+00 0.000000E+00 0.000000E+00 0.000000E+00 0.000000E+00 0.000000E+00 0.000000E+00 0.000000E+00 0.000000E+00 0.000000E+00 0.000000E+00 0.000000E+00 0.000000E+00 0.000000E+00 0.000000E+00
4.267000E+01 4.606000E+01 1.031000E+01 8.617000E-01 3.914000E-02 1.294000E-03 2.451000E-05 2.446000E-07 1.384000E-09 4.640000E-12 7.670000E-15 0.000000E+00 0.000000E+00 0.000000E+00 0.000000E+00 0.000000E+00 0.000000E+00 0.000000E+00 0.000000E+00 0.000000E+00 0.000000E+00 0.000000E+00 0.000000E+00 0.000000E+00 0.000000E+00 0.000000E+00 0.000000E+00 0.000000E+00 0.000000E+00 0.000000E+00 0.000000E+00 0.000000E+00 0.000000E+00 0.000000E+00 0.000000E+00 0.000000E+00 0.000000E+00 0.000000E+00 0.000000E+00 0.000000E+00 0.000000E+00
3.758000E+01 4.650000E+01 1.389000E+01 1.836000E+00 1.356000E-01 6.322000E-03 1.555000E-04 1.965000E-06 1.362000E-08 5.440000E-11 1.233000E-13 6.454000E-16 3.227000E-16 3.227000E-16 0.000000E+00 3.227000E-16 0.000000E+00 3.227000E-16 0.000000E+00 1.613000E-16 1.613000E-16 0.000000E+00 1.613000E-16 1.613000E-16 1.613000E-16 8.067000E-17 0.000000E+00 8.067000E-17 0.000000E+00 0.000000E+00 8.067000E-17 0.000000E+00 0.000000E+00 8.067000E-17 0.000000E+00 4.033000E-17 4.033000E-17 0.000000E+00 0.000000E+00 0.000000E+00 4.033000E-17
3.517000E+01 4.642000E+01 1.571000E+01 2.435000E+00 2.085000E-01 1.087000E-02 2.968000E-04 4.135000E-06 3.128000E-08 1.348000E-10 3.279000E-13 0.000000E+00 0.000000E+00 0.000000E+00 0.000000E+00 3.221000E-16 3.221000E-16 0.000000E+00 0.000000E+00 3.221000E-16 0.000000E+00 0.000000E+00 0.000000E+00 0.000000E+00 0.000000E+00 0.000000E+00 0.000000E+00 0.000000E+00 0.000000E+00 0.000000E+00 0.000000E+00 8.053000E-17 0.000000E+00 8.053000E-17 0.000000E+00 0.000000E+00 0.000000E+00 0.000000E+00 0.000000E+00 4.026000E-17 0.000000E+00
3.373000E+01 4.627000E+01 1.683000E+01 2.844000E+00 2.638000E-01 1.461000E-02 4.233000E-04 6.237000E-06 4.964000E-08 2.235000E-10 5.651000E-13 1.284000E-15 6.421000E-16 0.000000E+00 3.211000E-16 6.421000E-16 3.211000E-16 0.000000E+00 0.000000E+00 1.605000E-16 0.000000E+00 3.211000E-16 1.605000E-16 3.211000E-16 1.605000E-16 0.000000E+00 8.027000E-17 0.000000E+00 0.000000E+00 0.000000E+00 8.027000E-17 8.027000E-17 8.027000E-17 0.000000E+00 8.027000E-17 0.000000E+00 4.013000E-17 8.027000E-17 4.013000E-17 0.000000E+00 8.027000E-17
3.146000E+01 4.586000E+01 1.866000E+01 3.584000E+00 3.739000E-01 2.268000E-02 7.192000E-04 1.154000E-05 9.942000E-08 4.797000E-10 1.288000E-12 1.273000E-15 0.000000E+00 0.000000E+00 0.000000E+00 0.000000E+00 0.000000E+00 3.182000E-16 0.000000E+00 0.000000E+00 0.000000E+00 0.000000E+00 0.000000E+00 0.000000E+00 0.000000E+00 0.000000E+00 0.000000E+00 0.000000E+00 1.591000E-16 0.000000E+00 7.955000E-17 7.955000E-17 1.591000E-16 7.955000E-17 0.000000E+00 0.000000E+00 3.978000E-17 0.000000E+00 0.000000E+00 0.000000E+00 0.000000E+00
3.253000E+01 4.608000E+01 1.779000E+01 3.221000E+00 3.183000E-01 1.851000E-02 5.630000E-04 8.682000E-06 7.207000E-08 3.366000E-10 8.780000E-13 1.918000E-15 0.000000E+00 0.000000E+00 0.000000E+00 0.000000E+00 0.000000E+00 0.000000E+00 0.000000E+00 1.599000E-16 3.197000E-16 0.000000E+00 0.000000E+00 0.000000E+00 0.000000E+00 0.000000E+00 0.000000E+00 0.000000E+00 0.000000E+00 0.000000E+00 7.994000E-17 0.000000E+00 0.000000E+00 0.000000E+00 7.994000E-17 0.000000E+00 0.000000E+00 0.000000E+00 0.000000E+00 0.000000E+00 0.000000E+00
