0.000000E+01
5.643000E+01
5.417000E+01
5.281000E+01
5.145000E+01
5.032000E+01
4.931000E+01
4.851000E+01
4.788000E+01
4.730000E+01
4.686000E+01
4.643000E+01
4.607000E+01
4.578000E+01
4.549000E+01
4.527000E+01
4.505000E+01
4.483000E+01
4.469000E+01
4.454000E+01
4.432000E+01
4.418000E+01
4.411000E+01
4.396000E+01
4.381000E+01
4.374000E+01
4.360000E+01
4.352000E+01
4.338000E+01
4.330000E+01
4.316000E+01
4.308000E+01
4.301000E+01
4.294000E+01
4.279000E+01
4.271000E+01
4.264000E+01
4.257000E+01
4.249000E+01
4.242000E+01
4.234000E+01
4.226000E+01
4.219000E+01
4.211000E+01
4.203000E+01
4.196000E+01
4.188000E+01
4.180000E+01
4.172000E+01
4.167000E+01
4.163000E+01
4.155000E+01
4.146000E+01
4.145000E+01
4.136000E+01
4.127000E+01
4.125000E+01
4.116000E+01
4.114000E+01
4.104000E+01
4.101000E+01
4.091000E+01
4.087000E+01
4.079000E+01
4.071000E+01
4.066000E+01
4.053000E+01
4.047000E+01
4.036000E+01
4.024000E+01
4.015000E+01
3.998000E+01
3.930000E+01
3.861000E+01
3.792000E+01
3.721000E+01
3.621000E+01
3.520000E+01
3.417000E+01
3.314000E+01
3.196000E+01
3.090000E+01
2.983000E+01
2.888000E+01
2.804000E+01
2.732000E+01
2.669000E+01
2.617000E+01
2.573000E+01
2.537000E+01
2.491000E+01
2.452000E+01
2.406000E+01
2.361000E+01
2.307000E+01
2.252000E+01
2.194000E+01
2.136000E+01
2.078000E+01
2.025000E+01
1.917000E+01
1.762000E+01
1.606000E+01
1.447000E+01
1.303000E+01
1.162000E+01
1.033000E+01
8.072000E+00
5.470000E+00
2.725000E+00
2.725000E+00
2.725000E+00
2.725000E+00
2.725000E+00
2.725000E+00
2.725000E+00
5.476000E+00
6.407000E+00
6.929000E+00
7.272000E+00
7.581000E+00
7.872000E+00
