   0.9302613775150194E-22
   0.9302607292463153E-22
   0.9302606915851543E-22
   0.9302606516804371E-22
   0.9302606096883170E-22
   0.9302605651367243E-22
   0.9302605179388391E-22
   0.9302604677420696E-22
   0.9302604148810737E-22
   0.9302603587800878E-22
   0.9302602994467553E-22
   0.9302602366607639E-22
   0.9302601701685074E-22
   0.9302600997533933E-22
   0.9302600250772232E-22
   0.9302599460490254E-22
   0.9302598624356992E-22
   0.9302597738483280E-22
   0.9302596800481131E-22
   0.9302595807499506E-22
   0.9302594755396270E-22
   0.9302593641798439E-22
   0.9302592461835641E-22
   0.9302591212696016E-22
   0.9302589889392887E-22
   0.9302588488492756E-22
   0.9302587004653355E-22
   0.9302585432812289E-22
   0.9302583768499756E-22
   0.9302582006174433E-22
   0.9302580139449372E-22
   0.9302578161791679E-22
   0.9302576068082778E-22
   0.9302573849958244E-22
   0.9302571500802045E-22
   0.9302569012599460E-22
   0.9302566377063733E-22
   0.9302563585536816E-22
   0.9302560628469524E-22
   0.9302557496594917E-22
   0.9302554178830574E-22
   0.9302550664767760E-22
   0.9302546941979878E-22
   0.9302542998619418E-22
   0.9302538821476403E-22
   0.9302534396303990E-22
   0.9302529708212447E-22
   0.9302524742107773E-22
   0.9302519480616693E-22
   0.9302513906736965E-22
   0.9302508001469615E-22
   0.9302501744876536E-22
   0.9302495116113435E-22
   0.9302488092697220E-22
   0.9302480651145363E-22
   0.9302472766162468E-22
   0.9302464411049025E-22
   0.9302455557580562E-22
   0.9302446175766361E-22
   0.9302436233859064E-22
   0.9302425697760455E-22
   0.9302414531595716E-22
   0.9302402697278551E-22
   0.9302390154371752E-22
   0.9302376860017170E-22
   0.9302362767917810E-22
   0.9302347829900297E-22
   0.9302331994240887E-22
   0.9302315205966632E-22
   0.9302297407194058E-22
   0.9302278535052409E-22
   0.9302258523813364E-22
   0.9302237303260370E-22
   0.9302214798368926E-22
   0.9302190929845492E-22
   0.9302165611931064E-22
   0.9302138754197385E-22
   0.9302110260982248E-22
   0.9302080028577698E-22
   0.9302047947660080E-22
   0.9302013899563269E-22
   0.9301977758623932E-22
   0.9301939392268718E-22
   0.9301898657352529E-22
   0.9301855398335290E-22
   0.9301809449886644E-22
   0.9301760635901538E-22
   0.9301708766762409E-22
   0.9301653638158177E-22
   0.9301595029240960E-22
   0.9301532703617342E-22
   0.9301466405263479E-22
   0.9301395855980189E-22
   0.9301320758760222E-22
   0.9301240785850034E-22
   0.9301155580270858E-22
   0.9301064766103450E-22
   0.9300967912397325E-22
   0.9300864557364804E-22
   0.9300754194420513E-22
   0.9300636260264101E-22
   0.9300510132818992E-22
   0.9300375118366676E-22
   0.9300230443293426E-22
   0.9300075232822689E-22
   0.9299908501453188E-22
   0.9299729125596166E-22
   0.9299535812631985E-22
   0.9299327072764633E-22
   0.9299101155154212E-22
   0.9298856005645952E-22
   0.9298589159572671E-22
   0.9298297646594034E-22
   0.9297977814146925E-22
   0.9271033247929623E-22
   0.9270650481833790E-22
   0.9270223056478450E-22
   0.9269741420414226E-22
   0.9269192561394697E-22
   0.9245147064583182E-22
   0.9244394349146469E-22
   0.9243486165527028E-22
   0.9242355145692722E-22
   0.9241049094950128E-22
   0.9239322873552925E-22
   0.9237186693182703E-22
   0.9234494465721926E-22
   0.9231033545012674E-22
   0.9226488956728050E-22
   0.9174748176696011E-22
   0.9165759428063919E-22
   0.9126827828310323E-22
   0.9086656037097856E-22
   0.9018118915288617E-22
   0.8942586225143935E-22
   0.8857746111599951E-22
   0.8746028765094266E-22
   0.8648735649515184E-22
   0.8542517663534157E-22
   0.8566997856143198E-22
   0.8409858459813469E-22
   0.8350060741096971E-22
   0.8315657718763974E-22
   0.8284917228616265E-22
   0.8256982713056281E-22
   0.8231053570300834E-22
   0.8206459810214869E-22
   0.8182669711044777E-22
   0.8159268836205839E-22
   0.8135934216534533E-22
   0.8112413310627656E-22
   0.8088504038908561E-22
   0.8064043387571408E-22
   0.8038896430521669E-22
   0.8012948860349560E-22
   0.7986102946675672E-22
   0.7977998394700872E-22
   0.7949019458684393E-22
   0.7918906005260228E-22
   0.7897356151860870E-22
   0.7933898688436249E-22
   0.7900712164945761E-22
   0.7866189903013705E-22
   0.7830277503063072E-22
   0.7781254053660430E-22
   0.7741188043126633E-22
   0.7725546318141250E-22
   0.7705260281203810E-22
   0.7660109854352489E-22
   0.7613303988272496E-22
   0.7615350259983504E-22
   0.7565163946984932E-22
   0.7512980384120437E-22
   0.7498382749103195E-22
   0.7442812152079278E-22
   0.7429063085912867E-22
   0.7369711025458552E-22
   0.7329773824755100E-22
   0.7287654772219504E-22
   0.7261945705129620E-22
   0.7194943064749517E-22
   0.7160413311565293E-22
   0.7089530964679516E-22
   0.7059179164961011E-22
   0.7022267492452881E-22
   0.6945680890117814E-22
   0.6905930130714413E-22
   0.6863498195310638E-22
   0.6816301093284997E-22
   0.6732420950308208E-22
   0.6683484002794288E-22
   0.6631166522897679E-22
   0.6577413333247512E-22
   0.6520455676053678E-22
   0.6462203687541532E-22
   0.6401927051054567E-22
   0.6323302615538689E-22
   0.6243830068076363E-22
   0.6209355663869902E-22
   0.6141905688905936E-22
   0.6071169718145361E-22
   0.6002273644714577E-22
   0.5930283773646272E-22
   0.5855464387148410E-22
   0.5779279215789731E-22
   0.5704432372780214E-22
   0.5624293268077375E-22
   0.5545396569850375E-22
   0.5495984458362998E-22
   0.5392521833732555E-22
   0.5303017258649252E-22
   0.5216728377751747E-22
   0.5139233009329259E-22
   0.5051702264066647E-22
   0.4968368899094403E-22
   0.4891096943447558E-22
   0.4788333994007339E-22
   0.4712866750998413E-22
   0.4612479185124512E-22
   0.4512949948974101E-22
   0.4414411573945023E-22
   0.4316961860830824E-22
   0.4220795408354559E-22
   0.4105907830576598E-22
   0.3986285731087142E-22
   0.3883202246283221E-22
   0.3760534209938143E-22
   0.3645850894937739E-22
   0.3513812560348692E-22
   0.3378537465230178E-22
   0.3243563505105211E-22
   0.3105412330663321E-22
   0.2948766777793819E-22
   0.2790825111178712E-22
   0.2629421545285540E-22
   0.2462603243296424E-22
   0.2262062610666493E-22
   0.2082466570636819E-22
   0.1883442807807040E-22
   0.1693397343217443E-22
   0.1502137386747830E-22
   0.1324396668182802E-22
   0.1139154373062036E-22
   0.9627086170060101E-23
   0.8005111943619744E-23
   0.6521136820118178E-23
   0.5215439862333993E-23
   0.4026471242493345E-23
   0.2972042310900749E-23
   0.2063097827927968E-23
   0.1360734927736354E-23
   0.8152159280455820E-24
   0.4197815329116962E-24
   0.1937152312074750E-24
   0.9952183844089770E-25
   0.5006836897482639E-25
   0.2349020983834681E-25
   0.1125392418919571E-25
   0.5447964800979397E-26
   0.2875885109864821E-26
   0.1642543799189356E-26
   0.1237438301732827E-26
   0.1193999742970430E-26
   0.1393801089345005E-26
   0.1759147176548127E-26
   0.2225879368538597E-26
   0.2637722200542215E-26
   0.3231377423845057E-26
   0.3664480148148525E-26
   0.4290339553393467E-26
   0.4704375700626208E-26
   0.5283073292809642E-26
   0.5773714509903553E-26
   0.6397822925424484E-26
   0.7059222052685138E-26
   0.7423676701856076E-26
   0.8075023985474592E-26
   0.8329598470734208E-26
   0.9238616871160703E-26
   0.9711393023893367E-26
   0.1024209538751028E-25
   0.1092550647036651E-25
   0.1162253464399689E-25
   0.1188890409271255E-25
   0.1295620580076189E-25
   0.1376993967883094E-25
   0.1390944523539262E-25
   0.1486969266819945E-25
   0.1566704521587007E-25
   0.1656758165015024E-25
   0.1726252202817130E-25
   0.1775986704173386E-25
   0.1971031162908076E-25
   0.1975473263133611E-25
