   0.1600520846065620E-04   0.3334589656003208E-04   0.2329068004821804E-04   0.0000000000000000E+00   0.3530634130260126E-26 
   0.1601152967076781E-04   0.3335895955372983E-04   0.2329968574050713E-04   0.7233571284001991E-23   0.0000000000000000E+00 
   0.1601182560715694E-04   0.3335956296797831E-04   0.2330009261037592E-04   0.7233702128609813E-23   0.0000000000000000E+00 
   0.1601213194680800E-04   0.3336018642277468E-04   0.2330051165521985E-04   0.7233837318818748E-23   0.7064294256658934E-26 
   0.1601244846188671E-04   0.3336082923588331E-04   0.2330094216442723E-04   0.1446795341338505E-22   0.7064430377629418E-26 
   0.1601277476456215E-04   0.3336149036480769E-04   0.2330138314469308E-04   0.0000000000000000E+00   0.0000000000000000E+00 
   0.1601311029301849E-04   0.3336216837249982E-04   0.2330183329000350E-04   0.0000000000000000E+00   0.3532356975419091E-26 
   0.1601345423178753E-04   0.3336286125800451E-04   0.2330229085916311E-04   0.2170325199375657E-22   0.0000000000000000E+00 
   0.1601380548967295E-04   0.3336356640416920E-04   0.2330275363164203E-04   0.7234570235452927E-23   0.3532504997779749E-26 
   0.1601416260573437E-04   0.3336428037496120E-04   0.2330321875771267E-04   0.0000000000000000E+00   0.0000000000000000E+00 
   0.1601452364032356E-04   0.3336499868268982E-04   0.2330368258843481E-04   0.7234880811349659E-23   0.0000000000000000E+00 
   0.1601488608750479E-04   0.3336571559305227E-04   0.2330414052425576E-04   0.0000000000000000E+00   0.0000000000000000E+00 
   0.1601524667330879E-04   0.3336642369754181E-04   0.2330458670653440E-04   0.0000000000000000E+00   0.0000000000000000E+00 
   0.1601560117307191E-04   0.3336711351697205E-04   0.2330501372055576E-04   0.2170601817880292E-22   0.7065761125912409E-26 
   0.1601594413800867E-04   0.3336777291417513E-04   0.2330541216254748E-04   0.0000000000000000E+00   0.0000000000000000E+00 
   0.1601626850658624E-04   0.3336838626674238E-04   0.2330577003810655E-04   0.0000000000000000E+00   0.0000000000000000E+00 
   0.1601656513601554E-04   0.3336893346045352E-04   0.2330607201942185E-04   0.0000000000000000E+00   0.0000000000000000E+00 
   0.1601682211562839E-04   0.3336938842765663E-04   0.2330629838190520E-04   0.7235832685555593E-23   0.3533121428493942E-26 
   0.1601702384117060E-04   0.3336971714207814E-04   0.2330642363390575E-04   0.0000000000000000E+00   0.0000000000000000E+00 
   0.1601714977001892E-04   0.3336987510622132E-04   0.2330641426419605E-04   0.0000000000000000E+00   0.0000000000000000E+00 
   0.1601717251097459E-04   0.3336980302743980E-04   0.2330622638936582E-04   0.7235922587552720E-23   0.7066330651906953E-26 
   0.1601705525991128E-04   0.3336942164045576E-04   0.2330580115192928E-04   0.0000000000000000E+00   0.7066249890071667E-26 
   0.1601674779380376E-04   0.3336862307757327E-04   0.2330505912156897E-04   0.0000000000000000E+00   0.0000000000000000E+00 
   0.1601618077476875E-04   0.3336725848762942E-04   0.2330389078439306E-04   0.2170611248530392E-22   0.1413158364928641E-25 
   0.1601525617653691E-04   0.3336511850228732E-04   0.2330214274515951E-04   0.7234906793083242E-23   0.0000000000000000E+00 
   0.1601383284096351E-04   0.3336190169220146E-04   0.2329959479481870E-04   0.0000000000000000E+00   0.0000000000000000E+00 
   0.1601170155361333E-04   0.3335716212558857E-04   0.2329592187550377E-04   0.0000000000000000E+00   0.0000000000000000E+00 
   0.1600854158878610E-04   0.3335021736474847E-04   0.2329062737264235E-04   0.0000000000000000E+00   0.0000000000000000E+00 
   0.1600384023420685E-04   0.3333997736644503E-04   0.2328291946281312E-04   0.0000000000000000E+00   0.0000000000000000E+00 
   0.1599673147998415E-04   0.3332460251305458E-04   0.2327146330942325E-04   0.0000000000000000E+00   0.0000000000000000E+00 
   0.1598564294261701E-04   0.3330075476377625E-04   0.2325383877582245E-04   0.7220950132058645E-23   0.0000000000000000E+00 
   0.1596741445157318E-04   0.3326172746758868E-04   0.2322518523463197E-04   0.0000000000000000E+00   0.0000000000000000E+00 
   0.1593465605731498E-04   0.3319183723641416E-04   0.2317413489406894E-04   0.1439466481620220E-22   0.3514322464893115E-26 
   0.1598353395960410E-04   0.3324844304230044E-04   0.2317150323191011E-04   0.0000000000000000E+00   0.0000000000000000E+00 
   0.1589581104686742E-04   0.3306177438896110E-04   0.2303555425939203E-04   0.0000000000000000E+00   0.0000000000000000E+00 
   0.1835679661418753E-04   0.3812965667460697E-04   0.2651997363974864E-04   0.0000000000000000E+00   0.0000000000000000E+00 
   0.1829272778432470E-04   0.3798760641776697E-04   0.2640862707133717E-04   0.0000000000000000E+00   0.8044188555794382E-26 
   0.1537426276988986E-04   0.3185884503862769E-04   0.2206806169384379E-04   0.0000000000000000E+00   0.0000000000000000E+00 
   0.1495507721004729E-04   0.3093704553257584E-04   0.2135518765656161E-04   0.0000000000000000E+00   0.0000000000000000E+00 
   0.1466969279404038E-04   0.3024509643189580E-04   0.2073754534322295E-04   0.0000000000000000E+00   0.0000000000000000E+00 
   0.1461894637116049E-04   0.3000419734164040E-04   0.2038170108223441E-04   0.0000000000000000E+00   0.4765226944554245E-26 
   0.1473947859076533E-04   0.3011296904373819E-04   0.2026713886057743E-04   0.0000000000000000E+00   0.0000000000000000E+00 
   0.1752658618096587E-04   0.3582656628099415E-04   0.2413824134185782E-04   0.3884324099454977E-23   0.1896642626687001E-26 
   0.1470276655682743E-04   0.2996415671394343E-04   0.2000314488591129E-04   0.0000000000000000E+00   0.0000000000000000E+00 
   0.1489789135636053E-04   0.3026717049798257E-04   0.2008725306941262E-04   0.0000000000000000E+00   0.0000000000000000E+00 
   0.1514752230270999E-04   0.3072927312874018E-04   0.2032159912721896E-04   0.0000000000000000E+00   0.0000000000000000E+00 
   0.1540325507938603E-04   0.3120459398310504E-04   0.2056616126367143E-04   0.0000000000000000E+00   0.0000000000000000E+00 
   0.1550247838210202E-04   0.3135839632754651E-04   0.2059401070245509E-04   0.1359953656959496E-22   0.3320199357811269E-26 
   0.1530660009628276E-04   0.3090481012072299E-04   0.2021166800364903E-04   0.6701412454627974E-23   0.0000000000000000E+00 
   0.1573969198561903E-04   0.3173163601401414E-04   0.2068020039874399E-04   0.6880701740582682E-23   0.3359717646768887E-26 
   0.1588213213718435E-04   0.3195713943378972E-04   0.2073938364841723E-04   0.1385920000021480E-22   0.1691796875026221E-26 
   0.1620024956753104E-04   0.3253171582959975E-04   0.2102102871724680E-04   0.0000000000000000E+00   0.0000000000000000E+00 
   0.1654072018722357E-04   0.3314165775319539E-04   0.2131562674586473E-04   0.0000000000000000E+00   0.0000000000000000E+00 
   0.1663414650478500E-04   0.3328695068410450E-04   0.2133061932054431E-04   0.1082693527413718E-22   0.1762196496441599E-26 
   0.1618075011128551E-04   0.3231029763687908E-04   0.2059809543678920E-04   0.3503089489155756E-23   0.5131478743880501E-26 
   0.1700281313938913E-04   0.3387108054615461E-04   0.2149031316920298E-04   0.7344619822514466E-23   0.3586240147712142E-26 
   0.1727916949174686E-04   0.3430907061635907E-04   0.2163286903903803E-04   0.0000000000000000E+00   0.0000000000000000E+00 
   0.1748213359336862E-04   0.3463550013057475E-04   0.2172838066143532E-04   0.7510376897338223E-23   0.7334352438806858E-26 
   0.1801950885702349E-04   0.3562378676501113E-04   0.2223954540231619E-04   0.0000000000000000E+00   0.0000000000000000E+00 
   0.1838692545157985E-04   0.3620684771508025E-04   0.2244337365810196E-04   0.0000000000000000E+00   0.0000000000000000E+00 
   0.1858100560277759E-04   0.3653204118537718E-04   0.2254445647092082E-04   0.0000000000000000E+00   0.1933990157154095E-26 
   0.1917678898322076E-04   0.3754404426356764E-04   0.2299870811023980E-04   0.8141066870890394E-23   0.5962695462077925E-26 
   0.1960355540184456E-04   0.3830984754222367E-04   0.2335784345143258E-04   0.4153561993286736E-23   0.2028106442034539E-26 
   0.1894280395867307E-04   0.3683665139236096E-04   0.2226548892501668E-04   0.3993837746668894E-23   0.1950116087240671E-26 
   0.2050885715090768E-04   0.3978001656126655E-04   0.2392833314695318E-04   0.0000000000000000E+00   0.0000000000000000E+00 
   0.2104396469186186E-04   0.4065376308278966E-04   0.2428326636328139E-04   0.0000000000000000E+00   0.0000000000000000E+00 
   0.2194859200248188E-04   0.4223618449949604E-04   0.2506070056831191E-04   0.0000000000000000E+00   0.0000000000000000E+00 
   0.2230711072911705E-04   0.4272650473671622E-04   0.2515807619380546E-04   0.0000000000000000E+00   0.0000000000000000E+00 
   0.2345315052198690E-04   0.4485085953756948E-04   0.2630791785738755E-04   0.0000000000000000E+00   0.2374384733812257E-26 
   0.2428125031933498E-04   0.4621758386293612E-04   0.2690949128538765E-04   0.1002184096624527E-22   0.2446738517149723E-26 
   0.2589362387058568E-04   0.4907582908530831E-04   0.2838305744805103E-04   0.1596243615324557E-22   0.7794158277951941E-26 
   0.2625514521914835E-04   0.4948631309981016E-04   0.2838350461089067E-04   0.5365316817111205E-23   0.2619783602105081E-26 
   0.2743192492297519E-04   0.5143969863238298E-04   0.2928119593698390E-04   0.0000000000000000E+00   0.0000000000000000E+00 
   0.2909422268266491E-04   0.5428330673311895E-04   0.3067587181196848E-04   0.0000000000000000E+00   0.0000000000000000E+00 
   0.3095820298725692E-04   0.5746234711481122E-04   0.3223484820423474E-04   0.6230080157799448E-23   0.0000000000000000E+00 
   0.3231825263083692E-04   0.5963807894571979E-04   0.3318731871118019E-04   0.0000000000000000E+00   0.0000000000000000E+00 
   0.3464372251740880E-04   0.6357714915675363E-04   0.3511576783906755E-04   0.0000000000000000E+00   0.0000000000000000E+00 
   0.3689994868702273E-04   0.6731774237244300E-04   0.3689148927306221E-04   0.0000000000000000E+00   0.0000000000000000E+00 
   0.3965034829462602E-04   0.7181125231551010E-04   0.3899552792136170E-04   0.7785791576938076E-23   0.0000000000000000E+00 
   0.4660206338776279E-04   0.8401798729158027E-04   0.4537029619281978E-04   0.0000000000000000E+00   0.0000000000000000E+00 
   0.5065401251426332E-04   0.9051343332234890E-04   0.4835834346393718E-04   0.9813486104721253E-23   0.4791741262070924E-26 
   0.5538339188983176E-04   0.9806620097700763E-04   0.5183248210273511E-04   0.0000000000000000E+00   0.0000000000000000E+00 
   0.6094436181404902E-04   0.1069100162923053E-03   0.5589664644421142E-04   0.0000000000000000E+00   0.5659769136942287E-26 
   0.6753486840343829E-04   0.1173433742207982E-03   0.6068290007982935E-04   0.0000000000000000E+00   0.1242421301337587E-25 
   0.7541192803198961E-04   0.1297517569715378E-03   0.6636092801653021E-04   0.1406771367923525E-22   0.0000000000000000E+00 
   0.7980932006724434E-04   0.1354898205280885E-03   0.6826923038084737E-04   0.0000000000000000E+00   0.0000000000000000E+00 
   0.9126091352534744E-04   0.1531957061696978E-03   0.7624846959036736E-04   0.0000000000000000E+00   0.0000000000000000E+00 
   0.1057141802102071E-03   0.1745099404984540E-03   0.8540596429718870E-04   0.3784081132174798E-22   0.9238479326598628E-26 
   0.1246405712757258E-03   0.2028226574227265E-03   0.9786179657674803E-04   0.0000000000000000E+00   0.0000000000000000E+00 
   0.1475762838421718E-03   0.2352760667098217E-03   0.1112992679112835E-03   0.2550868226606332E-22   0.1245541126272623E-25 
   0.1789711859942963E-03   0.2795572741107654E-03   0.1296975486636993E-03   0.1212386415700070E-21   0.5919855545410498E-25 
   0.2188199115018064E-03   0.3335467312866618E-03   0.1512457909717126E-03   0.1808160453432188E-22   0.0000000000000000E+00 
   0.2740028800759747E-03   0.4061570379994028E-03   0.1796450388524418E-03   0.0000000000000000E+00   0.0000000000000000E+00 
   0.3506376307551874E-03   0.5022951670292374E-03   0.2155435963239168E-03   0.0000000000000000E+00   0.1329564236626144E-25 
   0.4540159842053611E-03   0.6302926696845460E-03   0.2628757032988925E-03   0.0000000000000000E+00   0.1668370805111507E-25 
   0.6024906657454091E-03   0.8037242479359870E-03   0.3240454233980092E-03   0.0000000000000000E+00   0.0000000000000000E+00 
   0.8209266977029613E-03   0.1044582467115442E-02   0.4050563817193890E-03   0.0000000000000000E+00   0.0000000000000000E+00 
   0.1144283003058697E-02   0.1382174275823131E-02   0.5128207593995670E-03   0.0000000000000000E+00   0.0000000000000000E+00 
   0.1644351860002965E-02   0.1864385803549553E-02   0.6552213167612611E-03   0.0000000000000000E+00   0.0000000000000000E+00 
   0.2428373582538086E-02   0.2565205972236881E-02   0.8464243158155420E-03   0.4171802831958025E-21   0.1358008734361336E-24 
   0.3653188047475475E-02   0.3569442250424920E-02   0.1095763206410297E-02   0.1980397208785494E-21   0.1933981649204584E-24 
   0.5591089933861527E-02   0.5038129132074388E-02   0.1425445201346399E-02   0.0000000000000000E+00   0.1479949182825806E-24 
   0.8799993845981331E-02   0.7055998694543399E-02   0.1772587072958862E-02   0.0000000000000000E+00   0.0000000000000000E+00 
   0.1364354601534612E-01   0.9809824275572714E-02   0.2155933762934650E-02   0.0000000000000000E+00   0.0000000000000000E+00 
   0.2140130034574523E-01   0.1266864185193468E-01   0.2245540444290072E-02   0.1160166816443588E-20   0.5664877033415957E-24 
   0.3164410178676170E-01   0.1541681558804073E-01   0.2032399556441170E-02   0.1715430195177973E-20   0.8376123999892448E-24 
   0.4637489967989551E-01   0.1486912648204269E-01   0.1258824736372054E-02   0.0000000000000000E+00   0.1227533373577637E-23 
   0.6113907540679051E-01   0.1274786592195914E-01   0.6026509036069406E-03   0.8285889797474668E-21   0.0000000000000000E+00 
   0.7175417845333842E-01   0.1115419979157630E-01   0.2097558524493991E-03   0.0000000000000000E+00   0.0000000000000000E+00 
   0.7686921247978903E-01   0.1301574606630613E-01   0.2112115348579600E-03   0.0000000000000000E+00   0.0000000000000000E+00 
   0.7644709617685336E-01   0.1414733370028288E-01   0.2239800305540525E-03   0.0000000000000000E+00   0.0000000000000000E+00 
   0.7325933365295113E-01   0.1455226652011283E-01   0.2274320413655300E-03   0.1985698217534251E-20   0.4847896038901980E-24 
   0.6456758851144156E-01   0.1355458537439943E-01   0.2111492089959444E-03   0.2625161990109564E-20   0.8545449186554571E-24 
   0.1755103974280188E-01   0.3776995755760286E-02   0.5891418464669264E-04   0.0000000000000000E+00   0.0000000000000000E+00 
   0.4763203035694532E-03   0.1030477757211002E-03   0.1606209099017676E-05   0.6455343849111952E-23   0.0000000000000000E+00 
   0.1082158495097634E-03   0.2338526550128497E-04   0.3646104356789627E-06   0.0000000000000000E+00   0.0000000000000000E+00 
   0.4051759707102713E-04   0.8744945624834360E-05   0.1363487496619555E-06   0.0000000000000000E+00   0.0000000000000000E+00 
   0.2552871066240030E-04   0.5545922573731179E-05   0.8927333078586127E-07   0.3459785445116033E-24   0.1689348361873063E-27 
   0.2083201214062204E-04   0.4613216263177639E-05   0.7972400194872755E-07   0.0000000000000000E+00   0.0000000000000000E+00 
   0.1991336526076639E-04   0.5066245482771346E-05   0.1303530378756871E-06   0.0000000000000000E+00   0.0000000000000000E+00 
   0.1992583066346292E-04   0.5819394871802850E-05   0.1975829341460280E-06   0.1620272167042859E-23   0.5274323460425972E-27 
   0.1991499993674989E-04   0.5769523886494002E-05   0.1937917484704194E-06   0.0000000000000000E+00   0.0000000000000000E+00 
