   0.2998423139631650E+00   0.1012133477090893E-03   0.5483434166472957E-04   0.0000000000000000E+00   0.0000000000000000E+00 
   0.2998423171436629E+00   0.1012111793004602E-03   0.5483244244173811E-04   0.0000000000000000E+00   0.0000000000000000E+00 
   0.2998423175328767E+00   0.1012109124642236E-03   0.5483220974030281E-04   0.0000000000000000E+00   0.0000000000000000E+00 
   0.2998423179698125E+00   0.1012106124730219E-03   0.5483194839178901E-04   0.4603320841715256E-21   0.3100296903094865E-23 
   0.2998423184586480E+00   0.1012102751129056E-03   0.5483165482633200E-04   0.3015968832247645E-21   0.6200593816298612E-24 
   0.2998423190088665E+00   0.1012098956254610E-03   0.5483132503081422E-04   0.6349408079541108E-22   0.0000000000000000E+00 
   0.2998423196348026E+00   0.1012094686021774E-03   0.5483095446702837E-04   0.2063557630158641E-21   0.2480237536248367E-24 
   0.2998423203192542E+00   0.1012089879017005E-03   0.5483053801602376E-04   0.6349408107289647E-22   0.0000000000000000E+00 
   0.2998423210975107E+00   0.1012084465534137E-03   0.5483006990120849E-04   0.1587352030942468E-22   0.0000000000000000E+00 
   0.2998423219729430E+00   0.1012078365892104E-03   0.5482954286613307E-04   0.3650909681827025E-21   0.2232213800030110E-23 
   0.2998423229543599E+00   0.1012071489277388E-03   0.5482895140600797E-04   0.1269881632618036E-21   0.0000000000000000E+00 
   0.2998423240571930E+00   0.1012063731428573E-03   0.5482828533901400E-04   0.0000000000000000E+00   0.0000000000000000E+00 
   0.2998423252977973E+00   0.1012054972905870E-03   0.5482753569183461E-04   0.0000000000000000E+00   0.0000000000000000E+00 
   0.2998423266887315E+00   0.1012045075910073E-03   0.5482669195055038E-04   0.0000000000000000E+00   0.0000000000000000E+00 
   0.2998423282536501E+00   0.1012033880767345E-03   0.5482574064469612E-04   0.0000000000000000E+00   0.0000000000000000E+00 
   0.2998423300168607E+00   0.1012021202130491E-03   0.5482466903123136E-04   0.0000000000000000E+00   0.6200594055316847E-24 
   0.2998423319963561E+00   0.1012006822898375E-03   0.5482345966391736E-04   0.1111146462048332E-21   0.1240118819250371E-24 
   0.2998423342260830E+00   0.1011990487731787E-03   0.5482209407478965E-04   0.2539763360711281E-21   0.2604249539791841E-23 
   0.2998423367345635E+00   0.1011971893793206E-03   0.5482055084667348E-04   0.0000000000000000E+00   0.0000000000000000E+00 
   0.2998423395625093E+00   0.1011950677999509E-03   0.5481880395582879E-04   0.0000000000000000E+00   0.0000000000000000E+00 
   0.2998423427437817E+00   0.1011926401214807E-03   0.5481682406770174E-04   0.0000000000000000E+00   0.0000000000000000E+00 
   0.2998423463335117E+00   0.1011898523781571E-03   0.5481457486790949E-04   0.2539763463265191E-21   0.2728261532804404E-23 
   0.2998423503964289E+00   0.1011866373646164E-03   0.5481201430559177E-04   0.6349408744198594E-22   0.1612154563956674E-23 
   0.2998423549936535E+00   0.1011829096002282E-03   0.5480908988450427E-04   0.0000000000000000E+00   0.0000000000000000E+00 
   0.2998423602008877E+00   0.1011785578644251E-03   0.5480573642650825E-04   0.2381028356931032E-21   0.3720356807704737E-24 
   0.2998423661241977E+00   0.1011734334207817E-03   0.5480187031437321E-04   0.3333439765554704E-21   0.7440713762398892E-24 
   0.2998423728826631E+00   0.1011673302680615E-03   0.5479738159313900E-04   0.0000000000000000E+00   0.0000000000000000E+00 
   0.2998423806395536E+00   0.1011599510222982E-03   0.5479211809337946E-04   0.7936761730777089E-22   0.0000000000000000E+00 
   0.2998423896165308E+00   0.1011508436428599E-03   0.5478585857805620E-04   0.2698499069254537E-21   0.2480238115123655E-24 
   0.2998424001322068E+00   0.1011392740401183E-03   0.5477825807270201E-04   0.7936762246743322E-22   0.8680833707375508E-24 
   0.2998424127210911E+00   0.1011239456808101E-03   0.5476872711778380E-04   0.0000000000000000E+00   0.0000000000000000E+00 
   0.2998424283915290E+00   0.1011022866500052E-03   0.5475612696835104E-04   0.1746087858847498E-21   0.2480238435862923E-24 
   0.2998424493972831E+00   0.1010682543610269E-03   0.5473783047253914E-04   0.2539764336249291E-21   0.1488143165771069E-23 
   0.2998448018674005E+00   0.9970897343700601E-04   0.5373083828323710E-04   0.0000000000000000E+00   0.0000000000000000E+00 
   0.2998448450048732E+00   0.9962347718868449E-04   0.5368980183598756E-04   0.0000000000000000E+00   0.0000000000000000E+00 
   0.2998479959651256E+00   0.9829034070161793E-04   0.5269321346133278E-04   0.0000000000000000E+00   0.0000000000000000E+00 
   0.2998481361839265E+00   0.9813342303530696E-04   0.5262103006298972E-04   0.1269906252602900E-21   0.8680999773652640E-24 
   0.2998493990046030E+00   0.9638635355419068E-04   0.5154870411455226E-04   0.0000000000000000E+00   0.0000000000000000E+00 
   0.2998499681210259E+00   0.9528702940209827E-04   0.5107885383059481E-04   0.2539828022316606E-21   0.1488180481826136E-23 
   0.2998512600751604E+00   0.9320029142150448E-04   0.5019197239935145E-04   0.0000000000000000E+00   0.0000000000000000E+00 
   0.2998527998747126E+00   0.9067382326837086E-04   0.4927537459168501E-04   0.0000000000000000E+00   0.0000000000000000E+00 
   0.2998547979054440E+00   0.8823469733326396E-04   0.4838196101846846E-04   0.0000000000000000E+00   0.0000000000000000E+00 
   0.2998563898858624E+00   0.8854051860403937E-04   0.4850583293868109E-04   0.0000000000000000E+00   0.0000000000000000E+00 
   0.2998513308364201E+00   0.8855400248910680E-04   0.5004898511670751E-04   0.2381099592154661E-21   0.1612202848854719E-23 
   0.2998534002897950E+00   0.8688738370098434E-04   0.4930925710254850E-04   0.1111187478588638E-21   0.4960658386556417E-24 
   0.2998533923445945E+00   0.8651025417244505E-04   0.4949743994134060E-04   0.4762231924909537E-22   0.9921316510228201E-24 
   0.2998533906639607E+00   0.8617041396273239E-04   0.4969317845907070E-04   0.0000000000000000E+00   0.0000000000000000E+00 
   0.2998534253022064E+00   0.8577298352176569E-04   0.4985472791983923E-04   0.0000000000000000E+00   0.0000000000000000E+00 
   0.2998535938749980E+00   0.8520168379838608E-04   0.4992984010340382E-04   0.0000000000000000E+00   0.0000000000000000E+00 
   0.2998538695747956E+00   0.8481001232255176E-04   0.5007585292134339E-04   0.1269930534457728E-21   0.7440999225338252E-24 
   0.2998543235040954E+00   0.8421147464352920E-04   0.5011979124229776E-04   0.0000000000000000E+00   0.0000000000000000E+00 
   0.2998549381438876E+00   0.8357915027755709E-04   0.5013863014575138E-04   0.6349675300119326E-22   0.0000000000000000E+00 
   0.2998557201799491E+00   0.8285581494361696E-04   0.5010604765604065E-04   0.9524537790565615E-22   0.1984278706367836E-23 
   0.2998550130752503E+00   0.8289235865739731E-04   0.5072847498986525E-04   0.2063644988227111E-21   0.9921370135707267E-24 
   0.2998547858783349E+00   0.8249940959902676E-04   0.5113345066691258E-04   0.7937090094713536E-22   0.7441021963793939E-24 
   0.2998559287238411E+00   0.8171197311450707E-04   0.5103151181678431E-04   0.0000000000000000E+00   0.0000000000000000E+00 
   0.2998574365324111E+00   0.8054698704864820E-04   0.5074232333935955E-04   0.0000000000000000E+00   0.6200906450736511E-24 
   0.2998575799789747E+00   0.8012519402713355E-04   0.5108120449893328E-04   0.0000000000000000E+00   0.0000000000000000E+00 
   0.2998578321525626E+00   0.7972054763744916E-04   0.5140759058508759E-04   0.0000000000000000E+00   0.2480365852787797E-24 
   0.2998598042308680E+00   0.7832476776418552E-04   0.5096299674275533E-04   0.1111211210115867E-21   0.1488229299262322E-23 
   0.2998590897745030E+00   0.7837851632147096E-04   0.5174374479112777E-04   0.1904928964295168E-21   0.6200940638981668E-24 
   0.2998612864491014E+00   0.7690969857868450E-04   0.5122833498384145E-04   0.6349809730711209E-22   0.1240197213029533E-23 
   0.2998609102394970E+00   0.7682092005103643E-04   0.5188926403671034E-04   0.0000000000000000E+00   0.0000000000000000E+00 
   0.2998625247046987E+00   0.7543078466626180E-04   0.5168963918651511E-04   0.0000000000000000E+00   0.3720607003003951E-24 
   0.2998631585329436E+00   0.7495734614298847E-04   0.5191750157185698E-04   0.0000000000000000E+00   0.0000000000000000E+00 
   0.2998644437107636E+00   0.7395328099674130E-04   0.5186456313441919E-04   0.0000000000000000E+00   0.0000000000000000E+00 
   0.2998656993982632E+00   0.7301817446596184E-04   0.5182312129383803E-04   0.3174951589272287E-22   0.0000000000000000E+00 
   0.2998672599724956E+00   0.7184506020737941E-04   0.5164012886490863E-04   0.0000000000000000E+00   0.0000000000000000E+00 
   0.2998661835182974E+00   0.7215427360164343E-04   0.5270989795478182E-04   0.0000000000000000E+00   0.0000000000000000E+00 
   0.2998678194789134E+00   0.7099849845361219E-04   0.5247807877153591E-04   0.9524922109497919E-22   0.1240224233007542E-24 
   0.2998693163397279E+00   0.7000085750701957E-04   0.5229688623228809E-04   0.0000000000000000E+00   0.0000000000000000E+00 
   0.2998712532683867E+00   0.6864005146951037E-04   0.5190132301831910E-04   0.4762515589739293E-22   0.2480476869655882E-24 
   0.2998730398016407E+00   0.6744474995242303E-04   0.5155529009226019E-04   0.0000000000000000E+00   0.0000000000000000E+00 
   0.2998747838682076E+00   0.6631400578535169E-04   0.5120595858165896E-04   0.0000000000000000E+00   0.4961012148186215E-24 
   0.2998765801224616E+00   0.6516864709122262E-04   0.5081001656958691E-04   0.4762600190131293E-22   0.9922083729440195E-24 
   0.2998785762721657E+00   0.6388110124354830E-04   0.5029726096319697E-04   0.0000000000000000E+00   0.0000000000000000E+00 
   0.2998804756008078E+00   0.6271131517358965E-04   0.4979975120796711E-04   0.7937770096005423E-22   0.4961106310003390E-24 
   0.2998824932877163E+00   0.6147405523402795E-04   0.4921570863734083E-04   0.1587564700746639E-22   0.1240284922458312E-23 
   0.2998855005185186E+00   0.5976950599699075E-04   0.4810066694941707E-04   0.1270064496715159E-21   0.6201486800366989E-24 
   0.2998876349114395E+00   0.5881213671437243E-04   0.4729620484596636E-04   0.1428832728248390E-21   0.1364336806487178E-23 
   0.2998916528810406E+00   0.5664639813225684E-04   0.4560218701508415E-04   0.0000000000000000E+00   0.0000000000000000E+00 
   0.2998956602035088E+00   0.5451236817880935E-04   0.4386817555422638E-04   0.0000000000000000E+00   0.0000000000000000E+00 
   0.2998996660009606E+00   0.5240519912413243E-04   0.4208724683707089E-04   0.0000000000000000E+00   0.0000000000000000E+00 
   0.2999036792159142E+00   0.5031975817173956E-04   0.4025225108634463E-04   0.1428909172304985E-21   0.1426428427214178E-23 
   0.2999077085646618E+00   0.4825043639946239E-04   0.3835577300700707E-04   0.1587698189311308E-22   0.0000000000000000E+00 
   0.2999129455615831E+00   0.4538638516455615E-04   0.3578565342405777E-04   0.0000000000000000E+00   0.1240410870111066E-24 
   0.2999177020620293E+00   0.4301185389555534E-04   0.3338129639296172E-04   0.7938755472229308E-22   0.6202152712679147E-24 
   0.2999240853920525E+00   0.3975285383050372E-04   0.3017282618207006E-04   0.9526709325081776E-22   0.7442741660220137E-24 
   0.2999289652263791E+00   0.3722763473059134E-04   0.2770417522980499E-04   0.5557337523995085E-22   0.5582147066512921E-24 
   0.2999361748863959E+00   0.3350765671008212E-04   0.2395968275783440E-04   0.3175697777527565E-22   0.0000000000000000E+00 
   0.2999433126220925E+00   0.2975876736167251E-04   0.2027134060372422E-04   0.0000000000000000E+00   0.0000000000000000E+00 
   0.2999510037450664E+00   0.2562968430927656E-04   0.1620231188469852E-04   0.6351709568351732E-22   0.3101420687671744E-25 
   0.2999560340393380E+00   0.2255457778808641E-04   0.1358349977890259E-04   0.0000000000000000E+00   0.0000000000000000E+00 
   0.2999620447502925E+00   0.1874239626514022E-04   0.1045235078351565E-04   0.0000000000000000E+00   0.0000000000000000E+00 
   0.2999667428635258E+00   0.1537076414682746E-04   0.7723833047248132E-05   0.0000000000000000E+00   0.0000000000000000E+00 
   0.2999698493461479E+00   0.1234244639791177E-04   0.5572748553797015E-05   0.1191020369902013E-22   0.1395726995978922E-24 
   0.2999716059424753E+00   0.9388140998072268E-05   0.3763241904361194E-05   0.0000000000000000E+00   0.0000000000000000E+00 
   0.2999711992786769E+00   0.6655131407623394E-05   0.2225900106428519E-05   0.1290277873911532E-22   0.1046799957800822E-24 
   0.2999672448279857E+00   0.4616222251966581E-05   0.1276146714608424E-05   0.8932575215615660E-23   0.5233930790399801E-25 
   0.2999593624124697E+00   0.3184459806345055E-05   0.7786047653282600E-06   0.0000000000000000E+00   0.0000000000000000E+00 
   0.2999416730131407E+00   0.2014818703986316E-05   0.4047307803402648E-06   0.0000000000000000E+00   0.0000000000000000E+00 
   0.2999086254498706E+00   0.8711743625220584E-06   0.9681667868359019E-07   0.8682751017834618E-24   0.1065962736564518E-25 
   0.2998406770893809E+00   0.6929636090770673E-06   0.6988170840663494E-07   0.9300839810366577E-25   0.3875349920986073E-26 
   0.2996834100341144E+00   0.5198174743346432E-06   0.4663328436229928E-07   0.1084528841742495E-24   0.0000000000000000E+00 
   0.2993299490418330E+00   0.3093049812732537E-06   0.2390912207372012E-07   0.4410373763881790E-24   0.2780663283149155E-26 
   0.2986046930257654E+00   0.7134493654418634E-07   0.4438006924810599E-08   0.0000000000000000E+00   0.5502624798841272E-27 
   0.2977667698849785E+00   0.1190014930712911E-07   0.2218643768846366E-09   0.8478826361012305E-26   0.8456276290903230E-29 
   0.2972396503011888E+00   0.1314879284502021E-07   0.1971827342033683E-09   0.1740785010821379E-26   0.2813768875250073E-28 
   0.2969105362052307E+00   0.1451053069489403E-07   0.1799728547080492E-09   0.2302487242609600E-25   0.1545859354779394E-28 
   0.2976021345089604E+00   0.1707592625004452E-07   0.1674914451069422E-09   0.0000000000000000E+00   0.0000000000000000E+00 
   0.2963491563310317E+00   0.1894373023835300E-07   0.1631290398406538E-09   0.0000000000000000E+00   0.0000000000000000E+00 
   0.2930044530256166E+00   0.2091326647947047E-07   0.1601139976567029E-09   0.0000000000000000E+00   0.0000000000000000E+00 
   0.2829267939401496E+00   0.2252842482688291E-07   0.1537831877152935E-09   0.0000000000000000E+00   0.0000000000000000E+00 
   0.2234904398865541E+00   0.1890884587085759E-07   0.1181362796482450E-09   0.0000000000000000E+00   0.0000000000000000E+00 
   0.1933164874837084E+00   0.1740819950720698E-07   0.9864552905798786E-10   0.5079097982029275E-25   0.0000000000000000E+00 
   0.1776219982267183E+00   0.1715891658300661E-07   0.9041592365809479E-10   0.0000000000000000E+00   0.5730869157609223E-28 
   0.1493195407857875E+00   0.1531750715700050E-07   0.7595004604286275E-10   0.2584269883686990E-25   0.1998936147451512E-27 
   0.1194262665583274E+00   0.1293167409057723E-07   0.6073254363712292E-10   0.0000000000000000E+00   0.0000000000000000E+00 
   0.1038673842368525E+00   0.1183411572608436E-07   0.5281710900043574E-10   0.3691749811291107E-26   0.5817521231393568E-29 
   0.9839743187595942E-01   0.1175682676809612E-07   0.5003585312183570E-10   0.0000000000000000E+00   0.0000000000000000E+00 
   0.9657668714786581E-01   0.1279325901218698E-07   0.4911093452201887E-10   0.6358143167495187E-26   0.0000000000000000E+00 
   0.9683581977422467E-01   0.1213497484740647E-07   0.4924262920517231E-10   0.0000000000000000E+00   0.1252795876096584E-28 
