   0.8193882498544708E-01   0.1798849710437364E-01   0.0000000000000000E+00   0.0000000000000000E+00   0.0000000000000000E+00 
   0.8193898952706263E-01   0.1798830415575743E-01   0.1578087535430020E-34   0.0000000000000000E+00   0.2711133741958872E-24 
   0.8193901169549393E-01   0.1798828067924457E-01   0.0000000000000000E+00   0.0000000000000000E+00   0.0000000000000000E+00 
   0.8193903675203829E-01   0.1798825427202810E-01   0.0000000000000000E+00   0.0000000000000000E+00   0.0000000000000000E+00 
   0.8193906507754888E-01   0.1798822455310226E-01   0.0000000000000000E+00   0.0000000000000000E+00   0.0000000000000000E+00 
   0.8193909710866279E-01   0.1798819109059741E-01   0.3156179214752545E-34   0.1615963757953303E-31   0.2711137301535428E-24 
   0.8193913334381557E-01   0.1798815338861717E-01   0.1578090305239930E-34   0.0000000000000000E+00   0.0000000000000000E+00 
   0.8193917434852080E-01   0.1798811088576347E-01   0.0000000000000000E+00   0.0000000000000000E+00   0.0000000000000000E+00 
   0.8193922077878761E-01   0.1798806293125840E-01   0.3156183978352477E-34   0.1615966196916468E-31   0.2711141393436612E-24 
   0.8193927338831564E-01   0.1798800878046584E-01   0.1578093002398892E-34   0.0000000000000000E+00   0.0000000000000000E+00 
   0.8193933304376684E-01   0.1798794757590481E-01   0.0000000000000000E+00   0.0000000000000000E+00   0.0000000000000000E+00 
   0.8193940075504015E-01   0.1798787832086206E-01   0.0000000000000000E+00   0.0000000000000000E+00   0.0000000000000000E+00 
   0.8193947769274064E-01   0.1798779986061984E-01   0.3156193874317983E-34   0.1615971263650807E-31   0.5422299788012508E-24 
   0.8193956522814189E-01   0.1798771084517090E-01   0.0000000000000000E+00   0.0000000000000000E+00   0.0000000000000000E+00 
   0.8193966497536392E-01   0.1798760968680204E-01   0.0000000000000000E+00   0.0000000000000000E+00   0.0000000000000000E+00 
   0.8193977884172056E-01   0.1798749451343810E-01   0.0000000000000000E+00   0.0000000000000000E+00   0.0000000000000000E+00 
   0.8193990910286671E-01   0.1798736309282626E-01   0.1578105245815792E-34   0.1615979771715371E-31   0.0000000000000000E+00 
   0.8194005849260724E-01   0.1798721274928277E-01   0.0000000000000000E+00   0.0000000000000000E+00   0.0000000000000000E+00 
   0.8194023032480802E-01   0.1798704024314271E-01   0.0000000000000000E+00   0.0000000000000000E+00   0.0000000000000000E+00 
   0.8194042866903375E-01   0.1798684160349378E-01   0.1578115252296184E-34   0.0000000000000000E+00   0.2711181359172360E-24 
   0.8194065857072012E-01   0.1798661191283226E-01   0.0000000000000000E+00   0.0000000000000000E+00   0.0000000000000000E+00 
   0.8194092639994813E-01   0.1798634497786639E-01   0.1578124838244907E-34   0.0000000000000000E+00   0.5422395655413732E-24 
   0.8194124030552422E-01   0.1798603288280673E-01   0.3156261767692788E-34   0.0000000000000000E+00   0.0000000000000000E+00 
   0.8194161094733733E-01   0.1798566529524582E-01   0.0000000000000000E+00   0.0000000000000000E+00   0.0000000000000000E+00 
   0.8194205258743757E-01   0.1798522841234871E-01   0.0000000000000000E+00   0.0000000000000000E+00   0.0000000000000000E+00 
   0.8194258481811020E-01   0.1798470329887685E-01   0.0000000000000000E+00   0.0000000000000000E+00   0.2711252700160913E-24 
   0.8194323547920011E-01   0.1798406308989348E-01   0.0000000000000000E+00   0.0000000000000000E+00   0.2711274228730470E-24 
   0.8194404570233170E-01   0.1798326814441033E-01   0.0000000000000000E+00   0.0000000000000000E+00   0.0000000000000000E+00 
   0.8194507926742628E-01   0.1798225706092613E-01   0.0000000000000000E+00   0.0000000000000000E+00   0.0000000000000000E+00 
   0.8194644138407134E-01   0.1798092864128849E-01   0.0000000000000000E+00   0.1616108598246978E-31   0.0000000000000000E+00 
   0.8194831990372321E-01   0.1797910230770619E-01   0.0000000000000000E+00   0.0000000000000000E+00   0.0000000000000000E+00 
   0.8195108930293150E-01   0.1797641817899460E-01   0.0000000000000000E+00   0.0000000000000000E+00   0.0000000000000000E+00 
   0.8195562756972165E-01   0.1797203235595552E-01   0.1578407972475750E-34   0.1616289763815168E-31   0.2711684248611606E-24 
   0.8202171808241618E-01   0.1790583661627624E-01   0.0000000000000000E+00   0.0000000000000000E+00   0.0000000000000000E+00 
   0.8203347899632937E-01   0.1789448082937169E-01   0.0000000000000000E+00   0.1617825112486831E-31   0.2714260136241586E-24 
   0.8209772227949295E-01   0.1781922558809683E-01   0.1581144617040626E-34   0.0000000000000000E+00   0.0000000000000000E+00 
   0.8211506415942535E-01   0.1780219467157058E-01   0.1581478609499164E-34   0.1619434096127144E-31   0.2716959562848985E-24 
   0.8225747188184430E-01   0.1767307417938334E-01   0.0000000000000000E+00   0.0000000000000000E+00   0.2721671439131497E-24 
   0.8238303869135764E-01   0.1754940778983727E-01   0.0000000000000000E+00   0.0000000000000000E+00   0.0000000000000000E+00 
   0.8260247942934876E-01   0.1733129911859109E-01   0.0000000000000000E+00   0.8145233337017008E-32   0.0000000000000000E+00 
   0.8288368559312025E-01   0.1705044041718119E-01   0.1596281719849672E-34   0.0000000000000000E+00   0.0000000000000000E+00 
   0.8315196474277724E-01   0.1678182480201533E-01   0.0000000000000000E+00   0.0000000000000000E+00   0.0000000000000000E+00 
   0.8309748438584269E-01   0.1682417360559768E-01   0.1600399334819452E-34   0.0000000000000000E+00   0.0000000000000000E+00 
   0.8335388157165249E-01   0.1658009327946086E-01   0.0000000000000000E+00   0.0000000000000000E+00   0.0000000000000000E+00 
   0.8351807801262325E-01   0.1641524075860155E-01   0.0000000000000000E+00   0.0000000000000000E+00   0.0000000000000000E+00 
   0.8360753922463274E-01   0.1632478025395108E-01   0.0000000000000000E+00   0.0000000000000000E+00   0.0000000000000000E+00 
   0.8369169027506983E-01   0.1623960751685462E-01   0.0000000000000000E+00   0.0000000000000000E+00   0.0000000000000000E+00 
   0.8378110084111476E-01   0.1614986230081769E-01   0.0000000000000000E+00   0.0000000000000000E+00   0.0000000000000000E+00 
   0.8388817843693062E-01   0.1604374400751074E-01   0.0000000000000000E+00   0.0000000000000000E+00   0.0000000000000000E+00 
   0.8397202426099590E-01   0.1595814409082125E-01   0.8086211800753172E-35   0.8280280883971249E-32   0.1389200609310566E-24 
   0.8407689210478476E-01   0.1585280339616507E-01   0.0000000000000000E+00   0.8290621651743731E-32   0.0000000000000000E+00 
   0.8418275815968108E-01   0.1574572866419449E-01   0.0000000000000000E+00   0.0000000000000000E+00   0.0000000000000000E+00 
   0.8429631319860416E-01   0.1563089507236215E-01   0.0000000000000000E+00   0.8312258242080600E-32   0.0000000000000000E+00 
   0.8437644241410729E-01   0.1555046576910123E-01   0.8125155852309723E-35   0.0000000000000000E+00   0.0000000000000000E+00 
   0.8449796780110917E-01   0.1543102836172676E-01   0.8136858321401232E-35   0.8332142921114861E-32   0.0000000000000000E+00 
   0.8460917382600058E-01   0.1531653610517573E-01   0.3259026828827185E-34   0.1668621736359519E-31   0.4199224093979806E-24 
   0.8475977929185241E-01   0.1516500791814823E-01   0.0000000000000000E+00   0.0000000000000000E+00   0.0000000000000000E+00 
   0.8487178721516596E-01   0.1505230733337700E-01   0.8172855821567494E-35   0.0000000000000000E+00   0.0000000000000000E+00 
   0.8497661163933905E-01   0.1494539265238316E-01   0.1636590009287680E-34   0.0000000000000000E+00   0.0000000000000000E+00 
   0.8514439876169712E-01   0.1477638926854674E-01   0.0000000000000000E+00   0.0000000000000000E+00   0.0000000000000000E+00 
   0.8523070597385153E-01   0.1468939569448341E-01   0.0000000000000000E+00   0.8404396483394802E-32   0.1410023751515550E-24 
   0.8540067573637553E-01   0.1451730998318599E-01   0.1644757186715901E-34   0.8421156795985412E-32   0.2825671330722304E-24 
   0.8549049244068241E-01   0.1442588337550916E-01   0.8232434967596044E-35   0.8430013406818349E-32   0.1414321558090873E-24 
   0.8569680281984078E-01   0.1422270990789535E-01   0.8252301934448994E-35   0.0000000000000000E+00   0.0000000000000000E+00 
   0.8579884778013448E-01   0.1411446436030840E-01   0.0000000000000000E+00   0.0000000000000000E+00   0.0000000000000000E+00 
   0.8595486403994311E-01   0.1395662664592952E-01   0.0000000000000000E+00   0.8475803981837315E-32   0.0000000000000000E+00 
   0.8609931417355053E-01   0.1380886044468374E-01   0.8291062367902266E-35   0.0000000000000000E+00   0.0000000000000000E+00 
   0.8626666280867576E-01   0.1364050130907798E-01   0.0000000000000000E+00   0.0000000000000000E+00   0.0000000000000000E+00 
   0.8633760367767009E-01   0.1356508820659510E-01   0.0000000000000000E+00   0.0000000000000000E+00   0.0000000000000000E+00 
   0.8649290620626106E-01   0.1340692794206107E-01   0.0000000000000000E+00   0.0000000000000000E+00   0.0000000000000000E+00 
   0.8662678877890455E-01   0.1326704569395698E-01   0.0000000000000000E+00   0.8542060876564504E-32   0.0000000000000000E+00 
   0.8679901838838794E-01   0.1309396875747488E-01   0.1671688286576146E-34   0.8559044027269870E-32   0.1435969303990165E-24 
   0.8694917236421164E-01   0.1293971553537051E-01   0.0000000000000000E+00   0.0000000000000000E+00   0.0000000000000000E+00 
   0.8708846258955778E-01   0.1279444960617465E-01   0.0000000000000000E+00   0.8587585429088097E-32   0.0000000000000000E+00 
   0.8722606183712885E-01   0.1265016553001834E-01   0.0000000000000000E+00   0.0000000000000000E+00   0.0000000000000000E+00 
   0.8737778116473535E-01   0.1249386348649440E-01   0.0000000000000000E+00   0.0000000000000000E+00   0.0000000000000000E+00 
   0.8751136324895949E-01   0.1235198677935789E-01   0.0000000000000000E+00   0.0000000000000000E+00   0.0000000000000000E+00 
   0.8765005439218269E-01   0.1220540921085392E-01   0.0000000000000000E+00   0.0000000000000000E+00   0.0000000000000000E+00 
   0.8781306917103630E-01   0.1203291972526819E-01   0.0000000000000000E+00   0.0000000000000000E+00   0.1452745366941184E-24 
   0.8788680733544155E-01   0.1193352871822122E-01   0.8463191698195933E-35   0.8666308298952635E-32   0.1453965262541209E-24 
   0.8807226909599022E-01   0.1173437088231525E-01   0.0000000000000000E+00   0.0000000000000000E+00   0.0000000000000000E+00 
   0.8825282801850372E-01   0.1153787483050202E-01   0.8498438207884658E-35   0.8702400724873890E-32   0.2920041133595316E-24 
   0.8842811414017909E-01   0.1134391512530806E-01   0.8515317647413163E-35   0.8719685270951079E-32   0.1462920432427648E-24 
   0.8859760599300653E-01   0.1115238024235382E-01   0.0000000000000000E+00   0.8736398458007209E-32   0.0000000000000000E+00 
   0.8876058826405465E-01   0.1096316758740703E-01   0.8547333740958456E-35   0.4376234875370729E-32   0.1468420755416556E-24 
   0.8900469627961539E-01   0.1070668283141457E-01   0.4285420243900062E-35   0.0000000000000000E+00   0.0000000000000000E+00 
   0.8917127342581850E-01   0.1050260579838869E-01   0.0000000000000000E+00   0.0000000000000000E+00   0.0000000000000000E+00 
   0.8943420666049161E-01   0.1019431927007865E-01   0.0000000000000000E+00   0.0000000000000000E+00   0.0000000000000000E+00 
   0.8962193464317936E-01   0.9946387436709253E-02   0.4315139190080373E-35   0.0000000000000000E+00   0.0000000000000000E+00 
   0.8991353541851556E-01   0.9585358037374602E-02   0.0000000000000000E+00   0.0000000000000000E+00   0.0000000000000000E+00 
   0.9016921348969119E-01   0.9234879106812808E-02   0.0000000000000000E+00   0.0000000000000000E+00   0.0000000000000000E+00 
   0.9046401729056976E-01   0.8823767760746629E-02   0.0000000000000000E+00   0.4460220410610508E-32   0.7483008123642118E-25 
   0.9073663361131366E-01   0.8393790194689832E-02   0.1747523997249223E-34   0.4473661432958011E-32   0.2251667525148182E-24 
   0.9108465643688290E-01   0.7835578727096559E-02   0.4385566682650409E-35   0.4490820283034019E-32   0.0000000000000000E+00 
   0.9136042232579444E-01   0.7279059619439708E-02   0.0000000000000000E+00   0.0000000000000000E+00   0.0000000000000000E+00 
   0.9161531615847963E-01   0.6638266885193120E-02   0.0000000000000000E+00   0.0000000000000000E+00   0.0000000000000000E+00 
   0.9177960009640938E-01   0.5929727557074981E-02   0.0000000000000000E+00   0.0000000000000000E+00   0.0000000000000000E+00 
   0.9171494776581586E-01   0.5219859616619493E-02   0.0000000000000000E+00   0.0000000000000000E+00   0.0000000000000000E+00 
   0.9134631191957228E-01   0.4455355220580532E-02   0.4398164935881023E-35   0.2251860447171084E-32   0.3777994912404587E-25 
   0.9043793380406075E-01   0.3675737532531774E-02   0.4354428120543781E-35   0.4458934395436832E-32   0.3740425274103657E-25 
   0.8869039203090834E-01   0.2923444040877014E-02   0.0000000000000000E+00   0.0000000000000000E+00   0.0000000000000000E+00 
   0.8563041357233762E-01   0.2209977136166553E-02   0.0000000000000000E+00   0.0000000000000000E+00   0.0000000000000000E+00 
   0.8064920925241212E-01   0.1546149033125561E-02   0.0000000000000000E+00   0.0000000000000000E+00   0.0000000000000000E+00 
   0.7309055155128584E-01   0.9640919479982024E-03   0.0000000000000000E+00   0.0000000000000000E+00   0.0000000000000000E+00 
   0.6248041584048492E-01   0.5125069921043321E-03   0.0000000000000000E+00   0.0000000000000000E+00   0.0000000000000000E+00 
   0.4930179290317560E-01   0.1875253555592443E-03   0.0000000000000000E+00   0.0000000000000000E+00   0.1274421476675353E-26 
   0.3519004033345311E-01   0.5367517918889916E-04   0.7942213174499056E-37   0.8132826290687033E-34   0.1364461833693351E-26 
   0.2272434514161369E-01   0.1200124643446309E-04   0.0000000000000000E+00   0.0000000000000000E+00   0.0000000000000000E+00 
   0.1379215664120998E-01   0.7198309299396621E-06   0.1621260221739843E-39   0.6640681868246395E-36   0.1114121540908533E-28 
   0.7525282084477333E-02   0.2042525459496864E-06   0.0000000000000000E+00   0.0000000000000000E+00   0.0000000000000000E+00 
   0.5583320435987985E-02   0.1507486829229419E-06   0.0000000000000000E+00   0.0000000000000000E+00   0.0000000000000000E+00 
   0.5049904472155908E-02   0.1369186878876427E-06   0.1484033544802869E-40   0.0000000000000000E+00   0.0000000000000000E+00 
   0.4711743185633348E-02   0.1280001736056488E-06   0.0000000000000000E+00   0.0000000000000000E+00   0.0000000000000000E+00 
   0.2587083248765575E-02   0.6834622705427827E-07   0.0000000000000000E+00   0.3114088185887646E-37   0.5224573013768519E-30 
   0.2931183065812058E-03   0.7538008084877172E-08   0.0000000000000000E+00   0.0000000000000000E+00   0.0000000000000000E+00 
   0.1261196324791176E-03   0.3237376716870064E-08   0.0000000000000000E+00   0.0000000000000000E+00   0.0000000000000000E+00 
   0.6305877762714302E-04   0.1610317617298464E-08   0.5791034130505115E-44   0.0000000000000000E+00   0.1273461872667610E-31 
   0.4026631551853652E-04   0.1314926522810015E-08   0.0000000000000000E+00   0.0000000000000000E+00   0.0000000000000000E+00 
   0.3306436703839036E-04   0.1684863115479443E-08   0.0000000000000000E+00   0.0000000000000000E+00   0.0000000000000000E+00 
   0.3133134750434100E-04   0.6120315219690991E-08   0.1150931937343838E-43   0.3017099017830631E-38   0.0000000000000000E+00 
   0.3097494440327866E-04   0.1118185525012111E-07   0.2275679510193031E-43   0.1193111459040084E-37   0.1000854433019532E-30 
   0.3103844124362342E-04   0.1089768728061806E-07   0.2280344521263052E-43   0.0000000000000000E+00   0.0000000000000000E+00 
