6
8
9
9
6
8
6
8
14
10
12
13
10
9
8
12
12
10
13
17
8
7
9
6
12
16
13
8
9
11
13
9
9
12
6
7
14
9
12
17
12
7
4
7
9
6
6
7
6
6
12
15
13
15
13
6
13
16
12
17
10
16
13
8
18
18
15
17
13
10
9
18
26
13
12
18
13
8
16
14
18
14
18
12
12
18
15
12
14
20
11
11
12
14
13
13
13
7
7
11
8
11
5
10
9
14
20
15
15
26
18
5
14
19
20
17
18
15
13
8
21
14
13
18
20
8
14
15
19
15
14
14
13
14
20
19
21
10
16
13
8
14
14
10
12
11
8
9
14
12
14
10
12
8
11
17
16
15
18
17
12
10
17
18
17
18
21
9
13
9
18
18
13
18
12
9
19
17
19
12
15
13
12
16
20
14
23
17
9
9
10
11
12
9
11
9
9
10
13
10
12
13
6
12
19
19
19
8
13
14
17
10
17
15
15
18
12
9
24
13
17
12
17
12
13
11
14
11
26
15
11
9
17
15
14
13
13
13
7
17
10
17
10
14
7
10
14
10
15
5
15
8
13
14
17
13
25
16
10
14
19
16
17
17
16
12
11
18
17
16
19
13
17
10
18
18
15
14
12
14
13
16
18
16
16
17
11
6
11
12
10
16
14
6
6
6
9
7
9
7
5
6
14
14
12
10
12
8
8
10
12
17
14
12
9
9
14
10
12
11
11
7
8
10
17
12
9
14
7
11
10
9
11
12
11
7
6
9
5
10
6
8
6
