5	1	6	26	25	30	
5	26	6	0	7	2	
7	1	26	27	3	28	
8	34	33	9	28	29	4	7	2	
3	9	34	8	29	28	
26	6	31	1	30	25	0	35	10	
5	26	31	1	30	0	35	10	11	36	7	
36	37	31	6	12	32	11	1	26	2	27	28	8	33	3	38	
3	34	33	9	28	4	7	32	38	13	12	39	14	
3	8	34	4	39	14	
35	5	6	11	15	16	
35	36	6	10	16	7	12	42	
7	36	37	32	11	38	13	8	42	17	16	18	
38	37	12	8	33	42	18	43	39	14	
39	9	8	13	18	19	
16	46	41	21	40	45	20	35	10	
15	46	41	21	40	20	35	11	36	10	42	17	12	47	22	
42	16	41	12	18	43	47	22	
19	48	43	23	44	24	42	13	12	17	39	14	47	22	
48	18	43	23	44	49	24	39	14	
15	21	46	16	45	40	
15	16	46	20	47	22	
47	21	16	17	18	23	
19	48	18	24	47	22	
19	23	18	48	49	44	
5	30	26	0	56	50	
5	6	31	1	30	25	0	7	2	27	32	56	51	50	52	
7	32	26	2	28	56	52	58	
3	8	33	34	29	4	7	32	27	2	58	53	52	54	
3	28	34	4	58	54	
5	6	31	26	25	0	35	36	56	50	55	60	
5	26	6	30	35	36	7	37	32	56	
7	37	12	31	27	26	28	33	8	38	56	52	57	62	58	
3	8	34	28	7	32	38	37	13	58	63	59	39	
3	8	33	9	28	29	4	58	54	59	39	
36	30	31	6	5	10	11	40	16	41	15	66	61	60	65	56	
35	30	31	11	6	16	41	61	60	7	37	12	42	56	
7	36	31	12	32	38	33	13	42	43	61	62	67	56	58	63	68	
32	37	12	33	8	13	7	42	43	58	63	39	64	44	68	
9	8	14	34	33	13	38	59	58	63	64	44	18	43	19	68	
15	16	41	46	45	20	65	66	70	35	
15	16	46	40	65	66	35	36	61	42	17	67	47	
36	37	12	16	41	11	17	13	18	43	38	61	62	66	67	68	47	
19	48	18	44	42	13	38	17	37	39	68	67	73	47	
19	18	43	48	49	24	39	38	68	74	69	64	
15	40	46	20	65	70	
15	16	41	21	40	45	20	65	66	71	70	47	
21	16	22	46	41	17	42	67	66	72	71	73	48	43	68	18	23	
19	18	43	23	44	49	24	68	73	74	47	
19	44	48	24	68	74	
56	75	76	80	51	55	26	25	30	
56	76	50	26	52	
56	51	26	27	32	57	77	82	76	58	53	28	78	
58	28	52	78	54	
58	79	84	78	53	59	29	28	34	
56	80	50	30	60	
75	76	50	80	81	51	55	30	26	31	25	85	60	61	86	36	35	52	32	27	57	77	82	87	62	37	
56	32	52	82	62	58	
82	88	83	63	62	87	57	32	37	38	33	28	53	52	27	77	78	79	84	54	59	29	34	64	89	39	
58	84	54	34	33	64	63	39	
35	36	61	66	65	86	85	90	56	80	55	30	
35	66	41	36	60	86	62	87	85	42	37	56	
86	87	92	66	61	67	42	37	56	82	57	32	58	63	88	68	
58	88	62	37	38	33	64	59	39	68	
58	63	88	89	84	59	39	38	68	94	69	44	
66	90	91	95	96	70	71	40	46	41	45	35	60	86	
71	92	91	96	67	72	65	90	40	41	46	35	61	60	86	62	42	47	
71	66	92	72	86	62	42	41	37	68	73	43	47	
97	92	72	98	93	73	67	88	63	62	87	42	43	37	38	99	74	94	69	44	48	49	64	89	39	47	
68	94	74	44	64	
65	95	96	90	71	45	46	40	
97	96	92	66	91	72	67	65	70	46	47	
71	97	92	96	67	66	68	98	73	47	
68	98	72	67	74	48	43	47	
68	99	98	94	73	69	48	49	44	
101	76	80	100	56	50	
101	106	81	80	75	100	77	82	102	56	50	51	52	
108	78	83	103	82	102	107	76	81	106	101	56	52	58	
79	108	83	103	84	104	77	82	102	58	52	53	54	
108	78	83	103	84	109	104	58	54	
101	106	81	105	76	75	100	86	110	85	56	50	55	60	
101	80	106	76	77	82	86	87	85	56	
77	78	83	108	107	76	81	106	87	88	112	86	56	52	57	62	58	
79	108	78	84	89	88	77	82	87	58	
79	78	83	108	109	104	89	88	114	58	54	59	64	
86	80	81	110	90	60	61	56	
107	106	82	81	112	111	87	116	92	91	117	66	62	61	67	105	80	110	85	115	90	60	65	56	
108	88	83	82	107	113	112	118	93	92	117	86	81	62	61	56	58	68	
89	94	93	118	113	84	83	108	87	82	92	58	63	62	64	68	
118	94	93	88	119	113	114	84	83	108	109	58	64	68	
115	96	91	95	116	120	65	66	70	86	110	85	60	
115	96	90	116	117	92	71	66	65	86	
117	97	98	93	118	116	91	96	87	88	112	71	66	72	67	86	62	68	
123	98	94	118	89	88	117	92	87	68	
123	98	93	99	118	119	124	89	88	114	68	74	69	64	
115	96	90	120	65	70	
115	90	91	95	116	121	120	117	97	92	122	71	72	66	65	70	
117	92	98	122	96	71	72	68	
123	94	93	99	118	124	117	97	92	122	68	72	73	74	
123	98	94	124	68	74	
101	105	106	80	75	76	
80	106	81	105	76	75	100	77	102	
77	103	78	108	107	106	101	76	
79	108	78	104	77	102	
79	103	78	108	109	84	
101	80	106	100	86	110	
101	80	81	105	76	100	77	107	82	102	86	112	111	110	
77	108	102	82	106	87	112	86	
79	78	83	103	84	109	104	89	113	88	114	77	82	102	107	87	112	
79	84	108	104	89	114	
86	105	80	106	111	85	115	116	90	
86	106	112	116	110	
87	113	108	107	82	118	117	92	86	106	111	116	
89	88	118	114	108	87	112	
89	119	94	118	113	108	109	84	
96	90	91	95	116	121	120	86	110	
115	90	91	96	121	120	117	92	86	111	112	110	
118	98	93	97	92	123	122	116	91	96	121	87	112	86	
123	98	93	94	119	124	89	88	113	114	117	92	87	112	
123	118	94	124	89	114	
115	95	90	96	121	116	
115	116	96	120	117	122	
117	123	98	97	96	121	
98	94	93	99	118	119	124	117	122	
123	99	94	98	119	118	
