   0.5257778408007203E-21
   0.5257709801288843E-21
   0.5257701449466820E-21
   0.5257692059271053E-21
   0.5257681497115103E-21
   0.5257669611973534E-21
   0.5257656230925406E-21
   0.5257641158490800E-21
   0.5257624169337543E-21
   0.5257605006433330E-21
   0.5257583374810024E-21
   0.5257558933525254E-21
   0.5257531289289154E-21
   0.5257499985223992E-21
   0.5257464486898158E-21
   0.5257424168588719E-21
   0.5257378289503478E-21
   0.5257325968519674E-21
   0.5257266147665963E-21
   0.5257197541567505E-21
   0.5257118573146495E-21
   0.5257027275082501E-21
   0.5256921157858028E-21
   0.5256797003952918E-21
   0.5256650557406913E-21
   0.5256476035506447E-21
   0.5256265307404475E-21
   0.5256006474293156E-21
   0.5255681239918992E-21
   0.5255259633423021E-21
   0.5254688438046276E-21
   0.5253861979522843E-21
   0.5252533067267070E-21
   0.5233132512861929E-21
   0.5229754349731643E-21
   0.5207613887679306E-21
   0.5202552742787787E-21
   0.5164817972719306E-21
   0.5128584028442120E-21
   0.5064740756548606E-21
   0.4982552182726978E-21
   0.4903737547453965E-21
   0.4916002405365426E-21
   0.4844704549944257E-21
   0.4796359435751933E-21
   0.4769721819280970E-21
   0.4744601959599757E-21
   0.4718144750233614E-21
   0.4686928333596366E-21
   0.4661576884492778E-21
   0.4630479814244539E-21
   0.4598799672877273E-21
   0.4564806971641248E-21
   0.4540879153351318E-21
   0.4505694802263242E-21
   0.4471518659810062E-21
   0.4426653815213250E-21
   0.4393097344922009E-21
   0.4360982770381594E-21
   0.4310804820804181E-21
   0.4284535963997120E-21
   0.4233165927110711E-21
   0.4205284134300283E-21
   0.4145680571799416E-21
   0.4111807090771865E-21
   0.4064250034621873E-21
   0.4019175597342919E-21
   0.3968597278463897E-21
   0.3943870781614001E-21
   0.3895490088044979E-21
   0.3851213717923522E-21
   0.3798932945111465E-21
   0.3750921387728714E-21
   0.3704558739875142E-21
   0.3658120424242427E-21
   0.3609015892811147E-21
   0.3562234846434867E-21
   0.3514352597006637E-21
   0.3458296265320192E-21
   0.3423247705027375E-21
   0.3357981455667830E-21
   0.3292723001946867E-21
   0.3227351889457646E-21
   0.3161742567454598E-21
   0.3095761731300154E-21
   0.3009171052221169E-21
   0.2936356630498077E-21
   0.2834281623120808E-21
   0.2743137095928838E-21
   0.2626061155172036E-21
   0.2504194380472229E-21
   0.2370995976511986E-21
   0.2226445784663103E-21
   0.2046721747710780E-21
   0.1869954564472621E-21
   0.1674268211357273E-21
   0.1462520866785730E-21
   0.1253066677103039E-21
   0.1037359666119265E-21
   0.8247984040039792E-22
   0.6317509263719311E-22
   0.4580122032794574E-22
   0.3046750476818472E-22
   0.1807547260112793E-22
   0.9127996458852759E-23
   0.3178374772889405E-23
   0.8552220419936647E-24
   0.1856912801799504E-24
   0.1086349234328952E-25
   0.2905423639615808E-26
   0.2127106992842359E-26
   0.1930211639106055E-26
   0.1787394583231358E-26
   0.9620318102426098E-27
   0.1070482054402778E-27
   0.4594354315891025E-28
   0.2298745818646248E-28
   0.1868754422147747E-28
   0.2399162777886624E-28
   0.8755306678815567E-28
   0.1606017641087430E-27
   0.1559005379013017E-27
