   0.4166744156879772E-25
   0.4168359640820542E-25
   0.4168432967195641E-25
   0.4168508538732954E-25
   0.4168586236912149E-25
   0.4168665893781093E-25
   0.4168747286815536E-25
   0.4168830117149697E-25
   0.4168914001964961E-25
   0.4168998447985849E-25
   0.4169082821336537E-25
   0.4169166321010129E-25
   0.4169247924050547E-25
   0.4169326333156436E-25
   0.4169399900048404E-25
   0.4169466518742801E-25
   0.4169523494106516E-25
   0.4169567353193458E-25
   0.4169593566484589E-25
   0.4169596315723006E-25
   0.4169567747555462E-25
   0.4169497527069508E-25
   0.4169371521990368E-25
   0.4169170430025632E-25
   0.4168867023170136E-25
   0.4168422264483247E-25
   0.4167778497672799E-25
   0.4166847623076420E-25
   0.4165489093785048E-25
   0.4163465953480290E-25
   0.4160348486027722E-25
   0.4155273603934420E-25
   0.4146222808420551E-25
   0.4147303024398965E-25
   0.4123186340705091E-25
   0.4748588388924701E-25
   0.4729114474085173E-25
   0.3954782527278850E-25
   0.3829787532021169E-25
   0.3724231976277966E-25
   0.3667470977994435E-25
   0.3654199237787708E-25
   0.4350930517659545E-25
   0.3612642865118043E-25
   0.3632381073661733E-25
   0.3677558172211270E-25
   0.3724526753390014E-25
   0.3732436129148577E-25
   0.3666444847239091E-25
   0.3754274418053483E-25
   0.3768478976855771E-25
   0.3823267684431222E-25
   0.3880805814990965E-25
   0.3886669370799151E-25
   0.3757472469069487E-25
   0.3924371886225780E-25
   0.3955884167014491E-25
   0.3977844504569439E-25
   0.4075880917405782E-25
   0.4119828051081758E-25
   0.4142548363627163E-25
   0.4233105308998223E-25
   0.4303819432629370E-25
   0.4110726915956379E-25
   0.4422666141013486E-25
   0.4495555708425859E-25
   0.4646697146685224E-25
   0.4673131874965800E-25
   0.4891122168706025E-25
   0.5011728173997195E-25
   0.5294578947162580E-25
   0.5305186124936061E-25
   0.5482946659522158E-25
   0.5754207892428413E-25
   0.6057436000143141E-25
   0.6248691148645148E-25
   0.6623951220199837E-25
   0.6972404827508990E-25
   0.7386858464487622E-25
   0.8606409454303402E-25
   0.9197915536247825E-25
   0.9885659212214858E-25
   0.1069041265913783E-24
   0.1163860807575724E-24
   0.1276425659567687E-24
   0.1318278953030578E-24
   0.1477150369005084E-24
   0.1662029206240260E-24
   0.1911748610012177E-24
   0.2186039379502943E-24
   0.2561180541115955E-24
   0.3005975251561872E-24
   0.3595865468580014E-24
   0.4352585007831488E-24
   0.5353292257151861E-24
   0.6666691341415432E-24
   0.8433886434608713E-24
   0.1082687616142163E-23
   0.1407718977834371E-23
   0.1856784884216518E-23
   0.2463168366110493E-23
   0.3294970912077866E-23
   0.4274339587338564E-23
   0.5452335564711675E-23
   0.6169172166190277E-23
   0.6307919793932655E-23
   0.4769971706375159E-23
   0.3068174681115507E-23
   0.1897681757302653E-23
   0.1719933423203892E-23
   0.1525636968804803E-23
   0.1301707709291664E-23
   0.1035591082148893E-23
   0.2700882000965738E-24
   0.7257023172087243E-26
   0.1660261251262106E-26
   0.6269467654895239E-27
   0.4023851503492769E-27
   0.3409661672886460E-27
   0.4232780946306527E-27
   0.5419116168530831E-27
   0.5357733040999500E-27
