2.405643E-08	9.503445E-09	2.764626E-10	1.334227E-12	9.063906E-14	2.209249E-14	5.440160E-15	1.514945E-15	3.897943E-16	1.069185E-16	2.796576E-17	7.762634E-18	2.079236E-18	6.161827E-19	1.727154E-19	4.819305E-20	1.931627E-20	1.009699E-20	7.049701E-21	5.686674E-21	4.830679E-21	4.189095E-21	3.674082E-21	3.244164E-21	2.884333E-21	2.580225E-21	2.321047E-21	2.098305E-21	1.904699E-21	1.738129E-21	1.592153E-21	1.464017E-21	1.350662E-21	1.252055E-21	1.164809E-21	1.087261E-21	1.016192E-21	9.546504E-22	8.993543E-22	8.609071E-22	8.087814E-22	
2.406514E-08	9.507425E-09	2.766458E-10	1.344309E-12	9.251434E-14	2.255107E-14	5.553059E-15	1.546360E-15	3.978681E-16	1.091264E-16	2.853872E-17	7.918399E-18	2.118385E-18	6.258626E-19	1.738183E-19	4.717018E-20	1.804300E-20	8.902229E-21	6.005920E-21	4.785971E-21	4.050108E-21	3.508362E-21	3.075978E-21	2.715994E-21	2.414808E-21	2.159919E-21	1.942633E-21	1.756114E-21	1.594116E-21	1.454814E-21	1.332927E-21	1.226210E-21	1.131539E-21	1.048682E-21	9.738989E-22	9.082878E-22	8.488581E-22	7.922246E-22	7.504430E-22	7.029198E-22	6.659931E-22	
2.406624E-08	9.507925E-09	2.766687E-10	1.345564E-12	9.274687E-14	2.260752E-14	5.566690E-15	1.549991E-15	3.986819E-16	1.092659E-16	2.851104E-17	7.863295E-18	2.065738E-18	5.816836E-19	1.375010E-19	1.727331E-20	0.000000E+00	0.000000E+00	0.000000E+00	0.000000E+00	0.000000E+00	0.000000E+00	0.000000E+00	0.000000E+00	0.000000E+00	0.000000E+00	0.000000E+00	0.000000E+00	0.000000E+00	0.000000E+00	0.000000E+00	0.000000E+00	0.000000E+00	0.000000E+00	0.000000E+00	0.000000E+00	0.000000E+00	0.000000E+00	0.000000E+00	0.000000E+00	0.000000E+00	
2.406748E-08	9.508489E-09	2.766946E-10	1.346989E-12	9.301245E-14	2.267283E-14	5.583000E-15	1.554670E-15	3.999882E-16	1.096952E-16	2.867795E-17	7.949991E-18	2.121228E-18	6.224604E-19	1.693134E-19	4.298126E-20	1.446051E-20	5.863215E-21	3.420607E-21	2.569325E-21	2.134002E-21	1.838982E-21	1.610085E-21	1.421054E-21	1.263228E-21	1.129933E-21	1.016294E-21	9.187378E-22	8.340167E-22	7.614955E-22	6.980038E-22	6.419586E-22	5.924372E-22	5.486647E-22	5.106308E-22	4.752648E-22	4.445665E-22	4.197156E-22	3.935350E-22	3.724076E-22	3.554417E-22	
2.406887E-08	9.509127E-09	2.767239E-10	1.348590E-12	9.330972E-14	2.274528E-14	5.600683E-15	1.559498E-15	4.011599E-16	1.099677E-16	2.871180E-17	7.931744E-18	2.094256E-18	5.978219E-19	1.484634E-19	2.564898E-20	3.906113E-23	0.000000E+00	0.000000E+00	0.000000E+00	0.000000E+00	0.000000E+00	0.000000E+00	0.000000E+00	0.000000E+00	0.000000E+00	0.000000E+00	0.000000E+00	0.000000E+00	0.000000E+00	0.000000E+00	0.000000E+00	0.000000E+00	0.000000E+00	0.000000E+00	0.000000E+00	0.000000E+00	0.000000E+00	0.000000E+00	0.000000E+00	0.000000E+00	
2.407046E-08	9.509849E-09	2.767570E-10	1.350405E-12	9.364793E-14	2.282833E-14	5.621341E-15	1.565376E-15	4.027666E-16	1.104738E-16	2.889447E-17	8.019621E-18	2.147512E-18	6.360058E-19	1.779335E-19	4.937259E-20	1.960994E-20	1.013981E-20	7.036316E-21	5.663322E-21	4.807412E-21	4.167976E-21	3.655219E-21	3.227188E-21	2.869047E-21	2.566410E-21	2.308414E-21	2.086901E-21	1.894430E-21	1.728685E-21	1.583514E-21	1.456683E-21	1.344463E-21	1.246283E-21	1.158755E-21	1.081719E-21	1.012105E-21	9.496569E-22	8.936177E-22	8.423338E-22	7.955748E-22	
2.407225E-08	9.510667E-09	2.767944E-10	1.352453E-12	9.402818E-14	2.292114E-14	5.644080E-15	1.571635E-15	4.043254E-16	1.108653E-16	2.896939E-17	8.020104E-18	2.131416E-18	6.190080E-19	1.629246E-19	3.672189E-20	9.046023E-21	1.254687E-21	0.000000E+00	0.000000E+00	0.000000E+00	0.000000E+00	0.000000E+00	0.000000E+00	0.000000E+00	0.000000E+00	0.000000E+00	0.000000E+00	0.000000E+00	0.000000E+00	0.000000E+00	0.000000E+00	0.000000E+00	0.000000E+00	0.000000E+00	0.000000E+00	0.000000E+00	0.000000E+00	0.000000E+00	0.000000E+00	0.000000E+00	
2.407429E-08	9.511595E-09	2.768369E-10	1.354772E-12	9.445932E-14	2.302657E-14	5.670034E-15	1.578857E-15	4.061808E-16	1.113724E-16	2.910073E-17	8.055630E-18	2.140195E-18	6.210552E-19	1.630363E-19	3.637139E-20	8.658307E-21	9.009559E-22	0.000000E+00	0.000000E+00	0.000000E+00	0.000000E+00	0.000000E+00	0.000000E+00	0.000000E+00	0.000000E+00	0.000000E+00	0.000000E+00	0.000000E+00	0.000000E+00	0.000000E+00	0.000000E+00	0.000000E+00	0.000000E+00	0.000000E+00	0.000000E+00	0.000000E+00	0.000000E+00	0.000000E+00	0.000000E+00	0.000000E+00	
2.407660E-08	9.512648E-09	2.768851E-10	1.357400E-12	9.494795E-14	2.314609E-14	5.699478E-15	1.587061E-15	4.082979E-16	1.119572E-16	2.925697E-17	8.101441E-18	2.154435E-18	6.267588E-19	1.658794E-19	3.819325E-20	1.005652E-20	2.040810E-21	1.470651E-22	0.000000E+00	0.000000E+00	0.000000E+00	0.000000E+00	0.000000E+00	0.000000E+00	0.000000E+00	0.000000E+00	0.000000E+00	0.000000E+00	0.000000E+00	0.000000E+00	0.000000E+00	0.000000E+00	0.000000E+00	0.000000E+00	0.000000E+00	0.000000E+00	0.000000E+00	0.000000E+00	0.000000E+00	0.000000E+00	
2.407923E-08	9.513847E-09	2.769399E-10	1.360381E-12	9.550189E-14	2.328148E-14	5.732764E-15	1.596295E-15	4.106504E-16	1.125861E-16	2.940916E-17	8.134577E-18	2.156050E-18	6.217701E-19	1.599016E-19	3.274392E-20	5.416879E-21	0.000000E+00	0.000000E+00	0.000000E+00	0.000000E+00	0.000000E+00	0.000000E+00	0.000000E+00	0.000000E+00	0.000000E+00	0.000000E+00	0.000000E+00	0.000000E+00	0.000000E+00	0.000000E+00	0.000000E+00	0.000000E+00	0.000000E+00	0.000000E+00	0.000000E+00	0.000000E+00	0.000000E+00	0.000000E+00	0.000000E+00	0.000000E+00	
2.408223E-08	9.515212E-09	2.770022E-10	1.363772E-12	9.613273E-14	2.343605E-14	5.771010E-15	1.607054E-15	4.135021E-16	1.134260E-16	2.967336E-17	8.240825E-18	2.210832E-18	6.578520E-19	1.866436E-19	5.393728E-20	2.282444E-20	1.266828E-20	9.138475E-21	7.454932E-21	6.353645E-21	5.514611E-21	4.837632E-21	4.271804E-21	3.798078E-21	3.397417E-21	3.055796E-21	2.762461E-21	2.507463E-21	2.288249E-21	2.096112E-21	1.927478E-21	1.778590E-21	1.647718E-21	1.533220E-21	1.429935E-21	1.336232E-21	1.252927E-21	1.177812E-21	1.119388E-21	1.057543E-21	
2.408566E-08	9.516771E-09	2.770733E-10	1.367626E-12	9.684837E-14	2.361083E-14	5.813894E-15	1.618899E-15	4.164812E-16	1.141954E-16	2.983825E-17	8.259746E-18	2.194460E-18	6.368366E-19	1.672135E-19	3.733644E-20	8.914570E-21	9.547168E-22	0.000000E+00	0.000000E+00	0.000000E+00	0.000000E+00	0.000000E+00	0.000000E+00	0.000000E+00	0.000000E+00	0.000000E+00	0.000000E+00	0.000000E+00	0.000000E+00	0.000000E+00	0.000000E+00	0.000000E+00	0.000000E+00	0.000000E+00	0.000000E+00	0.000000E+00	0.000000E+00	0.000000E+00	0.000000E+00	0.000000E+00	
2.408958E-08	9.518556E-09	2.771545E-10	1.372024E-12	9.766562E-14	2.381078E-14	5.863182E-15	1.632652E-15	4.200437E-16	1.151890E-16	3.011104E-17	8.345025E-18	2.224963E-18	6.516572E-19	1.762112E-19	4.384717E-20	1.412121E-20	5.265919E-21	2.836554E-21	2.052182E-21	1.683055E-21	1.445391E-21	1.264586E-21	1.115990E-21	9.921263E-22	8.871847E-22	7.976896E-22	7.210733E-22	6.544338E-22	5.970856E-22	5.467676E-22	5.032347E-22	4.643553E-22	4.308936E-22	4.002278E-22	3.730053E-22	3.481421E-22	3.270641E-22	3.034152E-22	2.881191E-22	2.743749E-22	
2.409409E-08	9.520604E-09	2.772475E-10	1.377046E-12	9.859839E-14	2.403876E-14	5.919236E-15	1.648204E-15	4.240074E-16	1.162498E-16	3.036850E-17	8.401741E-18	2.228393E-18	6.438119E-19	1.665902E-19	3.503392E-20	6.609680E-21	0.000000E+00	0.000000E+00	0.000000E+00	0.000000E+00	0.000000E+00	0.000000E+00	0.000000E+00	0.000000E+00	0.000000E+00	0.000000E+00	0.000000E+00	0.000000E+00	0.000000E+00	0.000000E+00	0.000000E+00	0.000000E+00	0.000000E+00	0.000000E+00	0.000000E+00	0.000000E+00	0.000000E+00	0.000000E+00	0.000000E+00	0.000000E+00	
2.409928E-08	9.522961E-09	2.773545E-10	1.382801E-12	9.966716E-14	2.430013E-14	5.983584E-15	1.666110E-15	4.286108E-16	1.175094E-16	3.069607E-17	8.491275E-18	2.251292E-18	6.497885E-19	1.675878E-19	3.475329E-20	6.134635E-21	0.000000E+00	0.000000E+00	0.000000E+00	0.000000E+00	0.000000E+00	0.000000E+00	0.000000E+00	0.000000E+00	0.000000E+00	0.000000E+00	0.000000E+00	0.000000E+00	0.000000E+00	0.000000E+00	0.000000E+00	0.000000E+00	0.000000E+00	0.000000E+00	0.000000E+00	0.000000E+00	0.000000E+00	0.000000E+00	0.000000E+00	0.000000E+00	
2.410528E-08	9.525683E-09	2.774777E-10	1.389412E-12	1.008952E-13	2.460061E-14	6.057682E-15	1.686801E-15	4.339820E-16	1.190154E-16	3.111548E-17	8.626571E-18	2.302655E-18	6.764087E-19	1.846037E-19	4.738932E-20	1.632000E-20	6.892769E-21	4.162603E-21	3.175305E-21	2.650432E-21	2.287219E-21	2.003371E-21	1.768646E-21	1.572589E-21	1.406395E-21	1.264782E-21	1.143312E-21	1.037650E-21	9.467354E-22	8.670187E-22	7.975139E-22	7.358179E-22	6.824738E-22	6.354087E-22	5.918213E-22	5.534712E-22	5.206141E-22	4.824281E-22	4.611016E-22	4.366579E-22	
2.411225E-08	9.528841E-09	2.776203E-10	1.397028E-12	1.023091E-13	2.494639E-14	6.142822E-15	1.710498E-15	4.400777E-16	1.206859E-16	3.155178E-17	8.747240E-18	2.334669E-18	6.856712E-19	1.870136E-19	4.790907E-20	1.642994E-20	6.890747E-21	4.137614E-21	3.148153E-21	2.625522E-21	2.265023E-21	1.983656E-21	1.751112E-21	1.556980E-21	1.392662E-21	1.252628E-21	1.132426E-21	1.027975E-21	9.379446E-22	8.591188E-22	7.898893E-22	7.288471E-22	6.755418E-22	6.283346E-22	5.850740E-22	5.462426E-22	5.128242E-22	4.801194E-22	4.619628E-22	4.386582E-22	
2.412037E-08	9.532520E-09	2.777859E-10	1.405835E-12	1.039432E-13	2.534584E-14	6.241068E-15	1.737776E-15	4.470451E-16	1.225609E-16	3.201513E-17	8.855877E-18	2.347849E-18	6.775892E-19	1.747078E-19	3.618448E-20	6.348119E-21	0.000000E+00	0.000000E+00	0.000000E+00	0.000000E+00	0.000000E+00	0.000000E+00	0.000000E+00	0.000000E+00	0.000000E+00	0.000000E+00	0.000000E+00	0.000000E+00	0.000000E+00	0.000000E+00	0.000000E+00	0.000000E+00	0.000000E+00	0.000000E+00	0.000000E+00	0.000000E+00	0.000000E+00	0.000000E+00	0.000000E+00	0.000000E+00	
2.412991E-08	9.536830E-09	2.779794E-10	1.416065E-12	1.058413E-13	2.581001E-14	6.355352E-15	1.769580E-15	4.552223E-16	1.247991E-16	3.259768E-17	9.015487E-18	2.388981E-18	6.885618E-19	1.767673E-19	3.592026E-20	5.698094E-21	0.000000E+00	0.000000E+00	0.000000E+00	0.000000E+00	0.000000E+00	0.000000E+00	0.000000E+00	0.000000E+00	0.000000E+00	0.000000E+00	0.000000E+00	0.000000E+00	0.000000E+00	0.000000E+00	0.000000E+00	0.000000E+00	0.000000E+00	0.000000E+00	0.000000E+00	0.000000E+00	0.000000E+00	0.000000E+00	0.000000E+00	0.000000E+00	
2.414117E-08	9.541912E-09	2.782066E-10	1.428010E-12	1.080568E-13	2.635203E-14	6.488942E-15	1.806839E-15	4.648642E-16	1.274812E-16	3.332877E-17	9.240303E-18	2.466754E-18	7.248545E-19	1.980393E-19	5.102503E-20	1.770323E-20	7.570874E-21	4.618307E-21	3.537524E-21	2.957031E-21	2.552963E-21	2.236505E-21	1.974246E-21	1.755172E-21	1.570010E-21	1.412181E-21	1.276691E-21	1.158819E-21	1.057368E-21	9.685124E-22	8.907352E-22	8.222784E-22	7.606888E-22	7.083898E-22	6.630653E-22	6.197290E-22	5.813130E-22	5.417904E-22	5.180962E-22	4.832320E-22	
2.415456E-08	9.547949E-09	2.784754E-10	1.442030E-12	1.106555E-13	2.698745E-14	6.645347E-15	1.850337E-15	4.760276E-16	1.305225E-16	3.410938E-17	9.446018E-18	2.513173E-18	7.320799E-19	1.945974E-19	4.554612E-20	1.257655E-20	3.095145E-21	7.792849E-22	2.398827E-22	1.048356E-22	6.777366E-23	5.435786E-23	4.674517E-23	4.119132E-23	3.653994E-23	3.250691E-23	2.937510E-23	2.667328E-23	2.491724E-23	2.333308E-23	2.110578E-23	1.934210E-23	1.804410E-23	1.738666E-23	1.681194E-23	1.483518E-23	1.398733E-23	1.349183E-23	6.804474E-24	1.173006E-23	
2.417065E-08	9.555183E-09	2.787958E-10	1.458605E-12	1.137261E-13	2.773834E-14	6.830224E-15	1.901781E-15	4.892530E-16	1.341409E-16	3.505000E-17	9.702853E-18	2.578656E-18	7.489938E-19	1.972593E-19	4.457464E-20	1.107508E-20	1.630736E-21	0.000000E+00	0.000000E+00	0.000000E+00	0.000000E+00	0.000000E+00	0.000000E+00	0.000000E+00	0.000000E+00	0.000000E+00	0.000000E+00	0.000000E+00	0.000000E+00	0.000000E+00	0.000000E+00	0.000000E+00	0.000000E+00	0.000000E+00	0.000000E+00	0.000000E+00	0.000000E+00	0.000000E+00	0.000000E+00	0.000000E+00	
2.419018E-08	9.563942E-09	2.791816E-10	1.478358E-12	1.173832E-13	2.863268E-14	7.050449E-15	1.963078E-15	5.050233E-16	1.384641E-16	3.618039E-17	1.001638E-17	2.662548E-18	7.737957E-19	2.041710E-19	4.647095E-20	1.181369E-20	2.003911E-21	0.000000E+00	0.000000E+00	0.000000E+00	0.000000E+00	0.000000E+00	0.000000E+00	0.000000E+00	0.000000E+00	0.000000E+00	0.000000E+00	0.000000E+00	0.000000E+00	0.000000E+00	0.000000E+00	0.000000E+00	0.000000E+00	0.000000E+00	0.000000E+00	0.000000E+00	0.000000E+00	0.000000E+00	0.000000E+00	0.000000E+00	
2.421419E-08	9.574684E-09	2.796514E-10	1.502126E-12	1.217796E-13	2.970764E-14	7.315041E-15	2.036654E-15	5.239033E-16	1.436048E-16	3.749778E-17	1.036196E-17	2.739197E-18	7.845312E-19	1.971518E-19	3.623286E-20	2.336442E-21	0.000000E+00	0.000000E+00	0.000000E+00	0.000000E+00	0.000000E+00	0.000000E+00	0.000000E+00	0.000000E+00	0.000000E+00	0.000000E+00	0.000000E+00	0.000000E+00	0.000000E+00	0.000000E+00	0.000000E+00	0.000000E+00	0.000000E+00	0.000000E+00	0.000000E+00	0.000000E+00	0.000000E+00	0.000000E+00	0.000000E+00	0.000000E+00	
2.424416E-08	9.588054E-09	2.802317E-10	1.531064E-12	1.271280E-13	3.101566E-14	7.637198E-15	2.126356E-15	5.470089E-16	1.499570E-16	3.917270E-17	1.083685E-17	2.874532E-18	8.307886E-19	2.152810E-19	4.555553E-20	8.841020E-21	0.000000E+00	0.000000E+00	0.000000E+00	0.000000E+00	0.000000E+00	0.000000E+00	0.000000E+00	0.000000E+00	0.000000E+00	0.000000E+00	0.000000E+00	0.000000E+00	0.000000E+00	0.000000E+00	0.000000E+00	0.000000E+00	0.000000E+00	0.000000E+00	0.000000E+00	0.000000E+00	0.000000E+00	0.000000E+00	0.000000E+00	0.000000E+00	
2.428232E-08	9.605011E-09	2.809608E-10	1.566803E-12	1.337256E-13	3.262935E-14	8.034743E-15	2.237106E-15	5.755806E-16	1.578422E-16	4.127522E-17	1.145007E-17	3.062663E-18	9.045655E-19	2.510737E-19	6.802607E-20	2.595168E-20	1.276051E-20	8.590015E-21	6.839225E-21	5.786925E-21	5.013184E-21	4.395820E-21	3.880991E-21	3.450358E-21	3.086625E-21	2.776450E-21	2.509939E-21	2.278213E-21	2.078736E-21	1.903941E-21	1.751039E-21	1.615822E-21	1.496975E-21	1.392258E-21	1.299133E-21	1.217807E-21	1.143646E-21	1.080552E-21	1.025694E-21	9.642268E-22	
2.433204E-08	9.627014E-09	2.818965E-10	1.611722E-12	1.420048E-13	3.465385E-14	8.533210E-15	2.375789E-15	6.112278E-16	1.675886E-16	4.380440E-17	1.213722E-17	3.235094E-18	9.469263E-19	2.556447E-19	6.327393E-20	2.013473E-20	7.324644E-21	3.844052E-21	2.742885E-21	2.238789E-21	1.919954E-21	1.679011E-21	1.481390E-21	1.316787E-21	1.178235E-21	1.060018E-21	9.582703E-22	8.698933E-22	7.937850E-22	7.271248E-22	6.686947E-22	6.173278E-22	5.724756E-22	5.320234E-22	4.953157E-22	4.629971E-22	4.338109E-22	4.092858E-22	3.878605E-22	3.668902E-22	
2.439877E-08	9.656399E-09	2.831303E-10	1.669467E-12	1.526290E-13	3.725200E-14	9.173099E-15	2.553914E-15	6.570878E-16	1.801781E-16	4.711064E-17	1.306472E-17	3.491689E-18	1.029159E-18	2.839002E-19	7.546059E-20	2.781359E-20	1.304915E-20	8.520249E-21	6.706456E-21	5.654648E-21	4.893710E-21	4.289966E-21	3.787218E-21	3.366813E-21	3.011726E-21	2.709000E-21	2.449059E-21	2.223163E-21	2.028553E-21	1.858063E-21	1.708018E-21	1.576534E-21	1.460177E-21	1.357034E-21	1.264527E-21	1.183733E-21	1.109160E-21	1.044679E-21	9.920064E-22	9.302501E-22	
2.449177E-08	9.697125E-09	2.848146E-10	1.745880E-12	1.666552E-13	4.068186E-14	1.001774E-14	2.788960E-15	7.175553E-16	1.967426E-16	5.143447E-17	1.425816E-17	3.806465E-18	1.118786E-18	3.059920E-19	7.912549E-20	2.766186E-20	1.197879E-20	7.379378E-21	5.676021E-21	4.750647E-21	4.102702E-21	3.594346E-21	3.172962E-21	2.820968E-21	2.523598E-21	2.270148E-21	2.052243E-21	1.862838E-21	1.700030E-21	1.557347E-21	1.431776E-21	1.321110E-21	1.221865E-21	1.136382E-21	1.061366E-21	9.917492E-22	9.275484E-22	8.780217E-22	8.405893E-22	7.902751E-22	
2.462800E-08	9.756401E-09	2.872229E-10	1.851008E-12	1.858946E-13	4.538625E-14	1.117619E-14	3.111247E-15	8.004198E-16	2.194064E-16	5.732340E-17	1.586341E-17	4.213693E-18	1.222358E-18	3.207365E-19	7.144579E-20	1.692969E-20	1.681998E-21	0.000000E+00	0.000000E+00	0.000000E+00	0.000000E+00	0.000000E+00	0.000000E+00	0.000000E+00	0.000000E+00	0.000000E+00	0.000000E+00	0.000000E+00	0.000000E+00	0.000000E+00	0.000000E+00	0.000000E+00	0.000000E+00	0.000000E+00	0.000000E+00	0.000000E+00	0.000000E+00	0.000000E+00	0.000000E+00	0.000000E+00	
2.484155E-08	9.848636E-09	2.908934E-10	2.003729E-12	2.137368E-13	5.219443E-14	1.285307E-14	3.577919E-15	9.205495E-16	2.523531E-16	6.595562E-17	1.826922E-17	4.866981E-18	1.422706E-18	3.826100E-19	9.343939E-20	2.881742E-20	9.776194E-21	4.726459E-21	3.221033E-21	2.585602E-21	2.206682E-21	1.927481E-21	1.700106E-21	1.511096E-21	1.351692E-21	1.215886E-21	1.099190E-21	9.977166E-22	9.105477E-22	8.341647E-22	7.670078E-22	7.077757E-22	6.559210E-22	6.093201E-22	5.684360E-22	5.313232E-22	4.992234E-22	4.718965E-22	4.426721E-22	4.202403E-22	
2.523545E-08	1.001634E-08	2.972856E-10	2.239556E-12	2.557994E-13	6.230818E-14	1.529962E-14	4.241297E-15	1.086303E-15	2.960407E-16	7.686019E-17	2.112481E-17	5.575597E-18	1.610475E-18	4.226148E-19	9.548305E-20	2.414087E-20	4.029641E-21	0.000000E+00	0.000000E+00	0.000000E+00	0.000000E+00	0.000000E+00	0.000000E+00	0.000000E+00	0.000000E+00	0.000000E+00	0.000000E+00	0.000000E+00	0.000000E+00	0.000000E+00	0.000000E+00	0.000000E+00	0.000000E+00	0.000000E+00	0.000000E+00	0.000000E+00	0.000000E+00	0.000000E+00	0.000000E+00	0.000000E+00	
2.596219E-08	1.032518E-08	3.089980E-10	2.668863E-12	3.330414E-13	8.114201E-14	1.992568E-14	5.523021E-15	1.414706E-15	3.854865E-16	1.000808E-16	2.749982E-17	7.254494E-18	2.092460E-18	5.466845E-19	1.214028E-19	2.901811E-20	3.223657E-21	0.000000E+00	0.000000E+00	0.000000E+00	0.000000E+00	0.000000E+00	0.000000E+00	0.000000E+00	0.000000E+00	0.000000E+00	0.000000E+00	0.000000E+00	0.000000E+00	0.000000E+00	0.000000E+00	0.000000E+00	0.000000E+00	0.000000E+00	0.000000E+00	0.000000E+00	0.000000E+00	0.000000E+00	0.000000E+00	0.000000E+00	
2.742053E-08	1.093991E-08	3.317346E-10	3.442346E-12	4.711756E-13	1.148199E-13	2.819949E-14	7.814932E-15	2.002123E-15	5.454751E-16	1.416414E-16	3.892351E-17	1.027531E-17	2.968862E-18	7.802143E-19	1.772766E-19	4.562335E-20	8.393130E-21	0.000000E+00	0.000000E+00	0.000000E+00	0.000000E+00	0.000000E+00	0.000000E+00	0.000000E+00	0.000000E+00	0.000000E+00	0.000000E+00	0.000000E+00	0.000000E+00	0.000000E+00	0.000000E+00	0.000000E+00	0.000000E+00	0.000000E+00	0.000000E+00	0.000000E+00	0.000000E+00	0.000000E+00	0.000000E+00	0.000000E+00	
3.068622E-08	1.231029E-08	3.817148E-10	5.068625E-12	7.602046E-13	1.852771E-13	4.551428E-14	1.260955E-14	3.231467E-15	8.802021E-16	2.286163E-16	6.282576E-17	1.659694E-17	4.802917E-18	1.269150E-18	2.944437E-19	8.058551E-20	1.939694E-20	4.571879E-21	1.175036E-21	3.598558E-22	1.620851E-22	1.088054E-22	8.891906E-23	7.761522E-23	6.882984E-23	6.161960E-23	5.552386E-23	5.009085E-23	4.561462E-23	4.161293E-23	3.854613E-23	3.583741E-23	3.274331E-23	3.183365E-23	2.819250E-23	2.682448E-23	2.329418E-23	2.421982E-23	1.078281E-23	1.083824E-23	
3.836834E-08	1.554386E-08	5.009003E-10	9.083868E-12	1.474545E-12	3.587701E-13	8.801205E-14	2.430849E-14	6.215216E-15	1.686009E-15	4.362416E-16	1.192892E-16	3.136072E-17	9.028640E-18	2.369384E-18	5.402050E-19	1.420618E-19	2.926642E-20	2.738194E-21	0.000000E+00	0.000000E+00	0.000000E+00	0.000000E+00	0.000000E+00	0.000000E+00	0.000000E+00	0.000000E+00	0.000000E+00	0.000000E+00	0.000000E+00	0.000000E+00	0.000000E+00	0.000000E+00	0.000000E+00	0.000000E+00	0.000000E+00	0.000000E+00	0.000000E+00	0.000000E+00	0.000000E+00	0.000000E+00	
5.843358E-08	2.413418E-08	8.352691E-10	2.232572E-11	3.868606E-12	9.410698E-13	2.310593E-13	6.375243E-14	1.631860E-14	4.423074E-15	1.145213E-15	3.129508E-16	8.227934E-17	2.366338E-17	6.196859E-18	1.400830E-18	3.589552E-19	6.521648E-20	0.000000E+00	0.000000E+00	0.000000E+00	0.000000E+00	0.000000E+00	0.000000E+00	0.000000E+00	0.000000E+00	0.000000E+00	0.000000E+00	0.000000E+00	0.000000E+00	0.000000E+00	0.000000E+00	0.000000E+00	0.000000E+00	0.000000E+00	0.000000E+00	0.000000E+00	0.000000E+00	0.000000E+00	0.000000E+00	0.000000E+00	
1.092356E-07	4.693063E-08	1.850605E-09	7.611465E-11	1.379717E-11	3.354212E-12	8.250392E-13	2.271750E-13	5.828690E-14	1.577305E-14	4.090429E-15	1.116806E-15	2.940408E-16	8.466198E-17	2.230724E-17	5.157592E-18	1.412210E-18	3.428298E-19	8.397946E-20	2.433013E-20	9.657243E-21	5.788008E-21	4.499394E-21	3.847550E-21	3.393424E-21	3.031291E-21	2.726729E-21	2.465850E-21	2.239091E-21	2.042926E-21	1.871188E-21	1.720871E-21	1.588739E-21	1.470884E-21	1.365990E-21	1.279373E-21	1.215708E-21	1.135737E-21	1.030766E-21	1.004154E-21	9.596594E-22	
2.107412E-07	9.750533E-08	4.714860E-09	2.865155E-10	5.322836E-11	1.291464E-11	3.185092E-12	8.727373E-13	2.246483E-13	6.051550E-14	1.571102E-14	4.272515E-15	1.124230E-15	3.227281E-16	8.493477E-17	1.959378E-17	5.352774E-18	1.292774E-18	3.120902E-19	8.687239E-20	3.201456E-20	1.795117E-20	1.355843E-20	1.150254E-20	1.012895E-20	9.043151E-21	8.132584E-21	7.350140E-21	6.670331E-21	6.085104E-21	5.570994E-21	5.120812E-21	4.721644E-21	4.377865E-21	4.070994E-21	3.786538E-21	3.556393E-21	3.325740E-21	3.161004E-21	2.956262E-21	2.756309E-21	
3.600933E-07	1.884679E-07	1.185712E-08	9.756077E-10	1.834762E-10	4.441949E-11	1.101856E-11	3.000268E-12	7.780765E-13	2.085822E-13	5.441423E-14	1.474961E-14	3.890411E-15	1.114542E-15	2.935639E-16	6.773802E-17	1.849426E-17	4.459126E-18	1.069776E-18	2.914121E-19	1.027449E-19	5.507915E-20	4.072583E-20	3.433584E-20	3.019074E-20	2.693743E-20	2.421602E-20	2.188898E-20	1.986884E-20	1.813270E-20	1.661157E-20	1.527174E-20	1.409477E-20	1.304128E-20	1.213510E-20	1.131122E-20	1.058550E-20	9.948854E-21	9.349217E-21	8.945311E-21	8.399371E-21	
4.929482E-07	2.989155E-07	2.395215E-08	2.386340E-09	4.512575E-10	1.089654E-10	2.721769E-11	7.357161E-12	1.924885E-12	5.131678E-13	1.346334E-13	3.635772E-14	9.616537E-15	2.748132E-15	7.242993E-16	1.669874E-16	4.540070E-17	1.078449E-17	2.447734E-18	5.501338E-19	1.065196E-19	7.536274E-21	0.000000E+00	0.000000E+00	0.000000E+00	0.000000E+00	0.000000E+00	0.000000E+00	0.000000E+00	0.000000E+00	0.000000E+00	0.000000E+00	0.000000E+00	0.000000E+00	0.000000E+00	0.000000E+00	0.000000E+00	0.000000E+00	0.000000E+00	0.000000E+00	0.000000E+00	
5.645774E-07	3.848231E-07	3.615893E-08	3.994561E-09	7.580363E-10	1.827949E-10	4.594490E-11	1.236295E-11	3.260648E-12	8.670366E-13	2.288584E-13	6.175001E-14	1.640024E-14	4.686090E-15	1.237860E-15	2.860379E-16	7.777841E-17	1.844170E-17	4.137629E-18	8.804898E-19	1.251660E-19	0.000000E+00	0.000000E+00	0.000000E+00	0.000000E+00	0.000000E+00	0.000000E+00	0.000000E+00	0.000000E+00	0.000000E+00	0.000000E+00	0.000000E+00	0.000000E+00	0.000000E+00	0.000000E+00	0.000000E+00	0.000000E+00	0.000000E+00	0.000000E+00	0.000000E+00	0.000000E+00	
6.022264E-07	4.477716E-07	4.681322E-08	5.523844E-09	1.055653E-09	2.557356E-10	6.499628E-11	1.758222E-11	4.710363E-12	1.265770E-12	3.402268E-13	9.315379E-14	2.519656E-14	7.295988E-15	1.954084E-15	4.597710E-16	1.265776E-16	3.070485E-17	7.275708E-18	1.832266E-18	5.275838E-19	2.139820E-19	1.330504E-19	1.057111E-19	9.152744E-20	8.137501E-20	7.309552E-20	6.607231E-20	5.997887E-20	5.471843E-20	5.011179E-20	4.608886E-20	4.252759E-20	3.943476E-20	3.664160E-20	3.416877E-20	3.199538E-20	3.009400E-20	2.821203E-20	2.672970E-20	2.523566E-20	
6.193063E-07	4.902945E-07	5.509006E-08	6.777662E-09	1.300215E-09	3.154188E-10	8.062626E-11	2.182980E-11	5.893301E-12	1.588733E-12	4.303966E-13	1.184097E-13	3.225695E-14	9.380671E-15	2.524586E-15	5.973759E-16	1.647443E-16	3.992276E-17	9.327288E-18	2.210732E-18	5.212630E-19	1.302765E-19	4.197523E-20	2.146881E-20	1.582991E-20	1.351520E-20	1.204047E-20	1.085597E-20	9.840747E-21	8.957357E-21	8.185326E-21	7.532267E-21	6.951102E-21	6.437582E-21	5.989707E-21	5.588332E-21	5.227030E-21	4.943567E-21	4.731591E-21	4.283846E-21	4.191999E-21	
6.276483E-07	5.220970E-07	6.195456E-08	7.860829E-09	1.512758E-09	3.673654E-10	9.432208E-11	2.555496E-11	6.939317E-12	1.875218E-12	5.109927E-13	1.410781E-13	3.863452E-14	1.127068E-14	3.044267E-15	7.236777E-16	2.000992E-16	4.871281E-17	1.148817E-17	2.790847E-18	7.149556E-19	2.267421E-19	1.104141E-19	7.839430E-20	6.570738E-20	5.797556E-20	5.199539E-20	4.697368E-20	4.263157E-20	3.889757E-20	3.562479E-20	3.277125E-20	3.025706E-20	2.806275E-20	2.610763E-20	2.434188E-20	2.272576E-20	2.135104E-20	1.990138E-20	1.887276E-20	1.765474E-20	
6.314855E-07	5.480270E-07	6.805814E-08	8.857332E-09	1.709719E-09	4.156758E-10	1.071604E-10	2.906116E-11	7.933467E-12	2.149319E-12	5.888626E-13	1.631426E-13	4.489473E-14	1.313646E-14	3.559898E-15	8.496509E-16	2.353091E-16	5.735948E-17	1.349995E-17	3.230835E-18	7.839542E-19	2.135866E-19	8.234021E-20	5.001550E-20	3.972062E-20	3.457602E-20	3.091795E-20	2.791154E-20	2.532674E-20	2.312265E-20	2.119426E-20	1.947770E-20	1.796203E-20	1.660994E-20	1.546039E-20	1.441280E-20	1.352500E-20	1.283142E-20	1.201817E-20	1.145721E-20	1.084059E-20	
6.316284E-07	5.689776E-07	7.346938E-08	9.761908E-09	1.887046E-09	4.584924E-10	1.183854E-10	3.205443E-11	8.766378E-12	2.372347E-12	6.506340E-13	1.801077E-13	4.958547E-14	1.450024E-14	3.929731E-15	9.378022E-16	2.594676E-16	6.304353E-17	1.465749E-17	3.349127E-18	6.757426E-19	6.998599E-20	0.000000E+00	0.000000E+00	0.000000E+00	0.000000E+00	0.000000E+00	0.000000E+00	0.000000E+00	0.000000E+00	0.000000E+00	0.000000E+00	0.000000E+00	0.000000E+00	0.000000E+00	0.000000E+00	0.000000E+00	0.000000E+00	0.000000E+00	0.000000E+00	0.000000E+00	
6.312221E-07	5.906507E-07	7.934505E-08	1.078558E-08	2.095506E-09	5.109660E-10	1.328062E-10	3.612474E-11	9.966972E-12	2.716794E-12	7.525753E-13	2.101153E-13	5.839798E-14	1.719895E-14	4.691755E-15	1.128770E-15	3.134374E-16	7.645375E-17	1.778900E-17	4.014982E-18	7.588176E-19	2.579863E-20	0.000000E+00	0.000000E+00	0.000000E+00	0.000000E+00	0.000000E+00	0.000000E+00	0.000000E+00	0.000000E+00	0.000000E+00	0.000000E+00	0.000000E+00	0.000000E+00	0.000000E+00	0.000000E+00	0.000000E+00	0.000000E+00	0.000000E+00	0.000000E+00	0.000000E+00	
6.272969E-07	6.072802E-07	8.443482E-08	1.168529E-08	2.273788E-09	5.541153E-10	1.442204E-10	3.917492E-11	1.082503E-11	2.947868E-12	8.172679E-13	2.280124E-13	6.339563E-14	1.866173E-14	5.091906E-15	1.225699E-15	3.406645E-16	8.340192E-17	1.966741E-17	4.660595E-18	1.084076E-18	2.544714E-19	6.844272E-20	2.693323E-20	1.692870E-20	1.371228E-20	1.204873E-20	1.084164E-20	9.833549E-21	8.974727E-21	8.223235E-21	7.560086E-21	6.973848E-21	6.466115E-21	5.983051E-21	5.593738E-21	5.180664E-21	4.807215E-21	4.627801E-21	4.181651E-21	4.179613E-21	
6.223646E-07	6.239333E-07	8.985822E-08	1.267824E-08	2.475960E-09	6.044348E-10	1.579720E-10	4.299467E-11	1.194389E-11	3.263925E-12	9.099363E-13	2.549215E-13	7.123325E-14	2.104052E-14	5.760094E-15	1.392209E-15	3.874939E-16	9.495004E-17	2.231036E-17	5.177030E-18	1.104276E-18	1.711860E-19	0.000000E+00	0.000000E+00	0.000000E+00	0.000000E+00	0.000000E+00	0.000000E+00	0.000000E+00	0.000000E+00	0.000000E+00	0.000000E+00	0.000000E+00	0.000000E+00	0.000000E+00	0.000000E+00	0.000000E+00	0.000000E+00	0.000000E+00	0.000000E+00	0.000000E+00	
6.159708E-07	6.398176E-07	9.547404E-08	1.374129E-08	2.696610E-09	6.602766E-10	1.735420E-10	4.740887E-11	1.326585E-11	3.645952E-12	1.024415E-12	2.888432E-13	8.128850E-14	2.413574E-14	6.639038E-15	1.614314E-15	4.505205E-16	1.108143E-16	2.615510E-17	6.106101E-18	1.328914E-18	2.296259E-19	0.000000E+00	0.000000E+00	0.000000E+00	0.000000E+00	0.000000E+00	0.000000E+00	0.000000E+00	0.000000E+00	0.000000E+00	0.000000E+00	0.000000E+00	0.000000E+00	0.000000E+00	0.000000E+00	0.000000E+00	0.000000E+00	0.000000E+00	0.000000E+00	0.000000E+00	
6.071500E-07	6.514513E-07	1.003503E-07	1.467990E-08	2.885997E-09	7.062698E-10	1.858576E-10	5.071020E-11	1.420776E-11	3.901583E-12	1.096952E-12	3.090927E-13	8.701009E-14	2.582228E-14	7.103780E-15	1.727807E-15	4.822843E-16	1.187470E-16	2.812389E-17	6.640777E-18	1.511918E-18	3.232029E-19	5.987760E-20	4.369684E-21	0.000000E+00	0.000000E+00	0.000000E+00	0.000000E+00	0.000000E+00	0.000000E+00	0.000000E+00	0.000000E+00	0.000000E+00	0.000000E+00	0.000000E+00	0.000000E+00	0.000000E+00	0.000000E+00	0.000000E+00	0.000000E+00	0.000000E+00	
5.975751E-07	6.640842E-07	1.058989E-07	1.579561E-08	3.122405E-09	7.667585E-10	2.030009E-10	5.562770E-11	1.570504E-11	4.340037E-12	1.230237E-12	3.490238E-13	9.897456E-14	2.953271E-14	8.163749E-15	1.997579E-15	5.588442E-16	1.379403E-16	3.265773E-17	7.620703E-18	1.647179E-18	2.717590E-19	0.000000E+00	0.000000E+00	0.000000E+00	0.000000E+00	0.000000E+00	0.000000E+00	0.000000E+00	0.000000E+00	0.000000E+00	0.000000E+00	0.000000E+00	0.000000E+00	0.000000E+00	0.000000E+00	0.000000E+00	0.000000E+00	0.000000E+00	0.000000E+00	0.000000E+00	
5.862643E-07	6.735886E-07	1.109606E-07	1.684199E-08	3.342597E-09	8.222136E-10	2.185148E-10	5.999051E-11	1.701508E-11	4.716460E-12	1.343055E-12	3.822950E-13	1.088357E-13	3.256089E-14	9.024219E-15	2.215870E-15	6.211203E-16	1.539934E-16	3.686923E-17	8.907922E-18	2.191894E-18	6.113205E-19	2.436738E-19	1.515973E-19	1.214258E-19	1.058992E-19	9.471832E-20	8.552612E-20	7.761368E-20	7.082493E-20	6.487981E-20	5.967495E-20	5.506623E-20	5.095534E-20	4.744396E-20	4.419455E-20	4.134384E-20	3.884363E-20	3.666470E-20	3.483576E-20	3.280376E-20	
5.736737E-07	6.808204E-07	1.157281E-07	1.785979E-08	3.557555E-09	8.761447E-10	2.335813E-10	6.420442E-11	1.827787E-11	5.077561E-12	1.450973E-12	4.139861E-13	1.182052E-13	3.542899E-14	9.837308E-15	2.421229E-15	6.790879E-16	1.684298E-16	4.023363E-17	9.598096E-18	2.252170E-18	5.362865E-19	1.487673E-19	6.144566E-20	3.993307E-20	3.272847E-20	2.885169E-20	2.596650E-20	2.354679E-20	2.148687E-20	1.968075E-20	1.809685E-20	1.669013E-20	1.549600E-20	1.436163E-20	1.345529E-20	1.259939E-20	1.180394E-20	1.104578E-20	1.063329E-20	1.000671E-20	
5.614511E-07	6.877973E-07	1.205548E-07	1.890816E-08	3.780434E-09	9.321614E-10	2.492773E-10	6.860259E-11	1.959970E-11	5.456477E-12	1.564506E-12	4.473946E-13	1.281037E-13	3.846376E-14	1.069914E-14	2.639647E-15	7.410121E-16	1.840857E-16	4.407652E-17	1.055745E-17	2.510378E-18	6.253439E-19	1.960330E-19	9.642662E-20	6.960648E-20	5.897539E-20	5.239964E-20	4.724750E-20	4.286154E-20	3.910629E-20	3.582386E-20	3.294363E-20	3.040377E-20	2.816887E-20	2.620526E-20	2.439124E-20	2.286230E-20	2.139226E-20	2.002347E-20	1.902940E-20	1.779629E-20	
5.578900E-07	7.061963E-07	1.277831E-07	2.039899E-08	4.102171E-09	1.014869E-09	2.729121E-10	7.541334E-11	2.168971E-11	6.072074E-12	1.752885E-12	5.040784E-13	1.451820E-13	4.377971E-14	1.222307E-14	3.029898E-15	8.518464E-16	2.120131E-16	5.074668E-17	1.204459E-17	2.758127E-18	5.937760E-19	1.119110E-19	9.792291E-21	0.000000E+00	0.000000E+00	0.000000E+00	0.000000E+00	0.000000E+00	0.000000E+00	0.000000E+00	0.000000E+00	0.000000E+00	0.000000E+00	0.000000E+00	0.000000E+00	0.000000E+00	0.000000E+00	0.000000E+00	0.000000E+00	0.000000E+00	
5.528252E-07	7.224929E-07	1.348488E-07	2.189965E-08	4.429682E-09	1.099501E-09	2.972748E-10	8.247119E-11	2.387068E-11	6.718151E-12	1.951740E-12	5.641806E-13	1.633705E-13	4.945981E-14	1.385599E-14	3.450012E-15	9.715644E-16	2.425336E-16	5.831086E-17	1.396257E-17	3.294986E-18	7.939346E-19	2.266207E-19	9.774803E-20	6.534157E-20	5.405571E-20	4.776029E-20	4.300587E-20	3.900280E-20	3.558657E-20	3.259863E-20	2.996878E-20	2.765059E-20	2.562589E-20	2.381313E-20	2.223965E-20	2.072238E-20	1.953771E-20	1.850690E-20	1.728444E-20	1.652673E-20	
5.464758E-07	7.353630E-07	1.411729E-07	2.326755E-08	4.724586E-09	1.174095E-09	3.183142E-10	8.841293E-11	2.566815E-11	7.237898E-12	2.108525E-12	6.106409E-13	1.772193E-13	5.372736E-14	1.507226E-14	3.759771E-15	1.059169E-15	2.644757E-16	6.347438E-17	1.504797E-17	3.414596E-18	7.029011E-19	1.021540E-19	0.000000E+00	0.000000E+00	0.000000E+00	0.000000E+00	0.000000E+00	0.000000E+00	0.000000E+00	0.000000E+00	0.000000E+00	0.000000E+00	0.000000E+00	0.000000E+00	0.000000E+00	0.000000E+00	0.000000E+00	0.000000E+00	0.000000E+00	0.000000E+00	
5.388004E-07	7.471170E-07	1.476773E-07	2.473543E-08	5.052174E-09	1.259566E-09	3.432410E-10	9.570238E-11	2.794749E-11	7.919808E-12	2.320419E-12	6.751580E-13	1.968824E-13	5.989928E-14	1.685367E-14	4.220703E-15	1.190538E-15	2.979698E-16	7.171631E-17	1.706776E-17	3.919836E-18	8.463748E-19	1.603113E-19	1.459302E-20	0.000000E+00	0.000000E+00	0.000000E+00	0.000000E+00	0.000000E+00	0.000000E+00	0.000000E+00	0.000000E+00	0.000000E+00	0.000000E+00	0.000000E+00	0.000000E+00	0.000000E+00	0.000000E+00	0.000000E+00	0.000000E+00	0.000000E+00	
5.299840E-07	7.564760E-07	1.538073E-07	2.616701E-08	5.375928E-09	1.344560E-09	3.682232E-10	1.030517E-10	3.026147E-11	8.616232E-12	2.538014E-12	7.417000E-13	2.172452E-13	6.631022E-14	1.870822E-14	4.702113E-15	1.327710E-15	3.329196E-16	8.025910E-17	1.910022E-17	4.374514E-18	9.307514E-19	1.630720E-19	1.365253E-21	0.000000E+00	0.000000E+00	0.000000E+00	0.000000E+00	0.000000E+00	0.000000E+00	0.000000E+00	0.000000E+00	0.000000E+00	0.000000E+00	0.000000E+00	0.000000E+00	0.000000E+00	0.000000E+00	0.000000E+00	0.000000E+00	0.000000E+00	
5.204309E-07	7.624289E-07	1.589856E-07	2.740709E-08	5.652414E-09	1.415350E-09	3.885391E-10	1.088621E-10	3.204832E-11	9.140619E-12	2.698460E-12	7.898129E-13	2.317489E-13	7.081704E-14	2.000172E-14	5.035047E-15	1.422187E-15	3.568153E-16	8.600623E-17	2.039462E-17	4.600929E-18	9.144318E-19	9.988370E-20	0.000000E+00	0.000000E+00	0.000000E+00	0.000000E+00	0.000000E+00	0.000000E+00	0.000000E+00	0.000000E+00	0.000000E+00	0.000000E+00	0.000000E+00	0.000000E+00	0.000000E+00	0.000000E+00	0.000000E+00	0.000000E+00	0.000000E+00	0.000000E+00	
5.098189E-07	7.670990E-07	1.642074E-07	2.872061E-08	5.957645E-09	1.496445E-09	4.127215E-10	1.160553E-10	3.434081E-11	9.838011E-12	2.918411E-12	8.575875E-13	2.526315E-13	7.742596E-14	2.192160E-14	5.536850E-15	1.565704E-15	3.938579E-16	9.540792E-17	2.291268E-17	5.411516E-18	1.292974E-18	3.571719E-19	1.456146E-19	9.361727E-20	7.641236E-20	6.728915E-20	6.056337E-20	5.492870E-20	5.011096E-20	4.590060E-20	4.219033E-20	3.893021E-20	3.608628E-20	3.358252E-20	3.135576E-20	2.936546E-20	2.760044E-20	2.592153E-20	2.472460E-20	2.318863E-20	
4.982517E-07	7.702050E-07	1.693371E-07	3.007656E-08	6.284283E-09	1.585744E-09	4.401172E-10	1.244234E-10	3.707066E-11	1.068679E-11	3.190899E-12	9.428140E-13	2.792077E-13	8.591834E-14	2.440302E-14	6.189783E-15	1.752095E-15	4.415857E-16	1.070857E-16	2.564727E-17	5.978217E-18	1.354957E-18	3.125258E-19	8.438550E-20	3.453571E-20	2.262427E-20	1.872749E-20	1.660488E-20	1.500625E-20	1.369736E-20	1.255400E-20	1.152230E-20	1.063374E-20	9.904872E-21	9.234253E-21	8.507796E-21	8.118613E-21	7.582107E-21	7.366798E-21	6.904074E-21	6.580528E-21	
4.863683E-07	7.704251E-07	1.735301E-07	3.123649E-08	6.563489E-09	1.661174E-09	4.630386E-10	1.313440E-10	3.931016E-11	1.137743E-11	3.411231E-12	1.011340E-12	3.004965E-13	9.269871E-14	2.638104E-14	6.709789E-15	1.900293E-15	4.794290E-16	1.162595E-16	2.771623E-17	6.335049E-18	1.321632E-18	2.042070E-19	0.000000E+00	0.000000E+00	0.000000E+00	0.000000E+00	0.000000E+00	0.000000E+00	0.000000E+00	0.000000E+00	0.000000E+00	0.000000E+00	0.000000E+00	0.000000E+00	0.000000E+00	0.000000E+00	0.000000E+00	0.000000E+00	0.000000E+00	0.000000E+00	
4.740846E-07	7.686592E-07	1.771883E-07	3.230695E-08	6.826086E-09	1.732727E-09	4.849837E-10	1.380181E-10	4.148524E-11	1.205251E-11	3.627710E-12	1.078953E-12	3.215796E-13	9.943352E-14	2.835042E-14	7.229739E-15	2.048956E-15	5.178426E-16	1.259284E-16	3.020038E-17	7.047255E-18	1.596713E-18	3.663401E-19	9.704536E-20	3.837926E-20	2.451758E-20	2.011286E-20	1.783057E-20	1.613361E-20	1.470778E-20	1.346818E-20	1.238080E-20	1.141694E-20	1.057664E-20	9.828978E-21	9.160133E-21	8.573988E-21	8.130802E-21	7.507578E-21	6.922914E-21	6.325484E-21	
4.616481E-07	7.652699E-07	1.803584E-07	3.329169E-08	7.072402E-09	1.800429E-09	5.059368E-10	1.444363E-10	4.359101E-11	1.271012E-11	3.839597E-12	1.145396E-12	3.423677E-13	1.060915E-13	3.030068E-14	7.745877E-15	2.196295E-15	5.557343E-16	1.352766E-16	3.242986E-17	7.542998E-18	1.683721E-18	3.633657E-19	7.691599E-20	1.674341E-20	4.405891E-21	1.878705E-21	1.304458E-21	1.110148E-21	1.008050E-21	9.304664E-22	8.655723E-22	8.055466E-22	7.701883E-22	6.943324E-22	6.411010E-22	5.830024E-22	6.546234E-22	5.744920E-22	6.970720E-22	3.556812E-22	
4.495829E-07	7.597477E-07	1.825279E-07	3.402987E-08	7.253614E-09	1.848336E-09	5.202458E-10	1.486540E-10	4.493272E-11	1.311694E-11	3.967527E-12	1.184693E-12	3.544690E-13	1.099136E-13	3.141228E-14	8.038045E-15	2.279533E-15	5.770566E-16	1.404980E-16	3.364261E-17	7.784522E-18	1.699603E-18	3.325008E-19	3.974918E-20	0.000000E+00	0.000000E+00	0.000000E+00	0.000000E+00	0.000000E+00	0.000000E+00	0.000000E+00	0.000000E+00	0.000000E+00	0.000000E+00	0.000000E+00	0.000000E+00	0.000000E+00	0.000000E+00	0.000000E+00	0.000000E+00	0.000000E+00	
4.372606E-07	7.534619E-07	1.846083E-07	3.478959E-08	7.449949E-09	1.902621E-09	5.371677E-10	1.538560E-10	4.664693E-11	1.365449E-11	4.141212E-12	1.239294E-12	3.715920E-13	1.154069E-13	3.302478E-14	8.466866E-15	2.402435E-15	6.091292E-16	1.487777E-16	3.592316E-17	8.562253E-18	2.089077E-18	6.080694E-19	2.685072E-19	1.818684E-19	1.510330E-19	1.335503E-19	1.203106E-19	1.091388E-19	9.957678E-20	9.120781E-20	8.388215E-20	7.740472E-20	7.172473E-20	6.674705E-20	6.223911E-20	5.824594E-20	5.458543E-20	5.120329E-20	4.873418E-20	4.572416E-20	
4.250866E-07	7.461064E-07	1.862518E-07	3.545976E-08	7.627392E-09	1.952116E-09	5.527325E-10	1.586727E-10	4.824376E-11	1.415808E-11	4.304589E-12	1.290835E-12	3.878005E-13	1.206173E-13	3.455568E-14	8.874108E-15	2.518378E-15	6.387158E-16	1.558167E-16	3.735344E-17	8.656839E-18	1.895595E-18	3.745207E-19	4.815988E-20	0.000000E+00	0.000000E+00	0.000000E+00	0.000000E+00	0.000000E+00	0.000000E+00	0.000000E+00	0.000000E+00	0.000000E+00	0.000000E+00	0.000000E+00	0.000000E+00	0.000000E+00	0.000000E+00	0.000000E+00	0.000000E+00	0.000000E+00	
4.128454E-07	7.385775E-07	1.880102E-07	3.620204E-08	7.834207E-09	2.012478E-09	5.724669E-10	1.650005E-10	5.039961E-11	1.485469E-11	4.534842E-12	1.364576E-12	4.112618E-13	1.282346E-13	3.680617E-14	9.477035E-15	2.690534E-15	6.831107E-16	1.667153E-16	3.986015E-17	9.125967E-18	1.893846E-18	2.782415E-19	0.000000E+00	0.000000E+00	0.000000E+00	0.000000E+00	0.000000E+00	0.000000E+00	0.000000E+00	0.000000E+00	0.000000E+00	0.000000E+00	0.000000E+00	0.000000E+00	0.000000E+00	0.000000E+00	0.000000E+00	0.000000E+00	0.000000E+00	0.000000E+00	
4.017201E-07	7.301675E-07	1.889081E-07	3.669101E-08	7.967861E-09	2.049614E-09	5.841180E-10	1.685872E-10	5.158453E-11	1.522769E-11	4.655518E-12	1.402592E-12	4.232077E-13	1.320718E-13	3.793527E-14	9.779176E-15	2.777308E-15	7.059596E-16	1.727455E-16	4.161345E-17	9.793192E-18	2.269697E-18	5.607596E-19	1.811887E-19	9.449381E-20	7.086889E-20	6.104982E-20	5.468596E-20	4.955051E-20	4.519252E-20	4.138283E-20	3.806182E-20	3.512864E-20	3.253894E-20	3.029149E-20	2.829809E-20	2.641575E-20	2.484019E-20	2.328217E-20	2.181879E-20	2.085247E-20	
3.911466E-07	7.224587E-07	1.900353E-07	3.725330E-08	8.126429E-09	2.095372E-09	5.989383E-10	1.732945E-10	5.317666E-11	1.573969E-11	4.823934E-12	1.456368E-12	4.402791E-13	1.376044E-13	3.956938E-14	1.021755E-14	2.902452E-15	7.382641E-16	1.806855E-16	4.343742E-17	1.013133E-17	2.264343E-18	4.867111E-19	1.004531E-19	1.943655E-20	3.040668E-21	0.000000E+00	0.000000E+00	0.000000E+00	0.000000E+00	0.000000E+00	0.000000E+00	0.000000E+00	0.000000E+00	0.000000E+00	0.000000E+00	0.000000E+00	0.000000E+00	0.000000E+00	0.000000E+00	0.000000E+00	
3.816009E-07	7.155941E-07	1.912112E-07	3.781449E-08	8.284363E-09	2.140909E-09	6.136613E-10	1.779690E-10	5.475570E-11	1.624745E-11	4.990853E-12	1.509665E-12	4.571974E-13	1.430883E-13	4.118943E-14	1.065251E-14	3.026676E-15	7.704049E-16	1.886432E-16	4.531402E-17	1.052384E-17	2.308400E-18	4.564926E-19	5.849343E-20	0.000000E+00	0.000000E+00	0.000000E+00	0.000000E+00	0.000000E+00	0.000000E+00	0.000000E+00	0.000000E+00	0.000000E+00	0.000000E+00	0.000000E+00	0.000000E+00	0.000000E+00	0.000000E+00	0.000000E+00	0.000000E+00	0.000000E+00	
3.737116E-07	7.095964E-07	1.920724E-07	3.823519E-08	8.394843E-09	2.170228E-09	6.224214E-10	1.805503E-10	5.557305E-11	1.649623E-11	5.068797E-12	1.533651E-12	4.645827E-13	1.454210E-13	4.187011E-14	1.083334E-14	3.078608E-15	7.840771E-16	1.922667E-16	4.637900E-17	1.093768E-17	2.545973E-18	6.365844E-19	2.112475E-19	1.133283E-19	8.608310E-20	7.440775E-20	6.668093E-20	6.041060E-20	5.510629E-20	5.047437E-20	4.642795E-20	4.286580E-20	3.970836E-20	3.695312E-20	3.444641E-20	3.215936E-20	3.031674E-20	2.852501E-20	2.737206E-20	2.571596E-20	
3.667869E-07	7.058775E-07	1.937741E-07	3.887793E-08	8.568947E-09	2.219622E-09	6.381163E-10	1.854780E-10	5.721801E-11	1.702097E-11	5.240038E-12	1.588069E-12	4.817832E-13	1.509805E-13	4.350922E-14	1.127235E-14	3.203788E-15	8.163082E-16	2.001272E-16	4.813170E-17	1.121329E-17	2.485840E-18	5.143436E-19	8.790298E-20	3.651875E-22	0.000000E+00	0.000000E+00	0.000000E+00	0.000000E+00	0.000000E+00	0.000000E+00	0.000000E+00	0.000000E+00	0.000000E+00	0.000000E+00	0.000000E+00	0.000000E+00	0.000000E+00	0.000000E+00	0.000000E+00	0.000000E+00	
3.617888E-07	7.041095E-07	1.955696E-07	3.947538E-08	8.719174E-09	2.259537E-09	6.499927E-10	1.889932E-10	5.832969E-11	1.735974E-11	5.346230E-12	1.620789E-12	4.918588E-13	1.541679E-13	4.443809E-14	1.151805E-14	3.273975E-15	8.344720E-16	2.046957E-16	4.928394E-17	1.152385E-17	2.590458E-18	5.678235E-19	1.266407E-19	3.299144E-20	1.316931E-20	8.621829E-21	7.174744E-21	6.393690E-21	5.810351E-21	5.315566E-21	4.886841E-21	4.502846E-21	4.174642E-21	3.899976E-21	3.667956E-21	3.431794E-21	3.212553E-21	3.008239E-21	2.973196E-21	2.781838E-21	
3.583282E-07	7.053943E-07	1.983034E-07	4.028978E-08	8.925214E-09	2.315836E-09	6.672002E-10	1.942352E-10	6.002933E-11	1.788942E-11	5.515653E-12	1.673833E-12	5.084134E-13	1.594672E-13	4.599096E-14	1.193079E-14	3.391528E-15	8.646179E-16	2.120033E-16	5.088922E-17	1.175505E-17	2.512091E-18	4.343697E-19	0.000000E+00	0.000000E+00	0.000000E+00	0.000000E+00	0.000000E+00	0.000000E+00	0.000000E+00	0.000000E+00	0.000000E+00	0.000000E+00	0.000000E+00	0.000000E+00	0.000000E+00	0.000000E+00	0.000000E+00	0.000000E+00	0.000000E+00	0.000000E+00	
3.575633E-07	7.094185E-07	2.010733E-07	4.099007E-08	9.077491E-09	2.351381E-09	6.761888E-10	1.964597E-10	6.059705E-11	1.802536E-11	5.547721E-12	1.681105E-12	5.099508E-13	1.597686E-13	4.604743E-14	1.193604E-14	3.393218E-15	8.651680E-16	2.124319E-16	5.128749E-17	1.211319E-17	2.828245E-18	7.130491E-19	2.408419E-19	1.315213E-19	1.006744E-19	8.720145E-20	7.819972E-20	7.087315E-20	6.465388E-20	5.921957E-20	5.443167E-20	5.021859E-20	4.651192E-20	4.327345E-20	4.039451E-20	3.769675E-20	3.533088E-20	3.342245E-20	3.170109E-20	2.989854E-20	
3.586452E-07	7.178964E-07	2.053934E-07	4.206435E-08	9.327260E-09	2.415706E-09	6.946011E-10	2.017469E-10	6.221180E-11	1.850207E-11	5.692909E-12	1.724783E-12	5.231078E-13	1.638597E-13	4.722372E-14	1.224079E-14	3.479428E-15	8.867389E-16	2.173424E-16	5.211962E-17	1.199917E-17	2.528219E-18	4.034077E-19	0.000000E+00	0.000000E+00	0.000000E+00	0.000000E+00	0.000000E+00	0.000000E+00	0.000000E+00	0.000000E+00	0.000000E+00	0.000000E+00	0.000000E+00	0.000000E+00	0.000000E+00	0.000000E+00	0.000000E+00	0.000000E+00	0.000000E+00	0.000000E+00	
3.624451E-07	7.311076E-07	2.108870E-07	4.335136E-08	9.617644E-09	2.488941E-09	7.150390E-10	2.074732E-10	6.391380E-11	1.899117E-11	5.838032E-12	1.767450E-12	5.356892E-13	1.677021E-13	4.831619E-14	1.252026E-14	3.559317E-15	9.074766E-16	2.228269E-16	5.379265E-17	1.270166E-17	2.961861E-18	7.432558E-19	2.483196E-19	1.340762E-19	1.021130E-19	8.832100E-20	7.917867E-20	7.175111E-20	6.544787E-20	5.994016E-20	5.511607E-20	5.086902E-20	4.713392E-20	4.383382E-20	4.092901E-20	3.818139E-20	3.589673E-20	3.371271E-20	3.206924E-20	3.021899E-20	
3.696543E-07	7.497821E-07	2.175366E-07	4.480250E-08	9.926242E-09	2.562456E-09	7.340954E-10	2.123880E-10	6.523453E-11	1.932961E-11	5.926233E-12	1.790140E-12	5.414711E-13	1.692233E-13	4.870112E-14	1.260219E-14	3.581751E-15	9.124838E-16	2.238003E-16	5.389236E-17	1.261899E-17	2.851469E-18	6.379157E-19	1.534937E-19	4.939187E-20	2.628010E-20	2.009342E-20	1.748807E-20	1.574796E-20	1.434967E-20	1.313869E-20	1.208794E-20	1.116823E-20	1.037271E-20	9.640958E-21	8.941606E-21	8.397157E-21	7.862003E-21	7.500613E-21	6.779658E-21	6.664807E-21	
3.808569E-07	7.751113E-07	2.256696E-07	4.647749E-08	1.026378E-08	2.638383E-09	7.521762E-10	2.165497E-10	6.617355E-11	1.951197E-11	5.954348E-12	1.791499E-12	5.399459E-13	1.682432E-13	4.832314E-14	1.247222E-14	3.543534E-15	9.018833E-16	2.211428E-16	5.337532E-17	1.262886E-17	2.974132E-18	7.726321E-19	2.785503E-19	1.618981E-19	1.272044E-19	1.109311E-19	9.963098E-20	9.032083E-20	8.240574E-20	7.547998E-20	6.939565E-20	6.404315E-20	5.934707E-20	5.512655E-20	5.141886E-20	4.818950E-20	4.518232E-20	4.243130E-20	4.046059E-20	3.800113E-20	
3.965662E-07	8.088729E-07	2.360266E-07	4.856492E-08	1.068017E-08	2.731502E-09	7.741429E-10	2.215417E-10	6.727381E-11	1.971536E-11	5.981285E-12	1.790504E-12	5.371846E-13	1.667469E-13	4.776911E-14	1.228767E-14	3.488665E-15	8.863871E-16	2.169189E-16	5.221387E-17	1.225980E-17	2.810674E-18	6.664474E-19	1.931574E-19	8.779446E-20	6.129888E-20	5.173167E-20	4.612037E-20	4.174302E-20	3.806530E-20	3.486144E-20	3.205250E-20	2.958417E-20	2.738444E-20	2.543634E-20	2.375848E-20	2.217156E-20	2.081672E-20	1.947867E-20	1.854826E-20	1.765905E-20	
4.176014E-07	8.533284E-07	2.494526E-07	5.126804E-08	1.122652E-08	2.856381E-09	8.046211E-10	2.288290E-10	6.902587E-11	2.009685E-11	6.058487E-12	1.803549E-12	5.383823E-13	1.664207E-13	4.753688E-14	1.218233E-14	3.455667E-15	8.762986E-16	2.139855E-16	5.135532E-17	1.195754E-17	2.659210E-18	5.603067E-19	1.055019E-19	1.118164E-20	0.000000E+00	0.000000E+00	0.000000E+00	0.000000E+00	0.000000E+00	0.000000E+00	0.000000E+00	0.000000E+00	0.000000E+00	0.000000E+00	0.000000E+00	0.000000E+00	0.000000E+00	0.000000E+00	0.000000E+00	0.000000E+00	
4.459574E-07	9.106063E-07	2.659348E-07	5.446333E-08	1.184490E-08	2.990614E-09	8.347583E-10	2.351615E-10	7.021268E-11	2.023335E-11	6.038496E-12	1.781444E-12	5.274453E-13	1.619352E-13	4.603086E-14	1.172395E-14	3.320241E-15	8.394817E-16	2.045132E-16	4.907263E-17	1.147055E-17	2.601186E-18	5.951787E-19	1.554601E-19	5.972540E-20	3.731639E-20	3.037574E-20	2.686689E-20	2.428398E-20	2.214102E-20	2.027639E-20	1.864828E-20	1.720892E-20	1.593160E-20	1.481073E-20	1.384309E-20	1.301610E-20	1.215299E-20	1.150498E-20	1.086744E-20	1.038775E-20	
4.830642E-07	9.848572E-07	2.870812E-07	5.854732E-08	1.263747E-08	3.163850E-09	8.741289E-10	2.436134E-10	7.187573E-11	2.046151E-11	6.032425E-12	1.759796E-12	5.157125E-13	1.569854E-13	4.434255E-14	1.120540E-14	3.165236E-15	7.969152E-16	1.933096E-16	4.616592E-17	1.066426E-17	2.319372E-18	4.462899E-19	4.596443E-20	0.000000E+00	0.000000E+00	0.000000E+00	0.000000E+00	0.000000E+00	0.000000E+00	0.000000E+00	0.000000E+00	0.000000E+00	0.000000E+00	0.000000E+00	0.000000E+00	0.000000E+00	0.000000E+00	0.000000E+00	0.000000E+00	0.000000E+00	
5.318902E-07	1.080379E-06	3.135784E-07	6.354952E-08	1.358199E-08	3.363259E-09	9.167567E-10	2.518042E-10	7.307782E-11	2.044521E-11	5.920546E-12	1.698028E-12	4.898145E-13	1.471418E-13	4.114159E-14	1.026847E-14	2.887156E-15	7.224022E-16	1.744959E-16	4.177792E-17	9.837434E-18	2.325327E-18	6.207581E-19	2.376783E-19	1.456301E-19	1.168267E-19	1.024371E-19	9.210667E-20	8.352155E-20	7.622282E-20	6.983424E-20	6.421995E-20	5.925134E-20	5.493001E-20	5.107583E-20	4.768379E-20	4.445456E-20	4.188634E-20	3.942583E-20	3.701500E-20	3.510261E-20	
5.988407E-07	1.199143E-06	3.425084E-07	6.823113E-08	1.425299E-08	3.442796E-09	9.091101E-10	2.409444E-10	6.700736E-11	1.787209E-11	4.909907E-12	1.334194E-12	3.651543E-13	1.048040E-13	2.820270E-14	6.720471E-15	1.845290E-15	4.489981E-16	1.058205E-16	2.495779E-17	5.785095E-18	1.334944E-18	3.378071E-19	1.173364E-19	6.624858E-20	5.148620E-20	4.477452E-20	4.019381E-20	3.642490E-20	3.323121E-20	3.043436E-20	2.802036E-20	2.589098E-20	2.400806E-20	2.238012E-20	2.093393E-20	1.948583E-20	1.813502E-20	1.703628E-20	1.643260E-20	1.521006E-20	
6.816379E-07	1.351706E-06	3.818524E-07	7.511710E-08	1.541738E-08	3.649751E-09	9.380785E-10	2.407015E-10	6.421064E-11	1.627529E-11	4.199688E-12	1.061016E-12	2.683093E-13	7.139344E-14	1.784659E-14	3.867247E-15	9.941693E-16	2.249491E-16	4.968861E-17	1.138539E-17	2.672017E-18	7.096657E-19	2.703818E-19	1.640369E-19	1.303905E-19	1.135160E-19	1.014942E-19	9.163395E-20	8.315544E-20	7.590521E-20	6.954736E-20	6.392153E-20	5.899276E-20	5.459939E-20	5.076026E-20	4.726860E-20	4.424862E-20	4.184144E-20	3.919157E-20	3.697720E-20	3.529153E-20	
7.916394E-07	1.549234E-06	4.311915E-07	8.346256E-08	1.676821E-08	3.879532E-09	9.681917E-10	2.401237E-10	6.136844E-11	1.475450E-11	3.559927E-12	8.268527E-13	1.889491E-13	4.500994E-14	9.933851E-15	1.767594E-15	3.801444E-16	6.743998E-17	1.135599E-17	2.501921E-18	8.885096E-19	5.657527E-19	4.659909E-19	4.072936E-19	3.615784E-19	3.233686E-19	2.908531E-19	2.629448E-19	2.386859E-19	2.178158E-19	1.995412E-19	1.834728E-19	1.693469E-19	1.568943E-19	1.459544E-19	1.361272E-19	1.272164E-19	1.195118E-19	1.125152E-19	1.063441E-19	9.998236E-20	
9.420647E-07	1.813560E-06	4.955310E-07	9.404659E-08	1.842689E-08	4.156151E-09	1.005702E-09	2.413813E-10	5.942082E-11	1.370972E-11	3.160761E-12	6.991484E-13	1.517979E-13	3.436084E-14	7.258912E-15	1.204440E-15	2.481559E-16	4.110582E-17	6.123822E-18	1.056978E-18	2.062399E-19	7.014015E-20	4.635769E-20	3.892144E-20	3.433968E-20	3.070886E-20	2.763345E-20	2.496978E-20	2.264982E-20	2.065957E-20	1.891332E-20	1.741584E-20	1.607423E-20	1.485649E-20	1.376643E-20	1.290330E-20	1.224799E-20	1.124687E-20	1.103257E-20	1.007814E-20	9.210723E-21	
1.150592E-06	2.175102E-06	5.823293E-07	1.081378E-07	2.061977E-08	4.526155E-09	1.060298E-09	2.459729E-10	5.828368E-11	1.290043E-11	2.842673E-12	5.990260E-13	1.235999E-13	2.656003E-14	5.373339E-15	8.280802E-16	1.629506E-16	2.467442E-17	2.820814E-18	4.842576E-21	0.000000E+00	0.000000E+00	0.000000E+00	0.000000E+00	0.000000E+00	0.000000E+00	0.000000E+00	0.000000E+00	0.000000E+00	0.000000E+00	0.000000E+00	0.000000E+00	0.000000E+00	0.000000E+00	0.000000E+00	0.000000E+00	0.000000E+00	0.000000E+00	0.000000E+00	0.000000E+00	0.000000E+00	
1.445289E-06	2.675120E-06	6.994538E-07	1.266110E-07	2.338582E-08	4.968655E-09	1.118384E-09	2.484734E-10	5.601063E-11	1.172290E-11	2.425509E-12	4.764217E-13	9.118023E-14	1.811254E-14	3.426641E-15	4.743803E-16	8.820506E-17	1.309377E-17	2.170583E-18	8.185201E-19	5.517516E-19	4.602901E-19	4.018287E-19	3.546579E-19	3.153253E-19	2.820767E-19	2.537233E-19	2.293501E-19	2.081566E-19	1.899417E-19	1.739848E-19	1.600446E-19	1.477243E-19	1.366970E-19	1.272655E-19	1.187870E-19	1.111904E-19	1.041800E-19	9.790677E-20	9.326356E-20	8.731645E-20	
1.871729E-06	3.369962E-06	8.544096E-07	1.496035E-07	2.655581E-08	5.424806E-09	1.165788E-09	2.468885E-10	5.280812E-11	1.045136E-11	2.039285E-12	3.766800E-13	6.770166E-14	1.259604E-14	2.275784E-15	2.902786E-16	5.286049E-17	8.023998E-18	1.787340E-18	9.985534E-19	7.860145E-19	6.753372E-19	5.920141E-19	5.227896E-19	4.648445E-19	4.158112E-19	3.740072E-19	3.381242E-19	3.069241E-19	2.800868E-19	2.565563E-19	2.359137E-19	2.177158E-19	2.017764E-19	1.876207E-19	1.750054E-19	1.635308E-19	1.526793E-19	1.442118E-19	1.362784E-19	1.281321E-19	
2.495996E-06	4.351915E-06	1.064656E-06	1.791991E-07	3.035203E-08	5.912453E-09	1.199858E-09	2.389904E-10	4.768102E-11	8.734551E-12	1.564468E-12	2.624146E-13	4.250141E-14	7.045611E-15	1.157455E-15	1.263684E-16	2.133990E-17	3.347112E-18	1.097891E-18	7.904356E-19	6.635815E-19	5.761123E-19	5.057448E-19	4.466427E-19	3.971093E-19	3.552892E-19	3.196312E-19	2.889050E-19	2.622019E-19	2.392835E-19	2.191875E-19	2.016285E-19	1.861363E-19	1.723387E-19	1.602798E-19	1.497241E-19	1.397884E-19	1.310043E-19	1.247596E-19	1.161719E-19	1.113595E-19	
3.424612E-06	5.759953E-06	1.353878E-06	2.177346E-07	3.496265E-08	6.447901E-09	1.225239E-09	2.273796E-10	4.189633E-11	7.037122E-12	1.148067E-12	1.739568E-13	2.534956E-14	3.742037E-15	5.631722E-16	5.262739E-17	7.553908E-18	4.376716E-19	0.000000E+00	0.000000E+00	0.000000E+00	0.000000E+00	0.000000E+00	0.000000E+00	0.000000E+00	0.000000E+00	0.000000E+00	0.000000E+00	0.000000E+00	0.000000E+00	0.000000E+00	0.000000E+00	0.000000E+00	0.000000E+00	0.000000E+00	0.000000E+00	0.000000E+00	0.000000E+00	0.000000E+00	0.000000E+00	0.000000E+00	
4.815700E-06	7.757784E-06	1.738422E-06	2.643979E-07	3.988083E-08	6.905200E-09	1.219967E-09	2.097711E-10	3.558557E-11	5.474876E-12	8.150530E-13	1.119050E-13	1.468504E-14	1.913887E-15	2.586146E-16	1.691090E-17	0.000000E+00	0.000000E+00	0.000000E+00	0.000000E+00	0.000000E+00	0.000000E+00	0.000000E+00	0.000000E+00	0.000000E+00	0.000000E+00	0.000000E+00	0.000000E+00	0.000000E+00	0.000000E+00	0.000000E+00	0.000000E+00	0.000000E+00	0.000000E+00	0.000000E+00	0.000000E+00	0.000000E+00	0.000000E+00	0.000000E+00	0.000000E+00	0.000000E+00	
5.522462E-06	7.358534E-06	1.331325E-06	1.534963E-07	1.706150E-08	2.146350E-09	2.629296E-10	3.064009E-11	3.400675E-12	3.318377E-13	3.040906E-14	2.460884E-15	1.822848E-16	1.177117E-17	6.390054E-19	0.000000E+00	0.000000E+00	0.000000E+00	0.000000E+00	0.000000E+00	0.000000E+00	0.000000E+00	0.000000E+00	0.000000E+00	0.000000E+00	0.000000E+00	0.000000E+00	0.000000E+00	0.000000E+00	0.000000E+00	0.000000E+00	0.000000E+00	0.000000E+00	0.000000E+00	0.000000E+00	0.000000E+00	0.000000E+00	0.000000E+00	0.000000E+00	0.000000E+00	0.000000E+00	
1.038731E-05	1.522446E-05	3.070415E-06	4.090401E-07	5.323960E-08	7.901949E-09	1.166984E-09	1.657010E-10	2.279637E-11	2.804324E-12	3.303412E-13	3.534392E-14	3.582650E-15	3.542655E-16	4.565231E-17	9.382503E-18	6.267312E-18	5.084988E-18	4.300016E-18	3.681793E-18	3.181810E-18	2.771904E-18	2.433872E-18	2.149669E-18	1.911391E-18	1.710005E-18	1.538253E-18	1.390532E-18	1.262176E-18	1.151672E-18	1.054801E-18	9.700728E-19	8.954498E-19	8.299242E-19	7.705370E-19	7.188395E-19	6.724568E-19	6.297624E-19	5.937875E-19	5.588353E-19	5.331386E-19	
1.676076E-05	2.339771E-05	4.466159E-06	5.517370E-07	6.592716E-08	8.907050E-09	1.173304E-09	1.461646E-10	1.720971E-11	1.764476E-12	1.678912E-13	1.397789E-14	1.074353E-15	8.608926E-17	1.709210E-17	1.001788E-17	8.143155E-18	6.818121E-18	5.781199E-18	4.950316E-18	4.278384E-18	3.727509E-18	3.273092E-18	2.890908E-18	2.570427E-18	2.299139E-18	2.067762E-18	1.869913E-18	1.697794E-18	1.549406E-18	1.419383E-18	1.305724E-18	1.205108E-18	1.117650E-18	1.038896E-18	9.685654E-19	9.050756E-19	8.478675E-19	8.015209E-19	7.667650E-19	7.209073E-19	
2.973864E-05	3.923184E-05	7.019573E-06	7.903231E-07	8.541567E-08	1.041809E-08	1.233105E-09	1.388033E-10	1.489874E-11	1.411446E-12	1.262213E-13	9.999632E-15	7.040893E-16	2.313351E-17	0.000000E+00	0.000000E+00	0.000000E+00	0.000000E+00	0.000000E+00	0.000000E+00	0.000000E+00	0.000000E+00	0.000000E+00	0.000000E+00	0.000000E+00	0.000000E+00	0.000000E+00	0.000000E+00	0.000000E+00	0.000000E+00	0.000000E+00	0.000000E+00	0.000000E+00	0.000000E+00	0.000000E+00	0.000000E+00	0.000000E+00	0.000000E+00	0.000000E+00	0.000000E+00	0.000000E+00	
5.838775E-05	7.376372E-05	1.254582E-05	1.298314E-06	1.260600E-07	1.346519E-08	1.336491E-09	1.208292E-10	9.833814E-12	6.658965E-13	3.985540E-14	1.980572E-15	8.140961E-17	0.000000E+00	0.000000E+00	0.000000E+00	0.000000E+00	0.000000E+00	0.000000E+00	0.000000E+00	0.000000E+00	0.000000E+00	0.000000E+00	0.000000E+00	0.000000E+00	0.000000E+00	0.000000E+00	0.000000E+00	0.000000E+00	0.000000E+00	0.000000E+00	0.000000E+00	0.000000E+00	0.000000E+00	0.000000E+00	0.000000E+00	0.000000E+00	0.000000E+00	0.000000E+00	0.000000E+00	0.000000E+00	
1.249998E-04	1.477219E-04	2.322723E-05	2.122882E-06	1.831995E-07	1.771552E-08	1.626150E-09	1.392739E-10	1.094807E-11	7.258136E-13	4.328117E-14	2.419117E-15	3.210625E-16	1.846806E-16	1.458912E-16	1.190582E-16	9.861523E-17	8.272565E-17	7.015063E-17	6.007663E-17	5.192163E-17	4.523525E-17	3.972030E-17	3.508127E-17	3.119157E-17	2.790468E-17	2.510163E-17	2.269214E-17	2.059641E-17	1.879634E-17	1.721807E-17	1.583650E-17	1.461854E-17	1.353818E-17	1.258831E-17	1.173292E-17	1.096911E-17	1.029450E-17	9.662804E-18	9.168557E-18	8.642965E-18	
2.756103E-04	3.109367E-04	4.615501E-05	3.723399E-06	2.783049E-07	2.310988E-08	1.830511E-09	1.389975E-10	1.003342E-11	6.310213E-13	3.599511E-14	1.525864E-15	0.000000E+00	0.000000E+00	0.000000E+00	0.000000E+00	0.000000E+00	0.000000E+00	0.000000E+00	0.000000E+00	0.000000E+00	0.000000E+00	0.000000E+00	0.000000E+00	0.000000E+00	0.000000E+00	0.000000E+00	0.000000E+00	0.000000E+00	0.000000E+00	0.000000E+00	0.000000E+00	0.000000E+00	0.000000E+00	0.000000E+00	0.000000E+00	0.000000E+00	0.000000E+00	0.000000E+00	0.000000E+00	0.000000E+00	
5.851015E-04	5.891220E-04	7.560550E-05	4.653922E-06	2.705528E-07	1.716508E-08	9.520851E-10	4.485699E-11	1.732751E-12	4.921370E-14	0.000000E+00	0.000000E+00	0.000000E+00	0.000000E+00	0.000000E+00	0.000000E+00	0.000000E+00	0.000000E+00	0.000000E+00	0.000000E+00	0.000000E+00	0.000000E+00	0.000000E+00	0.000000E+00	0.000000E+00	0.000000E+00	0.000000E+00	0.000000E+00	0.000000E+00	0.000000E+00	0.000000E+00	0.000000E+00	0.000000E+00	0.000000E+00	0.000000E+00	0.000000E+00	0.000000E+00	0.000000E+00	0.000000E+00	0.000000E+00	0.000000E+00	
1.011871E-03	9.565121E-04	1.108967E-04	5.219091E-06	2.515386E-07	1.469442E-08	7.939291E-10	3.710037E-11	1.430349E-12	4.274841E-14	1.571060E-15	4.551424E-16	3.378650E-16	2.663845E-16	2.139292E-16	1.746947E-16	1.446982E-16	1.213555E-16	1.029480E-16	8.817222E-17	7.618972E-17	6.636030E-17	5.825881E-17	5.146907E-17	4.577371E-17	4.094223E-17	3.682106E-17	3.329164E-17	3.022623E-17	2.758271E-17	2.527184E-17	2.322562E-17	2.144358E-17	1.987020E-17	1.849267E-17	1.715147E-17	1.600001E-17	1.501355E-17	1.426695E-17	1.342521E-17	1.266692E-17	
1.290857E-03	1.160530E-03	1.199509E-04	3.597812E-06	9.647878E-08	3.522666E-09	1.561597E-10	6.928865E-12	2.607194E-13	5.205843E-15	0.000000E+00	0.000000E+00	0.000000E+00	0.000000E+00	0.000000E+00	0.000000E+00	0.000000E+00	0.000000E+00	0.000000E+00	0.000000E+00	0.000000E+00	0.000000E+00	0.000000E+00	0.000000E+00	0.000000E+00	0.000000E+00	0.000000E+00	0.000000E+00	0.000000E+00	0.000000E+00	0.000000E+00	0.000000E+00	0.000000E+00	0.000000E+00	0.000000E+00	0.000000E+00	0.000000E+00	0.000000E+00	0.000000E+00	0.000000E+00	0.000000E+00	
2.243011E-04	9.014367E-05	2.938858E-06	1.214916E-08	1.130572E-11	8.463574E-15	6.434608E-16	4.002707E-16	2.670457E-16	1.869840E-16	1.363381E-16	1.023626E-16	7.901770E-17	6.233084E-17	5.008294E-17	4.088771E-17	3.386758E-17	2.840021E-17	2.408736E-17	2.063241E-17	1.782999E-17	1.553227E-17	1.363786E-17	1.204674E-17	1.071195E-17	9.578746E-18	8.612399E-18	7.784878E-18	7.065262E-18	6.447737E-18	5.904511E-18	5.433358E-18	5.011926E-18	4.639912E-18	4.313600E-18	4.021428E-18	3.784954E-18	3.539024E-18	3.306144E-18	3.095723E-18	2.912873E-18	
3.006062E-04	1.209153E-04	3.949477E-06	1.632334E-08	1.517490E-11	7.649376E-15	0.000000E+00	0.000000E+00	0.000000E+00	0.000000E+00	0.000000E+00	0.000000E+00	0.000000E+00	0.000000E+00	0.000000E+00	0.000000E+00	0.000000E+00	0.000000E+00	0.000000E+00	0.000000E+00	0.000000E+00	0.000000E+00	0.000000E+00	0.000000E+00	0.000000E+00	0.000000E+00	0.000000E+00	0.000000E+00	0.000000E+00	0.000000E+00	0.000000E+00	0.000000E+00	0.000000E+00	0.000000E+00	0.000000E+00	0.000000E+00	0.000000E+00	0.000000E+00	0.000000E+00	0.000000E+00	0.000000E+00	
7.259949E-04	2.925787E-04	9.595894E-06	3.963784E-08	3.679803E-11	1.660739E-14	0.000000E+00	0.000000E+00	0.000000E+00	0.000000E+00	0.000000E+00	0.000000E+00	0.000000E+00	0.000000E+00	0.000000E+00	0.000000E+00	0.000000E+00	0.000000E+00	0.000000E+00	0.000000E+00	0.000000E+00	0.000000E+00	0.000000E+00	0.000000E+00	0.000000E+00	0.000000E+00	0.000000E+00	0.000000E+00	0.000000E+00	0.000000E+00	0.000000E+00	0.000000E+00	0.000000E+00	0.000000E+00	0.000000E+00	0.000000E+00	0.000000E+00	0.000000E+00	0.000000E+00	0.000000E+00	0.000000E+00	
1.417938E-02	5.840915E-03	2.053610E-04	8.407635E-07	7.647938E-10	3.970001E-13	0.000000E+00	0.000000E+00	0.000000E+00	0.000000E+00	0.000000E+00	0.000000E+00	0.000000E+00	0.000000E+00	0.000000E+00	0.000000E+00	0.000000E+00	0.000000E+00	0.000000E+00	0.000000E+00	0.000000E+00	0.000000E+00	0.000000E+00	0.000000E+00	0.000000E+00	0.000000E+00	0.000000E+00	0.000000E+00	0.000000E+00	0.000000E+00	0.000000E+00	0.000000E+00	0.000000E+00	0.000000E+00	0.000000E+00	0.000000E+00	0.000000E+00	0.000000E+00	0.000000E+00	0.000000E+00	0.000000E+00	
5.549089E-02	2.322751E-02	1.032805E-03	4.184495E-06	3.570970E-09	1.826106E-12	0.000000E+00	0.000000E+00	0.000000E+00	0.000000E+00	0.000000E+00	0.000000E+00	0.000000E+00	0.000000E+00	0.000000E+00	0.000000E+00	0.000000E+00	0.000000E+00	0.000000E+00	0.000000E+00	0.000000E+00	0.000000E+00	0.000000E+00	0.000000E+00	0.000000E+00	0.000000E+00	0.000000E+00	0.000000E+00	0.000000E+00	0.000000E+00	0.000000E+00	0.000000E+00	0.000000E+00	0.000000E+00	0.000000E+00	0.000000E+00	0.000000E+00	0.000000E+00	0.000000E+00	0.000000E+00	0.000000E+00	
3.762693E-02	4.776382E-02	1.199832E-02	2.473889E-04	1.358028E-06	1.614203E-08	1.874960E-10	1.646791E-12	2.580247E-13	1.770101E-13	1.290442E-13	9.699415E-14	7.487793E-14	5.906890E-14	4.745496E-14	3.875712E-14	3.209948E-14	2.692053E-14	2.282868E-14	1.954952E-14	1.689552E-14	1.471942E-14	1.292461E-14	1.141564E-14	1.015044E-14	9.080831E-15	8.168606E-15	7.384325E-15	6.702777E-15	6.117014E-15	5.603203E-15	5.152735E-15	4.754665E-15	4.407143E-15	4.102817E-15	3.823718E-15	3.573853E-15	3.355896E-15	3.157943E-15	3.009788E-15	2.818917E-15	
3.829092E-02	4.761842E-02	1.281518E-02	5.480545E-04	1.714818E-06	1.840543E-08	1.961925E-10	1.370550E-12	0.000000E+00	0.000000E+00	0.000000E+00	0.000000E+00	0.000000E+00	0.000000E+00	0.000000E+00	0.000000E+00	0.000000E+00	0.000000E+00	0.000000E+00	0.000000E+00	0.000000E+00	0.000000E+00	0.000000E+00	0.000000E+00	0.000000E+00	0.000000E+00	0.000000E+00	0.000000E+00	0.000000E+00	0.000000E+00	0.000000E+00	0.000000E+00	0.000000E+00	0.000000E+00	0.000000E+00	0.000000E+00	0.000000E+00	0.000000E+00	0.000000E+00	0.000000E+00	0.000000E+00	
3.171308E-02	4.735855E-02	1.879359E-02	1.800276E-03	7.502386E-06	7.191921E-08	6.779582E-10	4.866882E-12	0.000000E+00	0.000000E+00	0.000000E+00	0.000000E+00	0.000000E+00	0.000000E+00	0.000000E+00	0.000000E+00	0.000000E+00	0.000000E+00	0.000000E+00	0.000000E+00	0.000000E+00	0.000000E+00	0.000000E+00	0.000000E+00	0.000000E+00	0.000000E+00	0.000000E+00	0.000000E+00	0.000000E+00	0.000000E+00	0.000000E+00	0.000000E+00	0.000000E+00	0.000000E+00	0.000000E+00	0.000000E+00	0.000000E+00	0.000000E+00	0.000000E+00	0.000000E+00	0.000000E+00	
2.667023E-02	4.567476E-02	2.360283E-02	3.823388E-03	3.095945E-05	1.907675E-07	1.675767E-09	1.276765E-11	0.000000E+00	0.000000E+00	0.000000E+00	0.000000E+00	0.000000E+00	0.000000E+00	0.000000E+00	0.000000E+00	0.000000E+00	0.000000E+00	0.000000E+00	0.000000E+00	0.000000E+00	0.000000E+00	0.000000E+00	0.000000E+00	0.000000E+00	0.000000E+00	0.000000E+00	0.000000E+00	0.000000E+00	0.000000E+00	0.000000E+00	0.000000E+00	0.000000E+00	0.000000E+00	0.000000E+00	0.000000E+00	0.000000E+00	0.000000E+00	0.000000E+00	0.000000E+00	0.000000E+00	
2.647340E-02	4.529087E-02	2.381826E-02	4.208427E-03	6.022179E-05	2.162274E-07	1.946891E-09	1.448293E-11	8.237439E-14	1.414039E-14	1.019698E-14	7.683306E-15	5.932243E-15	4.670435E-15	3.753419E-15	3.064026E-15	2.537671E-15	2.126476E-15	1.803839E-15	1.543975E-15	1.333836E-15	1.161421E-15	1.019320E-15	9.000513E-16	8.001321E-16	7.155070E-16	6.433111E-16	5.815125E-16	5.275838E-16	4.807952E-16	4.398651E-16	4.063305E-16	3.759819E-16	3.510805E-16	3.260663E-16	3.003202E-16	2.834328E-16	2.708550E-16	2.477994E-16	2.383456E-16	2.174558E-16	
2.546161E-02	4.448168E-02	2.459230E-02	5.223912E-03	1.272206E-04	4.544543E-07	1.120128E-08	4.390268E-10	1.630851E-11	4.881842E-13	1.153956E-14	0.000000E+00	0.000000E+00	0.000000E+00	0.000000E+00	0.000000E+00	0.000000E+00	0.000000E+00	0.000000E+00	0.000000E+00	0.000000E+00	0.000000E+00	0.000000E+00	0.000000E+00	0.000000E+00	0.000000E+00	0.000000E+00	0.000000E+00	0.000000E+00	0.000000E+00	0.000000E+00	0.000000E+00	0.000000E+00	0.000000E+00	0.000000E+00	0.000000E+00	0.000000E+00	0.000000E+00	7.929980E-18	0.000000E+00	2.561542E-18	
2.808779E-02	4.552303E-02	2.192980E-02	4.213701E-03	1.185388E-04	2.177310E-07	1.936957E-09	1.320774E-11	3.628230E-15	0.000000E+00	0.000000E+00	0.000000E+00	0.000000E+00	0.000000E+00	0.000000E+00	0.000000E+00	0.000000E+00	0.000000E+00	0.000000E+00	0.000000E+00	0.000000E+00	0.000000E+00	0.000000E+00	0.000000E+00	0.000000E+00	0.000000E+00	0.000000E+00	0.000000E+00	0.000000E+00	0.000000E+00	0.000000E+00	0.000000E+00	0.000000E+00	0.000000E+00	0.000000E+00	0.000000E+00	0.000000E+00	0.000000E+00	0.000000E+00	0.000000E+00	0.000000E+00	
2.398789E-02	4.311391E-02	2.556147E-02	6.870150E-03	3.547980E-04	1.267424E-06	3.841067E-08	1.667572E-09	6.424169E-11	1.922694E-12	3.402517E-14	0.000000E+00	0.000000E+00	0.000000E+00	0.000000E+00	0.000000E+00	0.000000E+00	0.000000E+00	0.000000E+00	0.000000E+00	0.000000E+00	0.000000E+00	0.000000E+00	0.000000E+00	0.000000E+00	0.000000E+00	0.000000E+00	0.000000E+00	0.000000E+00	0.000000E+00	0.000000E+00	0.000000E+00	0.000000E+00	0.000000E+00	0.000000E+00	0.000000E+00	0.000000E+00	0.000000E+00	0.000000E+00	0.000000E+00	0.000000E+00	
2.339878E-02	4.253635E-02	2.586967E-02	7.525134E-03	5.565279E-04	2.141124E-06	5.484648E-08	2.352944E-09	9.170174E-11	2.892023E-12	1.440594E-13	5.887569E-14	4.450959E-14	3.508490E-14	2.818324E-14	2.302019E-14	1.906691E-14	1.599547E-14	1.356263E-14	1.161430E-14	1.003850E-14	8.746601E-15	7.681065E-15	6.784014E-15	6.031804E-15	5.395326E-15	4.852614E-15	4.387414E-15	3.983184E-15	3.633576E-15	3.327194E-15	3.060447E-15	2.824781E-15	2.615716E-15	2.429847E-15	2.268825E-15	2.117028E-15	1.987878E-15	1.878793E-15	1.754788E-15	1.664081E-15	
