1.608803E-05	3.351036E-05	2.339820E-05	0.000000E+00	0.000000E+00	
1.609440E-05	3.352352E-05	2.340727E-05	1.130548E-17	8.629610E-21	
1.609470E-05	3.352413E-05	2.340769E-05	0.000000E+00	5.154546E-21	
1.609501E-05	3.352477E-05	2.340811E-05	1.482794E-18	0.000000E+00	
1.609533E-05	3.352543E-05	2.340855E-05	7.054804E-18	5.946678E-21	
1.609567E-05	3.352610E-05	2.340901E-05	0.000000E+00	0.000000E+00	
1.609601E-05	3.352680E-05	2.340947E-05	0.000000E+00	0.000000E+00	
1.609636E-05	3.352751E-05	2.340994E-05	0.000000E+00	0.000000E+00	
1.609673E-05	3.352824E-05	2.341042E-05	0.000000E+00	1.717980E-21	
1.609710E-05	3.352898E-05	2.341090E-05	0.000000E+00	0.000000E+00	
1.609747E-05	3.352972E-05	2.341138E-05	2.366869E-17	2.084017E-20	
1.609785E-05	3.353047E-05	2.341186E-05	3.224253E-17	1.646406E-20	
1.609823E-05	3.353122E-05	2.341233E-05	4.808207E-17	3.434993E-20	
1.609860E-05	3.353195E-05	2.341279E-05	0.000000E+00	0.000000E+00	
1.609897E-05	3.353265E-05	2.341322E-05	0.000000E+00	0.000000E+00	
1.609932E-05	3.353332E-05	2.341361E-05	1.534857E-17	1.292400E-21	
1.609964E-05	3.353393E-05	2.341396E-05	1.971128E-17	1.164370E-20	
1.609993E-05	3.353445E-05	2.341423E-05	4.616432E-18	3.866874E-21	
1.610017E-05	3.353486E-05	2.341441E-05	3.477976E-17	3.881709E-20	
1.610035E-05	3.353511E-05	2.341447E-05	1.231049E-17	7.405090E-21	
1.610042E-05	3.353515E-05	2.341436E-05	0.000000E+00	0.000000E+00	
1.610037E-05	3.353490E-05	2.341402E-05	0.000000E+00	0.000000E+00	
1.610013E-05	3.353425E-05	2.341339E-05	5.908110E-18	6.791109E-21	
1.609965E-05	3.353307E-05	2.341235E-05	0.000000E+00	0.000000E+00	
1.609883E-05	3.353115E-05	2.341075E-05	0.000000E+00	0.000000E+00	
1.609754E-05	3.352821E-05	2.340839E-05	3.295427E-17	2.175308E-20	
1.609557E-05	3.352381E-05	2.340496E-05	7.156952E-18	0.000000E+00	
1.609262E-05	3.351729E-05	2.339997E-05	0.000000E+00	0.000000E+00	
1.608819E-05	3.350762E-05	2.339266E-05	1.659082E-17	2.314577E-20	
1.608145E-05	3.349302E-05	2.338175E-05	0.000000E+00	0.000000E+00	
1.607090E-05	3.347030E-05	2.336492E-05	0.000000E+00	0.000000E+00	
1.612342E-05	3.353017E-05	2.336141E-05	0.000000E+00	0.000000E+00	
1.609269E-05	3.346462E-05	2.331351E-05	2.399820E-17	2.253523E-20	
1.604247E-05	3.335766E-05	2.323553E-05	0.000000E+00	0.000000E+00	
1.595675E-05	3.317525E-05	2.310263E-05	0.000000E+00	0.000000E+00	
1.585741E-05	3.293218E-05	2.289668E-05	0.000000E+00	0.000000E+00	
1.561101E-05	3.240642E-05	2.251130E-05	0.000000E+00	7.544746E-21	
1.523354E-05	3.159414E-05	2.190653E-05	0.000000E+00	0.000000E+00	
1.484250E-05	3.071515E-05	2.120771E-05	6.237620E-18	5.579595E-21	
1.458752E-05	3.008207E-05	2.062532E-05	1.893363E-17	1.706063E-20	
1.460503E-05	2.996494E-05	2.033903E-05	3.007436E-17	2.484270E-20	
1.475309E-05	3.013009E-05	2.026457E-05	1.740141E-17	5.109380E-21	
1.477532E-05	3.015581E-05	2.020918E-05	0.000000E+00	0.000000E+00	
1.489876E-05	3.034733E-05	2.024137E-05	0.000000E+00	0.000000E+00	
1.503299E-05	3.056400E-05	2.029978E-05	1.022469E-17	1.330093E-20	
1.516662E-05	3.078548E-05	2.036986E-05	0.000000E+00	0.000000E+00	
1.536229E-05	3.109706E-05	2.047191E-05	3.031490E-18	1.643026E-21	
1.543420E-05	3.124044E-05	2.052972E-05	0.000000E+00	0.000000E+00	
1.564946E-05	3.158478E-05	2.064726E-05	4.270447E-18	1.138809E-20	
1.580397E-05	3.184888E-05	2.074491E-05	0.000000E+00	0.000000E+00	
1.593170E-05	3.208090E-05	2.083702E-05	0.000000E+00	9.292792E-21	
1.619484E-05	3.249962E-05	2.098153E-05	3.907327E-17	2.742000E-20	
1.634216E-05	3.276784E-05	2.109036E-05	0.000000E+00	0.000000E+00	
1.656971E-05	3.314861E-05	2.123238E-05	1.070577E-17	2.289219E-21	
1.683678E-05	3.358720E-05	2.139349E-05	6.633032E-18	8.194984E-21	
1.712855E-05	3.406430E-05	2.156943E-05	0.000000E+00	0.000000E+00	
1.736761E-05	3.448138E-05	2.173864E-05	6.443893E-17	5.233920E-20	
1.763367E-05	3.494326E-05	2.192747E-05	4.509012E-17	3.267774E-20	
1.800973E-05	3.555502E-05	2.215943E-05	0.000000E+00	0.000000E+00	
1.833677E-05	3.611726E-05	2.239292E-05	0.000000E+00	5.675918E-21	
1.869759E-05	3.673623E-05	2.265292E-05	0.000000E+00	0.000000E+00	
1.917991E-05	3.751964E-05	2.296157E-05	6.797787E-18	1.194909E-20	
1.961861E-05	3.826839E-05	2.328297E-05	0.000000E+00	0.000000E+00	
2.003600E-05	3.901028E-05	2.362456E-05	1.284100E-17	1.524970E-20	
2.057038E-05	3.991523E-05	2.402086E-05	1.255762E-17	1.158295E-20	
2.115893E-05	4.091177E-05	2.446288E-05	0.000000E+00	0.000000E+00	
2.180785E-05	4.201068E-05	2.495641E-05	0.000000E+00	0.000000E+00	
2.261734E-05	4.333181E-05	2.552418E-05	0.000000E+00	0.000000E+00	
2.343910E-05	4.470666E-05	2.614487E-05	0.000000E+00	0.000000E+00	
2.435008E-05	4.623065E-05	2.683982E-05	0.000000E+00	0.000000E+00	
2.526979E-05	4.782209E-05	2.760722E-05	0.000000E+00	2.405363E-21	
2.642742E-05	4.974298E-05	2.848804E-05	0.000000E+00	0.000000E+00	
2.765282E-05	5.181565E-05	2.947220E-05	1.440946E-17	1.215696E-20	
2.902919E-05	5.414352E-05	3.058486E-05	1.619870E-17	9.386066E-21	
3.069794E-05	5.688726E-05	3.185405E-05	0.000000E+00	0.000000E+00	
3.246101E-05	5.986042E-05	3.328666E-05	0.000000E+00	1.319155E-20	
3.456706E-05	6.333848E-05	3.492472E-05	1.798464E-17	2.938577E-20	
3.689628E-05	6.723054E-05	3.679591E-05	0.000000E+00	0.000000E+00	
3.979474E-05	7.190291E-05	3.894664E-05	0.000000E+00	0.000000E+00	
4.298817E-05	7.713905E-05	4.142494E-05	0.000000E+00	0.000000E+00	
4.673586E-05	8.324017E-05	4.429729E-05	0.000000E+00	0.000000E+00	
5.125535E-05	9.047050E-05	4.763792E-05	1.324629E-18	0.000000E+00	
5.672347E-05	9.907091E-05	5.154032E-05	0.000000E+00	0.000000E+00	
6.325699E-05	1.092599E-04	5.613320E-05	2.218919E-17	2.532066E-20	
7.103070E-05	1.213501E-04	6.158771E-05	3.176474E-18	2.866429E-20	
8.065876E-05	1.360453E-04	6.808489E-05	0.000000E+00	0.000000E+00	
9.251520E-05	1.538041E-04	7.584678E-05	1.170419E-17	0.000000E+00	
1.074095E-04	1.756671E-04	8.522836E-05	1.237243E-16	8.909632E-20	
1.280967E-04	2.038135E-04	9.629886E-05	4.230906E-18	1.432379E-20	
1.529047E-04	2.381893E-04	1.102792E-04	1.742316E-16	1.759163E-19	
1.855841E-04	2.817477E-04	1.273761E-04	0.000000E+00	0.000000E+00	
2.291492E-04	3.375103E-04	1.485198E-04	5.744278E-16	5.032164E-19	
2.870240E-04	4.098773E-04	1.754016E-04	0.000000E+00	0.000000E+00	
3.656969E-04	5.055363E-04	2.100203E-04	0.000000E+00	0.000000E+00	
4.779397E-04	6.331661E-04	2.538432E-04	0.000000E+00	0.000000E+00	
6.384732E-04	8.065100E-04	3.107768E-04	0.000000E+00	0.000000E+00	
8.727204E-04	1.045490E-03	3.850651E-04	1.490755E-15	9.329257E-19	
1.227577E-03	1.378787E-03	4.805004E-04	0.000000E+00	0.000000E+00	
2.187076E-03	1.768225E-03	4.509225E-04	2.299187E-16	5.670186E-19	
2.613517E-03	2.525737E-03	7.670845E-04	0.000000E+00	0.000000E+00	
3.947151E-03	3.493117E-03	9.726273E-04	0.000000E+00	0.000000E+00	
6.155157E-03	4.831750E-03	1.190246E-03	2.766617E-15	1.404029E-18	
9.511327E-03	6.752373E-03	1.474385E-03	0.000000E+00	0.000000E+00	
1.509758E-02	9.010277E-03	1.634521E-03	2.241510E-15	6.745955E-19	
2.289593E-02	1.179390E-02	1.743421E-03	0.000000E+00	0.000000E+00	
3.537172E-02	1.274301E-02	1.246575E-03	0.000000E+00	0.000000E+00	
4.892435E-02	1.290562E-02	8.876478E-04	2.610245E-14	2.229157E-17	
6.396272E-02	1.047958E-02	3.011834E-04	0.000000E+00	0.000000E+00	
7.513657E-02	1.170027E-02	1.939021E-04	0.000000E+00	0.000000E+00	
7.805438E-02	1.345435E-02	2.152381E-04	4.051526E-14	3.338024E-17	
7.813548E-02	1.460126E-02	2.289760E-04	0.000000E+00	0.000000E+00	
6.230757E-02	1.237419E-02	1.923550E-04	0.000000E+00	0.000000E+00	
1.513040E-02	3.095039E-03	4.805436E-05	0.000000E+00	0.000000E+00	
1.455737E-03	2.994837E-04	4.637887E-06	1.300344E-16	8.929328E-20	
3.474808E-04	7.176514E-05	1.110224E-06	0.000000E+00	0.000000E+00	
1.033096E-04	2.135349E-05	3.299848E-07	0.000000E+00	1.915602E-21	
4.471516E-05	9.235855E-06	1.427481E-07	0.000000E+00	0.000000E+00	
2.705151E-05	5.587535E-06	8.635893E-08	0.000000E+00	0.000000E+00	
2.114507E-05	4.796116E-06	1.016579E-07	3.122182E-18	5.474368E-21	
1.970093E-05	4.071012E-06	6.291279E-08	1.657047E-17	1.467370E-20	
2.008583E-05	5.471796E-06	1.749594E-07	0.000000E+00	3.760399E-22	
2.017373E-05	5.924293E-06	2.108541E-07	4.480303E-19	0.000000E+00	
